2
3
-4.142176151275635
-2.8440029621124268
-4.397144794464111
7.507717609405518
-1.3159259557724
-5.029304027557373
-3.4569644927978516
-10.534679412841797
-2.660513401031494
-2.9575395584106445
-4.594357013702393
5.638444423675537
-4.131845951080322
-0.4984772205352783
-5.058421611785889
6.983269691467285
-1.6300415992736816
-7.171466827392578
-4.884655952453613
-8.973213195800781
-2.9517769813537598
-1.1218148469924927
-5.763812065124512
5.542222023010254
-4.032474517822266
1.0434306859970093
-5.700379848480225
4.96102237701416
-2.078336238861084
-8.628786087036133
-6.510193824768066
-5.9853973388671875
-3.255502700805664
0.13750088214874268
-6.699563503265381
4.207119464874268
-4.021843910217285
1.7271060943603516
-6.6641082763671875
2.638948917388916
-2.775332450866699
-9.006505012512207
-8.005928039550781
-1.7265844345092773
-3.6378421783447266
0.6102826595306396
-7.577949047088623
2.423229217529297
-4.374652862548828
1.2552427053451538
-7.720114707946777
0.7542359828948975
-3.600836753845215
-7.989773273468018
-10.115604400634766
2.0653076171875
-4.204078197479248
0.3055146336555481
-8.524454116821289
1.0184528827667236
-4.823606491088867
0.5109657049179077
-9.403365135192871
-0.8566925525665283
-4.843855857849121
-6.613823413848877
-12.39500617980957
5.167187690734863
-4.834463119506836
-0.287087619304657
-10.106843948364258
-0.05295455455780029
-5.574227333068848
-0.30801820755004883
-11.824432373046875
-1.8908624649047852
-6.169008255004883
-4.680871963500977
-15.362763404846191
7.753060340881348
-5.674790382385254
-0.7774166464805603
-12.401836395263672
-0.6182777881622314
-6.513815879821777
-1.5285594463348389
-14.470529556274414
-2.250640392303467
-7.529760360717773
-2.178964614868164
-18.573436737060547
9.738485336303711
-6.670521259307861
-1.559159755706787
-15.095810890197754
-0.6947318315505981
-7.37672233581543
-2.7286970615386963
-17.344877243041992
-1.2459099292755127
-8.980433464050293
0.5242922306060791
-22.201305389404297
10.988252639770508
-7.890816688537598
-2.3164165019989014
-18.43753433227539
0.10081076622009277
-8.50200080871582
-3.555034637451172
-21.14522361755371
1.0845015048980713
-10.54861831665039
2.8332977294921875
-25.711044311523438
11.211583137512207
-9.30199146270752
-2.893113613128662
-22.30526351928711
1.7813572883605957
