2
3
0.02629237249493599
6.110227108001709
-7.9167046546936035
-3.0141310691833496
5.698208332061768
-5.109554767608643
2.5090036392211914
10.114723205566406
2.9837727546691895
1.683431625366211
2.9430694580078125
-2.849008560180664
-0.003040103241801262
5.201019287109375
-7.826010704040527
-4.249260425567627
5.858654975891113
-4.024764537811279
2.094900608062744
11.890670776367188
3.116400718688965
1.3914241790771484
2.9312384128570557
-2.831761360168457
-0.0427401140332222
4.351673126220703
-7.669125080108643
-5.430824279785156
5.962443828582764
-2.9976673126220703
1.6014426946640015
13.548083305358887
3.239988327026367
1.1361583471298218
2.911271333694458
-2.7999563217163086
-0.08139641582965851
3.5744762420654297
-7.4459075927734375
-6.5203423500061035
6.120915412902832
-2.032634735107422
1.354077935218811
15.275749206542969
3.3462886810302734
0.9531322717666626
2.8838183879852295
-2.716172695159912
-0.17440451681613922
2.855897903442383
-7.263339996337891
-7.537063121795654
6.264492511749268
-1.0775971412658691
1.1199918985366821
17.063823699951172
3.425342559814453
0.8189581632614136
2.8352699279785156
-2.6012351512908936
-0.299738347530365
2.145876407623291
-7.086167812347412
-8.503973960876465
6.392683982849121
-0.15917658805847168
0.8697227239608765
18.869098663330078
3.4776675701141357
0.6954119801521301
2.7537834644317627
-2.4911177158355713
-0.37298616766929626
1.4330384731292725
-6.851317882537842
-9.467718124389648
6.53798246383667
0.7240679264068604
0.5907835960388184
20.657997131347656
3.5528371334075928
0.5536832809448242
2.727797031402588
-2.430422067642212
-0.36646023392677307
0.7339768409729004
-6.528555393218994
-10.383554458618164
6.624334335327148
1.5036019086837769
0.22279727458953857
22.385215759277344
3.6341052055358887
0.4133092164993286
2.693413734436035
-2.390967845916748
-0.3075249195098877
0.0649116039276123
-6.167886734008789
-11.237489700317383
6.68415641784668
2.237546920776367
-0.20315861701965332
24.109392166137695
3.697164297103882
0.29524677991867065
2.614790916442871
-2.352354049682617
-0.2060854136943817
-0.5312656760215759
-5.8514862060546875
-12.019229888916016
6.726548194885254
2.9436535835266113
-0.6844733953475952
25.860795974731445
3.7264904975891113
0.20912155508995056
2.489738941192627
-2.303204298019409
