2
3
-7.533320426940918
-2.362266778945923
2.686176300048828
-7.1621856689453125
4.362204074859619
-2.0740184783935547
5.428552150726318
1.5047101974487305
-3.777475595474243
-1.4849189519882202
-9.220114707946777
-8.548761367797852
-6.67681360244751
-2.647230863571167
3.9985406398773193
-7.558464050292969
3.964409589767456
-2.0526537895202637
4.610205173492432
1.828810691833496
-3.848254680633545
-2.055290937423706
-9.235516548156738
-9.16307258605957
-5.854192733764648
-2.952181816101074
5.244672775268555
-7.984136581420898
3.5678884983062744
-2.0759544372558594
3.784205913543701
2.0725948810577393
-3.9314541816711426
-2.6306052207946777
-9.267277717590332
-9.795755386352539
-5.0756025314331055
-3.278768301010132
6.4089789390563965
-8.44808578491211
3.1776158809661865
-2.1005141735076904
2.9997386932373047
2.2596452236175537
-4.028566837310791
-3.2134664058685303
-9.315778732299805
-10.45344066619873
-4.348348617553711
-3.736236810684204
7.516496181488037
-9.016794204711914
2.79042387008667
-2.103695869445801
2.2723705768585205
2.3941404819488525
-4.147446155548096
-3.806922674179077
-9.396289825439453
-11.149715423583984
-3.6527609825134277
-4.207716941833496
8.58128547668457
-9.567445755004883
2.397430419921875
-2.126533269882202
1.5764480829238892
2.431997299194336
-4.297428131103516
-4.416248798370361
-9.5368013381958
-11.91211986541748
-3.0083794593811035
-4.744376182556152
9.630667686462402
-10.154576301574707
1.970529556274414
-2.226332902908325
0.9115068912506104
2.3754019737243652
-4.4717583656311035
-5.0440263748168945
-9.719428062438965
-12.733049392700195
-2.391880750656128
-5.344606876373291
10.67722225189209
-10.783126831054688
1.5567293167114258
-2.3929762840270996
0.366493821144104
2.3273255825042725
-4.674522399902344
-5.701476573944092
-9.934831619262695
-13.613990783691406
-1.7108708620071411
-6.032377243041992
11.808186531066895
-11.493226051330566
1.1313743591308594
-2.6063389778137207
-0.1564197540283203
2.2491238117218018
-4.898110389709473
-6.377793788909912
-10.163976669311523
-14.543023109436035
-1.0077767372131348
-6.745148658752441
12.946749687194824
-12.16219711303711
0.6922754645347595
-2.8658101558685303
-0.6872714161872864
2.108361005783081
-5.105060577392578
-7.05523681640625
-10.372119903564453
-15.466132164001465
