2
3
-0.03337867558002472
3.47127103805542
-2.4391276836395264
4.875223636627197
3.2640156745910645
-2.341111660003662
0.6707528829574585
2.249084234237671
2.9957242012023926
-4.494387149810791
-1.236191987991333
-2.441002130508423
0.09419786930084229
3.1384060382843018
-2.368452548980713
4.753940105438232
3.222137928009033
-2.161231279373169
0.2725023031234741
2.8734335899353027
2.9347026348114014
-4.261475086212158
-1.6631431579589844
-1.6718977689743042
0.21689382195472717
2.8367249965667725
-2.3080427646636963
4.67213773727417
3.1639504432678223
-1.98307204246521
-0.13492971658706665
3.4637937545776367
2.866590976715088
-3.998901128768921
-2.082313299179077
-0.8882766962051392
0.3338564336299896
2.5659494400024414
-2.2598459720611572
4.629678249359131
3.0951738357543945
-1.8052608966827393
-0.5392440557479858
4.022364616394043
2.8071982860565186
-3.6800553798675537
-2.479872226715088
-0.07273697853088379
0.4453289806842804
2.326932430267334
-2.224569320678711
4.6288018226623535
3.019639730453491
-1.6219689846038818
-0.9368630647659302
4.5602707862854
2.744967460632324
-3.3463616371154785
-2.856910467147827
0.7271296977996826
0.5506836771965027
2.1202588081359863
-2.2036197185516357
4.67246150970459
2.940804958343506
-1.4325401782989502
-1.3147778511047363
5.088784217834473
2.675804615020752
-2.9926834106445312
-3.2068681716918945
1.500593662261963
0.650887131690979
1.946049451828003
-2.1983368396759033
4.7657294273376465
2.870941162109375
-1.2246590852737427
-1.6545296907424927
5.6641035079956055
2.597019910812378
-2.6327919960021973
-3.534867286682129
2.2322945594787598
0.7464873790740967
1.8064093589782715
-2.209637403488159
4.912698745727539
2.8057498931884766
-0.9899641275405884
-1.9986122846603394
6.306407928466797
2.4972035884857178
-2.3003718852996826
-3.872870683670044
2.921766996383667
0.8370511531829834
1.7014470100402832
-2.239759683609009
5.115490913391113
2.739078998565674
-0.7292444705963135
-2.365720272064209
7.022054195404053
2.373079776763916
-1.9790350198745728
-4.275398254394531
3.568460464477539
0.9214990735054016
1.6319310665130615
-2.2918155193328857
5.377249240875244
2.6637046337127686
-0.44025588035583496
-2.7636046409606934
7.811117172241211
2.2348787784576416
-1.6469066143035889
-4.741054534912109
4.23954963684082
