2
3
7.34493350982666
-4.704864978790283
1.5945721864700317
-0.5107464790344238
3.7777557373046875
1.504718542098999
-3.934410572052002
3.1770095825195312
8.520512580871582
-0.8009204864501953
0.47420716285705566
4.727592468261719
7.718395233154297
-4.589607238769531
0.4309312105178833
2.6136274337768555
3.5202417373657227
1.4558720588684082
-2.3637166023254395
2.182427406311035
8.549860954284668
-0.0903390645980835
-0.6878563165664673
3.7107203006744385
7.428513050079346
-3.7520148754119873
-0.9364246129989624
5.016406536102295
3.4954235553741455
0.952096700668335
-0.7908742427825928
1.366528034210205
8.1060791015625
-0.022543445229530334
-1.6746292114257812
3.341137647628784
6.9802069664001465
-2.3794703483581543
-2.2833094596862793
6.767524719238281
4.061881065368652
0.3054344654083252
0.6070065498352051
1.0312047004699707
7.453629493713379
0.026881609112024307
-2.7357962131500244
3.3817055225372314
6.343023300170898
-0.5949990749359131
-3.56583309173584
7.96774959564209
4.7465362548828125
-0.25152498483657837
1.4202970266342163
1.5378628969192505
6.634377479553223
0.31446903944015503
-3.6069231033325195
3.7042441368103027
5.596989631652832
1.2176657915115356
-4.582415580749512
8.653022766113281
5.655505180358887
-0.6159548163414001
1.286117434501648
2.9789767265319824
5.759748458862305
0.366461843252182
-3.9004883766174316
4.231133460998535
4.870720863342285
2.6981472969055176
-5.1267924308776855
8.654507637023926
6.450106143951416
-0.549457311630249
0.26578283309936523
4.996246814727783
4.9911909103393555
0.435303270816803
-3.643174648284912
4.902016639709473
4.282193183898926
3.7587509155273438
-5.376883029937744
8.59858226776123
6.826412200927734
-0.022567689418792725
-1.357901692390442
7.199819564819336
4.4170684814453125
0.7607008218765259
-3.861762762069702
6.188270568847656
3.7795305252075195
4.667248725891113
-5.881124019622803
8.959602355957031
6.692846775054932
1.1084744930267334
-3.1818883419036865
9.446739196777344
4.055824279785156
1.3002172708511353
-4.43748664855957
8.183965682983398
3.3409790992736816
5.487052917480469
-6.675217628479004
10.072859764099121
6.26691198348999
2.616456985473633
-5.370493412017822
11.8564453125
3.76116943359375
2.1374897956848145
-5.361560821533203
10.778419494628906
