2
3
-4.9273505210876465
-6.5250420570373535
-6.056527137756348
-0.6969792246818542
0.8005231022834778
-2.3556270599365234
-8.909747123718262
-4.021252155303955
2.5836808681488037
-5.183143138885498
0.9940271377563477
9.930211067199707
-4.762897491455078
-6.443455696105957
-6.1124725341796875
-0.36822259426116943
0.19448471069335938
-2.825516700744629
-9.722418785095215
-4.6784467697143555
2.424069404602051
-4.855773448944092
0.5377418398857117
10.878344535827637
-4.6228227615356445
-6.347334384918213
-6.204808235168457
-0.004344344139099121
-0.4165676236152649
-3.286789655685425
-10.581600189208984
-5.337615489959717
2.2667534351348877
-4.499649524688721
0.04918581247329712
11.891666412353516
-4.509738445281982
-6.240293979644775
-6.326530456542969
0.3856661021709442
-1.0247735977172852
-3.739297389984131
-11.480109214782715
-5.996512413024902
2.1394550800323486
-4.133236408233643
-0.42771148681640625
12.973750114440918
-4.407561302185059
-6.120700359344482
-6.452127456665039
0.8235737085342407
-1.6425756216049194
-4.194507122039795
-12.417352676391602
-6.645182132720947
2.0245492458343506
-3.7273268699645996
-0.9293848872184753
14.103028297424316
-4.34041166305542
-5.964361667633057
-6.651975631713867
1.3404403924942017
-2.2676384449005127
-4.656548023223877
-13.382882118225098
-7.276037693023682
1.8930977582931519
-3.3158211708068848
-1.4784646034240723
15.264873504638672
-4.250858783721924
-5.774251461029053
-6.885849475860596
1.8637347221374512
-2.898303508758545
-5.122840881347656
-14.375823974609375
-7.884730339050293
1.744225263595581
-2.8997347354888916
-2.075674057006836
16.468860626220703
-4.159806251525879
-5.573882579803467
-7.135592460632324
2.425381660461426
-3.531780242919922
-5.58839750289917
-15.392430305480957
-8.463566780090332
1.5965615510940552
-2.466973304748535
-2.702127695083618
17.765230178833008
-4.0757975578308105
-5.365053176879883
-7.415834903717041
3.0358519554138184
-4.154413223266602
-6.054171085357666
-16.391969680786133
-8.987393379211426
1.475266695022583
-1.9720160961151123
-3.321742296218872
19.232223510742188
-4.013239860534668
-5.185337066650391
-7.771047592163086
3.6568541526794434
-4.744356155395508
-6.512418746948242
-17.318275451660156
-9.413203239440918
1.3388136625289917
-1.4644569158554077
-3.9979095458984375
20.771636962890625
