2
3
8.914307594299316
-1.8614988327026367
3.2242724895477295
4.757753372192383
-4.6708984375
7.387603282928467
-0.4310338497161865
-6.984799385070801
6.561018466949463
-2.0929439067840576
-7.275814056396484
7.1335649490356445
8.693310737609863
-1.4589416980743408
2.2700090408325195
6.022125244140625
-3.8790392875671387
6.3878655433654785
1.4186471700668335
-8.639228820800781
6.242397308349609
-1.6185824871063232
-8.137722969055176
8.43626594543457
8.427973747253418
-1.0199406147003174
1.2774410247802734
7.212306022644043
-3.1210639476776123
5.440746307373047
3.1371607780456543
-10.228781700134277
5.946257591247559
-1.1646838188171387
-8.904003143310547
9.642535209655762
8.120440483093262
-0.5643529295921326
0.24106431007385254
8.301605224609375
-2.412487506866455
4.564544677734375
4.68050479888916
-11.791472434997559
5.690305233001709
-0.6894499063491821
-9.593560218811035
10.927114486694336
7.774193286895752
-0.15568053722381592
-0.8211084604263306
9.25326919555664
-1.6965365409851074
3.6962084770202637
6.161999702453613
-13.365927696228027
5.434635639190674
-0.20624041557312012
-10.323379516601562
12.288311004638672
7.499117374420166
0.1919410228729248
-1.6463974714279175
10.21531867980957
-0.9702670574188232
2.8239877223968506
7.56272554397583
-14.938793182373047
5.175271987915039
0.26561036705970764
-11.100387573242188
13.698999404907227
7.2517290115356445
0.598538339138031
-2.3154091835021973
11.341048240661621
-0.251537024974823
1.8091247081756592
8.92651653289795
-16.62537384033203
4.901878356933594
0.713997483253479
-11.936319351196289
15.159798622131348
7.014577388763428
1.1035451889038086
-2.9811887741088867
12.55499267578125
0.48580294847488403
0.7702138423919678
10.281261444091797
-18.304025650024414
4.618906021118164
1.1183243989944458
-12.842803955078125
16.657878875732422
6.798600673675537
1.629410743713379
-3.679274082183838
13.786948204040527
1.2554373741149902
-0.29218411445617676
11.686821937561035
-19.9342098236084
4.351639270782471
1.515611171722412
-13.796921730041504
18.229272842407227
6.593233585357666
2.1167094707489014
-4.383935928344727
15.112178802490234
2.0709242820739746
-1.3381496667861938
13.096277236938477
-21.385526657104492
4.098720073699951
1.9277892112731934
-14.801891326904297
19.89875030517578
