2
3
3.5315287113189697
8.107735633850098
7.148886680603027
-1.0183320045471191
-2.5901904106140137
5.24064826965332
7.162973880767822
6.084203720092773
-2.230470657348633
5.749691486358643
-1.4857850074768066
-4.223349571228027
3.5808396339416504
7.84412956237793
7.1980438232421875
-1.256891131401062
-1.8138586282730103
5.695728778839111
8.093646049499512
6.9267449378967285
-1.966539740562439
5.591641902923584
-1.127401351928711
-4.363847255706787
3.665945053100586
7.60416841506958
7.308809280395508
-1.461859941482544
-1.006096363067627
6.160064220428467
9.079499244689941
7.8222784996032715
-1.6805756092071533
5.442648410797119
-0.7477777004241943
-4.498748779296875
3.791705369949341
7.367395877838135
7.487114429473877
-1.6556260585784912
-0.23936796188354492
6.529381275177002
10.049880981445312
8.702303886413574
-1.3776507377624512
5.302997589111328
-0.3537544310092926
-4.617116928100586
3.9720211029052734
7.124868869781494
7.747689247131348
-1.846369981765747
0.49938881397247314
6.817144393920898
11.020315170288086
9.574186325073242
-1.0567642450332642
5.170957565307617
0.06294393539428711
-4.720604419708252
4.204174041748047
6.876195907592773
8.088810920715332
-2.028895616531372
1.2498226165771484
7.076659679412842
12.02359676361084
10.470743179321289
-0.7100796103477478
5.053638935089111
0.5087399482727051
-4.8000593185424805
4.4857635498046875
6.622175216674805
8.512252807617188
-2.1970674991607666
2.0246031284332275
7.319493770599365
13.073395729064941
11.4005126953125
-0.3377001881599426
4.946377754211426
0.9900292754173279
-4.857293605804443
4.812807559967041
6.365879535675049
9.015364646911621
-2.341618776321411
2.8373231887817383
7.555396556854248
14.18399715423584
12.372995376586914
0.05800884962081909
4.846017837524414
1.5047881603240967
-4.895709037780762
5.184215068817139
6.1140289306640625
9.591621398925781
-2.4528634548187256
3.6928906440734863
7.787201404571533
15.36246395111084
13.391204833984375
0.4771828353404999
4.750864505767822
2.0423707962036133
-4.922523021697998
5.598556995391846
5.873682022094727
10.230937957763672
-2.5214810371398926
4.594757080078125
8.017437934875488
16.612316131591797
14.458803176879883
0.9243305921554565
4.660775661468506
2.6105027198791504
-4.935049533843994
