2
3
-7.040816307067871
-0.25907617807388306
0.2548756003379822
8.993856430053711
-0.4934447109699249
-7.663702011108398
2.690370798110962
8.579681396484375
4.4485297203063965
-2.368037700653076
7.955698490142822
-5.385365009307861
-6.1960673332214355
-0.26488572359085083
1.1986432075500488
9.464251518249512
-0.2630421221256256
-6.841024398803711
2.404111862182617
9.985342979431152
4.348719120025635
-2.7454652786254883
7.669920921325684
-5.492497444152832
-5.335515022277832
-0.31168898940086365
2.2282400131225586
9.93922233581543
-0.06021776795387268
-6.0406174659729
2.126502752304077
11.340774536132812
4.2693328857421875
-3.0814619064331055
7.335975646972656
-5.533682346343994
-4.482730388641357
-0.33529651165008545
3.277102470397949
10.4690523147583
0.23324215412139893
-5.228250026702881
2.1216623783111572
12.816638946533203
4.230963230133057
-3.384629726409912
7.035141944885254
-5.514284610748291
-3.701467514038086
-0.2818472683429718
4.2638139724731445
11.125410079956055
0.553135097026825
-4.37870979309082
2.1568233966827393
14.392278671264648
4.268099784851074
-3.67661190032959
6.828847885131836
-5.468541145324707
-2.922800302505493
-0.1878964602947235
5.236995220184326
11.832589149475098
0.9102952480316162
-3.588489294052124
2.246086597442627
15.914385795593262
4.409548759460449
-3.9964451789855957
6.739962100982666
-5.431309700012207
-2.153841495513916
0.090294748544693
6.061309814453125
12.660613059997559
1.3106634616851807
-2.831345558166504
2.4108529090881348
17.435041427612305
4.595973491668701
-4.291445255279541
6.713234901428223
-5.337606430053711
-1.3414347171783447
0.39694055914878845
6.906148910522461
13.512411117553711
1.7425496578216553
-2.169511079788208
2.5844907760620117
18.92761993408203
4.825033664703369
-4.548695087432861
6.746314525604248
-5.163140296936035
-0.4951854944229126
0.7152873873710632
7.77169132232666
14.39200210571289
2.2002925872802734
-1.5813065767288208
2.754650831222534
20.400867462158203
5.1005682945251465
-4.765455722808838
6.846002101898193
-4.919633865356445
0.38461828231811523
1.0471948385238647
8.667449951171875
15.317856788635254
2.6799473762512207
-1.0002295970916748
2.940418243408203
21.909284591674805
5.430861949920654
-4.946118354797363
7.023467063903809
-4.634720325469971
