2
3
1.8989131450653076
-6.254323482513428
4.105979919433594
-8.456806182861328
-9.20020580291748
8.772716522216797
10.174013137817383
3.3666560649871826
-5.32369327545166
-7.36512565612793
-7.172688961029053
-5.0636372566223145
1.804827332496643
-6.517279148101807
3.379127025604248
-7.802296161651611
-8.467525482177734
7.810633659362793
11.555377960205078
1.7640376091003418
-5.083355903625488
-7.099160194396973
-7.221370220184326
-3.7410569190979004
1.624951720237732
-6.713075637817383
2.5826914310455322
-7.098457336425781
-7.704934120178223
6.817852973937988
13.045331954956055
0.08341693878173828
-4.876859664916992
-6.84256649017334
-7.279738903045654
-2.5431888103485107
1.3981987237930298
-6.853856086730957
1.7764439582824707
-6.3668999671936035
-6.877574920654297
5.890402793884277
14.649152755737305
-1.5290385484695435
-4.691874980926514
-6.569509029388428
-7.314461708068848
-1.3872754573822021
1.1773931980133057
-6.955179214477539
1.0079615116119385
-5.624380111694336
-5.9879279136657715
5.012868881225586
16.389896392822266
-3.0773630142211914
-4.476883888244629
-6.252410888671875
-7.299951553344727
-0.262714147567749
0.9685884118080139
-7.014561176300049
0.2883584499359131
-4.86984395980835
-5.047825813293457
4.1196465492248535
18.263574600219727
-4.610483169555664
-4.287168502807617
-6.04559326171875
-7.228553771972656
0.7114374041557312
0.7600114345550537
-6.9608917236328125
-0.37674397230148315
-4.110108852386475
-4.056081771850586
3.197179079055786
20.27365493774414
-6.114661693572998
-4.173133373260498
-5.871478080749512
-7.200080394744873
1.6682915687561035
0.5447053909301758
-6.852953910827637
-0.9910702705383301
-3.3818438053131104
-3.012917995452881
2.279971122741699
22.39238929748535
-7.567981719970703
-4.076742172241211
-5.700521469116211
-7.152270793914795
2.602944850921631
0.332095205783844
-6.672248363494873
-1.5980985164642334
-2.6447439193725586
-1.8625110387802124
1.355719804763794
24.683000564575195
-8.986250877380371
-4.0004563331604
-5.500932693481445
-7.21409797668457
3.4324843883514404
0.169935941696167
-6.447105884552002
-2.133732795715332
-1.9278640747070312
-0.4841874837875366
0.3603127598762512
27.311208724975586
-10.467519760131836
-3.9400486946105957
-5.242420196533203
-7.545441150665283
4.096916198730469
