2
3
-3.3463938236236572
-0.716585636138916
-0.7561118602752686
0.33607351779937744
4.575957775115967
7.394381523132324
6.924357891082764
-10.084600448608398
8.598128318786621
-4.608492851257324
-10.130577087402344
-4.225344657897949
-2.308124542236328
-0.7107203006744385
0.8073712587356567
0.7945125102996826
4.468286037445068
6.2599945068359375
7.2481207847595215
-11.985212326049805
7.876703262329102
-4.344836235046387
-11.501307487487793
-3.347069025039673
-1.326153039932251
-0.6561418771743774
2.2346487045288086
1.2096583843231201
4.473671913146973
5.106368064880371
7.723818302154541
-13.920266151428223
7.159523963928223
-4.124248027801514
-12.760116577148438
-2.568607807159424
-0.4525723457336426
-0.5977356433868408
3.4718594551086426
1.5574887990951538
4.587605953216553
3.9036452770233154
8.335556030273438
-15.904315948486328
6.409933090209961
-3.9762539863586426
-13.980106353759766
-1.8761138916015625
0.3093392848968506
-0.5828256607055664
4.514166831970215
1.7944620847702026
4.770346164703369
2.689074993133545
9.016107559204102
-17.86802101135254
5.66657829284668
-3.8066813945770264
-15.234591484069824
-1.2323954105377197
0.9633857011795044
-0.6039711236953735
5.384710788726807
1.9203938245773315
5.004981994628906
1.4713242053985596
9.737117767333984
-19.802675247192383
4.840024948120117
-3.7197372913360596
-16.867708206176758
-0.8914800882339478
1.5707381963729858
-0.6118743419647217
6.195011138916016
1.972440242767334
5.252230644226074
0.2797696590423584
10.4019136428833
-21.63426399230957
3.995551824569702
-3.629530429840088
-18.663909912109375
-0.5773792862892151
2.159693479537964
-0.6147286295890808
6.998149871826172
1.9986027479171753
5.54502534866333
-0.9676218032836914
11.062359809875488
-23.512834548950195
3.1566829681396484
-3.5712461471557617
-20.496965408325195
-0.23409503698349
2.7127366065979004
-0.6582683324813843
7.796383857727051
1.980521559715271
5.890946388244629
-2.3225135803222656
11.705108642578125
-25.434606552124023
2.3756422996520996
-3.5208706855773926
-22.280170440673828
0.17034009099006653
3.226807117462158
-0.764252781867981
8.608214378356934
1.9202467203140259
6.288390159606934
-3.7502803802490234
12.370970726013184
-27.38115882873535
1.6238627433776855
-3.5003676414489746
-24.037883758544922
0.6146657466888428
