2
3
2.0058929920196533
2.1156277656555176
-8.50020980834961
-2.396085023880005
2.2200405597686768
-1.569846749305725
-6.862549304962158
-4.558836936950684
-2.107052803039551
6.847133636474609
4.452355861663818
4.346171855926514
1.4914647340774536
1.8932437896728516
-9.274428367614746
-2.221867561340332
1.8210275173187256
-1.5351777076721191
-7.742434978485107
-4.048251152038574
-1.5933616161346436
6.4475998878479
5.1367716789245605
3.922227144241333
0.9736512303352356
1.6869596242904663
-10.038660049438477
-2.0062663555145264
1.3848044872283936
-1.495394229888916
-8.531208992004395
-3.576523780822754
-1.1122126579284668
6.0426716804504395
5.825930595397949
3.470731496810913
0.45596253871917725
1.5071046352386475
-10.823920249938965
-1.798577070236206
0.9303563833236694
-1.505129337310791
-9.307147979736328
-3.1068789958953857
-0.6559484601020813
5.722195625305176
6.484916687011719
2.9933745861053467
-0.09050571918487549
1.2966264486312866
-11.745584487915039
-1.704277753829956
0.4669508635997772
-1.5164541006088257
-10.096927642822266
-2.595574378967285
-0.2173095941543579
5.419781684875488
7.132720470428467
2.518772602081299
-0.6781865954399109
1.1054562330245972
-12.894800186157227
-1.6911221742630005
0.007322520017623901
-1.4930469989776611
-10.854921340942383
-2.0533816814422607
0.2016546130180359
5.093271732330322
7.794939994812012
2.026226758956909
-1.2941285371780396
0.9334539175033569
-14.161747932434082
-1.6698393821716309
-0.4588913023471832
-1.3946442604064941
-11.680116653442383
-1.5245075225830078
0.5978224873542786
4.75562858581543
8.44327449798584
1.5348639488220215
-1.9160733222961426
0.8053239583969116
-15.495262145996094
-1.5908151865005493
-0.9740056991577148
-1.2868292331695557
-12.71517562866211
-1.117820382118225
0.9600074291229248
4.402199745178223
9.053118705749512
1.0721540451049805
-2.510721445083618
0.7923038005828857
-16.847810745239258
-1.3958566188812256
-1.5100486278533936
-1.1101609468460083
-13.97358226776123
-0.7604299783706665
1.2936441898345947
4.057038307189941
9.601774215698242
0.6509783267974854
-3.0950562953948975
0.8062609434127808
-18.21860694885254
-1.136947512626648
-2.0415444374084473
-0.9293694496154785
-15.255486488342285
-0.34857553243637085
1.6103980541229248
3.7273614406585693
10.11474895477295
0.2960999608039856
