2
3
0.7129384279251099
-8.830801010131836
7.831205368041992
-3.7082903385162354
3.8987843990325928
-7.074738502502441
-10.156136512756348
-5.998443603515625
4.39475154876709
-10.711019515991211
1.9403419494628906
-5.226627349853516
3.2040905952453613
-8.477087020874023
7.2942891120910645
-3.924332618713379
1.835015058517456
-7.552872180938721
-10.07247257232666
-6.451749324798584
4.384183883666992
-10.685887336730957
0.8093156814575195
-4.064596176147461
5.378633499145508
-8.23668384552002
5.16648530960083
-4.253052234649658
0.1306447982788086
-8.146471977233887
-8.643081665039062
-6.651042938232422
4.436801910400391
-10.15261173248291
-0.23087430000305176
-3.007157564163208
6.844425201416016
-8.142678260803223
2.040273666381836
-4.724719524383545
-1.0123270750045776
-8.985950469970703
-6.223940372467041
-6.783809661865234
4.535889625549316
-9.37703800201416
-1.6958861351013184
-2.6100430488586426
6.997226715087891
-8.367612838745117
-1.5253901481628418
-5.521540641784668
-1.4198235273361206
-9.65625286102295
-4.741023063659668
-7.257852554321289
4.344664573669434
-8.892757415771484
-2.8038649559020996
-3.190703868865967
6.365016460418701
-9.0907621383667
-4.160421371459961
-6.5861287117004395
-1.3297785520553589
-10.520597457885742
-3.244652509689331
-7.964531421661377
4.013308048248291
-8.66943359375
-4.181077003479004
-4.458951950073242
5.402281284332275
-9.799951553344727
-6.2111005783081055
-7.607245445251465
-0.8794083595275879
-11.41350269317627
-1.735410451889038
-8.832186698913574
3.558443784713745
-8.983539581298828
-5.147957801818848
-6.136505126953125
4.140691757202148
-10.58230209350586
-7.715813159942627
-8.850059509277344
-0.3324437141418457
-12.280346870422363
-1.2651402950286865
-10.033459663391113
2.738621950149536
-9.679893493652344
-5.606093406677246
-8.008238792419434
2.8686089515686035
-11.369148254394531
-8.732149124145508
-10.25439453125
0.21223384141921997
-13.393927574157715
-1.3288627862930298
-11.859811782836914
1.9193817377090454
-10.614147186279297
-6.191780090332031
-10.245199203491211
1.474341869354248
-12.395331382751465
-9.381230354309082
-12.16673755645752
0.7558222413063049
-14.55256462097168
-1.9718847274780273
-14.130070686340332
1.0669599771499634
-11.831789016723633
-6.670494079589844
-12.888368606567383
