2
3
-6.0195112228393555
7.330831050872803
3.7225189208984375
-3.107308864593506
-0.05356884002685547
7.018158435821533
8.48652172088623
6.171979904174805
1.142115592956543
-2.4284586906433105
-1.0974409580230713
10.130491256713867
-4.738492488861084
5.897515296936035
6.241416931152344
-2.8144378662109375
1.5807371139526367
7.304403305053711
7.574699401855469
4.870771408081055
-0.14025676250457764
0.8017058372497559
-2.0123252868652344
13.002401351928711
-3.063129425048828
4.559719085693359
7.788114070892334
-1.3449839353561401
2.5742979049682617
7.628859519958496
6.119664192199707
4.336841583251953
-1.2196072340011597
4.433782577514648
-2.7375566959381104
14.890881538391113
-1.2371232509613037
3.5371713638305664
7.893859386444092
1.589565634727478
2.899212121963501
7.287258625030518
4.640448570251465
4.325002670288086
-2.1263668537139893
8.066180229187012
-3.010793924331665
15.631848335266113
0.4303896427154541
3.2258009910583496
7.011459827423096
5.819155216217041
2.93003511428833
6.818554401397705
2.9044268131256104
5.736177444458008
-2.7152857780456543
10.93277359008789
-2.5159053802490234
14.858423233032227
1.8589558601379395
3.958146095275879
5.9216461181640625
9.917301177978516
2.5903096199035645
6.622704029083252
1.5271856784820557
7.719283580780029
-2.958597183227539
12.718839645385742
-1.3383193016052246
13.681983947753906
2.950235366821289
5.620036602020264
4.005405426025391
13.516156196594238
2.0737531185150146
6.949479579925537
0.7820119261741638
10.342121124267578
-2.848111391067505
13.94599723815918
0.18573498725891113
12.963271141052246
3.626478433609009
7.982731342315674
2.419808864593506
16.902297973632812
1.6457281112670898
7.914499282836914
0.12086039781570435
13.831681251525879
-2.1366889476776123
15.24695110321045
1.295625925064087
13.746931076049805
3.991556167602539
10.75900650024414
0.6070230007171631
20.309568405151367
1.4642815589904785
9.768842697143555
-0.6276479363441467
18.229541778564453
-1.1718684434890747
16.490100860595703
2.0489578247070312
15.714603424072266
4.034440517425537
13.810113906860352
-1.5080959796905518
24.462114334106445
1.3895076513290405
12.389184951782227
-1.6760749816894531
23.18368148803711
0.07804501056671143
17.912607192993164
2.3830666542053223
18.95252227783203
