2
3
-4.2344651222229
-5.968125820159912
1.3444920778274536
0.23380696773529053
-0.9204153418540955
3.0007336139678955
4.27573823928833
2.1340372562408447
8.265350341796875
5.277554988861084
3.873633861541748
2.1714634895324707
-3.185946464538574
-5.065488338470459
2.3674778938293457
1.7149332761764526
-0.5008701086044312
2.632645606994629
4.983238697052002
1.72786283493042
7.599972724914551
4.694282531738281
2.8889689445495605
1.4061076641082764
-2.195708990097046
-4.178770065307617
3.3178319931030273
3.1060409545898438
-0.09857171773910522
2.3100168704986572
5.664818286895752
1.3723266124725342
6.970895290374756
4.143556594848633
1.976616621017456
0.6808584928512573
-1.2929701805114746
-3.340078115463257
4.169931888580322
4.38643741607666
0.27069973945617676
2.0105814933776855
6.319149971008301
1.0440654754638672
6.357827663421631
3.6233739852905273
1.1108622550964355
-0.0058563947677612305
-0.48428475856781006
-2.560525894165039
4.919922828674316
5.545348167419434
0.6358206868171692
1.7539228200912476
6.964200973510742
0.7716025114059448
5.777360439300537
3.1320912837982178
0.3117503523826599
-0.6519417762756348
0.22388750314712524
-1.8603891134262085
5.571821689605713
6.570643424987793
1.06171452999115
1.542708158493042
7.69334602355957
0.572467029094696
5.192261219024658
2.6647448539733887
-0.4686523675918579
-1.2833055257797241
0.9214254021644592
-1.1920183897018433
6.251604080200195
7.606556415557861
1.5524122714996338
1.3775546550750732
8.510058403015137
0.4614458680152893
4.6844401359558105
2.2575161457061768
-1.1211154460906982
-1.8384768962860107
1.6591782569885254
-0.5258488059043884
7.017534255981445
8.724089622497559
2.1075518131256104
1.2604838609695435
9.41067123413086
0.43603017926216125
4.254762649536133
1.9026373624801636
-1.650634765625
-2.332470655441284
2.4328579902648926
0.16376936435699463
7.827311038970947
9.91893482208252
2.7246336936950684
1.1928776502609253
10.384343147277832
0.490670770406723
3.921241283416748
1.6097779273986816
-2.0505125522613525
-2.7505369186401367
3.235355854034424
0.8517991304397583
8.674951553344727
11.174193382263184
3.423892021179199
1.1836880445480347
11.451973915100098
0.6253867149353027
3.6433489322662354
1.3282089233398438
-2.3685123920440674
-3.1657280921936035
