2
3
5.851130485534668
3.152773380279541
6.118243217468262
-2.8816728591918945
1.8246116638183594
2.0885238647460938
2.332193374633789
-3.9692392349243164
9.079070091247559
6.265562534332275
6.764565467834473
3.545706272125244
6.3812785148620605
2.837700843811035
6.5709381103515625
-1.408402442932129
2.670285224914551
1.7672784328460693
5.060303211212158
-2.082512617111206
9.64321517944336
6.914580821990967
5.928125381469727
1.5171711444854736
6.940145015716553
2.9119672775268555
6.987166881561279
-0.6360007524490356
3.9746174812316895
2.0813326835632324
7.388485431671143
-0.30216288566589355
9.6337308883667
6.837110996246338
5.674999237060547
-0.07954072952270508
7.301098346710205
2.9475202560424805
7.553029537200928
-0.122897207736969
5.417407989501953
2.5875725746154785
9.468496322631836
0.8595765829086304
9.394635200500488
6.15672492980957
6.259101390838623
-1.218276858329773
7.673566818237305
3.0028278827667236
8.646442413330078
0.3267543911933899
7.101323127746582
3.261915445327759
11.182755470275879
1.4829232692718506
9.208402633666992
5.3455729484558105
7.113640308380127
-1.797911524772644
8.314473152160645
3.261810064315796
10.166906356811523
0.7881308197975159
8.972837448120117
4.141523361206055
12.46856689453125
1.799177885055542
9.242029190063477
4.5079569816589355
8.657414436340332
-1.8181266784667969
9.230785369873047
3.6273326873779297
12.394599914550781
1.2082030773162842
10.56904125213623
4.861832618713379
14.064562797546387
1.466908574104309
9.534899711608887
3.8637523651123047
10.797714233398438
-1.2476837635040283
10.522397994995117
4.1154375076293945
15.18265151977539
1.586317777633667
12.052425384521484
5.419037818908691
16.087560653686523
1.129683256149292
10.24386978149414
3.4964287281036377
13.733281135559082
-0.31805241107940674
12.098807334899902
4.7386088371276855
18.16934585571289
1.5931143760681152
13.205216407775879
5.493109226226807
18.524805068969727
0.9064261317253113
11.273723602294922
3.4018032550811768
17.119569778442383
0.7081784009933472
13.742077827453613
5.244746685028076
21.422040939331055
1.5069187879562378
14.392134666442871
5.414928436279297
21.530948638916016
0.9393320679664612
12.800826072692871
3.7282962799072266
20.825313568115234
1.6180570125579834
