2
3
2.18288516998291
6.832490921020508
-6.929572582244873
-2.815899610519409
-3.6334052085876465
1.3769936561584473
2.208585023880005
9.507303237915039
-3.4741933345794678
2.5657079219818115
10.140936851501465
6.475083351135254
1.3947367668151855
6.236546516418457
-7.965649604797363
-3.6997036933898926
-3.040174961090088
2.0970563888549805
2.7043633460998535
10.775527954101562
-2.658085346221924
2.8916966915130615
11.147363662719727
7.195562839508057
0.6197057962417603
5.727783679962158
-8.996803283691406
-4.4639997482299805
-2.5168113708496094
2.799947738647461
3.135333299636841
12.089315414428711
-1.8044993877410889
3.2754220962524414
12.182016372680664
7.987314701080322
-0.1351720094680786
5.23333740234375
-10.037968635559082
-5.193607330322266
-1.9874851703643799
3.54888916015625
3.516758441925049
13.474940299987793
-0.9246395826339722
3.7044246196746826
13.220630645751953
8.836654663085938
-0.8451162576675415
4.761195659637451
-11.067744255065918
-5.88962459564209
-1.4350144863128662
4.318317890167236
3.90598201751709
14.920721054077148
-0.026523053646087646
4.1653056144714355
14.251784324645996
9.735611915588379
-1.5043096542358398
4.308940410614014
-12.05983829498291
-6.528742790222168
-0.8607273697853088
5.029707431793213
4.344641208648682
16.387313842773438
0.8746099472045898
4.639766216278076
15.264595031738281
10.669575691223145
-2.100705146789551
3.8688392639160156
-12.962342262268066
-7.079023361206055
-0.35865843296051025
5.620219707489014
4.691086292266846
17.78443145751953
1.7495919466018677
5.087376594543457
16.219402313232422
11.619816780090332
-2.6303391456604004
3.4407968521118164
-13.75477409362793
-7.52545690536499
0.10793089866638184
6.18571662902832
4.975325107574463
19.209674835205078
2.600341558456421
5.496485233306885
17.139917373657227
12.58283805847168
-3.082653045654297
3.0392239093780518
-14.422197341918945
-7.846988677978516
0.5605075359344482
6.739343643188477
5.228694915771484
20.668598175048828
3.4247522354125977
5.874136924743652
18.021257400512695
13.564620018005371
-3.405578136444092
2.698593854904175
-14.867378234863281
-7.997837543487549
1.0057170391082764
7.285816192626953
5.458523750305176
22.162250518798828
4.256337642669678
6.253901481628418
18.887296676635742
14.585021018981934
