2
3
-4.406324863433838
8.460582733154297
-5.3157148361206055
-1.2267658710479736
-0.9207050800323486
-2.8386642932891846
-5.476292610168457
4.556300640106201
-3.1359446048736572
-9.172650337219238
3.2534902095794678
-1.638123631477356
-4.605102062225342
7.186123847961426
-5.534043312072754
-3.1354117393493652
-1.1398251056671143
-2.6091840267181396
-6.21035099029541
5.399423122406006
-2.7557599544525146
-8.44633960723877
3.259066104888916
0.039484500885009766
-4.80192756652832
5.968808650970459
-5.593251705169678
-5.117470741271973
-1.4012891054153442
-2.4392318725585938
-6.977453708648682
6.156139373779297
-2.4317376613616943
-7.493267059326172
3.2525086402893066
1.8237862586975098
-5.005331039428711
4.892637252807617
-5.523338794708252
-6.9347734451293945
-1.72148597240448
-2.3316259384155273
-7.835495471954346
6.782430171966553
-2.1133782863616943
-6.613894939422607
3.2213189601898193
3.470839023590088
-5.180612564086914
3.814913749694824
-5.371725082397461
-8.74542236328125
-2.0490100383758545
-2.2644526958465576
-8.726597785949707
7.359785556793213
-1.8404762744903564
-5.7754902839660645
3.1104729175567627
5.003147125244141
-5.376487731933594
2.8019559383392334
-5.219350337982178
-10.462038040161133
-2.3425137996673584
-2.2141757011413574
-9.565258979797363
8.022588729858398
-1.6345787048339844
-4.981063365936279
2.908017635345459
6.413243293762207
-5.62446403503418
1.7916306257247925
-5.118709564208984
-12.134001731872559
-2.6420891284942627
-2.1440682411193848
-10.442747116088867
8.812231063842773
-1.4411674737930298
-4.232433795928955
2.704341411590576
7.712160587310791
-5.819272994995117
0.764387845993042
-4.941647052764893
-13.843873977661133
-2.9160196781158447
-2.0204827785491943
-11.327208518981934
9.709362983703613
-1.2991050481796265
-3.5304880142211914
2.4221606254577637
8.918408393859863
-5.958169937133789
-0.2621225118637085
-4.698144435882568
-15.541523933410645
-3.184267997741699
-1.8229690790176392
-12.204581260681152
10.739738464355469
-1.1581854820251465
-2.8832826614379883
2.2557191848754883
10.113730430603027
-6.0622453689575195
-1.2817341089248657
-4.435890197753906
-17.231164932250977
-3.437265396118164
-1.5575628280639648
-13.09964656829834
11.926033020019531
-1.0233222246170044
-2.2653956413269043
2.1589221954345703
11.368215560913086
