2
3
1.7408642768859863
0.5038537383079529
3.5025506019592285
9.094078063964844
7.384324550628662
2.8781752586364746
-5.080994606018066
-3.345715045928955
-8.559120178222656
-1.5401641130447388
3.9399616718292236
-2.4752511978149414
1.6591449975967407
0.5500624775886536
3.2975013256073
9.870340347290039
6.220668792724609
2.312859535217285
-6.920845985412598
-4.018706321716309
-7.189284801483154
-1.336838960647583
5.834161758422852
-2.0855038166046143
1.6004633903503418
0.6800923347473145
3.1105194091796875
10.788650512695312
5.16064453125
1.827052116394043
-8.569249153137207
-4.618859767913818
-5.898794174194336
-1.112231969833374
7.598302841186523
-1.7331761121749878
1.6280512809753418
0.9910253286361694
2.9494426250457764
11.876323699951172
4.221735000610352
1.3770725727081299
-10.010658264160156
-5.171642303466797
-4.720645904541016
-0.9108091592788696
9.20799446105957
-1.4522513151168823
1.744215488433838
1.3974404335021973
2.832360029220581
13.023962020874023
3.3141653537750244
0.899193525314331
-11.325244903564453
-5.7754106521606445
-3.6337058544158936
-0.8039954304695129
10.727873802185059
-1.274904489517212
1.9037158489227295
1.8071643114089966
2.7653696537017822
14.184104919433594
2.4507012367248535
0.4444690942764282
-12.55502700805664
-6.29709529876709
-2.5061142444610596
-0.7353799343109131
12.333870887756348
-1.1512112617492676
2.089928150177002
2.2081289291381836
2.722182512283325
15.354286193847656
1.660359501838684
0.03486314415931702
-13.697017669677734
-6.741994380950928
-1.3319761753082275
-0.6623788475990295
13.992923736572266
-0.9967432022094727
2.3077709674835205
2.599250555038452
2.711817502975464
16.532615661621094
0.9283725619316101
-0.3429189622402191
-14.784996032714844
-7.116061687469482
-0.1011277437210083
-0.5904806852340698
15.743072509765625
-0.8068547248840332
2.5630903244018555
2.9791769981384277
2.7464439868927
17.725299835205078
0.241222083568573
-0.6956254243850708
-15.853882789611816
-7.439831256866455
1.1810321807861328
-0.5335102081298828
17.577966690063477
-0.569068431854248
2.8365612030029297
3.3576512336730957
2.792943000793457
18.953237533569336
-0.40274107456207275
-1.043113350868225
-16.914657592773438
-7.736991882324219
2.427499771118164
-0.5105636119842529
19.371797561645508
-0.28435182571411133
