2
3
8.950246810913086
7.707164764404297
-2.748358726501465
3.7324304580688477
-5.947409629821777
6.845668315887451
1.3584799766540527
4.405380725860596
8.707742691040039
-2.8756461143493652
-4.8026018142700195
5.1943206787109375
8.287677764892578
7.062058448791504
-4.153754234313965
3.1675498485565186
-4.580436706542969
6.418398380279541
3.2936160564422607
4.159252643585205
8.312409400939941
-2.01751971244812
-6.086228370666504
6.808858394622803
7.665027618408203
6.475152492523193
-5.4031171798706055
2.668694496154785
-3.3324103355407715
6.08017110824585
5.076045036315918
3.9114770889282227
7.9349846839904785
-1.2270441055297852
-7.269937038421631
8.283220291137695
7.096673488616943
5.9493408203125
-6.461240768432617
2.266643524169922
-2.193453311920166
5.808460712432861
6.686659812927246
3.7108001708984375
7.555229187011719
-0.5011179447174072
-8.370285034179688
9.620429992675781
6.583808422088623
5.5072340965271
-7.364660263061523
1.991765022277832
-1.1340309381484985
5.596035003662109
8.188321113586426
3.5108489990234375
7.142367839813232
0.2286117672920227
-9.3673734664917
10.98723030090332
6.120624542236328
5.157066822052002
-8.22627067565918
1.8165823221206665
-0.14404410123825073
5.4595513343811035
9.57003116607666
3.3952596187591553
6.719089508056641
0.9609473943710327
-10.446565628051758
12.447700500488281
5.650266647338867
4.878686428070068
-9.13192367553711
1.7493116855621338
0.841815173625946
5.442799091339111
10.925825119018555
3.382368564605713
6.287014007568359
1.6839451789855957
-11.582615852355957
13.980798721313477
5.145045280456543
4.684308052062988
-10.102021217346191
1.8324000835418701
1.8396809101104736
5.469053745269775
12.306779861450195
3.4436757564544678
5.856415748596191
2.415036678314209
-12.771120071411133
15.608814239501953
4.627378463745117
4.5615763664245605
-11.098645210266113
2.020193338394165
2.8509624004364014
5.5264201164245605
13.7067289352417
3.5868382453918457
5.4155378341674805
3.167734146118164
-14.032617568969727
17.380563735961914
4.07786750793457
4.536947727203369
-12.145569801330566
2.355658769607544
3.871717929840088
5.61926794052124
15.122693061828613
3.820410966873169
4.94488525390625
3.93990421295166
-15.398993492126465
19.3149471282959
