2
3
-8.354569435119629
-6.8455119132995605
-0.5707697868347168
6.279110908508301
-7.71472692489624
-1.1932709217071533
8.925690650939941
-0.08479088544845581
7.333158493041992
-2.760040760040283
-5.774778366088867
1.5533661842346191
-7.194021701812744
-6.1773681640625
0.7210390567779541
7.490129470825195
-6.8364081382751465
-1.6203267574310303
10.531513214111328
-0.5579755902290344
6.148676872253418
-3.032222270965576
-7.794788360595703
1.5008801221847534
-6.127697944641113
-5.536412715911865
1.9279155731201172
8.680983543395996
-6.0217108726501465
-2.000622272491455
12.023311614990234
-0.9565094709396362
5.020168304443359
-3.2575864791870117
-9.67642593383789
1.455453634262085
-5.226945877075195
-4.896971702575684
2.8945207595825195
9.889028549194336
-5.212282657623291
-2.3197691440582275
13.456483840942383
-1.2543920278549194
3.9596714973449707
-3.4501848220825195
-11.390217781066895
1.414773941040039
-4.383484840393066
-4.294020175933838
3.814666271209717
11.08019733428955
-4.276186466217041
-2.5849766731262207
15.031389236450195
-1.4691123962402344
2.9528732299804688
-3.578582286834717
-13.056886672973633
1.4847325086593628
-3.667266368865967
-3.7163004875183105
4.594507217407227
12.250701904296875
-3.1201133728027344
-2.835603713989258
16.888587951660156
-1.682050108909607
1.955491065979004
-3.676316499710083
-14.758829116821289
1.6412826776504517
-2.9909558296203613
-3.099353790283203
5.232223033905029
13.46951675415039
-1.8557770252227783
-3.075270891189575
18.880922317504883
-1.838921308517456
0.9408563375473022
-3.7311623096466064
-16.53472137451172
1.8963779211044312
-2.2950496673583984
-2.487386703491211
5.9010186195373535
14.749468803405762
-0.5428066253662109
-3.279872179031372
20.875484466552734
-1.909420132637024
-0.06214010715484619
-3.7729430198669434
-18.375890731811523
2.2174015045166016
-1.570268154144287
-1.8983479738235474
6.581474781036377
16.088773727416992
0.7806453704833984
-3.4391415119171143
22.80746841430664
-1.8662632703781128
-1.0410341024398804
-3.7953548431396484
-20.273164749145508
2.619720935821533
-0.8803274631500244
-1.3859703540802002
7.209602355957031
17.3737850189209
2.1343507766723633
-3.5822291374206543
24.76616096496582
-1.743316888809204
-1.7560936212539673
-3.7878458499908447
-21.895437240600586
3.1818933486938477
