2
3
-5.220175266265869
-7.218168258666992
-0.3591651916503906
5.920009613037109
-12.01374340057373
2.3949947357177734
-4.1850385665893555
2.4969024658203125
-9.063478469848633
-2.042313575744629
-7.71718692779541
3.980532646179199
-5.739448547363281
-5.462040901184082
-3.447709321975708
8.668745040893555
-11.895960807800293
1.5958435535430908
-3.384843349456787
1.1479460000991821
-10.131071090698242
-1.7460473775863647
-7.662496089935303
4.3419575691223145
-6.543345928192139
-3.149155616760254
-6.404809951782227
10.941984176635742
-11.448314666748047
0.4743771553039551
-2.4199576377868652
0.3600381016731262
-10.631599426269531
-1.6084046363830566
-7.184669494628906
4.853366851806641
-7.673701286315918
-0.38611531257629395
-9.449684143066406
12.668821334838867
-11.045287132263184
-0.5754868984222412
-2.0857505798339844
0.6670423746109009
-10.98571491241455
-1.2903774976730347
-6.9091057777404785
5.660601615905762
-9.146127700805664
2.3942878246307373
-12.178228378295898
13.5271635055542
-10.371241569519043
-1.59023118019104
-2.316225528717041
2.6511969566345215
-11.288509368896484
-0.84166020154953
-7.141161918640137
6.9549407958984375
-10.73910140991211
4.501182556152344
-14.1194486618042
13.696086883544922
-9.74882698059082
-1.982938289642334
-3.734936237335205
5.756516456604004
-11.666953086853027
-0.09493201971054077
-8.106565475463867
8.469412803649902
-12.21445083618164
6.2502617835998535
-15.249227523803711
12.883286476135254
-9.554195404052734
-1.6106098890304565
-6.212109088897705
9.61906909942627
-12.009350776672363
0.750103771686554
-9.352656364440918
10.11872673034668
-13.923312187194824
6.942763805389404
-16.72430419921875
13.126747131347656
-9.80285930633545
-0.32722246646881104
-9.542010307312012
13.573711395263672
-12.713552474975586
1.5583360195159912
-11.527692794799805
12.807327270507812
-15.478456497192383
7.35329532623291
-18.43182373046875
14.120529174804688
-10.744318962097168
1.631708025932312
-13.625450134277344
17.5305233001709
-13.521883010864258
2.5900464057922363
-14.296764373779297
16.133623123168945
-16.908039093017578
7.96546745300293
-21.34092140197754
16.444313049316406
-11.971073150634766
4.442253112792969
-18.97970962524414
22.144895553588867
-14.59479808807373
4.148434162139893
-18.126558303833008
20.28260612487793
