2
3
-8.412901878356934
3.2490549087524414
-7.653027057647705
4.974702835083008
4.109339237213135
8.183401107788086
-6.889992713928223
2.2440288066864014
8.289249420166016
7.8754706382751465
-9.364450454711914
0.30563777685165405
-7.552556037902832
3.714613199234009
-6.906147480010986
6.107098579406738
3.5234122276306152
7.881409645080566
-7.782160758972168
2.2089617252349854
7.138360977172852
7.4546613693237305
-11.154658317565918
-0.04693603515625
-6.703535079956055
4.213130950927734
-6.15239143371582
7.241236686706543
2.9638023376464844
7.622493743896484
-8.649606704711914
2.2021851539611816
6.036362171173096
7.09427547454834
-12.863274574279785
-0.29549160599708557
-5.879826068878174
4.735232830047607
-5.460722923278809
8.435601234436035
2.4446663856506348
7.442634105682373
-9.549126625061035
2.2846133708953857
4.995139122009277
6.803330421447754
-14.570655822753906
-0.4634077548980713
-5.141185760498047
5.262186050415039
-4.891836643218994
9.666531562805176
1.9347341060638428
7.2986626625061035
-10.495794296264648
2.4506213665008545
3.9492990970611572
6.554007530212402
-16.34225845336914
-0.5422397255897522
-4.566738128662109
5.851164817810059
-4.582313060760498
10.929083824157715
1.4077284336090088
7.203009605407715
-11.490983009338379
2.727592945098877
2.8620500564575195
6.335832118988037
-18.229013442993164
-0.5556408762931824
-4.06273078918457
6.443480014801025
-4.3438849449157715
12.221739768981934
0.8549000024795532
7.121336460113525
-12.558915138244629
3.0560615062713623
1.753636360168457
6.12381649017334
-20.225778579711914
-0.5279961228370667
-3.6302120685577393
7.009842395782471
-4.174505710601807
13.549166679382324
0.2816120386123657
7.040991306304932
-13.71709156036377
3.3935868740081787
0.626380443572998
5.921064853668213
-22.334543228149414
-0.4520362615585327
-3.2839057445526123
7.547994136810303
-4.125154972076416
14.8936767578125
-0.4005659818649292
7.008210182189941
-15.053147315979004
3.777169704437256
-0.4664953947067261
5.766020774841309
-24.50522232055664
-0.2815273404121399
-3.068113327026367
8.006103515625
-4.287117958068848
16.18061065673828
-1.1480330228805542
7.008559703826904
-16.517330169677734
4.26074743270874
-1.555870532989502
5.6613898277282715
-26.782407760620117
-0.022345542907714844
