2
3
-2.9303202629089355
-8.270578384399414
-6.616811752319336
7.8066558837890625
8.49885368347168
1.6941611766815186
-3.9525511264801025
-7.948237419128418
1.6848399639129639
0.37066060304641724
-3.046505928039551
-0.9394480586051941
-2.280148506164551
-7.254199028015137
-6.444244861602783
9.481744766235352
7.509860038757324
0.8015480041503906
-5.233065605163574
-9.192432403564453
1.7705734968185425
-0.06926524639129639
-2.93131160736084
-1.5087345838546753
-1.6994348764419556
-6.280979633331299
-6.334585189819336
11.166486740112305
6.632192611694336
-0.04302859306335449
-6.369537353515625
-10.377387046813965
1.8250306844711304
-0.47914671897888184
-2.834852457046509
-2.047499895095825
-1.1854007244110107
-5.357141017913818
-6.277809143066406
12.858638763427734
5.806173801422119
-0.9108026027679443
-7.43026876449585
-11.583479881286621
1.854826807975769
-0.8533698320388794
-2.751682758331299
-2.540248394012451
-0.822462260723114
-4.474792003631592
-6.437277317047119
14.574020385742188
5.0164594650268555
-1.7106621265411377
-8.528349876403809
-12.775874137878418
1.8544256687164307
-1.19236421585083
-2.6836822032928467
-2.9934160709381104
-0.4949783384799957
-3.649440288543701
-6.624016284942627
16.3067569732666
4.192443370819092
-2.5063982009887695
-9.576866149902344
-14.029727935791016
1.8116801977157593
-1.491316795349121
-2.6410441398620605
-3.404555082321167
-0.18644651770591736
-2.869633913040161
-6.753831386566162
18.05217742919922
3.3698480129241943
-3.327106475830078
-10.605141639709473
-15.312544822692871
1.6792030334472656
-1.8142735958099365
-2.7059500217437744
-3.8655595779418945
0.009641304612159729
-2.0880753993988037
-7.059335708618164
19.79784393310547
2.556732654571533
-4.179341793060303
-11.632121086120605
-16.607219696044922
1.4925473928451538
-2.1726112365722656
-2.848262071609497
-4.380018711090088
0.11067777872085571
-1.4648559093475342
-7.509986400604248
21.489280700683594
1.754916787147522
-5.0478410720825195
-12.655397415161133
-17.851953506469727
1.2496578693389893
-2.553140878677368
-3.0809266567230225
-4.893110275268555
0.08424945175647736
-0.9822753667831421
-8.083751678466797
23.085058212280273
0.9749768376350403
-5.924383163452148
-13.674762725830078
-19.051898956298828
0.9945023059844971
-2.928741455078125
-3.3700613975524902
-5.353308200836182
