2
3
2.5840964317321777
-1.8052177429199219
-14.031424522399902
5.720407485961914
-4.583850860595703
5.794678211212158
10.711261749267578
-12.413225173950195
-3.2637243270874023
1.982692003250122
4.369769096374512
-3.5900814533233643
-0.5991051197052002
2.022480010986328
-15.9579496383667
7.276426792144775
-1.7967338562011719
3.65710711479187
11.239500999450684
-13.1459379196167
-1.9318546056747437
2.2108559608459473
4.982301712036133
-4.086730480194092
-3.600194215774536
5.453608512878418
-15.568721771240234
6.793497085571289
0.8771281242370605
1.695580244064331
10.084342002868652
-11.818912506103516
-0.4832249879837036
2.7493107318878174
4.374448299407959
-4.076974868774414
-5.9615020751953125
8.066783905029297
-13.542792320251465
5.147614479064941
3.095522403717041
0.22507548332214355
8.045652389526367
-9.533451080322266
0.7684545516967773
3.0877668857574463
2.9910831451416016
-3.768669605255127
-7.47451114654541
9.563379287719727
-11.288030624389648
3.3048043251037598
4.7394585609436035
-0.6406782865524292
5.2571120262146
-6.842928886413574
1.6102573871612549
3.404097318649292
1.0533535480499268
-3.2261602878570557
-8.523696899414062
9.93751049041748
-8.614633560180664
0.8389239311218262
5.658283233642578
-0.7350896596908569
1.1532673835754395
-3.5143537521362305
2.0922868251800537
3.622058391571045
-0.5880383253097534
-3.1346309185028076
-8.801655769348145
9.568318367004395
-5.817113876342773
-1.5520720481872559
5.591143608093262
0.018183350563049316
-3.7095208168029785
-0.46575498580932617
2.2462377548217773
3.6399245262145996
-3.15256929397583
-2.3588101863861084
-8.763762474060059
8.728527069091797
-3.9319872856140137
-3.668057680130005
4.055962085723877
1.2016526460647583
-8.443220138549805
1.7240383625030518
1.4886516332626343
3.507650375366211
-5.835232734680176
-1.3672279119491577
-7.838736057281494
7.57983922958374
-2.0740809440612793
-5.679766654968262
1.7876548767089844
3.088085889816284
-12.758323669433594
3.618557929992676
0.25819456577301025
3.546398639678955
-8.0606689453125
-0.7022520899772644
-6.594450950622559
6.270045280456543
-1.097982406616211
-7.441259384155273
-0.6168580055236816
5.326066493988037
-16.138668060302734
4.5663652420043945
-1.046966552734375
3.9626636505126953
-10.125504493713379
-0.2808071970939636
