2
3
6.569016456604004
4.252984523773193
6.715412139892578
-4.5664825439453125
5.583987236022949
4.484709739685059
-6.916670799255371
-10.468118667602539
-5.759483337402344
-9.33102035522461
9.61999797821045
-7.793928623199463
6.126229763031006
3.3125436305999756
6.320385932922363
-5.842835903167725
4.780736923217773
3.4995076656341553
-7.843867301940918
-12.078963279724121
-4.3399658203125
-8.939369201660156
11.178706169128418
-6.780307292938232
5.734482765197754
2.397143840789795
6.021329402923584
-7.0931620597839355
4.092642784118652
2.5765652656555176
-8.585659980773926
-13.62746810913086
-3.0029690265655518
-8.597352027893066
12.661090850830078
-5.8421502113342285
5.408804416656494
1.5101317167282104
5.831554889678955
-8.304590225219727
3.4453938007354736
1.6101834774017334
-9.243766784667969
-15.27830696105957
-1.668440818786621
-8.39702033996582
14.366886138916016
-5.060054302215576
5.151062488555908
0.6595693230628967
5.7246928215026855
-9.484354019165039
2.800427198410034
0.5796442031860352
-9.880317687988281
-17.042173385620117
-0.259631872177124
-8.166108131408691
16.253578186035156
-4.355980396270752
5.038947582244873
-0.1851981282234192
5.803325653076172
-10.74705696105957
2.1723735332489014
-0.5070055723190308
-10.483513832092285
-18.910486221313477
1.1744120121002197
-7.950325012207031
18.163833618164062
-3.680695056915283
4.998723983764648
-0.9999116063117981
5.894211292266846
-11.944906234741211
1.6071159839630127
-1.6459859609603882
-11.028658866882324
-20.878963470458984
2.6013340950012207
-7.742110729217529
20.041919708251953
-3.013889789581299
5.035892486572266
-1.8874753713607788
6.053959369659424
-13.208587646484375
1.0844471454620361
-2.839872121810913
-11.51594066619873
-22.947525024414062
3.9914708137512207
-7.539902687072754
21.83661460876465
-2.380445718765259
5.086708068847656
-2.7771666049957275
6.248274326324463
-14.466094970703125
0.6333463191986084
-4.109560012817383
-11.872581481933594
-25.10542106628418
5.455759048461914
-7.458077430725098
23.802433013916016
-1.862468957901001
5.139129638671875
-3.6934239864349365
6.500442028045654
-15.768712043762207
0.26662683486938477
-5.420723915100098
-12.08798599243164
-27.319149017333984
6.917059898376465
-7.475539684295654
25.802738189697266
-1.4315552711486816
