2
3
6.989980697631836
-1.8586195707321167
-5.082688331604004
-11.484463691711426
8.26606559753418
-9.430642127990723
-0.3066070079803467
-0.8834855556488037
-4.182976722717285
-7.609414100646973
7.519250392913818
0.1886298656463623
5.963108062744141
-3.9003682136535645
-6.4518141746521
-12.978352546691895
6.595519065856934
-8.190927505493164
-2.9503374099731445
0.5720696449279785
-1.2744245529174805
-6.191746711730957
10.035707473754883
0.9829336404800415
4.844302177429199
-6.202456474304199
-7.332711696624756
-13.347162246704102
4.777853965759277
-6.858989238739014
-4.1120500564575195
1.38077974319458
1.6817171573638916
-4.604631423950195
11.14626407623291
0.7098120450973511
3.536426067352295
-8.287025451660156
-7.443647861480713
-12.584537506103516
3.8295888900756836
-5.0749030113220215
-4.210018157958984
1.5944018363952637
4.712647438049316
-3.2315711975097656
10.404403686523438
-0.9277951717376709
2.361489772796631
-9.944345474243164
-6.574005603790283
-10.74612808227539
3.2403218746185303
-3.6345813274383545
-3.2328851222991943
0.5354875326156616
7.476902961730957
-2.218634605407715
8.322349548339844
-2.787931442260742
1.5798420906066895
-10.772872924804688
-4.958113670349121
-8.119653701782227
3.087726593017578
-2.690542221069336
-1.6568394899368286
-1.4412821531295776
9.171117782592773
-2.083521842956543
4.685986518859863
-4.874114036560059
1.2856426239013672
-10.789571762084961
-3.6085751056671143
-6.30698299407959
3.421908378601074
-2.5305192470550537
-0.8810096383094788
-3.9542694091796875
9.54116153717041
-2.9226126670837402
1.1059203147888184
-6.53040885925293
1.224609613418579
-10.714402198791504
-2.7555108070373535
-5.413012504577637
3.8756446838378906
-3.150681495666504
-0.24071747064590454
-6.577729225158691
9.023771286010742
-4.022302150726318
-1.3909285068511963
-7.903645038604736
1.3144416809082031
-10.567355155944824
-1.4950810670852661
-5.196112155914307
4.249822616577148
-4.239285469055176
-0.09013122320175171
-8.898945808410645
8.139952659606934
-4.990403175354004
-3.584819793701172
-9.287430763244629
1.8012028932571411
-10.173441886901855
-0.5249401330947876
-5.472816467285156
4.468793869018555
-5.727902412414551
0.010031826794147491
-11.059610366821289
7.380589008331299
-6.029873847961426
-5.084044456481934
-10.881647109985352
