2
3
2.0921123027801514
7.287919044494629
8.152667999267578
-7.294844627380371
7.723430156707764
-0.11911296844482422
2.513367176055908
0.4875760078430176
1.578855276107788
3.2835118770599365
-0.17884278297424316
-1.9192368984222412
3.8856801986694336
6.044000625610352
8.834737777709961
-8.662490844726562
6.968117713928223
1.325047492980957
1.1895452737808228
1.5253441333770752
1.6157594919204712
3.6087169647216797
2.18688702583313
-1.8685486316680908
5.441077709197998
4.450646877288818
9.39314079284668
-8.995744705200195
6.082527160644531
2.985691547393799
0.6170008182525635
1.772531270980835
2.281928062438965
3.653238534927368
4.358843803405762
-2.377892017364502
6.919863700866699
2.8763506412506104
9.585372924804688
-8.76639461517334
5.397205352783203
4.528905868530273
0.7416324019432068
1.1126712560653687
3.17325758934021
3.8986544609069824
5.978389263153076
-2.8589744567871094
8.184219360351562
1.66532564163208
9.13349437713623
-7.577502727508545
4.781364917755127
5.629302024841309
1.8862414360046387
-0.3178898096084595
4.227367401123047
4.1535773277282715
7.068399906158447
-3.3842880725860596
9.11202335357666
0.9793035387992859
8.315645217895508
-5.934078216552734
4.567023754119873
6.100185871124268
3.959669351577759
-2.2977397441864014
5.480802536010742
4.203064441680908
7.980109691619873
-4.0260796546936035
9.638294219970703
0.7916818857192993
7.938554763793945
-4.696076393127441
4.8267436027526855
5.913381576538086
6.354750633239746
-4.195909023284912
6.760800361633301
4.056363105773926
8.962392807006836
-4.802494525909424
9.985085487365723
0.7440102100372314
8.41329288482666
-4.194777488708496
5.722005844116211
5.392961502075195
8.86814022064209
-5.779668807983398
7.9805731773376465
3.7764251232147217
10.055739402770996
-5.450039863586426
10.236473083496094
0.9657484889030457
9.387916564941406
-4.1575608253479
7.03555965423584
4.749645233154297
11.59192943572998
-7.138951301574707
9.012280464172363
3.378693103790283
11.492992401123047
-6.263277053833008
10.403241157531738
1.3986140489578247
10.722915649414062
-4.526381015777588
8.69865608215332
4.00579833984375
14.378009796142578
-8.37485122680664
9.972350120544434
2.9581615924835205
13.349453926086426
-7.1502909660339355
