2
3
-1.2509474754333496
3.8074913024902344
2.4363269805908203
2.7280385494232178
-3.3574841022491455
2.9814612865448
-6.10679292678833
9.534042358398438
-2.3318228721618652
10.219051361083984
12.151856422424316
-2.127422332763672
-1.4388220310211182
4.75153923034668
2.1067452430725098
4.267458438873291
-5.008420944213867
5.545590400695801
-5.439618110656738
12.194112777709961
0.4045829772949219
9.570732116699219
10.956007957458496
-2.47594952583313
-1.490382194519043
5.5231194496154785
1.9450995922088623
6.313179016113281
-6.069519519805908
8.296150207519531
-4.571571350097656
14.192404747009277
2.4433772563934326
8.420743942260742
8.839402198791504
-1.20429265499115
-1.380157232284546
6.532073974609375
1.541001558303833
8.460371017456055
-6.51785135269165
11.179146766662598
-3.24479603767395
15.283236503601074
3.8053464889526367
7.589754581451416
6.350752830505371
1.4463030099868774
-1.2120587825775146
7.7187418937683105
1.2067582607269287
10.607187271118164
-6.343903064727783
13.42422866821289
-1.2600677013397217
15.253130912780762
4.364005088806152
7.1083984375
3.0136141777038574
5.3687825202941895
-0.848590075969696
9.18482780456543
0.9599958658218384
13.190279960632324
-5.538636207580566
15.73648738861084
0.1753218173980713
15.543251991271973
3.6611411571502686
7.093037128448486
-0.2511599063873291
9.736876487731934
-0.21348947286605835
11.0685396194458
0.39966529607772827
16.247459411621094
-4.329545974731445
18.02800750732422
0.8921884894371033
16.769702911376953
2.4504737854003906
7.982468605041504
-2.753244638442993
14.410724639892578
0.4015456438064575
13.29237174987793
-0.6395865082740784
19.75505828857422
-2.9107673168182373
19.870479583740234
1.1981297731399536
18.523866653442383
1.1224868297576904
9.90365982055664
-4.722397804260254
19.433452606201172
0.815805196762085
15.84682846069336
-2.1517622470855713
23.914669036865234
-1.4711813926696777
21.653553009033203
0.9411160349845886
21.18471336364746
0.01874995231628418
12.833669662475586
-6.437257289886475
24.807636260986328
1.1899179220199585
18.859888076782227
-4.30657958984375
29.09320068359375
-0.027375221252441406
23.660297393798828
-0.0735885500907898
25.064102172851562
-0.7951012849807739
16.669918060302734
-8.251855850219727
30.52919578552246
