2
3
6.2407660484313965
-3.5366950035095215
-9.785394668579102
-5.496688365936279
-7.886177062988281
4.718399524688721
11.756982803344727
-7.173150539398193
2.679401397705078
2.319793939590454
3.6297059059143066
8.036971092224121
5.399540424346924
-3.5057828426361084
-11.586274147033691
-4.93051815032959
-6.582376480102539
4.01472282409668
14.080100059509277
-8.442349433898926
2.6441571712493896
2.278909683227539
2.9133505821228027
8.39826488494873
4.623981475830078
-3.4088096618652344
-13.230118751525879
-4.315886974334717
-5.298521518707275
3.3091623783111572
16.367748260498047
-9.712804794311523
2.6202313899993896
2.2181451320648193
2.367638111114502
8.765199661254883
3.8102493286132812
-3.380211114883423
-14.708032608032227
-3.867807149887085
-3.9198949337005615
2.5630476474761963
18.794950485229492
-11.024444580078125
2.6926729679107666
2.1958999633789062
2.174682378768921
9.30384349822998
2.9930386543273926
-3.376396417617798
-16.14352035522461
-3.4206600189208984
-2.4310412406921387
1.7485301494598389
21.351572036743164
-12.33915901184082
2.783651113510132
2.2005975246429443
2.063575506210327
9.924551963806152
2.193057060241699
-3.3421714305877686
-17.55916976928711
-3.0121636390686035
-0.8597676753997803
0.8958606719970703
24.02311134338379
-13.662225723266602
2.9079792499542236
2.324202537536621
1.948045253753662
10.608665466308594
1.3442047834396362
-3.351797580718994
-19.35636329650879
-2.8756983280181885
0.7875494956970215
0.01677912473678589
26.790258407592773
-14.960976600646973
3.0530238151550293
2.4445996284484863
1.8911212682724
11.298495292663574
0.5038166642189026
-3.3384644985198975
-21.271621704101562
-2.7107856273651123
2.486652374267578
-0.9079613089561462
29.610103607177734
-16.121475219726562
3.196920871734619
2.556380033493042
1.8503661155700684
11.999764442443848
-0.2983260750770569
-3.355532646179199
-23.206525802612305
-2.497417449951172
4.176116943359375
-1.8243041038513184
32.35303497314453
-17.083580017089844
3.324247360229492
2.659641742706299
1.8004704713821411
12.700624465942383
-0.9971186518669128
-3.394747257232666
-25.022300720214844
-2.195561170578003
5.883371353149414
-2.7868528366088867
35.0883903503418
-17.949020385742188
3.43654203414917
2.7739453315734863
1.7250040769577026
13.437600135803223
