2
3
-1.9331165552139282
-0.8714959025382996
-7.450427055358887
-2.3540918827056885
0.8105432987213135
4.345404624938965
0.12136656045913696
0.8132206201553345
2.2112364768981934
1.0163156986236572
-8.531990051269531
-1.49289071559906
-2.5391182899475098
-1.0657153129577637
-6.4645586013793945
-0.8594081401824951
1.753997564315796
4.390966892242432
-1.5316994190216064
-1.2115765810012817
0.6700066328048706
1.1842414140701294
-9.448005676269531
-0.5927941203117371
-2.884183883666992
-0.8804857730865479
-6.548631191253662
0.34560632705688477
2.2557015419006348
3.8438854217529297
-4.056840896606445
-2.860267162322998
-0.7957286834716797
1.5048408508300781
-9.930384635925293
-0.03139287233352661
-3.1983187198638916
-0.5319629311561584
-7.120449542999268
1.2218945026397705
2.0115737915039062
2.926321268081665
-6.893441677093506
-3.7164602279663086
-2.0429816246032715
1.8302119970321655
-11.13720989227295
0.1476917415857315
-3.4743094444274902
0.1242666244506836
-8.320837020874023
1.9168214797973633
1.1586143970489502
1.9407782554626465
-9.896858215332031
-3.8253135681152344
-3.172687530517578
2.134671449661255
-12.477805137634277
0.031195923686027527
-3.85146164894104
0.9574671983718872
-10.114063262939453
2.264944553375244
-0.18026161193847656
0.9424387216567993
-12.797274589538574
-3.4103591442108154
-4.138752460479736
2.3317418098449707
-13.75379467010498
-0.2916982173919678
-4.45672082901001
1.7308748960494995
-12.647737503051758
2.2800886631011963
-1.986650824546814
-0.008754312992095947
-15.490266799926758
-2.5444278717041016
-5.1347880363464355
2.2847096920013428
-15.448378562927246
-0.702690839767456
-5.450253963470459
2.2331161499023438
-15.967374801635742
1.981382131576538
-3.8528332710266113
-0.45693153142929077
-18.84065055847168
-1.3399848937988281
-6.576661109924316
1.7920597791671753
-18.14287757873535
-0.8689661026000977
-6.8235087394714355
2.4466707706451416
-20.189054489135742
1.4646070003509521
-6.1109795570373535
-0.5319048166275024
-23.70250701904297
-0.4537193775177002
-8.190534591674805
1.123023509979248
-21.40956687927246
-0.8802855014801025
-8.522722244262695
2.5466458797454834
-25.716856002807617
0.9345844984054565
-8.699230194091797
-0.41026628017425537
-29.580848693847656
0.5575728416442871
-10.041532516479492
0.6392656564712524
-25.91443634033203
-0.8264210820198059
