2
3
1.7650507688522339
2.1086339950561523
2.678370475769043
10.9547758102417
0.38269326090812683
1.4243048429489136
-3.3886818885803223
-3.309037923812866
-1.0365808010101318
9.270483016967773
10.151906967163086
-2.9020423889160156
2.0126266479492188
2.7429604530334473
2.5592594146728516
12.240362167358398
0.31739023327827454
1.5585966110229492
-3.71624755859375
-2.6641788482666016
-0.46885085105895996
8.619820594787598
11.33156967163086
-4.006009578704834
2.268341064453125
3.3432822227478027
2.509640693664551
13.56093978881836
0.26063913106918335
1.7039648294448853
-3.99263596534729
-2.0768051147460938
0.13349390029907227
7.9573493003845215
12.609329223632812
-5.0619096755981445
2.4989960193634033
3.8759164810180664
2.4545905590057373
14.806262969970703
0.22587615251541138
1.851621150970459
-4.22106409072876
-1.509225606918335
0.8112397193908691
7.300238132476807
14.013731956481934
-6.076959609985352
2.7217180728912354
4.38172721862793
2.387918472290039
16.008150100708008
0.1776316910982132
1.962860107421875
-4.409124374389648
-0.9728829860687256
1.6597346067428589
6.6009440422058105
15.685426712036133
-7.141314506530762
2.94229793548584
4.844531059265137
2.336568593978882
17.23380470275879
0.14797954261302948
2.047128677368164
-4.513979434967041
-0.4739088714122772
2.554152727127075
5.8898024559021
17.419254302978516
-8.159418106079102
3.1715128421783447
5.316775798797607
2.2911345958709717
18.523563385009766
0.13061660528182983
2.158494234085083
-4.682945251464844
-0.059076666831970215
3.465331554412842
5.199474334716797
19.142852783203125
-9.095367431640625
3.422807216644287
5.821274280548096
2.2430479526519775
19.892709732055664
0.09608370065689087
2.299553155899048
-4.978546142578125
0.31406280398368835
4.390604019165039
4.542628288269043
20.84290885925293
-9.907353401184082
3.692054510116577
6.365616321563721
2.1817917823791504
21.33736228942871
0.08295002579689026
2.4508392810821533
-5.257966041564941
0.7471293210983276
5.329372406005859
3.9295310974121094
22.503578186035156
-10.512767791748047
3.973020076751709
6.938269138336182
2.103039264678955
22.838396072387695
0.18298159539699554
2.625335216522217
-5.399232387542725
1.2222650051116943
6.321167469024658
3.3504257202148438
24.177906036376953
-10.965705871582031
