2
3
-1.7708446979522705
-3.777531147003174
18.649280548095703
-6.145038604736328
4.3060078620910645
4.992687702178955
-9.27397346496582
3.848829746246338
4.453716278076172
-0.28510117530822754
0.29020631313323975
2.211456537246704
2.6127231121063232
-3.642756700515747
18.4393253326416
-2.744469165802002
1.6077861785888672
5.648717880249023
-9.145282745361328
1.5807185173034668
3.1743879318237305
0.5883463621139526
-0.7645821571350098
1.8024368286132812
6.713897705078125
-2.715059280395508
15.838249206542969
1.157088279724121
-0.554063081741333
5.438241481781006
-6.607227802276611
-0.35061073303222656
1.9427751302719116
0.850354015827179
0.03608286380767822
1.5834753513336182
9.918230056762695
-1.3097031116485596
12.290291786193848
4.084874153137207
-1.5925456285476685
5.165673732757568
-3.5601282119750977
-1.5441986322402954
1.3395830392837524
0.7404589653015137
1.9500683546066284
1.9931225776672363
11.496011734008789
0.27225565910339355
8.204071044921875
5.790266990661621
-1.8018598556518555
4.558454990386963
0.1199040412902832
-2.239713668823242
1.5503010749816895
1.317825436592102
3.1637001037597656
3.0309009552001953
11.431724548339844
1.531947135925293
4.640188217163086
6.1016621589660645
-1.2014572620391846
3.900731086730957
4.005189895629883
-2.575937032699585
2.2123351097106934
1.9764169454574585
4.674591064453125
3.468902587890625
10.225757598876953
2.6543917655944824
1.6551814079284668
6.369088649749756
0.1424797773361206
2.9315292835235596
7.392209053039551
-2.0121726989746094
3.095076084136963
2.8518359661102295
5.692092418670654
3.3424010276794434
8.771123886108398
4.075016975402832
-0.6105780601501465
6.565799236297607
1.9999921321868896
2.130047082901001
9.757590293884277
-0.6143929958343506
4.012563228607178
3.393230676651001
6.74010705947876
2.9561829566955566
7.13621711730957
5.314169883728027
-1.7157124280929565
6.261363983154297
4.246654510498047
1.8763153553009033
11.166378021240234
1.4242701530456543
4.810359954833984
3.6319167613983154
7.273152828216553
2.512693405151367
5.451168060302734
6.0430402755737305
-1.1420013904571533
5.584024906158447
6.593653678894043
2.158717632293701
11.397229194641113
3.7042529582977295
5.434919834136963
3.4344522953033447
7.749352931976318
2.670478343963623
