2
3
-3.7210893630981445
5.393588542938232
8.566224098205566
-6.7982378005981445
-5.299549102783203
6.9531049728393555
8.952003479003906
4.68109130859375
-3.047117233276367
-2.4230093955993652
-0.729117751121521
2.934451103210449
-3.344672918319702
4.801365852355957
9.122907638549805
-7.492472171783447
-4.675765514373779
6.656652450561523
9.802335739135742
4.280938148498535
-2.9696218967437744
-1.5753257274627686
-1.0436575412750244
4.346739768981934
-2.853822708129883
4.237748622894287
9.85498046875
-8.155706405639648
-4.025396823883057
6.39036226272583
10.714524269104004
3.93613862991333
-2.8821423053741455
-0.7762314677238464
-1.3037253618240356
5.652613639831543
-2.306065320968628
3.6996054649353027
10.682933807373047
-8.7652587890625
-3.3394246101379395
6.168422698974609
11.694470405578613
3.660843849182129
-2.778144359588623
-0.03298109769821167
-1.5004806518554688
6.845033168792725
-1.6625444889068604
3.139535903930664
11.637003898620605
-9.346009254455566
-2.619642496109009
5.976747512817383
12.748234748840332
3.448122024536133
-2.6687488555908203
0.6756804585456848
-1.6904876232147217
7.99660587310791
-0.9619600772857666
2.6040985584259033
12.65961742401123
-9.84074878692627
-1.871042013168335
5.797366619110107
13.891456604003906
3.290442705154419
-2.533169746398926
1.376413345336914
-1.8609249591827393
9.207281112670898
-0.19946980476379395
2.0737266540527344
13.7744779586792
-10.303671836853027
-1.0853155851364136
5.634004592895508
15.116923332214355
3.1991729736328125
-2.3601300716400146
2.0610227584838867
-1.9937336444854736
10.478275299072266
0.623356819152832
1.5356864929199219
14.981988906860352
-10.735947608947754
-0.25304222106933594
5.48170280456543
16.42063331604004
3.1776421070098877
-2.1576390266418457
2.742572784423828
-2.0868020057678223
11.787903785705566
1.5058034658432007
0.9791501760482788
16.26966094970703
-11.115887641906738
0.6232128143310547
5.3212480545043945
17.763683319091797
3.1927144527435303
-1.9149829149246216
3.248577833175659
-2.138171672821045
12.984538078308105
2.448232412338257
0.4077751636505127
17.621614456176758
-11.457332611083984
1.5584514141082764
5.153773307800293
19.157590866088867
3.2384390830993652
-1.631831407546997
3.682483673095703
-2.1501452922821045
14.155475616455078
