2
3
-4.187039852142334
-0.29346105456352234
11.195152282714844
-7.197300910949707
0.274127721786499
-1.3741157054901123
-7.02595329284668
1.350438117980957
-3.176481246948242
-3.745817184448242
7.556138038635254
-6.479043960571289
-1.574425458908081
-1.0940121412277222
11.64342212677002
-7.575257778167725
-2.026235818862915
0.196494460105896
-7.148406982421875
0.8122518062591553
-1.9434089660644531
-3.9642043113708496
8.04621696472168
-5.451904296875
0.7143630981445312
-1.8615347146987915
10.461180686950684
-6.824069023132324
-3.831882953643799
1.5124496221542358
-5.311277866363525
-0.33577799797058105
-0.5853759050369263
-3.769339084625244
7.709985733032227
-4.201478004455566
2.322552442550659
-2.497305393218994
9.027071952819824
-5.796840190887451
-4.8984575271606445
2.0388247966766357
-2.1594414710998535
-2.0377254486083984
0.5973140001296997
-3.362255334854126
7.459786891937256
-3.3833093643188477
3.442056179046631
-2.864445924758911
7.800163269042969
-4.940715789794922
-5.124061107635498
1.8290801048278809
1.5864923000335693
-3.9204564094543457
1.6526926755905151
-2.8985657691955566
7.174368858337402
-3.0362493991851807
3.8534862995147705
-3.05820369720459
6.602905750274658
-4.2028374671936035
-4.523775100708008
1.4058146476745605
5.154142379760742
-5.534920692443848
2.325273275375366
-2.4044857025146484
6.335984230041504
-2.9510788917541504
3.4962856769561768
-3.1458702087402344
5.8994221687316895
-3.9067087173461914
-3.208671808242798
0.6310436725616455
8.212719917297363
-6.694973945617676
2.1875665187835693
-2.113217830657959
5.6588311195373535
-3.1626319885253906
2.8654279708862305
-2.7596323490142822
5.378252983093262
-3.8570077419281006
-1.582599401473999
-0.29405832290649414
10.6095609664917
-7.936001300811768
1.7204926013946533
-1.7301952838897705
5.590175628662109
-3.746953010559082
2.4664814472198486
-2.2943027019500732
5.60227108001709
-4.259411811828613
0.2476804256439209
-1.2784734964370728
12.537519454956055
-8.932217597961426
1.551476240158081
-1.338759183883667
6.355108261108398
-4.733620643615723
2.171832323074341
-1.776163935661316
6.672595977783203
-5.3099684715271
2.224722385406494
-2.270634651184082
13.999658584594727
-9.601225852966309
1.5075541734695435
-1.044944167137146
7.786977767944336
-6.101019859313965
