2
3
6.760430335998535
-3.9759700298309326
0.7653346061706543
3.953976631164551
2.991441488265991
3.6406431198120117
-2.735700845718384
-5.671701431274414
3.161613941192627
-5.13536262512207
-3.958317995071411
2.8738956451416016
6.652368545532227
-3.6341543197631836
0.22901207208633423
4.8554277420043945
2.8622782230377197
2.757495880126953
-2.525765895843506
-7.193728446960449
3.366896629333496
-4.568444728851318
-3.9666976928710938
3.9920506477355957
6.523085594177246
-3.3058505058288574
-0.31990063190460205
5.676324844360352
2.7370314598083496
1.9109042882919312
-2.2717227935791016
-8.6561918258667
3.530818223953247
-4.051583290100098
-4.035093784332275
4.9983696937561035
6.367674827575684
-2.994070053100586
-0.891987681388855
6.4212260246276855
2.635500907897949
1.0498559474945068
-1.9997179508209229
-10.118795394897461
3.656771421432495
-3.613337755203247
-4.198104381561279
5.899496078491211
6.232598304748535
-2.6789066791534424
-1.3662490844726562
7.198132514953613
2.5660369396209717
0.18545961380004883
-1.7012792825698853
-11.598468780517578
3.7699904441833496
-3.2181646823883057
-4.37355899810791
6.8013916015625
6.111885070800781
-2.319650650024414
-1.816272258758545
8.049599647521973
2.519524097442627
-0.6712863445281982
-1.4036139249801636
-13.084697723388672
3.8591673374176025
-2.822876453399658
-4.602602958679199
7.75069522857666
5.989628314971924
-1.934079885482788
-2.286144495010376
8.953466415405273
2.5128862857818604
-1.4957548379898071
-1.1599147319793701
-14.534734725952148
3.9328835010528564
-2.4175243377685547
-4.871499061584473
8.760462760925293
5.8712968826293945
-1.516610860824585
-2.778308629989624
9.958063125610352
2.5452499389648438
-2.306572437286377
-0.9758303165435791
-15.941163063049316
3.9849677085876465
-2.000868558883667
-5.189670562744141
9.830730438232422
5.740061283111572
-1.0711015462875366
-3.318751335144043
11.05510139465332
2.6040003299713135
-3.216402769088745
-0.8479807376861572
-17.365528106689453
3.9901585578918457
-1.6173570156097412
-5.6179518699646
10.914857864379883
5.566251754760742
-0.7028332948684692
-3.9325191974639893
12.122295379638672
2.694613218307495
-4.158943176269531
-0.7519649863243103
-18.64401626586914
3.956469774246216
-1.2235567569732666
-6.143625736236572
12.037537574768066
