2
3
3.9848499298095703
-2.0703697204589844
3.8813037872314453
18.524051666259766
3.406595230102539
-0.7076969742774963
6.685768127441406
5.636977195739746
-2.2268924713134766
4.312095642089844
13.302248001098633
-6.087300777435303
4.005074977874756
3.1255249977111816
2.288968086242676
20.83517837524414
3.155055046081543
0.12170350551605225
6.780888557434082
7.449610710144043
0.15399646759033203
2.321483612060547
14.892546653747559
-5.002231597900391
3.95723295211792
8.241460800170898
0.9271848201751709
21.37575340270996
3.277229070663452
1.1833494901657104
6.8443603515625
9.862661361694336
2.8196706771850586
1.036456823348999
15.757474899291992
-1.6419191360473633
3.7441389560699463
12.114632606506348
0.6393439173698425
20.452123641967773
3.524348258972168
2.6081619262695312
6.880198955535889
12.605903625488281
5.503007411956787
0.5181766748428345
15.522562026977539
3.7923636436462402
3.659759521484375
14.525657653808594
1.220762014389038
19.557819366455078
4.115573406219482
4.644779682159424
7.186907768249512
14.863759994506836
7.897205352783203
0.8698039054870605
14.526796340942383
9.901666641235352
3.685892343521118
16.109224319458008
2.9466946125030518
18.234254837036133
5.189436912536621
6.655837059020996
7.9075798988342285
16.893253326416016
9.949337005615234
2.142155885696411
12.94991683959961
15.954529762268066
4.046080589294434
17.02012825012207
5.620858192443848
17.891233444213867
6.6137895584106445
8.62772274017334
9.130720138549805
20.139995574951172
11.272912979125977
4.542939186096191
10.73447036743164
21.182544708251953
5.312541961669922
18.33666229248047
7.883431911468506
19.574119567871094
8.422425270080566
11.264912605285645
9.849655151367188
24.48202133178711
12.40504264831543
7.909369468688965
9.311502456665039
26.645689010620117
7.234760284423828
19.854869842529297
9.828614234924316
22.890762329101562
10.38352108001709
14.608060836791992
9.998787879943848
29.61142349243164
13.506829261779785
12.247934341430664
7.868337631225586
32.67725372314453
9.598421096801758
21.773698806762695
11.330307006835938
28.024124145507812
12.388067245483398
18.705169677734375
9.591951370239258
35.64263153076172
14.513184547424316
17.402660369873047
6.035264492034912
39.21487045288086
