2
3
-2.096928596496582
0.2857809066772461
5.385306358337402
-4.70295524597168
8.223155975341797
-6.728758335113525
-6.606904983520508
3.3340704441070557
-6.714415550231934
1.0087544918060303
-6.736906051635742
-1.1114459037780762
-1.541330099105835
-0.26740801334381104
6.232758045196533
-5.227221965789795
7.280167102813721
-6.278357982635498
-8.441731452941895
4.390285015106201
-6.127403736114502
0.47930723428726196
-5.759304046630859
-1.5913498401641846
-1.0746040344238281
-0.7609395980834961
6.934689521789551
-5.677793025970459
6.369542121887207
-5.840323448181152
-10.166315078735352
5.365825653076172
-5.559629440307617
-0.04583650827407837
-4.741936206817627
-2.1210527420043945
-0.7097629904747009
-1.2112003564834595
7.447677135467529
-6.070850372314453
5.4966511726379395
-5.426591873168945
-11.777458190917969
6.249090194702148
-5.025291442871094
-0.5586324334144592
-3.748746156692505
-2.6782190799713135
-0.3166651725769043
-1.7080051898956299
8.0439453125
-6.534485340118408
4.6479315757751465
-5.020125865936279
-13.359033584594727
7.149568557739258
-4.488644599914551
-1.0682429075241089
-2.7259984016418457
-3.2519736289978027
0.11966794729232788
-2.229865550994873
8.712471961975098
-7.029007434844971
3.784219741821289
-4.635705471038818
-15.038739204406738
8.109990119934082
-3.984039545059204
-1.5504509210586548
-1.7311975955963135
-3.852360725402832
0.5927988886833191
-2.770113468170166
9.436332702636719
-7.538909912109375
2.9095869064331055
-4.276169300079346
-16.817092895507812
9.125563621520996
-3.5926706790924072
-1.987987995147705
-0.8793429136276245
-4.412581443786621
1.0675008296966553
-3.3080427646636963
10.13971996307373
-8.025060653686523
2.0318753719329834
-3.947165012359619
-18.684900283813477
10.195795059204102
-3.2567927837371826
-2.4099574089050293
-0.12553250789642334
-4.977835178375244
1.5660988092422485
-3.857008218765259
10.865083694458008
-8.509895324707031
1.1514363288879395
-3.651190996170044
-20.648283004760742
11.315450668334961
-2.947115898132324
-2.7964704036712646
0.524785041809082
-5.567041397094727
2.0931806564331055
-4.419395923614502
11.620789527893066
-8.99502944946289
0.39988410472869873
-3.4385838508605957
-22.561159133911133
12.460227966308594
-2.6565475463867188
-3.175365447998047
1.1046638488769531
-6.1910271644592285
