2
3
-2.116483449935913
-3.785680055618286
-4.616243362426758
-3.8641042709350586
-3.281013250350952
-6.3033270835876465
-7.193981170654297
1.5665518045425415
3.0774917602539062
-1.2881124019622803
4.612642288208008
7.876303672790527
-2.084699869155884
-3.9892640113830566
-4.582400798797607
-4.022243499755859
-3.242767810821533
-5.993448734283447
-7.558639049530029
2.296926498413086
3.1026527881622314
-1.331526279449463
4.544727325439453
8.28629207611084
-2.0524332523345947
-4.187577724456787
-4.548478126525879
-4.169628620147705
-3.127187967300415
-5.6593732833862305
-7.84774923324585
3.049347400665283
3.1381664276123047
-1.3146641254425049
4.4350786209106445
8.764103889465332
-2.017091751098633
-4.3751444816589355
-4.515575408935547
-4.294983863830566
-3.0034267902374268
-5.323272705078125
-8.1464262008667
3.8395819664001465
3.187617063522339
-1.2288944721221924
4.2916693687438965
9.324238777160645
-1.9759652614593506
-4.550289630889893
-4.481355667114258
-4.389108657836914
-2.8793070316314697
-4.990250587463379
-8.468099594116211
4.66414213180542
3.2553863525390625
-1.0891497135162354
4.149695873260498
9.996866226196289
-1.9258511066436768
-4.712351322174072
-4.438776016235352
-4.443838119506836
-2.758478879928589
-4.652470111846924
-8.805208206176758
5.544224262237549
3.329819917678833
-0.9297326803207397
4.058615684509277
10.766502380371094
-1.8707361221313477
-4.858970642089844
-4.3989763259887695
-4.465015888214111
-2.645064115524292
-4.317811965942383
-9.169678688049316
6.464800834655762
3.3953278064727783
-0.7601168155670166
3.977379322052002
11.56751537322998
-1.8098984956741333
-4.989204406738281
-4.359775543212891
-4.449535369873047
-2.53828763961792
-3.9815268516540527
-9.558940887451172
7.431029319763184
3.451704263687134
-0.5791091918945312
3.881329298019409
12.383767127990723
-1.7318280935287476
-5.101943492889404
-4.296896934509277
-4.37030029296875
-2.428722858428955
-3.6770520210266113
-9.976046562194824
8.420544624328613
3.4971437454223633
-0.3687661290168762
3.7481002807617188
13.215147972106934
-1.6310887336730957
-5.184851169586182
-4.217899799346924
-4.214471817016602
-2.313704013824463
-3.4046690464019775
-10.423792839050293
9.42696475982666
3.5402231216430664
-0.10298055410385132
3.575770139694214
14.08580493927002
