2
3
6.993958950042725
2.301677703857422
-5.255345344543457
-4.338656902313232
-1.0977098941802979
-0.04015648365020752
9.913580894470215
-2.918344497680664
-3.011547565460205
-4.253844261169434
16.364702224731445
6.218881607055664
4.754719257354736
1.412879467010498
-7.001697063446045
-4.318679332733154
0.11660933494567871
-0.6788674592971802
10.89491081237793
-1.978888750076294
0.5011677742004395
-1.8660297393798828
17.611637115478516
7.259903907775879
2.5298330783843994
0.8403156995773315
-6.636301040649414
-3.342883586883545
1.916715145111084
-0.7621594667434692
11.386610984802246
-0.16601788997650146
4.198277473449707
0.6764967441558838
17.067760467529297
7.377767086029053
0.6557841300964355
0.19987589120864868
-4.4963297843933105
-1.7661285400390625
3.692744493484497
-0.5536900162696838
11.331329345703125
1.9524260759353638
7.616233825683594
3.062718152999878
15.077922821044922
6.926381587982178
-0.4558326005935669
0.03195437788963318
-1.263134479522705
0.47252368927001953
5.434028625488281
0.11986535787582397
10.948562622070312
3.960263252258301
9.92319393157959
4.630390167236328
12.264509201049805
5.568573951721191
-0.5589955449104309
0.4187833070755005
2.7656960487365723
2.8923239707946777
7.005455017089844
1.1494600772857666
9.354531288146973
4.860017776489258
10.999775886535645
4.861083507537842
10.788665771484375
4.850031852722168
0.3355178236961365
1.0624476671218872
6.77006721496582
4.8795166015625
7.577624797821045
1.5484421253204346
9.125768661499023
5.3650407791137695
11.244318008422852
4.431454658508301
10.013714790344238
4.5696120262146
1.8914127349853516
1.8695826530456543
10.426141738891602
6.566086769104004
7.826815128326416
2.0014078617095947
9.165515899658203
6.21082067489624
11.12782096862793
4.1212544441223145
9.525115013122559
4.840670585632324
4.06364631652832
3.052342176437378
13.487296104431152
8.177483558654785
7.6778154373168945
2.190431594848633
9.80549144744873
7.404688358306885
10.734724998474121
3.711246967315674
9.864675521850586
5.711337089538574
6.66591215133667
4.471085548400879
15.846997261047363
9.600122451782227
7.763943195343018
2.7336959838867188
11.260049819946289
9.038848876953125
10.340137481689453
3.44834303855896
10.939579010009766
7.215696334838867
