2
3
-7.671957969665527
-4.192522048950195
-0.4457278251647949
9.097652435302734
7.241315841674805
-8.738777160644531
5.6806840896606445
8.706981658935547
2.0805258750915527
8.064912796020508
-7.7437262535095215
1.682201623916626
-6.470118999481201
-3.792567253112793
0.9947800636291504
10.131232261657715
7.0751752853393555
-7.923792362213135
4.852694034576416
10.576355934143066
1.6328606605529785
7.064995765686035
-8.487321853637695
0.44058501720428467
-5.2826714515686035
-3.403524398803711
2.4665253162384033
11.162063598632812
6.951544284820557
-7.061460494995117
4.056487083435059
12.393953323364258
1.1927011013031006
6.105714797973633
-9.201358795166016
-0.7728277444839478
-4.109964847564697
-3.0453431606292725
3.9456145763397217
12.156471252441406
6.856540679931641
-6.202466011047363
3.3283796310424805
14.151375770568848
0.794018030166626
5.152166366577148
-9.792340278625488
-2.0531911849975586
-2.9719319343566895
-2.662691116333008
5.388883113861084
13.206637382507324
6.7489399909973145
-5.359678268432617
2.565424919128418
15.798816680908203
0.4771345853805542
4.28843879699707
-10.194733619689941
-3.2328615188598633
-1.9476486444473267
-2.1359407901763916
6.635409832000732
14.418924331665039
6.7507195472717285
-4.503467559814453
2.0546374320983887
17.512550354003906
0.20710819959640503
3.447930097579956
-10.467743873596191
-4.416183948516846
-0.9792243242263794
-1.4002478122711182
7.601438045501709
15.8046293258667
6.799502372741699
-3.595641851425171
1.6541671752929688
19.335662841796875
0.021094918251037598
2.6812100410461426
-10.553637504577637
-5.480104923248291
-0.0046100616455078125
-0.6289162635803223
8.546869277954102
17.25995635986328
6.85717248916626
-2.674018621444702
1.2601799964904785
21.230255126953125
-0.12125314772129059
1.9320124387741089
-10.580157279968262
-6.511369705200195
0.9589388370513916
0.16327178478240967
9.454609870910645
18.766841888427734
6.991911888122559
-1.6914031505584717
0.943927526473999
23.23817253112793
-0.4066423177719116
1.2635146379470825
-10.745505332946777
-7.351861476898193
1.9100573062896729
0.9722722172737122
10.327995300292969
20.32655143737793
7.1483683586120605
-0.6565395593643188
0.6131706237792969
25.30712127685547
-0.6538844704627991
0.6191052198410034
-10.859292030334473
-8.10895824432373
