2
3
-7.183621406555176
-3.5729141235351562
9.80518627166748
0.9083608388900757
-0.7294611930847168
-0.15791159868240356
2.205871820449829
-2.6871089935302734
-3.1219375133514404
7.064049243927002
10.173412322998047
3.381546974182129
-6.094274520874023
-3.035468101501465
11.086905479431152
1.982241153717041
-1.0022553205490112
-0.26290830969810486
1.7569866180419922
-2.3221912384033203
-2.771740436553955
6.51480770111084
10.872209548950195
2.5944509506225586
-4.985502243041992
-2.459131956100464
12.3688325881958
3.070359945297241
-1.1702862977981567
-0.2917494773864746
1.389207124710083
-1.9460017681121826
-2.35026216506958
5.9878926277160645
11.695704460144043
1.8418225049972534
-3.9107260704040527
-1.8322129249572754
13.585536003112793
4.211347579956055
-1.2713819742202759
-0.23740753531455994
1.0985019207000732
-1.5133644342422485
-1.8676837682724
5.481162071228027
12.630805969238281
1.1281009912490845
-2.7672879695892334
-1.2245413064956665
14.93200969696045
5.3206682205200195
-1.2897658348083496
-0.10181061923503876
0.904805600643158
-1.0051136016845703
-1.3063180446624756
5.008203983306885
13.688761711120605
0.4886412024497986
-1.6090072393417358
-0.602076530456543
16.27433204650879
6.435577392578125
-1.2412371635437012
0.06481669843196869
0.8058852553367615
-0.48580825328826904
-0.657121479511261
4.575695037841797
14.878509521484375
-0.06927651166915894
-0.44187915325164795
0.024946212768554688
17.606897354125977
7.540579795837402
-1.1104304790496826
0.24288134276866913
0.83930903673172
0.019668400287628174
0.08478713035583496
4.184974193572998
16.189455032348633
-0.5300947427749634
0.6928536891937256
0.6140695214271545
18.896100997924805
8.59689998626709
-0.8982416391372681
0.47969621419906616
1.0098053216934204
0.5345878005027771
0.899084210395813
3.8365085124969482
17.60735511779785
-0.8781262636184692
1.7716360092163086
1.1301279067993164
20.103656768798828
9.59173583984375
-0.6146144866943359
0.7174471616744995
1.294513463973999
0.9970318675041199
1.754184603691101
3.528555154800415
19.074373245239258
-1.1161118745803833
2.813774585723877
1.593230962753296
21.2766170501709
10.548528671264648
-0.2583024799823761
0.9465622305870056
1.6975595951080322
1.4065824747085571
2.7060203552246094
3.2525670528411865
20.648990631103516
-1.2884635925292969
