2
3
-4.794079780578613
-4.6490702629089355
-7.001795291900635
1.4155665636062622
-4.11100959777832
-3.233767032623291
-5.4422221183776855
1.2354116439819336
-8.809835433959961
-0.20731878280639648
2.8263373374938965
-13.449578285217285
-6.130016326904297
-2.7637317180633545
-8.173646926879883
2.1227052211761475
-5.078973770141602
-1.5373306274414062
-7.224699974060059
1.159894585609436
-7.5640363693237305
-2.6892824172973633
3.0445187091827393
-13.87605094909668
-7.254156112670898
-1.2264554500579834
-9.483562469482422
2.0991809368133545
-6.105908393859863
-0.1926870346069336
-8.484432220458984
0.28038376569747925
-6.328831672668457
-4.963980674743652
2.488403797149658
-13.213796615600586
-8.341629981994629
0.0817481279373169
-10.55164909362793
1.3166459798812866
-7.009902000427246
0.5720711946487427
-9.686412811279297
-1.0597641468048096
-5.173516273498535
-6.895715236663818
1.0381265878677368
-11.640145301818848
-9.37016773223877
0.915565013885498
-11.009635925292969
-0.39369380474090576
-7.792431831359863
0.8091362714767456
-10.462178230285645
-2.7392563819885254
-4.292893409729004
-8.086926460266113
-1.289833903312683
-10.217696189880371
-10.05906867980957
1.248076319694519
-10.8980131149292
-2.8368911743164062
-8.429741859436035
0.5563265085220337
-10.478801727294922
-4.975398063659668
-3.8867859840393066
-8.82964038848877
-4.279314041137695
-8.575872421264648
-10.714315414428711
0.5928756594657898
-10.941554069519043
-5.674851417541504
-9.072235107421875
-0.1274012327194214
-11.040610313415527
-7.3962178230285645
-4.1382155418396
-9.024781227111816
-7.776793003082275
-6.887301445007324
-11.40690803527832
-0.4481944441795349
-11.746819496154785
-8.465414047241211
-9.694794654846191
-1.08705735206604
-12.229642868041992
-9.673738479614258
-5.124585151672363
-8.388569831848145
-11.512136459350586
-5.1886420249938965
-11.88744068145752
-1.8722245693206787
-12.386033058166504
-11.238807678222656
-10.352497100830078
-2.4861373901367188
-13.288618087768555
-11.946922302246094
-6.605599880218506
-7.519396781921387
-15.561515808105469
-4.261475563049316
-12.346692085266113
-3.807997465133667
-12.908897399902344
-13.974889755249023
-11.017646789550781
-4.295366287231445
-14.15605640411377
-14.286409378051758
-8.527640342712402
-6.525278568267822
-19.902252197265625
-4.239035129547119
