2
3
4.786217212677002
5.566122531890869
2.270738124847412
-2.9321224689483643
9.288458824157715
5.762033462524414
1.0902025699615479
5.511478900909424
0.8135706782341003
-4.137818813323975
4.167712211608887
1.6670527458190918
4.852751731872559
4.090791702270508
2.6126129627227783
-4.076420783996582
8.51708698272705
6.204037666320801
-0.8614089488983154
3.4769020080566406
2.4972612857818604
-2.71510648727417
5.460181713104248
5.227280139923096
5.198376178741455
2.6677675247192383
3.1713790893554688
-3.6112592220306396
7.572505950927734
6.313175201416016
-2.367032051086426
1.6946046352386475
3.939772129058838
-0.727118730545044
6.384966850280762
7.720973968505859
5.698981761932373
1.659928798675537
3.3530170917510986
-2.2671360969543457
6.388589859008789
5.98081636428833
-2.8742077350616455
0.3485255241394043
5.4711737632751465
1.7749402523040771
6.440866947174072
8.952372550964355
6.19829797744751
1.0734953880310059
3.1948299407958984
0.15275907516479492
5.446903228759766
5.623590469360352
-2.4718167781829834
-0.23726826906204224
7.110405921936035
4.215392112731934
5.91973876953125
9.02003288269043
6.619245529174805
1.1680315732955933
2.8933751583099365
3.1414263248443604
4.882408618927002
4.796504497528076
-1.0343904495239258
0.07546597719192505
8.568788528442383
6.356043815612793
5.140755653381348
8.510037422180176
6.814896583557129
1.911597490310669
2.7597784996032715
5.627955436706543
4.798155784606934
4.01426887512207
0.8942782878875732
1.5553574562072754
9.715262413024902
7.971614360809326
4.113389015197754
7.7559380531311035
7.158364772796631
3.1892056465148926
3.0987205505371094
7.46035099029541
5.3865156173706055
3.725554943084717
2.8743278980255127
3.9863550662994385
10.321812629699707
8.855220794677734
3.1438820362091064
7.069952487945557
7.5492777824401855
4.739169120788574
3.259749412536621
8.987665176391602
6.150271892547607
3.970343828201294
4.316957473754883
6.392534255981445
10.431327819824219
9.225316047668457
2.5011167526245117
6.7904276847839355
7.9682159423828125
6.329411506652832
3.30502986907959
10.375603675842285
7.126870632171631
4.790729999542236
5.36853551864624
8.962381362915039
10.26003360748291
9.322439193725586
2.227656126022339
7.11475944519043
