2
3
-3.7419023513793945
-3.5053205490112305
-5.66351842880249
7.375207901000977
-5.309668064117432
-5.267962455749512
9.446964263916016
8.806236267089844
5.19270133972168
6.005842685699463
-1.7436928749084473
9.295496940612793
-3.3844332695007324
-3.0125370025634766
-5.784221172332764
8.587061882019043
-4.157118320465088
-4.376989841461182
10.6867036819458
10.302056312561035
4.45755672454834
5.655166149139404
-2.7115731239318848
9.081130981445312
-3.0069167613983154
-2.4448721408843994
-5.890781402587891
9.914355278015137
-3.07267689704895
-3.5165607929229736
11.839902877807617
11.744706153869629
3.8652122020721436
5.292740821838379
-3.624279737472534
8.98342514038086
-2.6432948112487793
-1.85663902759552
-6.005054950714111
11.2993745803833
-1.9607608318328857
-2.638418197631836
13.014887809753418
13.235026359558105
3.3281314373016357
5.052463531494141
-4.58798885345459
9.063021659851074
-2.3194847106933594
-1.2150719165802002
-6.158552169799805
12.757182121276855
-0.7865941524505615
-1.7155708074569702
14.295648574829102
14.854362487792969
2.8561325073242188
4.914237976074219
-5.543478488922119
9.362654685974121
-2.0639748573303223
-0.5014392137527466
-6.427701473236084
14.305553436279297
0.3862196207046509
-0.8033581972122192
15.603752136230469
16.543773651123047
2.4143409729003906
4.819126129150391
-6.553447246551514
9.77242660522461
-1.8232089281082153
0.3229433298110962
-6.737488746643066
15.979449272155762
1.5687631368637085
0.07749783992767334
16.921966552734375
18.310636520385742
2.0155320167541504
4.652538776397705
-7.479424953460693
10.19905948638916
-1.5991343259811401
1.205049753189087
-7.066632270812988
17.756799697875977
2.7597899436950684
0.932974100112915
18.283161163330078
20.17888641357422
1.6685360670089722
4.522503852844238
-8.367795944213867
10.743404388427734
-1.3314188718795776
2.0379066467285156
-7.2876505851745605
19.589134216308594
3.9350533485412598
1.7268283367156982
19.66483497619629
22.073930740356445
1.3685747385025024
4.462873458862305
-9.225370407104492
11.407392501831055
-0.9775800704956055
2.858093738555908
-7.385076999664307
21.497554779052734
5.1433820724487305
2.5338196754455566
21.08608627319336
24.080354690551758
1.1548701524734497
4.538000106811523
-9.94233226776123
12.333067893981934
