2
3
8.175552368164062
1.9197678565979004
-10.835511207580566
-8.54750919342041
8.660896301269531
2.5900497436523438
-4.704553604125977
-1.6398229598999023
-8.208702087402344
-6.274845123291016
-0.5759623050689697
-1.9899661540985107
7.15458345413208
1.2760146856307983
-12.412589073181152
-9.48682689666748
7.648846626281738
1.9142560958862305
-6.205086708068848
-2.535464286804199
-6.965781211853027
-5.963529586791992
1.0161631107330322
-1.1662298440933228
6.2039995193481445
0.6105358600616455
-13.817892074584961
-10.440773010253906
6.681835174560547
1.275903582572937
-7.573159217834473
-3.369859457015991
-5.6823506355285645
-5.48020601272583
2.6172385215759277
-0.2767515778541565
5.238834381103516
-0.11882281303405762
-15.157933235168457
-11.494942665100098
5.769561767578125
0.6847707629203796
-8.837265968322754
-4.156503677368164
-4.470033168792725
-4.974252700805664
4.135872840881348
0.5691202282905579
4.237763404846191
-0.8860860466957092
-16.541858673095703
-12.575096130371094
4.917509078979492
0.13981318473815918
-10.006535530090332
-4.9144110679626465
-3.361666440963745
-4.496747970581055
5.515915393829346
1.3322017192840576
3.215412139892578
-1.6765588521957397
-17.971813201904297
-13.666495323181152
4.104458808898926
-0.3547092378139496
-11.151036262512207
-5.62310791015625
-2.355030059814453
-4.040566444396973
6.74985933303833
2.0198285579681396
2.176037311553955
-2.489405870437622
-19.44853973388672
-14.770723342895508
3.269087314605713
-0.874597430229187
-12.357161521911621
-6.379631042480469
-1.4610553979873657
-3.6537892818450928
7.859628677368164
2.5938079357147217
1.1191264390945435
-3.326005458831787
-20.976900100708008
-15.90030574798584
2.40022611618042
-1.4360837936401367
-13.635849952697754
-7.206363677978516
-0.6080712080001831
-3.32670521736145
8.950736045837402
3.1152751445770264
0.04526925086975098
-4.189212322235107
-22.556276321411133
-17.06968116760254
1.4899297952651978
-2.0491127967834473
-14.990482330322266
-8.109106063842773
0.2004176378250122
-3.0482709407806396
9.994032859802246
3.6064534187316895
-1.0459728240966797
-5.084297180175781
-24.1838436126709
-18.288732528686523
0.5534770488739014
-2.7095932960510254
-16.39717674255371
-9.046330451965332
0.9051518440246582
-2.8830699920654297
10.919894218444824
4.010823726654053
