2
3
-1.7231169939041138
-7.464640140533447
-2.6602680683135986
6.966089725494385
8.072820663452148
-2.636767625808716
-9.855823516845703
-6.8985514640808105
-0.8585631847381592
-5.19868278503418
5.596394062042236
-8.857278823852539
-1.0489039421081543
-6.827838897705078
-2.1214842796325684
8.18306827545166
6.991551399230957
-3.3438639640808105
-11.323810577392578
-7.869580268859863
-0.20438700914382935
-5.60451078414917
6.610002517700195
-9.352638244628906
-0.49900513887405396
-6.227019309997559
-1.7457613945007324
9.392682075500488
5.893385887145996
-4.078805923461914
-12.763345718383789
-8.88742446899414
0.39170384407043457
-6.114391803741455
7.5266947746276855
-9.908576965332031
-0.006726711988449097
-5.653397560119629
-1.4224148988723755
10.621929168701172
4.796684741973877
-4.834639072418213
-14.213464736938477
-9.913039207458496
0.9378917217254639
-6.629438400268555
8.363739013671875
-10.452351570129395
0.36026909947395325
-5.227060317993164
-1.2766863107681274
11.721334457397461
3.718635082244873
-5.613104820251465
-15.628150939941406
-10.87794303894043
1.4701368808746338
-7.1949262619018555
9.231837272644043
-11.042129516601562
0.594579815864563
-4.830366611480713
-1.2794663906097412
12.818073272705078
2.6907925605773926
-6.395763874053955
-16.982847213745117
-11.743983268737793
2.0862748622894287
-7.800860404968262
10.174439430236816
-11.678483009338379
0.7999384999275208
-4.465692520141602
-1.3486719131469727
13.923245429992676
1.716640591621399
-7.192143440246582
-18.251476287841797
-12.508684158325195
2.7148444652557373
-8.387845039367676
11.068264961242676
-12.224199295043945
0.9910277724266052
-4.089010238647461
-1.4923570156097412
15.061260223388672
0.8086252808570862
-7.988796710968018
-19.42917251586914
-13.170302391052246
3.378910541534424
-8.979964256286621
11.980497360229492
-12.715435981750488
1.1836239099502563
-3.7502777576446533
-1.6276063919067383
16.207931518554688
-0.036356568336486816
-8.784276962280273
-20.521648406982422
-13.735297203063965
4.062987327575684
-9.571346282958984
12.909339904785156
-13.135680198669434
1.373162031173706
-3.4524738788604736
-1.7512397766113281
17.362232208251953
-0.8186012506484985
-9.57470703125
-21.53751564025879
-14.211895942687988
4.7573347091674805
-10.193157196044922
13.861135482788086
-13.538748741149902
