2
3
6.8708953857421875
1.6182308197021484
-10.483898162841797
18.107057571411133
1.206404685974121
8.957542419433594
5.444056510925293
-2.185001850128174
1.863877534866333
0.02507174015045166
-3.1192362308502197
-5.91197395324707
4.895667552947998
6.518200874328613
-13.329264640808105
18.937110900878906
3.4583892822265625
7.525242328643799
5.368283271789551
-3.0929489135742188
2.2682299613952637
-1.4145641326904297
-2.4569239616394043
-2.914691925048828
2.6467719078063965
10.506272315979004
-15.0211763381958
18.367551803588867
5.498112678527832
6.034966468811035
3.81135892868042
-1.7498588562011719
2.833141326904297
-1.3739230632781982
-2.660663604736328
2.093143939971924
0.8293360471725464
13.272537231445312
-15.582350730895996
16.975719451904297
7.008859634399414
4.715238571166992
0.5534787178039551
1.1017389297485352
3.3112363815307617
-0.35251474380493164
-3.7243542671203613
6.998972415924072
-0.5699495077133179
15.288947105407715
-15.336833000183105
14.589973449707031
7.632012367248535
3.9971938133239746
-3.531613826751709
4.596220970153809
3.6121490001678467
1.3956561088562012
-5.404264450073242
11.454818725585938
-1.5559115409851074
16.245759963989258
-14.572507858276367
12.385091781616211
7.354706764221191
3.9933013916015625
-7.893855094909668
9.103347778320312
3.7979328632354736
3.9554696083068848
-7.580692768096924
15.074773788452148
-2.7492973804473877
16.217199325561523
-14.407662391662598
11.697184562683105
6.121099472045898
4.855609893798828
-11.756735801696777
13.822894096374512
3.584777355194092
6.545267581939697
-10.121419906616211
18.138668060302734
-3.645164966583252
15.646069526672363
-14.498010635375977
12.088005065917969
4.4739460945129395
6.967458724975586
-16.34368896484375
19.019479751586914
3.0225372314453125
9.603178024291992
-13.760971069335938
21.657981872558594
-4.337101936340332
15.34412956237793
-15.725749969482422
13.974788665771484
2.5659782886505127
10.22007942199707
-21.562519073486328
24.236881256103516
2.30971622467041
13.090158462524414
-18.479610443115234
25.317829132080078
-5.003552436828613
15.239078521728516
-17.961721420288086
17.66864013671875
0.7161970138549805
14.02796459197998
-27.18737030029297
29.191518783569336
1.1206316947937012
17.102840423583984
-24.262548446655273
29.165891647338867
