2
3
5.607680320739746
3.230038642883301
-0.6698356866836548
5.814219951629639
-2.691805362701416
-0.22292184829711914
-8.308633804321289
9.914850234985352
8.764164924621582
1.843318223953247
6.24561071395874
-0.5942851305007935
5.316288471221924
3.0704243183135986
-1.0863893032073975
6.125636577606201
-2.012085437774658
0.3489971160888672
-7.899686813354492
11.30119514465332
8.429960250854492
1.6910258531570435
5.590906620025635
-0.594896674156189
5.092874050140381
2.9604899883270264
-1.4056715965270996
6.507012367248535
-1.4561519622802734
0.9229804277420044
-7.715824127197266
12.747627258300781
8.111631393432617
1.5875035524368286
4.974252223968506
-0.5268293619155884
4.920443058013916
2.9027481079101562
-1.6636161804199219
6.955563545227051
-0.9184092879295349
1.4988547563552856
-7.546459674835205
14.257882118225098
7.808130741119385
1.5298490524291992
4.388179779052734
-0.38796189427375793
4.796273708343506
2.9325926303863525
-1.881231427192688
7.5073652267456055
-0.40091508626937866
2.095043659210205
-7.392645835876465
15.82303524017334
7.52376651763916
1.5184438228607178
3.834944725036621
-0.17838448286056519
4.725614070892334
3.0266239643096924
-2.0634100437164307
8.133530616760254
0.08472999930381775
2.741123914718628
-7.26752233505249
17.42664909362793
7.261226177215576
1.5440291166305542
3.3254776000976562
0.10020071268081665
4.735008239746094
3.214203357696533
-2.2401132583618164
8.843860626220703
0.55225670337677
3.3792688846588135
-7.152629375457764
19.089380264282227
7.030501365661621
1.6106412410736084
2.8617188930511475
0.45471805334091187
4.750406265258789
3.4811573028564453
-2.4676382541656494
9.64490795135498
1.0200221538543701
3.946802854537964
-7.054844379425049
20.76373291015625
6.844091892242432
1.727333903312683
2.434041738510132
0.8800837993621826
4.792517185211182
3.773409605026245
-2.691307544708252
10.527212142944336
1.4758069515228271
4.419692039489746
-6.987958908081055
22.399826049804688
6.71953010559082
1.881270408630371
1.995426893234253
1.3296966552734375
4.845482349395752
4.084288597106934
-2.926910638809204
11.481433868408203
1.8466688394546509
4.965171813964844
-7.100927352905273
24.071443557739258
6.604079246520996
2.0897860527038574
1.554581642150879
1.8496623039245605
