2
3
6.5314202308654785
-1.9571659564971924
-1.2447855472564697
-3.985886573791504
12.749170303344727
1.615123987197876
6.135830402374268
7.44640588760376
5.499189376831055
1.4009289741516113
-4.420436382293701
-6.359016418457031
6.848399639129639
-2.326932191848755
-0.3661506175994873
-2.2230734825134277
13.850793838500977
3.449226140975952
3.8177483081817627
5.880037307739258
5.177061557769775
-0.1375901699066162
-2.196897268295288
-5.4639573097229
7.4285383224487305
-2.0051112174987793
0.7899183034896851
-0.0607907772064209
14.277836799621582
4.677926063537598
1.164050817489624
3.5141305923461914
5.6047163009643555
-1.1103426218032837
0.4624931812286377
-3.478577136993408
8.154998779296875
-1.1475218534469604
1.6837410926818848
1.723517894744873
13.650471687316895
4.8797101974487305
-1.282787561416626
1.2665715217590332
6.634964942932129
-1.2448087930679321
2.2347607612609863
-1.2718515396118164
8.77885627746582
-0.31831347942352295
2.273758888244629
2.7833189964294434
12.389738082885742
4.235317707061768
-3.012808322906494
-0.5090365409851074
7.96331787109375
-0.92743319272995
3.2871012687683105
0.9841642379760742
9.397648811340332
0.5391789674758911
2.471445083618164
3.3530406951904297
11.330820083618164
3.747058629989624
-4.224266052246094
-1.449495792388916
9.113181114196777
-0.418094277381897
3.8609681129455566
2.8422443866729736
10.090754508972168
1.414354681968689
2.37192964553833
3.8581299781799316
10.33031177520752
3.1421477794647217
-4.743651390075684
-1.7120758295059204
10.347674369812012
0.5992141962051392
3.7769417762756348
4.1980390548706055
10.827653884887695
2.3329014778137207
1.7586019039154053
4.213597297668457
9.235665321350098
2.237135410308838
-4.221281051635742
-1.2799289226531982
11.530919075012207
1.8967715501785278
2.8605802059173584
4.805288314819336
11.420147895812988
3.2567784786224365
0.9312433004379272
4.445025444030762
8.424633026123047
1.5011606216430664
-2.9212450981140137
-0.16615331172943115
12.345973014831543
3.109389543533325
1.4130007028579712
4.899639129638672
11.689637184143066
3.982189178466797
0.1103062629699707
4.528175354003906
8.119768142700195
1.1576013565063477
-1.5019690990447998
1.5434893369674683
12.620915412902832
4.013950824737549
0.10909068584442139
4.896888256072998
