2
3
-0.4336220622062683
3.3517096042633057
-7.669322967529297
-5.682280540466309
2.800402879714966
-2.7902908325195312
6.38937520980835
5.5314764976501465
-3.9655041694641113
-2.9090404510498047
7.133218288421631
-4.298198699951172
-0.8423007726669312
2.59922456741333
-8.008292198181152
-6.877298831939697
2.845674991607666
-2.4937872886657715
6.139250755310059
6.428519248962402
-3.174595355987549
-2.95459246635437
8.156634330749512
-4.065186023712158
-1.2950080633163452
1.8478583097457886
-8.36674690246582
-8.01427173614502
2.918513298034668
-2.1741995811462402
5.914488792419434
7.296559810638428
-2.3638782501220703
-3.0320141315460205
9.258108139038086
-3.897202730178833
-1.6580322980880737
1.0853066444396973
-8.606905937194824
-9.147906303405762
3.0119125843048096
-1.8378922939300537
5.650771141052246
8.120119094848633
-1.5314936637878418
-3.085686206817627
10.388138771057129
-3.7104880809783936
-1.9773863554000854
0.3141821622848511
-8.790311813354492
-10.287375450134277
3.1336331367492676
-1.499608039855957
5.405459403991699
8.918822288513184
-0.6931034922599792
-3.1347110271453857
11.521183967590332
-3.5124099254608154
-2.2678802013397217
-0.46676212549209595
-8.940752983093262
-11.44315242767334
3.351797580718994
-1.1588990688323975
5.403071880340576
9.822737693786621
0.15938812494277954
-3.1915009021759033
12.668252944946289
-3.3325839042663574
-2.5232503414154053
-1.255859613418579
-9.046125411987305
-12.604643821716309
3.586242437362671
-0.8090640902519226
5.493279933929443
10.822657585144043
1.0228822231292725
-3.289590358734131
13.823633193969727
-3.158768892288208
-2.7353343963623047
-2.063934803009033
-9.069217681884766
-13.760564804077148
3.821251630783081
-0.4708211421966553
5.592226028442383
11.836312294006348
1.8468427658081055
-3.4018869400024414
14.909747123718262
-2.9796814918518066
-2.889878988265991
-2.891665458679199
-8.9952392578125
-14.907327651977539
4.033033847808838
-0.12572818994522095
5.658679962158203
12.862558364868164
2.614225387573242
-3.5182409286499023
15.913352012634277
-2.8091094493865967
-2.9235708713531494
-3.673722267150879
-8.852020263671875
-15.980758666992188
4.2144598960876465
0.20631563663482666
5.687070369720459
13.871360778808594
3.362776756286621
-3.6652584075927734
16.903297424316406
-2.6848204135894775
