2
3
1.5017588138580322
-0.5756235122680664
6.613162994384766
11.039138793945312
-6.435754299163818
-4.80728006362915
2.9840264320373535
3.228057861328125
1.7464590072631836
1.8602811098098755
-11.680412292480469
-7.407832145690918
2.958646774291992
2.0356392860412598
4.157984733581543
9.495763778686523
-4.447362422943115
-3.426426887512207
4.88437032699585
5.841350555419922
-0.09522247314453125
-0.0008362531661987305
-12.312185287475586
-6.6494245529174805
3.710659980773926
3.8162126541137695
1.8598077297210693
8.307562828063965
-2.3874425888061523
-1.6120975017547607
5.459995746612549
6.977017402648926
-2.0813164710998535
-1.4509767293930054
-11.739375114440918
-4.95570707321167
4.110685348510742
5.136079788208008
-0.8545942306518555
6.920784950256348
-0.24345111846923828
0.3517218828201294
4.400788307189941
6.8509297370910645
-3.903698205947876
-2.6179566383361816
-10.414191246032715
-2.610290765762329
3.717182159423828
5.521115779876709
-3.3840343952178955
5.340837001800537
1.4991503953933716
1.9395469427108765
2.054922580718994
5.822848320007324
-5.209578037261963
-3.158184766769409
-8.5278959274292
0.49019932746887207
2.713627815246582
5.198374271392822
-5.515604019165039
3.927945375442505
2.222440242767334
2.580528736114502
-0.729362964630127
4.391218185424805
-5.7127156257629395
-2.573295831680298
-6.641138076782227
3.9591548442840576
1.3745146989822388
4.299433708190918
-6.853903770446777
2.8921313285827637
1.972259283065796
2.393156051635742
-3.7004425525665283
3.783245086669922
-6.143215179443359
-1.995043396949768
-5.143275260925293
6.647315979003906
0.04457962512969971
3.6732804775238037
-8.75429916381836
2.6141552925109863
1.0982472896575928
2.08978533744812
-6.506294250488281
4.109683990478516
-6.006714344024658
-0.6209501028060913
-4.4143242835998535
9.179933547973633
-1.2301915884017944
2.9234423637390137
-10.562254905700684
3.042043447494507
-0.149804949760437
1.8231559991836548
-9.209837913513184
5.005500793457031
-5.565940856933594
1.2193694114685059
-4.2859015464782715
11.151886940002441
-2.662449836730957
2.2700047492980957
-12.162001609802246
4.38262939453125
-1.668805718421936
1.9425169229507446
-11.824031829833984
6.72883415222168
-5.019755840301514
3.2638583183288574
-4.8228654861450195
12.40725040435791
