2
3
-0.5791750550270081
4.996061325073242
-4.536612510681152
-5.958751678466797
-3.246795177459717
-2.9658429622650146
9.136929512023926
9.539793968200684
-3.79376220703125
-1.82950758934021
4.390593528747559
-8.83570671081543
-1.1394351720809937
4.14468240737915
-5.043723106384277
-7.438271522521973
-2.4515604972839355
-2.120750904083252
9.851248741149902
10.897783279418945
-3.339585304260254
-2.1148436069488525
4.933281421661377
-8.86853313446045
-1.7125828266143799
3.3167471885681152
-5.525974750518799
-8.874641418457031
-1.7006123065948486
-1.389491081237793
10.528144836425781
12.154281616210938
-2.8971033096313477
-2.442671298980713
5.474114894866943
-8.948410034179688
-2.25242280960083
2.4593112468719482
-5.952718257904053
-10.349267959594727
-0.9045211672782898
-0.769303560256958
11.295387268066406
13.462617874145508
-2.4717798233032227
-2.807626962661743
6.043480396270752
-9.057058334350586
-2.7426321506500244
1.576684832572937
-6.301024913787842
-11.849067687988281
-0.14827734231948853
-0.2787559926509857
12.095038414001465
14.719474792480469
-2.0476298332214355
-3.188056230545044
6.598587989807129
-9.212034225463867
-3.0842931270599365
0.6934688091278076
-6.483174800872803
-13.297981262207031
0.6316755414009094
0.11721423268318176
12.950552940368652
15.955312728881836
-1.6120729446411133
-3.5798916816711426
7.149634838104248
-9.390563011169434
-3.3206663131713867
-0.17497485876083374
-6.526941776275635
-14.710004806518555
1.4176931381225586
0.47845038771629333
13.836089134216309
17.197084426879883
-1.1536173820495605
-3.958625316619873
7.732742786407471
-9.547386169433594
-3.4791183471679688
-1.0321791172027588
-6.486345291137695
-16.117868423461914
2.2001633644104004
0.8291370868682861
14.743985176086426
18.469083786010742
-0.6867456436157227
-4.32082986831665
8.313284873962402
-9.63907241821289
-3.559525728225708
-1.892366647720337
-6.365920543670654
-17.510915756225586
2.989896297454834
1.1716183423995972
15.680192947387695
19.780902862548828
-0.20702040195465088
-4.707707405090332
8.905659675598145
-9.727640151977539
-3.5331943035125732
-2.7589731216430664
-6.145944118499756
-18.84469985961914
3.799560546875
1.495682716369629
16.64696502685547
21.10186767578125
0.2857265770435333
-5.107441425323486
9.533974647521973
-9.815328598022461
