2
3
8.872937202453613
-5.5728960037231445
-6.243247032165527
3.0411887168884277
0.12297776341438293
-7.778408050537109
-7.917304039001465
4.599541664123535
-5.345331192016602
-2.4424190521240234
6.211834907531738
-5.76046895980835
7.897088527679443
-5.613019943237305
-8.046299934387207
3.3909716606140137
0.436308890581131
-7.4215216636657715
-7.835151195526123
5.5868072509765625
-4.27952766418457
-2.891063690185547
8.05309772491455
-6.569454193115234
6.967533111572266
-5.643515586853027
-9.717267990112305
3.6957292556762695
0.7068841457366943
-7.055237770080566
-7.841975688934326
6.5936102867126465
-3.2752156257629395
-3.3564703464508057
9.779587745666504
-7.4104323387146
6.113909721374512
-5.631412506103516
-11.220338821411133
4.0420613288879395
0.9117466807365417
-6.670010089874268
-7.950944423675537
7.6573638916015625
-2.336050510406494
-3.9197468757629395
11.419103622436523
-8.330755233764648
5.273571968078613
-5.594233512878418
-12.77557373046875
4.4742207527160645
0.9993476271629333
-6.262332916259766
-8.275336265563965
8.796480178833008
-1.3719675540924072
-4.569429397583008
13.172613143920898
-9.363046646118164
4.4272003173828125
-5.556275367736816
-14.40361499786377
4.946935653686523
1.0488020181655884
-5.850741386413574
-8.677287101745605
9.99927806854248
-0.31505465507507324
-5.266284942626953
15.036713600158691
-10.419425964355469
3.584761619567871
-5.5161027908325195
-16.08439064025879
5.4657111167907715
1.0533455610275269
-5.458281517028809
-9.165307998657227
11.245551109313965
0.8164384365081787
-5.992798328399658
16.987886428833008
-11.457710266113281
2.7753353118896484
-5.49202299118042
-17.778682708740234
6.022178649902344
0.9596155881881714
-5.131295204162598
-9.79440689086914
12.455867767333984
2.003060817718506
-6.736706256866455
18.97157859802246
-12.428229331970215
2.0492982864379883
-5.542637348175049
-19.431211471557617
6.563295841217041
0.8436864614486694
-4.848636150360107
-10.499021530151367
13.674707412719727
3.1794371604919434
-7.446003437042236
20.808942794799805
-13.181745529174805
1.4933459758758545
-5.6580586433410645
-20.88218116760254
7.130395412445068
0.7484155893325806
-4.629305839538574
-11.176131248474121
14.904175758361816
4.387458801269531
-8.164775848388672
22.618812561035156
-13.825980186462402
