2
3
-1.1394281387329102
3.3670873641967773
-3.044243335723877
-4.639488220214844
3.634427547454834
6.971064567565918
3.632512092590332
2.992192029953003
0.6989966630935669
6.99345588684082
-3.3308193683624268
-2.014920711517334
-1.2792186737060547
2.7773656845092773
-1.7498137950897217
-2.9379830360412598
4.3736653327941895
7.841640949249268
1.2099146842956543
0.9912326335906982
0.3639054596424103
6.481742858886719
-2.200287103652954
-2.184878349304199
-0.9296736121177673
2.9731249809265137
-1.116263508796692
-1.5021411180496216
4.1601057052612305
7.7331695556640625
-0.9292879104614258
-1.223052740097046
0.3906746208667755
6.070873737335205
-1.2672251462936401
-2.141587734222412
-0.45374053716659546
3.369084358215332
-0.269398033618927
-0.2818506956100464
3.5819144248962402
7.302065849304199
-2.6925055980682373
-2.717646598815918
0.45649170875549316
5.531435966491699
-0.5792871117591858
-2.417465925216675
0.06791305541992188
4.025104522705078
0.23372238874435425
0.47274160385131836
2.846832275390625
6.648850440979004
-3.925509452819824
-3.660543441772461
0.645736813545227
5.144713401794434
-0.23488718271255493
-2.40730619430542
0.5693754553794861
4.787941932678223
0.46979987621307373
0.6420709490776062
2.0223612785339355
5.922675132751465
-4.8150787353515625
-4.266831398010254
0.7636623382568359
4.666567325592041
-0.22324100136756897
-2.320431709289551
1.1096911430358887
5.537938117980957
0.2666641175746918
0.06023871898651123
1.1114786863327026
5.131674766540527
-5.197601795196533
-4.457418918609619
1.020855188369751
4.547685146331787
-0.5411199331283569
-1.9514189958572388
1.6330634355545044
6.017274856567383
-0.614188551902771
-1.1163662672042847
0.19401836395263672
4.297852516174316
-5.048791408538818
-4.302450180053711
1.263262152671814
4.645114898681641
-1.1005386114120483
-1.7614885568618774
1.9599878787994385
6.167943477630615
-2.155824661254883
-2.546525478363037
-0.5600166320800781
3.5918755531311035
-4.436577796936035
-3.9195897579193115
1.4776543378829956
4.898359775543213
-2.0535712242126465
-2.070451498031616
1.7740364074707031
5.7498273849487305
-3.421272039413452
-3.6964728832244873
-1.0466021299362183
3.2028000354766846
-4.35348653793335
-3.8580994606018066
1.449813723564148
4.963963508605957
-3.1197381019592285
-2.700076103210449
