2
3
3.7799859046936035
0.2939509153366089
8.659026145935059
-10.190825462341309
-8.092044830322266
-7.642049312591553
0.11729276180267334
-7.421125888824463
1.2526301145553589
-6.6349687576293945
-2.7001538276672363
-2.321739673614502
3.6546194553375244
-0.7406749725341797
8.818894386291504
-11.804388046264648
-7.195518970489502
-7.5996012687683105
1.2633734941482544
-7.18014669418335
1.018210768699646
-6.433189392089844
-3.2478785514831543
-1.7015671730041504
3.5324885845184326
-1.7675381898880005
8.987592697143555
-13.398372650146484
-6.3311567306518555
-7.577199459075928
2.378113031387329
-7.017918109893799
0.8131219148635864
-6.300224304199219
-3.739501953125
-1.2203891277313232
3.5292391777038574
-2.915825366973877
9.251667022705078
-15.134178161621094
-5.495644569396973
-7.580214023590088
3.4629721641540527
-6.929324150085449
0.6258267164230347
-6.230935573577881
-4.203648567199707
-0.8885985612869263
3.557927131652832
-4.069308757781982
9.53040885925293
-16.838321685791016
-4.685940742492676
-7.634418487548828
4.516968727111816
-6.953972339630127
0.458651065826416
-6.214800834655762
-4.648502826690674
-0.7057003974914551
3.595334529876709
-5.201957702636719
9.76696491241455
-18.45551872253418
-3.9096944332122803
-7.762741565704346
5.566267013549805
-7.106147289276123
0.2975054085254669
-6.2669596672058105
-5.043718338012695
-0.6269990801811218
3.6572840213775635
-6.31294584274292
10.010332107543945
-19.9897518157959
-3.1498990058898926
-8.048015594482422
6.64254903793335
-7.414494037628174
0.14334765076637268
-6.356060981750488
-5.411718368530273
-0.5928534269332886
3.76668381690979
-7.418191432952881
10.300009727478027
-21.451812744140625
-2.4016995429992676
-8.388689994812012
7.717270851135254
-7.788820266723633
0.02584465593099594
-6.463831424713135
-5.697424411773682
-0.5744513273239136
3.9325270652770996
-8.501893997192383
10.643636703491211
-22.809677124023438
-1.673596739768982
-8.795866012573242
8.82109546661377
-8.242691040039062
-0.11138225346803665
-6.599830150604248
-5.961571216583252
-0.6005064249038696
4.153807163238525
-9.580163955688477
11.027649879455566
-24.130828857421875
-0.9373967051506042
-9.270038604736328
10.009703636169434
-8.777152061462402
-0.2777247130870819
-6.773622035980225
-6.219979286193848
-0.6847876906394958
