2
3
-0.42257803678512573
8.143997192382812
0.6412500143051147
-6.5866217613220215
-1.602419376373291
-2.1326966285705566
-7.814929485321045
0.7073714137077332
-0.2000754177570343
8.171075820922852
-0.4611435830593109
-4.983945369720459
-0.5696532726287842
7.345530033111572
0.5945023894309998
-7.895745277404785
-1.6279124021530151
-1.5346055030822754
-8.179250717163086
1.996340036392212
-0.40618494153022766
7.357135772705078
-0.6220605969429016
-6.256784439086914
-0.7078452706336975
6.584339141845703
0.5800809264183044
-9.130207061767578
-1.7029156684875488
-0.9657758474349976
-8.606819152832031
3.1868481636047363
-0.6040613055229187
6.6103034019470215
-0.7546104192733765
-7.438382148742676
-0.8121351003646851
5.80534029006958
0.6190725564956665
-10.378332138061523
-1.87807035446167
-0.387035608291626
-9.352770805358887
4.178298473358154
-0.7920529246330261
5.9151611328125
-0.8549238443374634
-8.546731948852539
-0.9143402576446533
4.956419944763184
0.6553533673286438
-11.70843505859375
-2.0915229320526123
0.15200179815292358
-10.176065444946289
5.159621238708496
-0.9819740056991577
5.169332981109619
-0.9531892538070679
-9.734793663024902
-1.0222172737121582
4.041765213012695
0.6738048195838928
-13.100284576416016
-2.3210041522979736
0.6363322734832764
-11.029257774353027
6.165594577789307
-1.1801552772521973
4.355777740478516
-1.0602569580078125
-11.015142440795898
-1.1334103345870972
3.068995952606201
0.6666120886802673
-14.539337158203125
-2.5616953372955322
1.072593331336975
-11.909773826599121
7.198988914489746
-1.3828208446502686
3.474670648574829
-1.1842117309570312
-12.38205623626709
-1.2460124492645264
2.049136161804199
0.6149924397468567
-16.00705909729004
-2.827035665512085
1.4583313465118408
-12.840463638305664
8.251079559326172
-1.5874834060668945
2.5338869094848633
-1.342148780822754
-13.822722434997559
-1.3664628267288208
0.9904109239578247
0.5089571475982666
-17.469707489013672
-3.1640701293945312
1.782896876335144
-13.93114948272705
9.306783676147461
-1.7924940586090088
1.5507429838180542
-1.5523381233215332
-15.315977096557617
-1.4926502704620361
-0.07742440700531006
0.28532418608665466
-18.87052345275879
-3.500063419342041
1.9599580764770508
-15.000728607177734
10.333545684814453
-2.0013515949249268
0.5525556802749634
-1.8370252847671509
-16.726774215698242
