2
3
-8.313995361328125
-3.548734664916992
5.690995216369629
-1.3675154447555542
5.047632217407227
-5.910938739776611
-10.154211044311523
5.2892537117004395
1.3992598056793213
8.097264289855957
8.572627067565918
-10.000232696533203
-5.567070007324219
-2.682873249053955
8.932270050048828
0.01978933811187744
2.1728482246398926
-2.747828960418701
-12.86138916015625
7.504450798034668
2.470900297164917
5.421005725860596
6.852364540100098
-13.397012710571289
-2.400970935821533
-1.6482775211334229
10.299227714538574
1.146647334098816
-0.5775237083435059
0.5346341133117676
-13.760967254638672
8.602496147155762
3.7398738861083984
2.9157052040100098
5.159092903137207
-14.325669288635254
0.7487778663635254
-0.1885054111480713
9.57334041595459
2.0467610359191895
-3.0819766521453857
3.38616943359375
-12.612274169921875
8.290533065795898
4.52008056640625
0.5115723609924316
3.349736213684082
-13.863587379455566
3.3372509479522705
1.4115276336669922
7.373661041259766
2.609837770462036
-4.755340576171875
5.849540710449219
-9.563811302185059
6.953310966491699
4.949660301208496
-1.568042278289795
1.4400825500488281
-11.967565536499023
5.255657196044922
3.154233932495117
4.721512317657471
2.0997655391693115
-5.414718151092529
7.699731826782227
-6.467801094055176
4.747831344604492
5.085178852081299
-3.0636098384857178
-0.43662548065185547
-8.832263946533203
6.218806266784668
4.168524265289307
1.4478473663330078
0.7049757242202759
-5.1783766746521
8.460179328918457
-3.0164499282836914
2.0007879734039307
4.805582046508789
-3.7636783123016357
-2.0474624633789062
-4.786316871643066
5.91697883605957
4.311701774597168
-1.541259527206421
-0.4769395589828491
-4.672741889953613
8.251456260681152
-0.2676253318786621
-0.36582255363464355
4.1945295333862305
-3.1551718711853027
-4.245780944824219
-0.3644065856933594
4.570563793182373
3.8587493896484375
-4.025179862976074
-0.6443132162094116
-3.6602635383605957
7.5266804695129395
2.0627222061157227
-2.590944290161133
2.5906271934509277
-1.5902248620986938
-6.163978099822998
3.3380849361419678
3.2417283058166504
3.715742826461792
-5.867361545562744
-0.2762433886528015
-2.1073546409606934
6.7368927001953125
3.3226852416992188
-4.4986572265625
0.9318819046020508
0.295376181602478
-7.450891017913818
6.242120265960693
