2
3
-3.465146064758301
-4.6226348876953125
-0.5546481609344482
10.238917350769043
7.747984409332275
-1.800309181213379
1.9662067890167236
7.487179279327393
8.008346557617188
-3.7160744667053223
-0.6866923570632935
-7.000159740447998
-2.433159351348877
-2.0433144569396973
2.113562822341919
10.982053756713867
7.412563800811768
-0.8481342792510986
-0.23113322257995605
7.161931991577148
7.560838222503662
-5.515855312347412
-2.5001220703125
-5.182092666625977
-0.8091232776641846
0.31055450439453125
4.155486106872559
10.679323196411133
7.062328338623047
-0.08839726448059082
-2.1197094917297363
6.903919219970703
6.795527458190918
-6.81672477722168
-4.472844123840332
-1.9973182678222656
1.2511601448059082
2.3903307914733887
5.519009590148926
9.732958793640137
6.699565887451172
0.6118555665016174
-3.8069236278533936
6.688942909240723
5.440354824066162
-7.118358612060547
-5.923836708068848
2.587397575378418
3.6000258922576904
3.9676737785339355
5.795146465301514
8.766244888305664
5.956787109375
0.8576462864875793
-5.033692359924316
6.760408401489258
4.002505779266357
-6.221838474273682
-6.453947067260742
7.483386993408203
5.822016716003418
4.838534355163574
4.866560935974121
8.074153900146484
4.908659934997559
0.7362468242645264
-5.0070366859436035
7.740656852722168
2.7199056148529053
-4.336216926574707
-6.028044700622559
11.699005126953125
7.48861026763916
5.091771602630615
3.1226539611816406
8.0413236618042
3.9823689460754395
1.0052937269210815
-4.271458148956299
9.605302810668945
1.7752503156661987
-2.1113390922546387
-5.9490647315979
15.290302276611328
8.171205520629883
4.753346920013428
0.861377477645874
8.89248275756836
3.4364676475524902
1.7716269493103027
-4.387457370758057
12.014297485351562
1.2125903367996216
1.0137219429016113
-6.133810997009277
18.72627067565918
8.197800636291504
4.666908264160156
-1.5420920848846436
11.221843719482422
3.0912697315216064
3.2037220001220703
-4.861433506011963
15.205337524414062
1.0351659059524536
4.588456153869629
-6.452079772949219
21.542444229125977
7.776432514190674
5.01671838760376
-4.2417497634887695
15.036125183105469
2.8737893104553223
5.17894172668457
-5.83890962600708
19.314228057861328
1.1841347217559814
8.082941055297852
-7.054686546325684
23.8731689453125
