2
3
-6.6290411949157715
-7.058644771575928
-1.6008954048156738
-2.8434832096099854
4.19584846496582
-6.098964214324951
0.21879267692565918
-5.981497287750244
4.630557537078857
-3.843266487121582
-1.6693665981292725
1.7169890403747559
-5.642308712005615
-6.879118919372559
0.8902976512908936
-2.5156314373016357
3.5319104194641113
-7.299160957336426
-1.8061432838439941
-5.2598748207092285
3.6909914016723633
-3.1663036346435547
-4.665511131286621
-0.2093639373779297
-4.090721607208252
-6.788278579711914
2.7565414905548096
-2.2472751140594482
2.7688980102539062
-8.09838581085205
-3.5045459270477295
-4.288913726806641
2.352278709411621
-3.076277017593384
-6.711135387420654
-2.0205025672912598
-2.180412769317627
-6.521702766418457
3.58341121673584
-2.027508020401001
1.6680679321289062
-8.379074096679688
-5.037883281707764
-3.064202308654785
1.0235650539398193
-3.414196252822876
-7.434807300567627
-3.5482006072998047
-0.34999191761016846
-6.274749755859375
3.3188016414642334
-2.0251076221466064
0.48228907585144043
-8.1904296875
-5.6963419914245605
-1.8139417171478271
-0.18325066566467285
-4.079863548278809
-7.686436176300049
-4.63861608505249
1.2363659143447876
-5.9690937995910645
1.6957218647003174
-2.134415864944458
-0.6678669452667236
-7.808359146118164
-5.417217254638672
-0.9002354741096497
-1.2555311918258667
-4.997218132019043
-7.228621482849121
-5.355223178863525
2.1232376098632812
-5.876852512359619
-0.8442866802215576
-2.5345966815948486
-1.5366992950439453
-7.316781997680664
-5.248711109161377
-0.5134050846099854
-2.2036755084991455
-6.056623935699463
-6.192502021789551
-5.799223899841309
2.164977550506592
-5.907135486602783
-3.701101541519165
-3.2765603065490723
-2.0384833812713623
-6.789311408996582
-5.444738388061523
-0.7251772880554199
-2.6113932132720947
-6.899641513824463
-5.61799430847168
-5.85623836517334
1.5443767309188843
-6.383846759796143
-6.179774284362793
-3.8695201873779297
-2.3337626457214355
-6.40589714050293
-5.861076831817627
-1.2983155250549316
-2.878047466278076
-7.956780433654785
-5.27769136428833
-5.7767744064331055
0.49690210819244385
-6.927088260650635
-8.188281059265137
-4.2459611892700195
-2.6839661598205566
-6.297554969787598
-6.609642505645752
-2.253854513168335
-3.081592082977295
-8.79008674621582
-5.372470855712891
-6.037666320800781
