2
3
-1.591141939163208
-3.1645896434783936
6.488032341003418
9.311779022216797
0.5419840812683105
0.5002796649932861
-11.242254257202148
6.3030242919921875
2.818246603012085
5.634899139404297
-3.68056058883667
-4.063801288604736
0.9548146724700928
-0.7223963737487793
5.609716415405273
11.292728424072266
-1.2031564712524414
1.953432559967041
-10.583850860595703
7.380978584289551
2.2673628330230713
3.4288015365600586
-4.969998836517334
-4.587987899780273
3.1259570121765137
2.01118540763855
3.3613767623901367
12.325460433959961
-2.681912899017334
3.146820306777954
-8.750740051269531
7.954799652099609
1.6258409023284912
1.6067285537719727
-6.128609657287598
-3.4003920555114746
4.542105674743652
4.851931571960449
0.7667560577392578
12.509879112243652
-3.5206618309020996
4.458310604095459
-7.111684322357178
8.401703834533691
0.7468822598457336
0.3404167890548706
-6.854866027832031
-0.777031421661377
5.271547317504883
7.398072242736816
-1.8345260620117188
12.14498519897461
-3.5587210655212402
5.262194633483887
-5.6108293533325195
8.55318546295166
0.017895102500915527
-0.17520320415496826
-6.821691036224365
3.238678455352783
5.285353183746338
9.048959732055664
-5.175240516662598
11.4835844039917
-3.3356571197509766
5.692651748657227
-4.195248126983643
9.175013542175293
-0.52762371301651
0.30312830209732056
-6.650327682495117
7.669030666351318
4.256953716278076
9.6963529586792
-8.288641929626465
11.475508689880371
-2.970552444458008
6.324881553649902
-3.7303824424743652
10.406866073608398
-1.1521275043487549
1.3433246612548828
-6.896805286407471
11.698698043823242
2.602362871170044
9.932156562805176
-11.043268203735352
12.111452102661133
-2.3846211433410645
6.9283766746521
-3.951107978820801
12.326420783996582
-1.858923077583313
3.147264003753662
-7.7764410972595215
15.459051132202148
0.712354302406311
10.19502067565918
-13.456029891967773
13.49332046508789
-1.8742313385009766
7.885393142700195
-5.036064147949219
15.18303108215332
-2.4993114471435547
5.454713821411133
-8.894705772399902
18.568450927734375
-1.3530796766281128
10.54368782043457
-15.419527053833008
15.867518424987793
-1.5698285102844238
9.253732681274414
-7.0410566329956055
18.593229293823242
-3.0368337631225586
7.881730556488037
-10.578690528869629
21.77611541748047
