2
3
-9.164190292358398
-0.7361211776733398
-5.238242149353027
9.79453182220459
-3.962846040725708
4.365994453430176
-13.880010604858398
-1.8757795095443726
-8.752289772033691
-8.486895561218262
-6.276710510253906
5.202099800109863
-8.736103057861328
0.6714873313903809
-6.021329879760742
9.282169342041016
-5.8417510986328125
2.628610134124756
-15.984716415405273
-2.722324848175049
-8.854423522949219
-6.793307304382324
-7.405451774597168
9.588109970092773
-8.495760917663574
2.0460550785064697
-7.561317443847656
9.365924835205078
-7.899237155914307
1.1013494729995728
-17.596227645874023
-2.5892155170440674
-9.013214111328125
-4.2881669998168945
-8.945890426635742
12.871073722839355
-8.4995698928833
3.194526195526123
-9.780773162841797
9.425260543823242
-10.034011840820312
-0.3738750219345093
-18.657180786132812
-1.377526879310608
-9.360519409179688
-1.1445751190185547
-11.143596649169922
15.025962829589844
-8.759391784667969
4.42406702041626
-13.053796768188477
9.416839599609375
-12.091877937316895
-1.6430927515029907
-19.53075408935547
0.9503720998764038
-9.81976318359375
2.0659427642822266
-13.90737533569336
15.88343620300293
-9.571688652038574
4.938412666320801
-16.580686569213867
9.250032424926758
-13.968591690063477
-1.8247500658035278
-21.962772369384766
4.467633247375488
-10.360281944274902
5.309848785400391
-17.901052474975586
16.331268310546875
-11.007918357849121
4.672447204589844
-20.28964614868164
10.051325798034668
-15.91396713256836
-1.5415164232254028
-25.109817504882812
8.678365707397461
-11.287273406982422
8.10325813293457
-22.8011474609375
16.161426544189453
-12.837774276733398
4.401121139526367
-24.87459945678711
11.862922668457031
-18.02073860168457
-0.3774064779281616
-29.173316955566406
13.204324722290039
-12.573236465454102
9.695216178894043
-28.07343292236328
15.809494972229004
-14.904960632324219
4.479075908660889
-30.974977493286133
14.595722198486328
-20.231441497802734
1.4192986488342285
-33.837276458740234
17.611772537231445
-15.034693717956543
10.094603538513184
-34.75987243652344
16.722719192504883
-17.262632369995117
5.2317938804626465
-39.17859649658203
18.71784782409668
-22.424270629882812
4.075554370880127
-41.04203796386719
22.420303344726562
-17.653661727905273
10.431779861450195
-42.06473922729492
18.349573135375977
