2
3
-0.9376945495605469
1.8597164154052734
4.205024242401123
-14.40500259399414
1.7538480758666992
-3.659390449523926
-2.1790480613708496
1.7257705926895142
5.44143009185791
-0.5586435794830322
-12.34463882446289
8.712339401245117
0.7649319171905518
-0.7058496475219727
4.732101917266846
-14.30240249633789
2.271653890609741
-2.27708101272583
-3.017310619354248
3.20009446144104
3.1412458419799805
2.791987180709839
-14.736749649047852
8.70899486541748
2.457982063293457
-3.124833106994629
3.860884189605713
-12.554304122924805
2.641831874847412
-0.5594851970672607
-4.6390862464904785
4.180179119110107
0.9314713478088379
5.547180652618408
-15.734994888305664
7.63423490524292
4.0440521240234375
-4.966216564178467
1.8856183290481567
-9.244869232177734
2.6237385272979736
1.2233272790908813
-6.537174224853516
4.25434684753418
-0.7840865850448608
7.491385459899902
-16.223081588745117
5.937986850738525
5.308917999267578
-5.895437717437744
-1.2316228151321411
-4.807921409606934
2.381897211074829
2.615839958190918
-8.416152954101562
3.630894184112549
-2.0011954307556152
8.427993774414062
-15.672229766845703
3.568580150604248
5.830471515655518
-5.6927666664123535
-5.392446517944336
-0.046639442443847656
2.149416446685791
3.1367979049682617
-9.379119873046875
1.8191214799880981
-3.3385751247406006
8.106016159057617
-14.885979652404785
0.9857468605041504
5.195057392120361
-4.186760425567627
-10.043081283569336
4.48880672454834
1.6727012395858765
3.0232653617858887
-11.023256301879883
0.7809466123580933
-4.157175064086914
7.220203399658203
-13.96936321258545
-1.755481243133545
3.7466819286346436
-2.1130828857421875
-14.857261657714844
7.79200553894043
0.7980102300643921
2.8047688007354736
-13.409463882446289
0.40490055084228516
-4.9998931884765625
6.061766624450684
-14.165302276611328
-3.7642464637756348
1.8590060472488403
0.7543530464172363
-20.328208923339844
10.297304153442383
-0.0072422027587890625
2.455479383468628
-15.943265914916992
0.2297174632549286
-5.46956205368042
4.074132919311523
-13.728806495666504
-5.343410491943359
-0.35492026805877686
4.167783260345459
-25.979591369628906
11.93049144744873
-1.0755693912506104
2.187983989715576
-19.29804039001465
0.6637518405914307
-5.411461353302002
2.0707435607910156
-13.939196586608887
-5.388671398162842
