2
3
-6.596906661987305
-2.1419613361358643
8.659754753112793
0.7072831988334656
-7.034576892852783
-8.144735336303711
-8.336999893188477
0.3762310743331909
-4.830709457397461
2.0496320724487305
-5.552128791809082
4.624297142028809
-6.073724269866943
-2.272418260574341
9.324593544006348
0.722701907157898
-7.078571319580078
-7.671091556549072
-8.684595108032227
1.5241575241088867
-5.207719326019287
1.4705007076263428
-6.3697896003723145
4.251840114593506
-5.552165985107422
-2.4262447357177734
10.017168045043945
0.7438489198684692
-7.167717456817627
-7.215664863586426
-9.126811981201172
2.604886054992676
-5.600989818572998
0.9355711340904236
-7.222560882568359
3.9227917194366455
-5.040944576263428
-2.5666630268096924
10.693143844604492
0.8295896053314209
-7.36793851852417
-6.753826141357422
-9.906441688537598
3.531050205230713
-6.001353740692139
0.47143566608428955
-8.100634574890137
3.655766010284424
-4.560940742492676
-2.669151544570923
11.298507690429688
0.9917917251586914
-7.581407070159912
-6.295782566070557
-10.736222267150879
4.444204807281494
-6.405272006988525
0.12428513169288635
-9.000936508178711
3.523540735244751
-4.100339412689209
-2.7512640953063965
11.853741645812988
1.2357847690582275
-7.767581462860107
-5.85449743270874
-11.551596641540527
5.404293537139893
-6.811513900756836
-0.13210555911064148
-9.917778968811035
3.6038594245910645
-3.6541829109191895
-2.8117024898529053
12.355966567993164
1.5619714260101318
-7.92401647567749
-5.4156341552734375
-12.370887756347656
6.4248456954956055
-7.213166236877441
-0.372943639755249
-10.850462913513184
3.7360804080963135
-3.199284553527832
-2.825552225112915
12.82630729675293
1.9588806629180908
-8.061504364013672
-4.97711181640625
-13.190102577209473
7.515797138214111
-7.514689922332764
-0.5730959177017212
-11.636744499206543
3.9573781490325928
-2.7123284339904785
-2.783900737762451
13.29613971710205
2.4086334705352783
-8.164042472839355
-4.547069549560547
-13.996038436889648
8.648193359375
-7.787343978881836
-0.7061619758605957
-12.341836929321289
4.302233695983887
-2.233706474304199
-2.711083173751831
13.725934982299805
2.915187358856201
-8.193469047546387
-4.145248889923096
-14.635833740234375
9.893243789672852
-8.00894546508789
-0.8243259787559509
-12.985198974609375
4.709329605102539
