2
3
1.690234661102295
-5.28969669342041
-10.069771766662598
4.806222915649414
0.5350298285484314
-7.1883931159973145
0.5558525323867798
1.4699355363845825
0.7454797029495239
-10.84644603729248
5.786068439483643
-5.912062644958496
-0.262312650680542
-4.13112211227417
-9.558432579040527
3.644613742828369
1.227567195892334
-6.658148765563965
0.10266941785812378
0.7685703039169312
2.511613368988037
-11.509048461914062
4.2952070236206055
-2.695695638656616
-1.6213953495025635
-3.5808019638061523
-7.90672492980957
1.4366035461425781
1.5690333843231201
-6.751611709594727
-0.47324448823928833
-0.1438591480255127
3.762220621109009
-11.46612548828125
2.307481288909912
0.3950979709625244
-2.591257095336914
-3.8241021633148193
-6.349710464477539
-0.29312241077423096
1.7918169498443604
-7.178125381469727
-1.0152690410614014
-0.3131965398788452
4.202117919921875
-10.662324905395508
-0.0960993766784668
3.0287463665008545
-3.201240301132202
-4.2995829582214355
-5.338216781616211
-1.4874154329299927
1.8561584949493408
-7.536737442016602
-1.8077001571655273
0.11792561411857605
3.847796678543091
-9.311227798461914
-2.724820137023926
4.459492206573486
-3.271827220916748
-5.378715991973877
-3.6440746784210205
-2.4080405235290527
1.7186260223388672
-7.657480239868164
-3.095198631286621
0.8718694448471069
3.119098663330078
-7.7725019454956055
-5.3829522132873535
5.386120796203613
-2.9063684940338135
-6.504709243774414
-2.4516284465789795
-2.476008415222168
1.3675308227539062
-7.47523832321167
-4.415966033935547
1.4772145748138428
1.916798710823059
-5.984357833862305
-8.141715049743652
5.776036739349365
-2.4953887462615967
-7.509547233581543
-2.2359776496887207
-2.115095853805542
0.9255766868591309
-7.123016357421875
-5.819356918334961
2.0891106128692627
0.5392569303512573
-4.5248308181762695
-10.066720962524414
5.435416221618652
-1.8779757022857666
-8.131669998168945
-2.784173011779785
-0.920341968536377
0.20221459865570068
-6.678201675415039
-7.353797912597656
2.4946634769439697
-0.8800708055496216
-3.3930649757385254
-11.322525978088379
4.468114852905273
-1.2906885147094727
-8.390745162963867
-4.2547831535339355
1.1091086864471436
-0.6981388926506042
-6.2773895263671875
-8.719745635986328
2.449796676635742
-2.0501513481140137
-2.683837413787842
-12.141501426696777
3.042509078979492
