2
3
-5.259845733642578
-3.142941474914551
10.808488845825195
2.63443922996521
3.806532859802246
-0.9776003360748291
0.2683727741241455
4.530823707580566
-1.84286367893219
-0.3498818576335907
-2.736473321914673
-2.3689520359039307
-2.2982161045074463
-2.009214401245117
11.400219917297363
3.806116819381714
2.294796943664551
-0.21245431900024414
-1.93739914894104
4.483758449554443
-2.737142562866211
-1.4447380304336548
-1.31052565574646
-1.6775715351104736
0.53212571144104
-0.9017943143844604
10.977588653564453
4.45336389541626
0.6848964691162109
0.43673020601272583
-2.6765527725219727
4.522805690765381
-3.051382541656494
-2.157207727432251
0.577074408531189
-0.2308511734008789
2.9071133136749268
0.20776772499084473
9.468576431274414
4.730200290679932
-0.660024881362915
0.9290707111358643
-2.1896376609802246
4.3914475440979
-2.9202733039855957
-2.4296815395355225
2.5800013542175293
1.9819514751434326
4.369989395141602
0.9942771792411804
7.045114040374756
4.478861331939697
-1.657381296157837
1.2045009136199951
-0.40708863735198975
4.4005446434021
-2.185417652130127
-2.1891345977783203
4.325407028198242
4.382329940795898
4.635171890258789
1.0051170587539673
5.4584197998046875
4.620718479156494
-2.203439950942993
1.1962882280349731
1.624587893486023
4.411965370178223
-1.099483609199524
-1.366969347000122
5.220776081085205
6.4646077156066895
4.43351411819458
0.8409865498542786
4.750706672668457
5.458907604217529
-1.8816003799438477
1.2920966148376465
3.921210765838623
5.054235935211182
0.060009121894836426
-0.07854676246643066
5.990044116973877
8.352128028869629
3.948744058609009
0.8552667498588562
4.309991836547852
6.819060325622559
-1.0529800653457642
1.6519536972045898
6.092402935028076
6.460821151733398
1.2200852632522583
1.583961009979248
6.630547046661377
9.88234806060791
3.4620556831359863
1.196682095527649
4.412034034729004
8.776727676391602
0.1931666135787964
2.124846935272217
7.9041056632995605
8.4467134475708
2.3728394508361816
3.377337694168091
6.817893028259277
10.994527816772461
3.3251593112945557
2.2210094928741455
4.835801601409912
11.217228889465332
1.851493239402771
3.0525197982788086
9.258971214294434
10.892745971679688
3.4233264923095703
4.979578971862793
7.045537948608398
12.198772430419922
