2
3
-2.870718240737915
0.9951463937759399
4.55879020690918
-6.523627758026123
5.998588562011719
-3.067805051803589
-5.209158897399902
3.7546322345733643
-4.689263820648193
-6.686560153961182
10.18912124633789
8.547235488891602
-2.515010118484497
0.2495732307434082
5.517396926879883
-7.689852714538574
5.134060859680176
-3.1491425037384033
-6.686836242675781
3.9440367221832275
-3.566739320755005
-5.852981090545654
11.319921493530273
9.856648445129395
-2.083953380584717
-0.45036399364471436
6.5369133949279785
-8.810659408569336
4.352936744689941
-3.1882803440093994
-8.028899192810059
4.169898986816406
-2.499389171600342
-4.943133354187012
12.30661678314209
11.18060302734375
-1.6017999649047852
-1.217360496520996
7.5805792808532715
-9.95867919921875
3.6306674480438232
-3.1565401554107666
-9.356184959411621
4.521452903747559
-1.4038535356521606
-4.054590225219727
13.358039855957031
12.49965763092041
-1.0830596685409546
-1.9943616390228271
8.695660591125488
-11.104524612426758
2.937629222869873
-3.044497489929199
-10.69267463684082
5.048135757446289
-0.19933080673217773
-3.206021308898926
14.6655912399292
13.965924263000488
-0.4574667811393738
-2.7738704681396484
9.931398391723633
-12.298965454101562
2.2657957077026367
-2.9122917652130127
-12.061973571777344
5.652227401733398
1.0229160785675049
-2.4160826206207275
16.100418090820312
15.509234428405762
0.28539472818374634
-3.5923259258270264
11.285524368286133
-13.529723167419434
1.622952938079834
-2.7670857906341553
-13.448493957519531
6.325189113616943
2.189692497253418
-1.8466389179229736
17.576480865478516
16.956058502197266
1.103865146636963
-4.38218879699707
12.682931900024414
-14.587141036987305
1.1445982456207275
-2.6544957160949707
-14.6541166305542
7.0684895515441895
3.364989757537842
-1.3816533088684082
19.01412582397461
18.375581741333008
1.9776487350463867
-5.136980056762695
14.1011323928833
-15.47659969329834
0.8192071914672852
-2.556471347808838
-15.717154502868652
7.868430137634277
4.5785112380981445
-0.9594218134880066
20.504127502441406
19.802417755126953
2.891653060913086
-5.859738349914551
15.492464065551758
-16.248519897460938
0.5800608396530151
-2.451000213623047
-16.694637298583984
8.758255004882812
5.811426162719727
-0.5839540362358093
22.068017959594727
21.247821807861328
