2
3
-4.613692283630371
2.0229196548461914
-2.362445831298828
7.328751564025879
6.153197765350342
4.258792877197266
2.165130615234375
-3.129913568496704
7.0973310470581055
3.2368643283843994
7.826756477355957
-0.06923729181289673
-3.715773344039917
2.5672357082366943
-1.4918807744979858
8.350783348083496
5.611212730407715
3.943061113357544
1.2026664018630981
-3.4095773696899414
6.99808931350708
3.1038553714752197
7.334775447845459
0.047666117548942566
-2.910911798477173
3.121796131134033
-0.7622665166854858
9.42203140258789
5.126156330108643
3.683928966522217
0.3457058072090149
-3.588857889175415
6.953732013702393
3.0414316654205322
6.928408622741699
0.26807427406311035
-2.085103988647461
3.603806495666504
0.043215036392211914
10.453821182250977
4.7759270668029785
3.4844679832458496
-0.32515543699264526
-3.694657802581787
6.929696559906006
3.027733087539673
6.566840171813965
0.56611567735672
-1.260694146156311
4.05606746673584
0.8854297995567322
11.498466491699219
4.549285888671875
3.2783336639404297
-0.8273522257804871
-3.7840194702148438
6.9195637702941895
3.040497303009033
6.251556873321533
0.9067217111587524
-0.43805229663848877
4.476372241973877
1.7708909511566162
12.561949729919434
4.381918430328369
3.104776382446289
-1.2366578578948975
-3.790714979171753
6.895291805267334
3.085275650024414
5.93002462387085
1.2798466682434082
0.2923644781112671
4.908430576324463
2.592066764831543
13.715989112854004
4.27702522277832
2.9472856521606445
-1.5669236183166504
-3.76688814163208
6.876841068267822
3.166951894760132
5.625191688537598
1.7133805751800537
0.9829549193382263
5.33880090713501
3.310798168182373
14.922654151916504
4.217461109161377
2.776628255844116
-1.8461369276046753
-3.7508482933044434
6.896255016326904
3.2621541023254395
5.341910362243652
2.172680616378784
1.6462805271148682
5.836677551269531
3.868413209915161
16.233842849731445
4.188079833984375
2.6358861923217773
-2.0872676372528076
-3.666731595993042
6.905095100402832
3.367854118347168
5.02545690536499
2.6477816104888916
2.3187365531921387
6.351690292358398
4.41732120513916
17.610963821411133
4.181169509887695
2.5392987728118896
-2.306328773498535
-3.497357130050659
6.935098171234131
3.496877670288086
4.7382965087890625
3.156242847442627
