2
3
2.581024646759033
-8.508814811706543
3.4288570880889893
-1.0541760921478271
0.12205034494400024
0.12173842638731003
10.596551895141602
3.8013038635253906
8.857739448547363
7.570174217224121
2.1891589164733887
-11.505425453186035
3.2786123752593994
-7.659163475036621
3.9744508266448975
0.6022109985351562
1.0173351764678955
0.08242712914943695
11.770659446716309
4.006896018981934
8.17089557647705
6.240200996398926
1.5435173511505127
-13.864546775817871
3.9059529304504395
-6.813998222351074
4.436117172241211
2.192244052886963
1.9464259147644043
0.06065145507454872
13.000321388244629
4.204968452453613
7.608361721038818
4.9612226486206055
1.064165711402893
-16.119754791259766
4.445664882659912
-5.916693210601807
4.768593788146973
3.7363033294677734
2.9257445335388184
0.0489286407828331
14.313541412353516
4.4077534675598145
7.173156261444092
3.6732895374298096
0.7224184274673462
-18.337139129638672
4.938498497009277
-5.1062822341918945
5.104489803314209
5.107783794403076
3.9366893768310547
0.06350317597389221
15.669220924377441
4.646949291229248
6.827320098876953
2.2682666778564453
0.44074445962905884
-20.66827964782715
5.431976795196533
-4.351492404937744
5.42606782913208
6.307741641998291
4.9801926612854
0.09272989630699158
17.08168601989746
4.898273944854736
6.5521392822265625
0.8177751302719116
0.19233129918575287
-23.0266170501709
5.954341888427734
-3.630406618118286
5.788778781890869
7.4111127853393555
6.052872180938721
0.11121039092540741
18.56893539428711
5.134379863739014
6.345527648925781
-0.6694322824478149
-0.013739347457885742
-25.38092041015625
6.5505805015563965
-2.9364216327667236
6.311944961547852
8.528465270996094
7.1466240882873535
0.12774904072284698
20.11966323852539
5.392456531524658
6.2154741287231445
-2.154228448867798
-0.17114396393299103
-27.634809494018555
7.192661762237549
-2.292713165283203
6.966812610626221
9.686786651611328
8.256410598754883
0.13733376562595367
21.738155364990234
5.6987810134887695
6.180874824523926
-3.5863823890686035
-0.26679930090904236
-29.704389572143555
7.793906211853027
-1.813828706741333
7.54564094543457
10.749058723449707
9.329561233520508
0.09599442034959793
23.321422576904297
5.964994430541992
6.2415385246276855
-5.02609395980835
-0.2928273379802704
-31.717548370361328
