2
3
2.439439535140991
2.020244598388672
-0.3702618479728699
-9.78573226928711
3.6910629272460938
9.347709655761719
-9.136609077453613
0.5450968742370605
6.504855632781982
-5.313179969787598
-7.163912296295166
1.6306521892547607
3.462275743484497
0.6155779361724854
-1.177427053451538
-8.431053161621094
3.3317971229553223
9.02160930633545
-9.069031715393066
-3.489323139190674
5.378790378570557
-2.4362125396728516
-9.291708946228027
4.804596900939941
4.232216835021973
-0.5594758987426758
-2.3921709060668945
-6.69354248046875
2.918212413787842
7.617548942565918
-8.982818603515625
-6.540125370025635
3.9530577659606934
0.07266426086425781
-11.234299659729004
6.367201328277588
4.727301120758057
-1.4465150833129883
-4.3015828132629395
-4.989666938781738
2.536626100540161
5.924938678741455
-9.325809478759766
-8.614604949951172
2.497364044189453
2.5414671897888184
-13.010298728942871
6.883763790130615
4.957414627075195
-1.6348193883895874
-7.130843162536621
-2.981940269470215
2.0195746421813965
3.7121119499206543
-9.949954986572266
-9.301788330078125
1.1532280445098877
4.910478115081787
-14.699358940124512
7.119612693786621
4.793285369873047
-0.9723759889602661
-10.533299446105957
-0.47419190406799316
1.362398624420166
1.3763797283172607
-11.235207557678223
-8.805280685424805
0.07211804389953613
6.897710800170898
-16.177635192871094
6.338815212249756
4.119093894958496
0.3408087491989136
-14.442066192626953
1.6520142555236816
0.8827915191650391
-0.31616640090942383
-13.13649845123291
-6.662258148193359
-0.876469612121582
8.471488952636719
-17.868480682373047
4.893440246582031
2.945099353790283
1.8175228834152222
-18.295421600341797
2.872504472732544
0.2604169249534607
-0.9961078763008118
-16.126148223876953
-4.042163848876953
-1.5982767343521118
8.933616638183594
-19.453582763671875
2.7496378421783447
1.074880838394165
2.774613857269287
-22.998266220092773
3.4834389686584473
-0.621065616607666
-0.8897716403007507
-19.91911506652832
-1.1126630306243896
-2.7373881340026855
8.387116432189941
-22.011037826538086
0.9189028739929199
-1.3815555572509766
3.8921799659729004
-29.25228500366211
4.1887054443359375
-2.358609676361084
-0.9837533831596375
-24.825454711914062
0.9248816967010498
-4.343979835510254
7.582579612731934
-26.236265182495117
-0.3465474843978882
