2
3
-6.55640172958374
10.032716751098633
3.0870542526245117
3.5265934467315674
-2.1942365169525146
9.404163360595703
4.545483589172363
-0.43981119990348816
-4.463250160217285
6.671517848968506
-7.515738010406494
-4.683693885803223
-5.200525760650635
11.131828308105469
3.616304874420166
2.2003211975097656
-1.5147597789764404
9.440865516662598
2.364119052886963
-0.5896974205970764
-6.0004167556762695
6.153227806091309
-6.924630165100098
-2.872606039047241
-3.729966640472412
11.79491901397705
3.0216283798217773
0.5331063270568848
-1.399538516998291
9.298933029174805
-0.08472347259521484
-0.6667324900627136
-7.210904121398926
6.107176780700684
-5.546944618225098
-0.8324840068817139
-2.736595630645752
11.563997268676758
1.5091829299926758
-1.1872777938842773
-2.0101399421691895
9.019254684448242
-1.537514328956604
-0.33246856927871704
-8.026546478271484
6.465296268463135
-4.049496650695801
1.0348267555236816
-2.480958938598633
10.664045333862305
-0.27029943466186523
-2.4076430797576904
-2.803074836730957
8.918501853942871
-2.7611608505249023
-0.05068516731262207
-8.325905799865723
7.0102715492248535
-2.7047224044799805
2.198699951171875
-2.7154552936553955
9.6292724609375
-1.8935149908065796
-2.8706464767456055
-3.612840175628662
8.854450225830078
-4.127342224121094
0.022575877606868744
-8.261194229125977
7.767569065093994
-1.7001625299453735
2.9320945739746094
-3.227396011352539
8.647729873657227
-3.5515832901000977
-2.6809844970703125
-4.417247295379639
9.004571914672852
-5.105584144592285
0.21989741921424866
-7.666483402252197
8.7733736038208
-0.8878101110458374
3.2480430603027344
-4.0423712730407715
7.834514617919922
-5.053491592407227
-1.8375194072723389
-5.296228408813477
9.188950538635254
-5.947860240936279
0.4594525694847107
-6.87587833404541
9.824459075927734
-0.5941703915596008
3.0144705772399902
-5.06801700592041
7.419727802276611
-6.087214946746826
-0.3981046676635742
-6.2609148025512695
9.215224266052246
-6.374393939971924
0.7850431799888611
-6.083012104034424
10.643977165222168
-0.9000358581542969
2.3503379821777344
-6.167121887207031
7.424567222595215
-6.625895023345947
1.207837700843811
-7.086928844451904
9.23630142211914
-6.3825273513793945
1.2267482280731201
-5.398514270782471
11.037271499633789
-1.8874382972717285
1.3951454162597656
