2
3
2.55873703956604
2.3514363765716553
-2.7170042991638184
-10.27910041809082
0.5976592302322388
8.278162002563477
-0.540749192237854
7.16749382019043
-2.9241294860839844
1.1946576833724976
15.263145446777344
-5.858128070831299
1.2973381280899048
1.0039647817611694
-2.8000648021698
-8.440240859985352
-0.10459941625595093
10.012655258178711
-0.15366458892822266
3.824347972869873
0.5781707763671875
1.593846082687378
14.510696411132812
-3.3389768600463867
0.3320152759552002
0.21417975425720215
-1.9796116352081299
-6.492993354797363
-0.5761614441871643
10.47867202758789
1.6236984729766846
0.17151403427124023
3.6047117710113525
2.313751459121704
12.434793472290039
-1.1916346549987793
-0.4124716520309448
-0.24960315227508545
-0.34998607635498047
-4.405333518981934
-0.28852248191833496
9.8803129196167
3.4076247215270996
-3.4401185512542725
5.905051231384277
3.1893301010131836
9.929950714111328
-0.456539511680603
-0.6140239238739014
4.10228967666626e-05
1.7715563774108887
-2.403397560119629
0.34797239303588867
8.731697082519531
5.547046184539795
-6.064241409301758
6.972100734710693
3.8173868656158447
7.127401351928711
-0.9393030405044556
-0.3615904152393341
0.80671626329422
3.9411673545837402
-0.8960752487182617
1.289331078529358
7.096950531005859
7.2682785987854
-7.796528339385986
6.831315040588379
4.21680212020874
5.695859909057617
-1.495000958442688
0.22938832640647888
1.7993474006652832
6.199169158935547
0.024623215198516846
2.3281431198120117
5.563451766967773
8.725526809692383
-8.79981517791748
6.403655052185059
4.262034893035889
4.718220233917236
-2.0983388423919678
1.2412244081497192
3.009943723678589
8.274635314941406
0.06977282464504242
3.387883186340332
3.7902743816375732
9.938461303710938
-8.957387924194336
5.85909366607666
4.069294452667236
4.320957660675049
-2.7373898029327393
2.6152071952819824
4.3199849128723145
9.693408966064453
-0.7586393356323242
4.527442932128906
2.281949043273926
10.900337219238281
-8.423088073730469
5.409152984619141
4.068710803985596
4.710804462432861
-3.2623252868652344
4.140899658203125
5.178219318389893
10.82996940612793
-2.384913444519043
5.771100997924805
1.1769988536834717
11.787796020507812
-7.394009113311768
5.0688347816467285
4.020486354827881
5.848663330078125
-3.734280586242676
