2
3
9.273165702819824
-6.273713111877441
3.4733057022094727
-2.0470080375671387
-0.37797796726226807
-1.0076525211334229
10.358667373657227
0.4731975793838501
3.3295750617980957
-7.126091957092285
-1.2568137645721436
-7.176541328430176
8.904836654663086
-6.226840496063232
2.661764621734619
-1.4651610851287842
0.4792868494987488
-1.4046525955200195
11.787216186523438
-0.18008428812026978
3.494333028793335
-7.288156509399414
-1.37418532371521
-6.922678470611572
8.549676895141602
-6.188826084136963
1.8835070133209229
-0.9525374174118042
1.3611619472503662
-1.7381476163864136
13.255069732666016
-0.7714148163795471
3.6441218852996826
-7.4192399978637695
-1.4772531986236572
-6.682292461395264
8.19277286529541
-6.159193992614746
1.1061019897460938
-0.49737682938575745
2.2715046405792236
-2.0940864086151123
14.803353309631348
-1.3571661710739136
3.7889838218688965
-7.531891345977783
-1.5575331449508667
-6.4503607749938965
7.842057228088379
-6.136160373687744
0.35214829444885254
-0.0966426432132721
3.205596923828125
-2.484966516494751
16.438936233520508
-1.9388188123703003
3.9338042736053467
-7.6378936767578125
-1.6109967231750488
-6.234793186187744
7.518263816833496
-6.125650882720947
-0.3391982316970825
0.23733928799629211
4.163752555847168
-2.9249393939971924
18.16680335998535
-2.5073752403259277
4.076050281524658
-7.7448601722717285
-1.6369658708572388
-6.051745891571045
7.215003967285156
-6.117025852203369
-0.9489454030990601
0.5065007209777832
5.159378528594971
-3.381564140319824
19.952295303344727
-3.041451930999756
4.202765941619873
-7.879610061645508
-1.6353098154067993
-5.945912837982178
6.945399761199951
-6.146249294281006
-1.4282259941101074
0.6685106158256531
6.287386894226074
-3.858409881591797
21.926464080810547
-3.599433422088623
4.307631492614746
-8.047283172607422
-1.595090389251709
-5.931423187255859
6.724163055419922
-6.211294174194336
-1.759837031364441
0.742358386516571
7.581953525543213
-4.38090705871582
24.136707305908203
-4.222198486328125
4.4317755699157715
-8.170003890991211
-1.5328688621520996
-5.917496681213379
6.587200164794922
-6.266459941864014
-2.0125677585601807
0.7824032306671143
8.923462867736816
-4.907176494598389
26.384815216064453
-4.8192901611328125
4.633138179779053
-8.28488826751709
-1.3419121503829956
-5.90435266494751
