2
3
-2.8318142890930176
-1.5973479747772217
2.0013227462768555
0.23924565315246582
-6.276299476623535
0.709895133972168
0.6960889101028442
9.056509971618652
-0.7088916301727295
4.712496280670166
-8.862455368041992
-6.489587306976318
-2.650259256362915
-1.2194793224334717
2.007413625717163
1.030608892440796
-5.739675521850586
1.0926756858825684
1.0901167392730713
9.998006820678711
-1.4984192848205566
3.9620444774627686
-9.801862716674805
-7.68781042098999
-2.5441324710845947
-0.8407065868377686
1.9255751371383667
1.7757740020751953
-5.27018928527832
1.4705138206481934
1.4356290102005005
10.956504821777344
-2.311129570007324
3.19699764251709
-10.763895988464355
-8.833950996398926
-2.464695453643799
-0.4993787407875061
1.8120510578155518
2.4136996269226074
-4.84221887588501
1.8712372779846191
1.701842188835144
12.008566856384277
-3.109821319580078
2.422041893005371
-11.720996856689453
-9.945234298706055
-2.3906588554382324
-0.17132332921028137
1.690173625946045
3.0031208992004395
-4.414285182952881
2.3009512424468994
1.9500682353973389
13.13991928100586
-3.8789796829223633
1.6516520977020264
-12.668941497802734
-10.989045143127441
-2.3114404678344727
0.16587305068969727
1.5726802349090576
3.6017050743103027
-3.9863650798797607
2.737156391143799
2.1942646503448486
14.328392028808594
-4.615509986877441
0.8899577856063843
-13.601552963256836
-11.966558456420898
-2.260044574737549
0.4751555621623993
1.4390074014663696
4.175632953643799
-3.592526912689209
3.166412115097046
2.4034457206726074
15.537851333618164
-5.321483612060547
0.13735032081604004
-14.5123929977417
-12.880420684814453
-2.272035837173462
0.6796433925628662
1.2573230266571045
4.686967849731445
-3.2807514667510986
3.554105758666992
2.511082172393799
16.709915161132812
-5.998775005340576
-0.6048954129219055
-15.404022216796875
-13.735590934753418
-2.3279337882995605
0.8247207999229431
1.0496025085449219
5.1722917556762695
-3.025003671646118
3.9066567420959473
2.542762041091919
17.866268157958984
-6.651297092437744
-1.3384031057357788
-16.27644157409668
-14.531494140625
-2.442796468734741
0.9182990789413452
0.7833530306816101
5.611503601074219
-2.803175449371338
4.233335018157959
2.5182552337646484
19.021141052246094
-7.274455547332764
-2.064708948135376
-17.097604751586914
-15.228520393371582
