2
3
4.150731563568115
-3.152658700942993
-10.814193725585938
8.528512001037598
1.2507338523864746
4.326434135437012
15.403084754943848
1.9947593212127686
5.993390083312988
-2.1017355918884277
5.079982280731201
6.732633590698242
1.3956825733184814
-0.5418002605438232
-10.384942054748535
11.331186294555664
5.152561664581299
4.43881893157959
14.59951114654541
1.7015271186828613
5.98259162902832
-0.7757242918014526
3.70259428024292
8.037896156311035
-0.818854808807373
1.7561078071594238
-7.774962425231934
12.69640827178955
8.556032180786133
4.560401439666748
12.104101181030273
2.6721575260162354
6.0522661209106445
0.6641243696212769
2.816628932952881
9.350973129272461
-2.0360865592956543
3.9680919647216797
-5.6164045333862305
14.607232093811035
10.832481384277344
4.338498115539551
9.137752532958984
4.76760721206665
6.1587724685668945
2.1566758155822754
2.5222768783569336
10.97115707397461
-2.2229256629943848
6.1461944580078125
-3.091892957687378
16.199832916259766
12.004104614257812
4.137624740600586
5.613839149475098
7.639320373535156
6.353959560394287
3.8895437717437744
2.065284013748169
12.953047752380371
-1.8002831935882568
8.273151397705078
-0.3387949466705322
17.57332420349121
11.791261672973633
4.201895236968994
1.7600347995758057
11.153111457824707
6.713140487670898
5.721864700317383
1.0296990871429443
15.697091102600098
-0.402523398399353
10.987567901611328
1.2574301958084106
19.812170028686523
10.593297958374023
4.702946186065674
-1.5160353183746338
15.452977180480957
6.947793006896973
7.87155818939209
-0.5300030708312988
18.984384536743164
1.410525918006897
13.950199127197266
1.8497192859649658
22.889705657958984
9.284740447998047
6.321727752685547
-4.435739517211914
20.734661102294922
7.182741165161133
10.129358291625977
-2.0664308071136475
22.544776916503906
3.5220160484313965
16.924964904785156
1.6087160110473633
26.593746185302734
7.943434715270996
9.004433631896973
-7.156787872314453
27.02626609802246
7.258790969848633
12.708151817321777
-3.8341684341430664
26.886619567871094
5.651009559631348
20.039365768432617
0.36876416206359863
31.2609920501709
6.661748886108398
12.664045333862305
-9.61828327178955
33.70741271972656
7.242748260498047
15.681394577026367
-5.950048446655273
32.365936279296875
