2
3
-3.0569558143615723
5.401182651519775
-6.015157222747803
-3.904552936553955
-2.0556764602661133
2.379085063934326
6.576084136962891
-4.45229434967041
7.9321184158325195
-7.862372398376465
-8.973608016967773
-5.177404403686523
-2.6368937492370605
4.342807292938232
-5.1094183921813965
-5.424952030181885
-1.3713209629058838
1.8091404438018799
7.564927101135254
-5.040988922119141
7.10612678527832
-7.717757701873779
-10.711612701416016
-4.304155349731445
-2.2829389572143555
3.2960963249206543
-4.223732948303223
-6.999312400817871
-0.8005170226097107
1.2936607599258423
8.373257637023926
-5.569370746612549
6.328661918640137
-7.47127628326416
-12.347586631774902
-3.35764217376709
-2.0496909618377686
2.3346240520477295
-3.415875196456909
-8.506929397583008
-0.2465772032737732
0.8097488880157471
9.154011726379395
-6.073616981506348
5.463066101074219
-7.293823719024658
-13.914947509765625
-2.631269931793213
-1.8482362031936646
1.3937917947769165
-2.676647424697876
-10.015119552612305
0.2968883514404297
0.3236445188522339
9.945589065551758
-6.582560062408447
4.584272861480713
-7.128925800323486
-15.458744049072266
-1.913932204246521
-1.7809944152832031
0.4768413305282593
-2.1454174518585205
-11.468185424804688
0.8253709673881531
-0.17372679710388184
10.740901947021484
-7.101166725158691
3.7036375999450684
-6.974025726318359
-16.99717903137207
-1.1901402473449707
-1.7398148775100708
-0.44865453243255615
-1.6776020526885986
-12.96462631225586
1.4006693363189697
-0.723239541053772
11.630294799804688
-7.716712474822998
2.8249051570892334
-6.791908264160156
-18.577800750732422
-0.5370919108390808
-1.7038471698760986
-1.3781239986419678
-1.2743507623672485
-14.499910354614258
1.980249047279358
-1.3144879341125488
12.557249069213867
-8.405328750610352
1.8824976682662964
-6.656389236450195
-20.56199073791504
-0.12452781200408936
-1.6536275148391724
-2.309237003326416
-0.9088301658630371
-16.065975189208984
2.5489554405212402
-1.9349119663238525
13.488094329833984
-9.146711349487305
0.9436604380607605
-6.518858909606934
-22.633377075195312
0.33137330412864685
-1.5722945928573608
-3.2225871086120605
-0.5732016563415527
-17.656431198120117
3.1165695190429688
-2.5905356407165527
14.439144134521484
-9.946548461914062
0.043058812618255615
-6.3766255378723145
-24.7103328704834
0.8686184883117676
