2
3
-6.12269401550293
6.53554105758667
8.670845031738281
-8.453965187072754
5.052192211151123
-0.5006498098373413
1.9842009544372559
7.509243965148926
-6.937126636505127
4.9126176834106445
-8.554359436035156
-10.782648086547852
-5.355799198150635
5.7917938232421875
10.11453628540039
-9.487700462341309
4.71126127243042
0.13605916500091553
0.9632807970046997
8.781174659729004
-6.815120220184326
4.157868385314941
-8.11678695678711
-11.693977355957031
-4.632200717926025
5.005853176116943
11.457326889038086
-10.532508850097656
4.252114295959473
0.7232481241226196
-0.15281474590301514
9.905524253845215
-6.669929504394531
3.3979811668395996
-7.642360210418701
-12.65115737915039
-3.8800010681152344
4.151694297790527
12.880758285522461
-11.641773223876953
3.7835593223571777
1.2410097122192383
-1.1182167530059814
10.981141090393066
-6.50318717956543
2.6307425498962402
-7.138809680938721
-13.676633834838867
-3.0640292167663574
3.244086265563965
14.389535903930664
-12.808919906616211
3.3123481273651123
1.729773998260498
-1.9897894859313965
12.126813888549805
-6.322316646575928
1.8518671989440918
-6.626520156860352
-14.786730766296387
-2.2234413623809814
2.3174452781677246
15.908625602722168
-13.969834327697754
2.7958133220672607
2.1641809940338135
-2.945011854171753
13.213911056518555
-6.141980171203613
1.0611335039138794
-6.123602390289307
-15.953581809997559
-1.347294569015503
1.3712732791900635
17.44672203063965
-15.127202987670898
2.454404830932617
2.5847713947296143
-3.7762928009033203
14.376233100891113
-5.966610908508301
0.2518356442451477
-5.641967296600342
-17.160633087158203
-0.46247541904449463
0.41742444038391113
18.928791046142578
-16.253400802612305
2.0730910301208496
2.9224748611450195
-4.672104835510254
15.495702743530273
-5.768865585327148
-0.5498214960098267
-5.1543498039245605
-18.363697052001953
0.46138256788253784
-0.5535624027252197
20.398746490478516
-17.34091567993164
1.7250936031341553
3.2612948417663574
-5.5623931884765625
16.72323226928711
-5.559311389923096
-1.3423683643341064
-4.735548973083496
-19.581571578979492
1.465719223022461
-1.555181622505188
22.019290924072266
-18.342973709106445
1.3972480297088623
3.5198230743408203
-6.420921802520752
17.97464942932129
-5.309902191162109
-2.101043224334717
-4.330875396728516
-20.723346710205078
