2
3
-3.484821081161499
2.509122610092163
1.7529983520507812
-8.503533363342285
1.144514560699463
-2.7353382110595703
-4.955900192260742
4.6751389503479
6.611391067504883
7.9230804443359375
-2.4210472106933594
-5.865653038024902
-1.9714369773864746
1.332791805267334
3.5627541542053223
-7.9793171882629395
0.20318126678466797
-0.30121541023254395
-5.168971538543701
6.426914215087891
5.470803737640381
6.580247402191162
-4.960997581481934
-8.338276863098145
-0.28093576431274414
0.3664417862892151
3.8630928993225098
-6.570471286773682
-0.8508400917053223
2.210212230682373
-5.4264817237854
6.744452476501465
4.256407260894775
4.987244606018066
-6.671630859375
-9.566834449768066
1.1983275413513184
-0.09755849838256836
2.9748549461364746
-4.781099319458008
-1.666201114654541
4.519110679626465
-5.231646537780762
5.82366418838501
3.1321771144866943
3.1371614933013916
-8.151390075683594
-9.894885063171387
2.421546697616577
0.02771008014678955
0.921534538269043
-2.5388875007629395
-2.133035659790039
6.019353866577148
-4.253968238830566
4.378958225250244
1.8306444883346558
1.314795732498169
-9.353885650634766
-9.330568313598633
2.949866771697998
0.6038482785224915
-1.7656359672546387
-0.8225693702697754
-2.0478198528289795
7.022484302520752
-3.5537052154541016
2.3105664253234863
0.4749075174331665
-0.160261869430542
-10.120747566223145
-7.7844109535217285
2.8594107627868652
1.6081035137176514
-4.68434476852417
-0.0005385875701904297
-1.606142282485962
7.336472988128662
-3.5609376430511475
-0.47692012786865234
-0.9453768730163574
-1.1290990114212036
-10.46943473815918
-5.279460906982422
2.318671226501465
2.508791923522949
-7.185280799865723
-0.19289474189281464
-1.0510915517807007
6.643174648284912
-3.9097695350646973
-3.449808120727539
-2.301617383956909
-1.3888487815856934
-10.316932678222656
-2.7526395320892334
1.284651279449463
2.998279094696045
-9.158306121826172
-0.6546943783760071
-0.5919643044471741
5.337448596954346
-4.714254379272461
-5.769742965698242
-3.372391700744629
-1.0649242401123047
-11.1461763381958
-1.0134695768356323
0.28995728492736816
3.417862892150879
-11.474717140197754
-1.1953319311141968
-0.5294954180717468
3.8995797634124756
-6.4172563552856445
-7.435962677001953
-4.457074165344238
-0.6367759704589844
-12.131608963012695
0.05957484245300293
