2
3
5.692498683929443
4.605949401855469
2.4982407093048096
-9.23836898803711
3.260833740234375
8.295230865478516
-4.8766984939575195
2.944359064102173
-4.300021648406982
-1.2949132919311523
3.6184241771698
-3.7481439113616943
5.247692584991455
4.000272750854492
1.847412347793579
-9.846869468688965
2.753329277038574
7.729785442352295
-5.6357831954956055
2.4398345947265625
-3.3204421997070312
-0.9451737999916077
4.714631080627441
-2.901275634765625
4.923435211181641
3.3247148990631104
1.3608782291412354
-10.51769733428955
2.309704542160034
7.244021892547607
-6.4409918785095215
2.069204330444336
-2.407785177230835
-0.5770643353462219
5.733948707580566
-2.077942371368408
4.627729415893555
2.6732888221740723
0.9044196009635925
-11.136988639831543
1.8662207126617432
6.776609420776367
-7.264403343200684
1.6996113061904907
-1.5606971979141235
-0.16179513931274414
6.709827423095703
-1.2750799655914307
4.362843990325928
2.0591979026794434
0.4644521474838257
-11.705156326293945
1.4357162714004517
6.324108600616455
-8.08334732055664
1.3411355018615723
-0.767335057258606
0.1514953374862671
7.666926383972168
-0.5949137210845947
4.128644943237305
1.368584156036377
0.033178091049194336
-12.37923526763916
1.0183532238006592
5.961771011352539
-8.885641098022461
1.1462231874465942
0.04277539253234863
0.417066752910614
8.665084838867188
0.006221294403076172
3.9212770462036133
0.6724173426628113
-0.44845348596572876
-13.005598068237305
0.6182585954666138
5.58397102355957
-9.666398048400879
0.9339833855628967
0.847883403301239
0.6774829030036926
9.627876281738281
0.6196533441543579
3.718364715576172
-0.019268810749053955
-0.9720879197120667
-13.580544471740723
0.3085521161556244
5.185250282287598
-10.310656547546387
0.6733308434486389
1.5828337669372559
0.9843181371688843
10.459854125976562
1.2988717555999756
3.503883123397827
-0.6984409093856812
-1.5422505140304565
-14.111477851867676
0.04518654942512512
4.741540431976318
-10.892965316772461
0.34678658843040466
2.2941205501556396
1.2199146747589111
11.267984390258789
1.9182169437408447
3.2862095832824707
-1.361461877822876
-2.145416021347046
-14.613895416259766
-0.2022428810596466
4.264196395874023
-11.479917526245117
-0.015332698822021484
2.9524729251861572
1.3696162700653076
11.957597732543945
2.4936342239379883
