2
3
-4.267634868621826
-6.396251201629639
6.47340202331543
3.008669376373291
7.355949401855469
-3.4841740131378174
-2.7605245113372803
10.381739616394043
8.865766525268555
-2.9415974617004395
5.3631591796875
2.258225440979004
-2.817493438720703
-5.9615797996521
8.333712577819824
3.6503002643585205
6.882840633392334
-3.4988880157470703
-3.5940327644348145
11.106602668762207
8.430259704589844
-3.0590596199035645
4.417111396789551
2.2086949348449707
-1.487431526184082
-5.548303127288818
10.048973083496094
4.246296405792236
6.517916679382324
-3.4011178016662598
-4.302839279174805
11.902976036071777
8.022193908691406
-3.151050329208374
3.55645751953125
2.181284189224243
-0.2545440196990967
-5.115358829498291
11.614458084106445
4.867247104644775
6.258089542388916
-3.184596538543701
-5.014275074005127
12.795812606811523
7.6467084884643555
-3.212573528289795
2.782719612121582
2.179178237915039
0.9925169944763184
-4.6675872802734375
13.19366455078125
5.5297136306762695
6.084458827972412
-2.8673481941223145
-5.647727012634277
13.957826614379883
7.308952808380127
-3.2430624961853027
2.0981335639953613
2.208857536315918
2.2572078704833984
-4.211175441741943
14.787400245666504
6.2435832023620605
5.949728965759277
-2.425938606262207
-6.270504474639893
15.268238067626953
7.022950649261475
-3.2432162761688232
1.5284717082977295
2.2803609371185303
3.5371832847595215
-3.7442164421081543
16.387666702270508
7.0197434425354
5.805076599121094
-1.938037633895874
-6.925454616546631
16.664535522460938
6.812473297119141
-3.2115068435668945
1.1212236881256104
2.4239258766174316
4.813535690307617
-3.258810520172119
17.96015167236328
7.856732368469238
5.664782524108887
-1.417647361755371
-7.6023359298706055
18.14257049560547
6.708286762237549
-3.138589382171631
0.8937903642654419
2.6728241443634033
6.072053909301758
-2.7469701766967773
19.47300910949707
8.749893188476562
5.555749416351318
-0.8759453296661377
-8.277677536010742
19.699541091918945
6.705051422119141
-2.978872537612915
0.7663992643356323
3.0340397357940674
7.2710442543029785
-2.2092788219451904
20.82459259033203
9.707776069641113
5.482316017150879
-0.3132671117782593
-8.947784423828125
21.340721130371094
6.767500400543213
-2.7090532779693604
0.6869418025016785
3.5309855937957764
