2
3
-3.558717727661133
6.187380790710449
9.04567813873291
-7.363070964813232
3.2549848556518555
0.13198330998420715
-15.36317253112793
-5.589260101318359
-1.7719571590423584
1.2260160446166992
-5.378485679626465
-0.6283491849899292
-0.5316767692565918
5.674688339233398
9.124674797058105
-9.22155475616455
0.11438727378845215
0.8546367883682251
-15.987258911132812
-3.478853702545166
-2.479739189147949
2.1718640327453613
-4.3367156982421875
-0.5212985277175903
2.238239288330078
4.739089012145996
6.71112585067749
-9.700309753417969
-2.6097967624664307
1.9946001768112183
-14.817235946655273
-2.052426338195801
-2.509647846221924
3.0624802112579346
-3.2515602111816406
-1.0074942111968994
4.105221748352051
3.4760923385620117
2.9915850162506104
-9.17745304107666
-4.789051055908203
2.9616053104400635
-12.995201110839844
-1.273940086364746
-2.0633320808410645
3.6132519245147705
-3.220391035079956
-1.7310268878936768
4.905391216278076
2.1611297130584717
-0.5999495983123779
-8.51451587677002
-6.646738529205322
3.4707107543945312
-12.88796615600586
-1.4182316064834595
-1.6128590106964111
3.9326226711273193
-3.788689613342285
-2.5918028354644775
4.85923957824707
1.1308612823486328
-4.569724082946777
-7.598884582519531
-7.87139892578125
3.808712959289551
-12.112204551696777
-2.188314437866211
-1.2475130558013916
4.125847339630127
-5.052374839782715
-3.6400389671325684
3.9807844161987305
0.3913421630859375
-8.499323844909668
-6.604316234588623
-8.506664276123047
3.897982358932495
-11.06083869934082
-3.327761173248291
-0.918984055519104
4.168278694152832
-6.376885414123535
-5.025620460510254
2.381554126739502
0.13333120942115784
-12.74849796295166
-5.68730354309082
-9.18299674987793
3.3168883323669434
-10.604352951049805
-4.609344005584717
-1.2724651098251343
3.4566264152526855
-8.165349960327148
-6.664831638336182
0.08263993263244629
0.2682253420352936
-16.415355682373047
-4.951286315917969
-9.557209014892578
2.426609516143799
-10.378862380981445
-6.223753929138184
-1.9135239124298096
2.3482537269592285
-10.255298614501953
-7.676941394805908
-2.2983012199401855
0.6109421253204346
-19.735824584960938
-4.855007648468018
-9.767045974731445
1.3237895965576172
-10.595576286315918
-7.949615478515625
-2.9061012268066406
1.0726101398468018
-12.625688552856445
-8.628758430480957
