2
3
1.1783913373947144
2.1159396171569824
0.7608616352081299
6.170866966247559
8.910773277282715
0.36441004276275635
2.1980671882629395
-2.786166191101074
2.945058822631836
2.7239654064178467
2.522981882095337
11.578939437866211
1.8054906129837036
2.8941545486450195
3.1047611236572266
6.49657678604126
8.584444999694824
-0.8546127080917358
0.7219729423522949
-0.2610929012298584
4.080550193786621
5.595759391784668
3.2297089099884033
11.994617462158203
2.7499051094055176
3.45758056640625
4.863696098327637
7.501251220703125
7.597658157348633
-1.3652849197387695
-0.46446800231933594
3.7627055644989014
5.429666042327881
8.058871269226074
3.6174681186676025
11.719447135925293
4.222271919250488
4.335676193237305
6.0276689529418945
8.489181518554688
6.408224582672119
-0.7231282591819763
-0.9992014169692993
8.302359580993652
6.4624834060668945
9.713935852050781
3.5728237628936768
11.1510009765625
5.923791885375977
5.222732067108154
6.453834533691406
9.940912246704102
5.490329265594482
0.9081581234931946
-1.0442495346069336
12.160263061523438
7.136281967163086
10.394851684570312
3.7811033725738525
10.739397048950195
7.624904632568359
6.166065216064453
6.081882476806641
11.962752342224121
4.811417579650879
3.1244587898254395
-0.5527982711791992
15.297592163085938
7.572880268096924
10.454325675964355
4.377258777618408
10.532384872436523
8.961217880249023
7.372426986694336
5.49001932144165
14.87875747680664
4.662420749664307
5.960944175720215
0.022982537746429443
18.32688331604004
8.250434875488281
10.624859809875488
4.525425434112549
11.685047149658203
9.973307609558105
9.118830680847168
4.422797679901123
18.480186462402344
4.990118503570557
9.388063430786133
0.213467076420784
21.781814575195312
8.997900009155273
11.034517288208008
4.2475128173828125
14.393671989440918
10.823698997497559
11.792678833007812
3.1641526222229004
22.77086639404297
5.774564266204834
13.081499099731445
0.0026092529296875
25.656614303588867
9.762762069702148
11.950284957885742
3.6749885082244873
18.72138786315918
11.546158790588379
14.892064094543457
1.3765630722045898
27.57441520690918
6.8280816078186035
17.03129005432129
-0.533132791519165
29.917612075805664
10.73105239868164
13.862557411193848
2.890615463256836
24.532176971435547
