2
3
0.08316335082054138
4.080470085144043
-8.746426582336426
3.888702630996704
3.6382036209106445
2.362072467803955
-6.644847393035889
6.280820369720459
-7.418350696563721
0.16176837682724
10.665895462036133
-7.451791763305664
-0.37971916794776917
3.928272247314453
-9.686779022216797
4.108119487762451
2.84915828704834
2.3515946865081787
-7.970041275024414
6.704004287719727
-6.216184616088867
-0.060274869203567505
12.34602165222168
-7.626898765563965
-0.8709462881088257
3.7423250675201416
-10.694904327392578
4.299185752868652
2.1558585166931152
2.4142658710479736
-9.314624786376953
7.2421369552612305
-5.034085273742676
-0.36451902985572815
14.09901237487793
-7.857110023498535
-1.3289483785629272
3.620837688446045
-11.688468933105469
4.650167942047119
1.4776885509490967
2.466855525970459
-10.707168579101562
7.805084705352783
-3.7713654041290283
-0.7157082557678223
15.96191120147705
-8.131963729858398
-1.735055923461914
3.501556634902954
-12.672029495239258
5.041309356689453
0.8135833144187927
2.5016796588897705
-12.14264965057373
8.366437911987305
-2.4836387634277344
-1.0667393207550049
17.849889755249023
-8.364542007446289
-2.1038832664489746
3.4227776527404785
-13.63715934753418
5.512880802154541
0.16555428504943848
2.560882806777954
-13.615601539611816
9.08869743347168
-1.164455533027649
-1.402202844619751
19.75473976135254
-8.513066291809082
-2.4827303886413574
3.3254499435424805
-14.65943431854248
6.008552551269531
-0.39772093296051025
2.5360817909240723
-14.999173164367676
9.859132766723633
0.14594602584838867
-1.6883313655853271
21.587392807006836
-8.556859970092773
-2.844179630279541
3.1677772998809814
-15.680567741394043
6.500125408172607
-0.9007434844970703
2.4720964431762695
-16.337926864624023
10.64664363861084
1.4661247730255127
-1.9936516284942627
23.40034294128418
-8.524178504943848
-3.1584482192993164
2.9930062294006348
-16.631649017333984
7.013930320739746
-1.3182308673858643
2.4581542015075684
-17.557153701782227
11.592495918273926
2.7722408771514893
-2.2909419536590576
25.173297882080078
-8.405974388122559
-3.4216480255126953
2.8260157108306885
-17.530851364135742
7.58144474029541
-1.690377950668335
2.463855028152466
-18.72988510131836
12.63390064239502
4.048898696899414
-2.5358314514160156
26.93369483947754
-8.212117195129395
