2
3
1.7208049297332764
2.590479612350464
-7.5437211990356445
-0.9723576307296753
2.946667432785034
-9.259112358093262
3.0369300842285156
-1.1263556480407715
7.698891639709473
-2.6193654537200928
4.884969234466553
-2.9618687629699707
0.5048432350158691
1.507570743560791
-5.3818464279174805
-3.7086610794067383
4.122395038604736
-7.955027103424072
2.5396318435668945
2.0651228427886963
8.133410453796387
-3.2509751319885254
2.202775001525879
-2.7211382389068604
0.10824459791183472
0.3619234561920166
-3.2047770023345947
-5.848655700683594
4.778478145599365
-6.2595720291137695
1.618025302886963
4.0349297523498535
7.939897060394287
-3.795708179473877
-0.30951499938964844
-2.352057933807373
0.27069583535194397
-0.9993703365325928
-1.0581824779510498
-7.198276519775391
5.093333721160889
-4.214237689971924
0.08039402961730957
4.9228315353393555
7.109188079833984
-4.124298095703125
-2.3716049194335938
-1.90274977684021
0.653913140296936
-2.677300453186035
0.8570992946624756
-7.610006332397461
5.208998203277588
-2.2620034217834473
-1.3673253059387207
5.045915126800537
6.167257308959961
-3.9685871601104736
-3.997326374053955
-1.0948351621627808
1.4512559175491333
-4.259660243988037
2.17063045501709
-6.786474227905273
5.03697395324707
-0.4711625576019287
-2.9127516746520996
4.283533573150635
5.1142964363098145
-3.439361572265625
-4.921165466308594
0.0458294153213501
2.6793923377990723
-5.383930206298828
2.1199538707733154
-4.4217448234558105
4.616459846496582
0.8473024368286133
-4.3554582595825195
2.6430277824401855
4.091000556945801
-2.768552780151367
-5.257270336151123
0.8473753333091736
3.848062038421631
-5.716915130615234
1.23850417137146
-1.9942448139190674
3.938636541366577
1.1426945924758911
-4.888711452484131
-0.02221226692199707
3.1544642448425293
-2.280900478363037
-5.116153717041016
0.806574821472168
4.689672470092773
-5.5305304527282715
-0.07608377933502197
0.19875597953796387
3.2384042739868164
0.47389161586761475
-4.588598728179932
-2.229174852371216
2.415320634841919
-2.1442911624908447
-4.427554130554199
-0.04910564422607422
4.885075092315674
-4.728918552398682
-1.6477956771850586
1.8668005466461182
2.727177619934082
-0.47228753566741943
-4.280645370483398
-3.726731061935425
1.91939377784729
-2.2005934715270996
-4.075907230377197
-0.4672827124595642
