2
3
-8.482711791992188
-4.460130214691162
6.547806262969971
-8.356021881103516
4.940784931182861
3.906020402908325
3.662623882293701
-5.350861072540283
1.1381144523620605
4.327582836151123
-4.294103622436523
-4.183635711669922
-7.215773105621338
-4.28219747543335
8.054892539978027
-7.8286566734313965
4.17816162109375
3.1865222454071045
2.739190101623535
-6.044536590576172
0.6436988115310669
3.677028179168701
-4.85019588470459
-5.1222944259643555
-6.033978462219238
-4.244462013244629
9.493179321289062
-7.436873435974121
3.503058910369873
2.4905142784118652
1.9240074157714844
-6.7651472091674805
0.1889503002166748
3.0510215759277344
-5.320587158203125
-6.069854259490967
-4.914090156555176
-4.2789506912231445
10.88691520690918
-7.087316036224365
2.961577892303467
1.8412153720855713
1.2087205648422241
-7.588022232055664
-0.20235633850097656
2.4523119926452637
-5.687114715576172
-7.017823219299316
-3.8299880027770996
-4.396393775939941
12.346588134765625
-6.855373382568359
2.481989622116089
1.2000539302825928
0.6010066270828247
-8.401680946350098
-0.5644692182540894
1.8570492267608643
-5.99598503112793
-7.973865509033203
-2.6812896728515625
-4.5901055335998535
13.94758415222168
-6.774357318878174
2.0891199111938477
0.5083198547363281
0.15447652339935303
-9.265077590942383
-0.9414971470832825
1.2081665992736816
-6.304590225219727
-9.008091926574707
-1.4943221807479858
-4.789262771606445
15.593698501586914
-6.6929707527160645
1.7493743896484375
-0.17750072479248047
-0.2570152282714844
-10.123392105102539
-1.2935218811035156
0.5037512183189392
-6.580207347869873
-10.119281768798828
-0.3022627830505371
-4.967970848083496
17.240325927734375
-6.586221218109131
1.4698705673217773
-0.9164422750473022
-0.6733084917068481
-11.055046081542969
-1.6280680894851685
-0.24635225534439087
-6.828519821166992
-11.310356140136719
0.8605592250823975
-5.116748809814453
18.827621459960938
-6.457148551940918
1.1974822282791138
-1.7161191701889038
-1.1111735105514526
-12.070798873901367
-1.9374651908874512
-1.0482196807861328
-7.017317295074463
-12.58601188659668
1.9971553087234497
-5.302268981933594
20.395492553710938
-6.31247615814209
0.9293885231018066
-2.5522751808166504
-1.566391944885254
-13.153203964233398
-2.2162296772003174
-1.9410592317581177
-7.118310928344727
-13.975172996520996
