2
3
-2.8794894218444824
7.918626308441162
0.22679947316646576
7.678410530090332
0.6912514567375183
5.0500993728637695
8.157569885253906
-5.853279113769531
-3.6960742473602295
2.0905027389526367
-0.6118050813674927
2.3152546882629395
-2.689027786254883
7.908801555633545
0.3508080542087555
8.152709007263184
0.9656857252120972
4.684146881103516
8.485214233398438
-6.061589241027832
-3.283947229385376
2.611699104309082
-0.29116207361221313
3.230010509490967
-2.4769210815429688
7.944133758544922
0.4982105493545532
8.703110694885254
1.2800458669662476
4.3477582931518555
8.849187850952148
-6.187213897705078
-2.8783164024353027
3.09267520904541
0.03940218687057495
4.082245826721191
-2.2418129444122314
8.030444145202637
0.6638481616973877
9.332186698913574
1.686387538909912
3.9813289642333984
9.305299758911133
-6.318347930908203
-2.465827465057373
3.5219497680664062
0.4048258662223816
4.883686065673828
-1.9667781591415405
8.155335426330566
0.865949273109436
10.021088600158691
2.1513469219207764
3.6160056591033936
9.811211585998535
-6.39583683013916
-2.04457426071167
3.914477825164795
0.8013284206390381
5.654672622680664
-1.635285496711731
8.298229217529297
1.1304140090942383
10.752058029174805
2.65045166015625
3.278041124343872
10.340459823608398
-6.38298225402832
-1.5977678298950195
4.232427597045898
1.266526222229004
6.375583648681641
-1.266098976135254
8.46311092376709
1.422652006149292
11.541388511657715
3.1864185333251953
2.9678313732147217
10.903407096862793
-6.292245388031006
-1.1631073951721191
4.543907165527344
1.7378511428833008
7.121783256530762
-0.8573276400566101
8.641558647155762
1.742388129234314
12.372821807861328
3.7623066902160645
2.6856606006622314
11.505459785461426
-6.129576683044434
-0.7399595379829407
4.89361572265625
2.177154302597046
7.914656639099121
-0.4061640501022339
8.82125186920166
2.100653648376465
13.231714248657227
4.378190517425537
2.433924674987793
12.146729469299316
-5.894384384155273
-0.2860095500946045
5.190548896789551
2.5997350215911865
8.698022842407227
0.08428621292114258
9.019486427307129
2.4906527996063232
14.132794380187988
5.038018226623535
2.2161121368408203
12.836257934570312
-5.591319561004639
0.19450229406356812
5.483671188354492
3.0091731548309326
9.512556076049805
