2
3
-4.463115215301514
4.29859733581543
-6.947198867797852
-5.242425918579102
-9.685110092163086
7.133870601654053
-6.027811050415039
8.958324432373047
-7.7844367027282715
-6.738094329833984
-7.173129558563232
-1.4106237888336182
-5.029891014099121
3.605041265487671
-7.887805938720703
-6.017045974731445
-9.534544944763184
6.5424041748046875
-6.252671718597412
8.797981262207031
-7.7554192543029785
-6.083101272583008
-7.643594741821289
0.03433799743652344
-5.606264114379883
2.953653335571289
-8.759204864501953
-6.73220157623291
-9.428625106811523
5.977031230926514
-6.53189754486084
8.691300392150879
-7.7085490226745605
-5.338401794433594
-8.096720695495605
1.516965389251709
-6.214398384094238
2.351914167404175
-9.621550559997559
-7.324745178222656
-9.384198188781738
5.462643623352051
-6.873885154724121
8.680484771728516
-7.771665096282959
-4.684409141540527
-8.590814590454102
2.923049211502075
-6.860153675079346
1.765063762664795
-10.50764274597168
-7.8190178871154785
-9.44074821472168
5.012713432312012
-7.326283931732178
8.779424667358398
-7.868065357208252
-4.043982982635498
-9.089546203613281
4.264195442199707
-7.553794860839844
1.1889355182647705
-11.422614097595215
-8.207880973815918
-9.540308952331543
4.594625473022461
-7.865536212921143
8.919203758239746
-8.045459747314453
-3.4404916763305664
-9.753105163574219
5.435155868530273
-8.253446578979492
0.6376670598983765
-12.350558280944824
-8.544508934020996
-9.6886568069458
4.232119083404541
-8.493288040161133
9.115571022033691
-8.32217788696289
-2.867873191833496
-10.67404556274414
6.527732849121094
-8.971940994262695
0.07542693614959717
-13.270901679992676
-8.860278129577637
-9.880609512329102
3.973724842071533
-9.208130836486816
9.430960655212402
-8.6445894241333
-2.319542407989502
-11.680136680603027
7.673079490661621
-9.664888381958008
-0.5421656370162964
-14.130570411682129
-9.15598201751709
-10.10850715637207
3.8320260047912598
-10.005431175231934
9.957924842834473
-9.002656936645508
-1.7826390266418457
-12.76715087890625
8.886951446533203
-10.367170333862305
-1.1557223796844482
-15.008737564086914
-9.439906120300293
-10.373319625854492
3.7516698837280273
-10.875499725341797
10.651447296142578
-9.399669647216797
-1.2527189254760742
-13.947364807128906
10.171330451965332
