2
3
-1.6981260776519775
5.638121604919434
-6.590346813201904
7.845747947692871
8.348244667053223
-1.4673304557800293
0.9019978046417236
10.327342987060547
-1.6140456199645996
-0.6598864793777466
-6.863893985748291
8.712865829467773
-1.2855689525604248
5.260514736175537
-6.307679653167725
7.992157459259033
7.988853931427002
-0.8993878960609436
-0.22065293788909912
11.498348236083984
-1.1215884685516357
-0.19822055101394653
-6.6153178215026855
9.936397552490234
-0.8901978731155396
4.957264423370361
-6.059319496154785
8.243611335754395
7.590991497039795
-0.3188313841819763
-1.2358684539794922
12.660898208618164
-0.6737511157989502
0.2910791039466858
-6.44681978225708
11.237560272216797
-0.5078334212303162
4.7466607093811035
-5.847255706787109
8.623632431030273
7.223805904388428
0.23566627502441406
-2.0705008506774902
13.93835163116455
-0.2413821816444397
0.8209341168403625
-6.307421684265137
12.628103256225586
-0.13517749309539795
4.6269354820251465
-5.669495105743408
9.131791114807129
6.948845386505127
0.823275089263916
-2.8366761207580566
15.34874439239502
0.16914671659469604
1.4107707738876343
-6.19934606552124
14.092381477355957
0.22353434562683105
4.577706813812256
-5.523489952087402
9.746867179870605
6.734172821044922
1.5004481077194214
-3.5720300674438477
16.847808837890625
0.5645910501480103
2.0407893657684326
-6.1135125160217285
15.637862205505371
0.5701367855072021
4.610797882080078
-5.408614158630371
10.477666854858398
6.5343852043151855
2.2155404090881348
-4.326741695404053
18.450336456298828
0.9527829885482788
2.6993331909179688
-6.043231010437012
17.276554107666016
0.8991667628288269
4.7480854988098145
-5.332374572753906
11.334732055664062
6.381345748901367
3.024972438812256
-5.060688495635986
20.2786922454834
1.3273859024047852
3.3961615562438965
-6.0054450035095215
19.013656616210938
1.1932098865509033
5.0344977378845215
-5.327378749847412
12.375311851501465
6.22667121887207
3.888779640197754
-5.837012767791748
22.225847244262695
1.6104910373687744
4.235003471374512
-6.183285713195801
20.855693817138672
1.4767382144927979
5.41901159286499
-5.360546588897705
13.585298538208008
6.063842296600342
4.8041605949401855
-6.663674831390381
24.287113189697266
1.8812823295593262
5.076316833496094
-6.401795864105225
22.785015106201172
