2
3
6.20941162109375
-6.899949073791504
4.152318954467773
5.102215766906738
7.61558198928833
-2.797316312789917
-1.4795589447021484
-1.0210133790969849
2.561558723449707
2.5868282318115234
-1.6716117858886719
-5.816516876220703
7.029280185699463
-4.680631160736084
2.870961904525757
6.828190803527832
6.783758163452148
-2.673327922821045
-2.5327816009521484
-0.5616227984428406
2.628535747528076
1.1476044654846191
-0.2591301202774048
-7.866937160491943
7.594997882843018
-2.1579031944274902
1.3834195137023926
7.465795993804932
6.045864105224609
-2.3001723289489746
-2.9391298294067383
0.1147642731666565
2.918745517730713
-0.726294994354248
1.1103981733322144
-8.695544242858887
7.847609519958496
0.3081939220428467
-0.11297214031219482
7.44422721862793
5.532876968383789
-1.7196224927902222
-2.870922803878784
0.9282153248786926
3.4164607524871826
-2.7252910137176514
2.185065269470215
-8.315253257751465
7.722950458526611
2.3643996715545654
-1.6280020475387573
6.476336479187012
5.148509502410889
-1.160656452178955
-2.3840103149414062
1.5739109516143799
4.243645668029785
-4.374325275421143
2.848907470703125
-6.615944862365723
7.307327747344971
3.7466068267822266
-3.134340286254883
4.391610622406006
5.050946235656738
-0.5446240901947021
-1.865889549255371
2.2723515033721924
5.43499755859375
-5.256374359130859
2.8477797508239746
-3.1660821437835693
6.474132537841797
3.8548660278320312
-3.5635414123535156
1.6684041023254395
4.848057746887207
-0.28673112392425537
-1.3222708702087402
1.811302900314331
6.540097236633301
-5.210666179656982
2.1831414699554443
0.30660223960876465
5.753307342529297
3.131985664367676
-2.9805612564086914
-0.6691462993621826
5.002124786376953
-0.2776484787464142
-0.6471741795539856
1.177449345588684
7.217426776885986
-4.479210376739502
1.1952009201049805
3.5099096298217773
5.398413181304932
2.095187187194824
-2.3429226875305176
-2.310056686401367
5.218990802764893
-0.4145042896270752
-0.06890249252319336
1.2218528985977173
7.346802711486816
-2.9177868366241455
-0.05272722244262695
5.681213855743408
5.226513862609863
0.9894945621490479
-1.7431652545928955
-3.0465283393859863
5.544580936431885
-0.29467859864234924
0.28151077032089233
1.5299930572509766
7.327850818634033
-1.0871856212615967
-1.3011316061019897
7.045583724975586
