2
3
1.3682804107666016
-9.205704689025879
1.3969459533691406
-2.6289148330688477
7.545912742614746
-6.509390354156494
-5.690479755401611
4.839149475097656
-3.1091346740722656
2.7337934970855713
12.977083206176758
-21.335067749023438
1.4221794605255127
-7.648881912231445
1.9766571521759033
-0.35967111587524414
5.213761329650879
-3.348466396331787
-8.159442901611328
5.3405890464782715
-0.216569185256958
-0.49913954734802246
14.45979118347168
-22.96002960205078
1.8341819047927856
-5.286151885986328
1.8745028972625732
1.1734964847564697
2.946070671081543
-0.023458003997802734
-9.530385971069336
4.947484970092773
2.56671404838562
-3.870379686355591
14.990721702575684
-23.294235229492188
2.401104211807251
-2.975224494934082
1.4373095035552979
1.6135761737823486
0.8274440765380859
2.646585464477539
-9.003776550292969
3.24345064163208
5.369074821472168
-6.8181962966918945
14.039807319641113
-21.419719696044922
2.8832085132598877
-0.9419684410095215
0.8913205862045288
0.8846549987792969
-0.7939459085464478
3.962075710296631
-7.161962985992432
0.6621494293212891
7.882457733154297
-9.180742263793945
11.960989952087402
-17.908584594726562
2.846172332763672
0.2625112533569336
1.4224687814712524
-1.669419765472412
-1.602354884147644
4.63908576965332
-4.210298538208008
-2.8735523223876953
9.805567741394043
-10.632832527160645
8.982210159301758
-13.418367385864258
3.094564914703369
0.6571952104568481
2.339219331741333
-4.736412048339844
-1.2881155014038086
4.208443641662598
-0.44380998611450195
-6.515508651733398
10.804710388183594
-10.88985538482666
5.543885231018066
-8.9219970703125
3.604619026184082
0.3191770911216736
3.1172146797180176
-7.533924579620361
-0.5461890697479248
2.8848562240600586
2.9464375972747803
-10.015689849853516
10.676691055297852
-10.180865287780762
2.195199489593506
-5.146217346191406
4.038383483886719
-0.417625367641449
4.016927719116211
-9.963922500610352
0.7768769264221191
1.4381483793258667
5.702034950256348
-13.299334526062012
9.736563682556152
-9.01252269744873
-0.4055488109588623
-2.929281711578369
4.620553016662598
-1.714341640472412
5.199864387512207
-12.178300857543945
2.3416731357574463
-0.5795031785964966
7.820626735687256
-15.687021255493164
8.35082721710205
-7.055291652679443
-2.2191061973571777
-1.6586155891418457
