2
3
2.95082950592041
3.8857626914978027
-19.027067184448242
-9.213128089904785
-1.800199031829834
-9.682745933532715
9.645678520202637
1.0890235900878906
-2.4860990047454834
-0.7491135597229004
4.539822101593018
8.409806251525879
0.0674295425415039
2.1644413471221924
-20.887784957885742
-9.5879487991333
1.171745777130127
-7.793010234832764
8.017501831054688
6.08236026763916
-0.7014894485473633
1.342993974685669
4.1832475662231445
6.9434285163879395
-2.94685697555542
0.4235191345214844
-20.811744689941406
-9.754408836364746
3.5111899375915527
-5.098471641540527
4.987759590148926
9.448627471923828
1.094172716140747
2.802839756011963
2.754709005355835
5.728260517120361
-5.55147647857666
-1.3697510957717896
-19.30125617980957
-9.329110145568848
5.335577487945557
-1.714991569519043
0.2944297790527344
10.782546043395996
2.667930841445923
3.9446165561676025
0.022737979888916016
4.636833190917969
-7.480665683746338
-3.5422215461730957
-16.94219207763672
-7.5604424476623535
5.901603698730469
1.3409075736999512
-4.307791709899902
10.470111846923828
3.5680642127990723
4.504213333129883
-3.2798655033111572
3.125509262084961
-8.555093765258789
-4.717446327209473
-15.566017150878906
-4.821627140045166
5.409800052642822
3.717841625213623
-8.978641510009766
9.225401878356934
3.696730136871338
4.205323219299316
-6.541891098022461
1.3407678604125977
-8.974270820617676
-4.926410675048828
-14.725505828857422
-1.6101837158203125
4.142706871032715
5.30908203125
-13.834915161132812
7.119647026062012
3.164004325866699
3.2276575565338135
-9.446334838867188
0.2784242630004883
-9.491188049316406
-4.9257283210754395
-14.973130226135254
1.2274055480957031
2.3386802673339844
6.089487552642822
-18.504995346069336
4.6468610763549805
2.333075523376465
1.9401535987854004
-12.203252792358398
0.29050540924072266
-9.981820106506348
-4.563412666320801
-15.701436042785645
4.071276664733887
0.19077634811401367
5.952251434326172
-22.11202621459961
2.5445103645324707
0.9702985286712646
1.0353847742080688
-16.191204071044922
0.44018375873565674
-10.267656326293945
-3.57153058052063
-17.285242080688477
6.938931465148926
-2.031106948852539
5.381634712219238
-25.632648468017578
1.0985541343688965
-0.9313575029373169
0.07164961099624634
-20.384984970092773
1.1960443258285522
