2
3
1.3468482494354248
9.457132339477539
-13.55771255493164
-1.3003530502319336
-2.6702187061309814
-4.142621994018555
8.937798500061035
6.020474910736084
-5.880059719085693
-0.623787522315979
7.937674522399902
1.3158162832260132
-1.1643397808074951
8.921249389648438
-14.63485336303711
-3.442770481109619
-0.7793287038803101
-1.8568964004516602
7.461130142211914
8.863016128540039
-3.446601390838623
0.023044705390930176
8.152259826660156
4.17283821105957
-3.4584763050079346
8.039501190185547
-14.584439277648926
-4.628385543823242
1.0237021446228027
0.9721417427062988
5.077614784240723
11.191332817077637
-0.9901034832000732
1.405652642250061
6.885885715484619
7.205678939819336
-5.482629776000977
6.682221412658691
-13.587535858154297
-5.075684070587158
2.649383544921875
4.063835144042969
1.460336685180664
12.71225357055664
1.1090073585510254
3.2605772018432617
4.289063453674316
9.451922416687012
-7.045973777770996
4.676549434661865
-11.728998184204102
-4.145638465881348
3.3107943534851074
6.849330902099609
-1.9400091171264648
13.778642654418945
2.7052576541900635
5.550569534301758
0.45328712463378906
10.597184181213379
-7.950489044189453
2.9563374519348145
-9.572031021118164
-1.781787633895874
3.2991321086883545
9.358345031738281
-5.506235122680664
14.452138900756836
3.2804148197174072
7.491539001464844
-2.9292075634002686
11.688462257385254
-8.033279418945312
2.3396477699279785
-7.965517520904541
2.0290474891662598
2.575803279876709
11.431424140930176
-9.139436721801758
14.887906074523926
2.9256207942962646
9.228619575500488
-6.559864044189453
12.452969551086426
-7.974023818969727
2.056441307067871
-6.861271381378174
6.393774509429932
1.3103291988372803
12.97642993927002
-12.572553634643555
15.156379699707031
1.7797160148620605
10.685494422912598
-10.403280258178711
13.244213104248047
-7.524264335632324
2.516230583190918
-6.6513566970825195
11.504108428955078
-0.4344816207885742
14.286873817443848
-16.27315902709961
14.811925888061523
0.24196839332580566
11.645231246948242
-14.3237886428833
13.0714111328125
-7.075934410095215
3.943187952041626
-7.699421405792236
16.983720779418945
-2.340904474258423
14.549416542053223
-18.887332916259766
14.556686401367188
-1.8250603675842285
11.859408378601074
-17.503664016723633
13.622842788696289
