2
3
-0.5359103679656982
2.5602855682373047
9.058589935302734
5.912385940551758
-0.18806934356689453
7.859015464782715
-17.876483917236328
-3.1277544498443604
-9.058853149414062
-2.0543012619018555
-3.330434560775757
3.5077219009399414
2.0189261436462402
4.274404525756836
5.557286739349365
6.223082542419434
-3.0092341899871826
7.350595474243164
-18.840913772583008
-3.2321937084198
-7.755777835845947
-0.431182861328125
-0.879047155380249
6.937749862670898
3.380000352859497
5.496293067932129
0.656649112701416
6.55737829208374
-5.633053779602051
6.640253067016602
-18.999679565429688
-2.8344504833221436
-6.279596328735352
1.5114916563034058
-0.3248978853225708
9.890974998474121
3.5432636737823486
6.355193138122559
-5.370326519012451
6.882771015167236
-8.036930084228516
5.175276756286621
-17.55467414855957
-2.0101592540740967
-4.73238468170166
3.9740214347839355
-1.1136283874511719
11.703132629394531
2.516261339187622
7.0272369384765625
-10.747030258178711
7.447000503540039
-9.731710433959961
3.8005990982055664
-15.672322273254395
-0.27414894104003906
-3.436707019805908
6.649669647216797
-3.3261334896087646
12.623112678527832
0.5277330875396729
7.671953201293945
-15.19964599609375
8.230765342712402
-10.625632286071777
3.0578761100769043
-14.40828800201416
2.404961585998535
-2.817387342453003
8.795654296875
-5.854031562805176
12.327136039733887
-1.8284351825714111
8.215471267700195
-18.06296157836914
9.040526390075684
-11.439963340759277
2.8132925033569336
-13.931355476379395
5.6215620040893555
-2.7701354026794434
10.489457130432129
-8.749007225036621
11.632157325744629
-4.257781982421875
8.942065238952637
-20.83916664123535
10.091826438903809
-12.09659194946289
3.1487958431243896
-14.412744522094727
9.161355018615723
-3.2123236656188965
11.397109031677246
-12.40747356414795
10.663372039794922
-6.78341817855835
9.629814147949219
-23.827436447143555
11.190238952636719
-12.675443649291992
4.132582187652588
-15.80971908569336
12.961400985717773
-4.363051414489746
11.516684532165527
-16.501602172851562
10.48072338104248
-9.422694206237793
10.021037101745605
-26.79924964904785
12.886773109436035
-13.075170516967773
5.992984771728516
-18.558124542236328
17.010116577148438
-6.094879150390625
11.421883583068848
-21.51325035095215
11.685384750366211
