2
3
-2.114351272583008
-2.2022807598114014
-6.749701023101807
6.88752555847168
3.4311134815216064
5.626193046569824
-10.753035545349121
-14.089742660522461
-4.8610920906066895
-2.9756131172180176
2.234133243560791
2.9473912715911865
-2.810549259185791
0.3210446834564209
-6.22969913482666
7.682046890258789
1.945371150970459
2.9591920375823975
-13.594812393188477
-15.547126770019531
-3.0457093715667725
-0.759150505065918
2.8938000202178955
4.96734619140625
-3.1677310466766357
2.7833797931671143
-5.497702121734619
7.539558410644531
0.11599564552307129
0.08596110343933105
-15.609329223632812
-15.65185546875
-1.427008867263794
1.5191841125488281
2.6692161560058594
5.251568794250488
-3.2984800338745117
4.643606662750244
-4.6709394454956055
5.773890018463135
-1.9277522563934326
-2.521850109100342
-16.352020263671875
-14.049590110778809
-0.03952622413635254
3.4728145599365234
1.6821765899658203
3.355475902557373
-3.0582942962646484
6.084044933319092
-4.478219509124756
2.8139748573303223
-3.960031509399414
-4.541478157043457
-16.112293243408203
-11.264659881591797
1.1995000839233398
4.86321496963501
-0.9843242168426514
1.0503153800964355
-2.3744218349456787
6.768696308135986
-5.246665954589844
-0.7511425018310547
-5.757469177246094
-5.2022705078125
-15.10531997680664
-7.410721302032471
1.6210670471191406
5.280369281768799
-4.819889068603516
-1.7397236824035645
-1.7005716562271118
6.494179725646973
-7.168229103088379
-4.355787754058838
-7.203054428100586
-4.954750061035156
-15.845207214355469
-4.594385147094727
1.2515976428985596
4.874948024749756
-8.399423599243164
-4.114758491516113
-1.5882344245910645
5.323931694030762
-10.004878997802734
-7.84331750869751
-8.57380199432373
-4.333779811859131
-16.840866088867188
-2.2986040115356445
0.4449651837348938
4.0886101722717285
-11.411089897155762
-6.089268684387207
-2.1218273639678955
3.8308286666870117
-12.964035034179688
-10.318750381469727
-9.849739074707031
-3.6559247970581055
-18.1824951171875
-0.9472788572311401
-0.5436034202575684
3.483351707458496
-15.228429794311523
-7.771439552307129
-3.205111265182495
1.7827634811401367
-16.06629180908203
-12.121003150939941
-11.088929176330566
-2.840656042098999
-19.807151794433594
-0.2587581276893616
-1.9918944835662842
2.445570230484009
-19.147563934326172
-9.249197006225586
