2
3
4.66735315322876
4.087038993835449
-6.486567497253418
-4.245334625244141
1.850561261177063
5.697319030761719
-0.7437470555305481
1.893609642982483
-0.3443779945373535
3.1088452339172363
9.124128341674805
2.9613523483276367
2.848374843597412
3.3246374130249023
-7.063300609588623
-3.07627534866333
1.2998884916305542
5.7005228996276855
0.07045882940292358
1.0614300966262817
2.196047782897949
4.433600902557373
9.431282043457031
3.1380584239959717
1.1019411087036133
2.895033836364746
-6.475252151489258
-1.4798572063446045
1.2778863906860352
5.6916584968566895
1.2568767070770264
0.5912453532218933
4.664483547210693
5.762094020843506
8.217957496643066
2.690905809402466
-0.25511813163757324
2.9199202060699463
-4.752878189086914
0.3369182348251343
1.738882064819336
5.456139087677002
2.0956673622131348
0.0771561861038208
6.590950012207031
6.5726423263549805
5.912120342254639
1.7313716411590576
-0.8650116324424744
3.545095443725586
-2.534259796142578
1.8822404146194458
2.5119309425354004
5.271690845489502
2.5189719200134277
0.11616528034210205
7.315605640411377
6.613406181335449
3.117459297180176
0.5904397964477539
-1.037221908569336
4.085900783538818
-0.5699256658554077
2.9280166625976562
3.241011381149292
5.0688958168029785
2.1535699367523193
0.40412160754203796
6.926138401031494
6.04915189743042
1.5665783882141113
0.004157543182373047
-0.6257838010787964
4.830062389373779
1.3949564695358276
3.6192569732666016
3.4190080165863037
4.841678619384766
1.8573393821716309
0.907340407371521
6.179534912109375
5.356686592102051
-0.3645298480987549
0.05927163362503052
0.30581653118133545
5.6152729988098145
3.2134766578674316
3.8649396896362305
3.3522138595581055
4.549239158630371
1.409985065460205
1.5574458837509155
5.0029449462890625
4.761781692504883
-2.024553060531616
0.7139517664909363
1.5978012084960938
6.463489532470703
4.4427809715271
3.894286632537842
3.262599229812622
4.449151992797852
1.1861480474472046
2.426919460296631
3.7908358573913574
4.66795539855957
-2.931671619415283
1.8393034934997559
3.0939745903015137
7.200401306152344
4.823519706726074
3.900954484939575
3.2082369327545166
4.598294258117676
1.0812526941299438
3.5270047187805176
2.6196045875549316
4.869601249694824
-2.7869577407836914
3.199862241744995
