2
3
3.5365631580352783
-3.2480826377868652
-4.453310012817383
3.2363643646240234
9.535703659057617
0.8959667682647705
0.7759233713150024
10.3655424118042
2.8992810249328613
0.8802260160446167
-4.031125545501709
-10.635641098022461
3.803224563598633
-2.7824044227600098
-4.460411548614502
4.10078763961792
9.347003936767578
1.0972721576690674
0.22097349166870117
11.125767707824707
2.9959352016448975
0.18888700008392334
-3.6488988399505615
-11.716577529907227
4.041015148162842
-2.3152236938476562
-4.5244646072387695
4.998899936676025
9.149717330932617
1.3442375659942627
-0.3381161689758301
11.922480583190918
3.096597909927368
-0.4992821216583252
-3.2922494411468506
-12.796335220336914
4.249279499053955
-1.8626971244812012
-4.62885856628418
5.9316205978393555
8.957112312316895
1.5970622301101685
-0.8842331171035767
12.732110977172852
3.216592311859131
-1.1562581062316895
-2.9854319095611572
-13.841673851013184
4.430296421051025
-1.4408800601959229
-4.763631343841553
6.885652542114258
8.828657150268555
1.8826549053192139
-1.400600790977478
13.690716743469238
3.3483049869537354
-1.7961839437484741
-2.747791051864624
-14.84530258178711
4.5682373046875
-1.0785744190216064
-4.994346618652344
7.836962699890137
8.68402099609375
2.183208465576172
-1.9600948095321655
14.705625534057617
3.5190012454986572
-2.3950226306915283
-2.531156539916992
-15.732303619384766
4.662363052368164
-0.7593241333961487
-5.340793609619141
8.798666000366211
8.563905715942383
2.517611503601074
-2.523472309112549
15.851746559143066
3.708935022354126
-2.9614672660827637
-2.3362669944763184
-16.482177734375
4.738666534423828
-0.459524929523468
-5.744215965270996
9.788961410522461
8.452615737915039
2.878591537475586
-3.112903356552124
17.085033416748047
3.9090371131896973
-3.5025076866149902
-2.2096290588378906
-17.161977767944336
4.793193817138672
-0.1915416121482849
-6.207450866699219
10.788445472717285
8.329319953918457
3.2443292140960693
-3.7552759647369385
18.353092193603516
4.120419025421143
-4.0765700340271
-2.1161305904388428
-17.77065658569336
4.838553428649902
0.06321892142295837
-6.714147567749023
11.817761421203613
8.190591812133789
3.60945200920105
-4.454853057861328
19.647136688232422
4.324026107788086
-4.727872371673584
-2.059112071990967
-18.374710083007812
