2
3
-2.8532023429870605
1.9206429719924927
-9.483640670776367
1.6551553010940552
-6.4857001304626465
-0.35116952657699585
1.72760009765625
2.8885183334350586
4.5641021728515625
-1.560364842414856
9.01321792602539
1.8201560974121094
-2.807464599609375
1.696463704109192
-9.621652603149414
1.7946031093597412
-5.509710788726807
-0.2600472867488861
3.0731096267700195
3.148475170135498
4.644575119018555
-1.4621003866195679
8.778679847717285
2.4389867782592773
-2.7461602687835693
1.4953364133834839
-9.75681209564209
1.9764313697814941
-4.572415351867676
-0.14887017011642456
4.364664077758789
3.4130916595458984
4.695993900299072
-1.3044663667678833
8.492450714111328
3.0975818634033203
-2.6717453002929688
1.322453498840332
-9.892359733581543
2.2035906314849854
-3.674468517303467
-0.04855455458164215
5.606958389282227
3.674434185028076
4.704385757446289
-1.1137453317642212
8.158263206481934
3.817185878753662
-2.5964455604553223
1.188132405281067
-10.04163932800293
2.48638653755188
-2.8397140502929688
0.04286994785070419
6.750397682189941
3.9292314052581787
4.666086673736572
-0.9118740558624268
7.720733642578125
4.499585151672363
-2.5297977924346924
1.0988261699676514
-10.216383934020996
2.835191488265991
-2.0772409439086914
0.17494967579841614
7.7317280769348145
4.25607442855835
4.651992321014404
-0.6863738298416138
7.3047051429748535
5.188965797424316
-2.469402551651001
1.0580133199691772
-10.412552833557129
3.2654876708984375
-1.3591870069503784
0.3746131360530853
8.567717552185059
4.639742851257324
4.652847766876221
-0.4380747675895691
6.906162738800049
5.891743183135986
-2.4118964672088623
1.0675644874572754
-10.62564754486084
3.787733316421509
-0.669211745262146
0.6128665208816528
9.343507766723633
5.07846736907959
4.662325859069824
-0.1640492081642151
6.514617919921875
6.604439735412598
-2.345280885696411
1.116788387298584
-10.850849151611328
4.3858113288879395
-0.047356247901916504
0.8608381152153015
9.99945068359375
5.553902626037598
4.671327590942383
0.13529300689697266
6.113374710083008
7.3241777420043945
-2.2521424293518066
1.1882935762405396
-11.078633308410645
5.038105010986328
0.5134779214859009
1.1370009183883667
10.526732444763184
6.072968006134033
4.686816692352295
0.4575718641281128
5.725286483764648
8.059239387512207
