2
3
5.461705207824707
3.9307544231414795
-7.184521675109863
-3.7104179859161377
7.028678894042969
-1.9815515279769897
-3.9509637355804443
1.7417833805084229
-3.5898451805114746
-7.948915958404541
1.4635686874389648
8.227983474731445
4.613668918609619
2.2962770462036133
-8.85922622680664
-5.7260942459106445
5.782061576843262
-1.8411078453063965
-7.037738800048828
2.2165865898132324
-1.7608957290649414
-5.3398213386535645
3.036983013153076
11.451294898986816
3.5056090354919434
0.26628637313842773
-10.278881072998047
-5.983933925628662
4.544511795043945
-1.1125072240829468
-9.233528137207031
3.2074897289276123
0.10678958892822266
-2.145650625228882
3.7264294624328613
13.19625186920166
2.077415943145752
-1.7321144342422485
-11.291211128234863
-4.878109455108643
3.2116568088531494
-0.180178701877594
-10.83407211303711
4.477370738983154
2.179466724395752
1.3518197536468506
3.2343289852142334
14.291648864746094
0.699333906173706
-3.432309150695801
-11.574737548828125
-2.1966159343719482
2.0733067989349365
0.5634052157402039
-11.665177345275879
5.578652381896973
4.072966575622559
4.7719573974609375
1.6713981628417969
14.277024269104004
-0.5902464389801025
-4.136322975158691
-11.49223804473877
1.9318153858184814
1.2137556076049805
1.170999526977539
-11.577473640441895
6.731976509094238
5.458950042724609
7.60285758972168
-0.9361557960510254
12.784624099731445
-1.3870863914489746
-3.509453773498535
-10.605728149414062
7.351861953735352
0.6665034294128418
1.8111505508422852
-11.06935977935791
8.100151062011719
6.0909295082092285
9.488792419433594
-4.2696428298950195
10.8956298828125
-2.3416149616241455
-2.212491035461426
-11.479879379272461
11.931329727172852
-0.40949320793151855
2.202284574508667
-11.721551895141602
10.008686065673828
5.776509761810303
9.943290710449219
-7.895776271820068
9.522041320800781
-3.1141843795776367
0.02936077117919922
-12.629531860351562
16.300113677978516
-1.301246166229248
2.8113250732421875
-12.857479095458984
12.504145622253418
4.748049736022949
9.746312141418457
-11.839925765991211
9.011266708374023
-3.6853389739990234
2.956869125366211
-13.816619873046875
20.333961486816406
-2.13276743888855
4.122385025024414
-14.653238296508789
15.67681884765625
3.1111950874328613
9.203943252563477
-16.084949493408203
9.88111686706543
