2
3
-0.8360865712165833
3.342226505279541
-0.8687353134155273
-4.867759704589844
-2.3097784519195557
-1.6145007610321045
1.7086551189422607
-7.384798526763916
10.497419357299805
-3.17990779876709
-0.8681466579437256
-5.373175621032715
-0.26355844736099243
2.5615692138671875
1.3080739974975586
-7.478960037231445
-1.275007724761963
-2.3115007877349854
4.068463325500488
-7.792300224304199
8.679192543029785
-2.682802200317383
-4.969987869262695
-4.8074541091918945
0.6423143744468689
1.3025703430175781
2.886474609375
-9.682899475097656
0.32133960723876953
-2.8958287239074707
5.602446556091309
-8.13675594329834
6.410457611083984
-1.8764009475708008
-7.487186431884766
-4.475284576416016
1.6601967811584473
-0.1324925422668457
3.926624059677124
-11.168529510498047
2.055936336517334
-3.4671826362609863
6.269283294677734
-8.691718101501465
4.258966445922852
-0.9934581518173218
-8.242937088012695
-4.594887733459473
2.679196834564209
-1.6904430389404297
4.029450416564941
-12.207714080810547
3.8358259201049805
-3.755138874053955
5.74129056930542
-8.883341789245605
2.4108633995056152
-0.4838021397590637
-7.5763325691223145
-5.590761184692383
3.5593652725219727
-3.3217310905456543
4.028561115264893
-12.861990928649902
5.134185791015625
-3.9265832901000977
4.807223796844482
-9.556885719299316
1.093012809753418
-0.2801276743412018
-5.731518745422363
-7.139808654785156
4.358741760253906
-4.761384963989258
3.8686482906341553
-13.527077674865723
5.961208820343018
-4.117688179016113
3.45078182220459
-10.652389526367188
0.4801216125488281
-0.5724605917930603
-3.412606954574585
-9.257810592651367
5.034005165100098
-5.981751441955566
3.4973905086517334
-14.216139793395996
6.304351329803467
-4.580067157745361
2.200672149658203
-12.184244155883789
0.3449161946773529
-1.3132398128509521
-1.5306711196899414
-12.1175537109375
5.633139610290527
-6.83043098449707
2.9467403888702393
-15.787249565124512
6.331426620483398
-5.223025321960449
1.362864375114441
-14.175119400024414
0.5014984607696533
-2.542422294616699
0.13096380233764648
-15.745248794555664
5.84843635559082
-7.805262088775635
2.440704822540283
-17.677000045776367
5.959609508514404
-6.113020420074463
0.6064138412475586
-16.77054214477539
1.0154513120651245
-4.049325942993164
1.759124755859375
-19.97150421142578
