2
3
-7.957437515258789
6.484357833862305
5.794203758239746
-1.8974864482879639
7.7319159507751465
1.3612488508224487
-3.5359010696411133
-5.396900653839111
-8.797181129455566
-1.7757543325424194
-8.523845672607422
-5.015979766845703
-7.1884589195251465
5.7662506103515625
7.390140533447266
-2.944582939147949
6.630016803741455
1.0555776357650757
-5.523027420043945
-5.222384929656982
-8.263188362121582
-1.8845441341400146
-7.763298034667969
-4.394616603851318
-6.501954555511475
5.05519437789917
8.877117156982422
-3.970210075378418
5.55838680267334
0.7552451491355896
-7.396378517150879
-5.093948841094971
-7.776688575744629
-1.971591591835022
-7.075155735015869
-3.7926273345947266
-5.897993564605713
4.364616394042969
10.243746757507324
-4.963956832885742
4.496273040771484
0.4942006468772888
-9.228422164916992
-5.031712532043457
-7.332037925720215
-2.0305330753326416
-6.4549174308776855
-3.2067904472351074
-5.362351417541504
3.68697452545166
11.502774238586426
-5.944798946380615
3.4815473556518555
0.21593648195266724
-10.923784255981445
-5.032009601593018
-6.934680938720703
-2.0672037601470947
-5.905276298522949
-2.638850212097168
-4.665853023529053
2.9570305347442627
13.009321212768555
-7.029080867767334
2.4674055576324463
-0.1081705093383789
-12.51036262512207
-5.1502685546875
-6.580479621887207
-2.085587501525879
-5.419544696807861
-2.096869945526123
-3.9135966300964355
2.205925464630127
14.591211318969727
-8.11487865447998
1.419823169708252
-0.45597973465919495
-14.050702095031738
-5.3087968826293945
-6.257458209991455
-2.0795485973358154
-4.986607074737549
-1.5941627025604248
-3.120375633239746
1.4511849880218506
16.207311630249023
-9.174520492553711
0.39725470542907715
-0.7796971797943115
-15.548990249633789
-5.457686424255371
-5.981345176696777
-2.0554611682891846
-4.63353967666626
-1.1590667963027954
-2.27876615524292
0.6963968276977539
17.87523078918457
-10.207014083862305
-0.6110012531280518
-1.1398733854293823
-17.088821411132812
-5.756377696990967
-5.788317680358887
-2.038736343383789
-4.443763256072998
-0.8514392971992493
-1.3565880060195923
-0.09947562217712402
19.608875274658203
-11.255996704101562
-1.638303518295288
-1.4943205118179321
-18.89879608154297
-6.2314653396606445
-5.697744369506836
-2.018057346343994
-4.478675365447998
-0.6536536812782288
