2
3
-7.63491153717041
-8.194342613220215
-7.6842217445373535
-5.25839376449585
4.968861103057861
-7.232496738433838
-0.7641820907592773
0.9305991530418396
-0.7746187448501587
3.3257994651794434
-9.545186042785645
4.610124588012695
-7.023449897766113
-8.067547798156738
-6.9179277420043945
-4.457547187805176
4.266910076141357
-7.074093341827393
-2.0278382301330566
1.7769800424575806
-1.2332843542099
2.6692779064178467
-10.550228118896484
4.133703708648682
-6.445208549499512
-7.8691020011901855
-6.23374605178833
-3.6176888942718506
3.6010072231292725
-6.907780647277832
-3.217219829559326
2.5715208053588867
-1.7261205911636353
2.022773504257202
-11.614242553710938
3.658670663833618
-5.915922164916992
-7.650904178619385
-5.621222972869873
-2.772538185119629
2.970385789871216
-6.726419448852539
-4.340806007385254
3.3170206546783447
-2.241199493408203
1.3971037864685059
-12.723896026611328
3.191225528717041
-5.444055080413818
-7.4495439529418945
-5.06852388381958
-1.933491587638855
2.359652280807495
-6.533576965332031
-5.429188251495361
4.0095415115356445
-2.76509165763855
0.9175231456756592
-13.862529754638672
3.003333568572998
-5.0491437911987305
-7.2415971755981445
-4.631387710571289
-1.0908937454223633
1.7669806480407715
-6.3391828536987305
-6.49281120300293
4.658103942871094
-3.310368537902832
0.4393272399902344
-15.063323020935059
2.839925765991211
-4.726544380187988
-7.012483596801758
-4.318081378936768
-0.24817490577697754
1.2106103897094727
-6.1234660148620605
-7.566762924194336
5.326778411865234
-3.871215343475342
-0.047195494174957275
-16.31407928466797
2.6639280319213867
-4.444895267486572
-6.749103546142578
-4.092309951782227
0.5840307474136353
0.6198477149009705
-5.924703121185303
-8.758218765258789
5.943336486816406
-4.324113845825195
-0.5065760612487793
-17.341487884521484
2.5461480617523193
-4.193527698516846
-6.4740800857543945
-3.913705825805664
1.3825273513793945
0.01689702272415161
-5.703825950622559
-10.018817901611328
6.616935729980469
-4.718633651733398
-0.9773690104484558
-18.323104858398438
2.4434568881988525
-3.991729259490967
-6.206677436828613
-3.792843818664551
2.133530855178833
-0.5997782349586487
-5.4425153732299805
-11.34109878540039
7.439313888549805
-5.1386027336120605
-1.4095224142074585
-19.340858459472656
2.410315990447998
