2
3
-9.52486515045166
7.154725551605225
-4.674413681030273
-1.3932571411132812
-5.689068794250488
-2.744767427444458
-4.892577171325684
7.918664455413818
-5.584605693817139
-4.294425964355469
-8.321310043334961
4.679436683654785
-9.564940452575684
6.311330318450928
-4.559760093688965
-2.6141786575317383
-5.801367282867432
-2.2973783016204834
-5.440178394317627
9.023908615112305
-5.836185455322266
-3.6915409564971924
-9.002801895141602
6.024110794067383
-9.602394104003906
5.462214469909668
-4.378275394439697
-3.9132025241851807
-5.960339546203613
-1.8575646877288818
-6.097237586975098
10.110421180725098
-6.116601467132568
-3.125767230987549
-9.760329246520996
7.266604423522949
-9.638367652893066
4.627567291259766
-4.116539478302002
-5.259101867675781
-6.146026134490967
-1.4013538360595703
-6.8216376304626465
11.274421691894531
-6.451326847076416
-2.568610191345215
-10.730539321899414
8.43753719329834
-9.723859786987305
3.8596153259277344
-3.896984815597534
-6.518599510192871
-6.354720115661621
-0.9338736534118652
-7.605183124542236
12.514386177062988
-6.791891574859619
-2.0141420364379883
-11.737174034118652
9.674400329589844
-9.853178024291992
3.1214423179626465
-3.7425436973571777
-7.713799476623535
-6.587549209594727
-0.4556043744087219
-8.450904846191406
13.832245826721191
-7.179301738739014
-1.463200569152832
-12.850381851196289
10.986763000488281
-9.984797477722168
2.3809094429016113
-3.584469795227051
-8.901945114135742
-6.853859901428223
0.018229246139526367
-9.37265682220459
15.218053817749023
-7.597707748413086
-0.9073611497879028
-14.062735557556152
12.39465045928955
-10.10776424407959
1.6481804847717285
-3.437563180923462
-10.089871406555176
-7.148545265197754
0.48339492082595825
-10.366859436035156
16.665361404418945
-7.987311363220215
-0.36179298162460327
-15.301607131958008
13.905560493469238
-10.224422454833984
0.9263819456100464
-3.312227725982666
-11.252069473266602
-7.469417572021484
0.9550138115882874
-11.427116394042969
18.182056427001953
-8.379961013793945
0.19087225198745728
-16.607521057128906
15.522283554077148
-10.333053588867188
0.2332298755645752
-3.2310426235198975
-12.372958183288574
-7.831116199493408
1.4360591173171997
-12.575750350952148
19.773700714111328
-8.783198356628418
0.7469518780708313
-17.98158836364746
17.249666213989258
