2
3
1.8548709154129028
-2.940438747406006
7.768651008605957
18.829374313354492
-6.606263160705566
5.640182971954346
7.7327985763549805
-0.0534326434135437
8.290876388549805
5.578519344329834
-4.046586513519287
6.213301181793213
3.1024723052978516
1.8978924751281738
5.935582160949707
21.535703659057617
-4.35675048828125
4.592658042907715
10.772254943847656
1.0802361965179443
5.783575057983398
5.695803642272949
-6.985742568969727
6.545507431030273
4.124144077301025
6.89414644241333
3.7329108715057373
22.792978286743164
-1.5259881019592285
3.9627671241760254
12.637273788452148
3.9053680896759033
3.245614528656006
6.275452136993408
-8.785648345947266
7.896853446960449
4.787761211395264
11.545927047729492
1.5042908191680908
22.570512771606445
1.5256366729736328
3.901777505874634
12.723849296569824
7.921597480773926
0.9001908302307129
6.784115314483643
-8.59961986541748
10.033801078796387
5.180521488189697
14.874456405639648
-0.09734857082366943
22.354373931884766
4.519781589508057
4.6791534423828125
10.951295852661133
12.44301700592041
-0.7565751075744629
7.243658542633057
-6.676023006439209
12.863825798034668
5.202929973602295
17.34327507019043
-0.991202712059021
22.499656677246094
7.0647149085998535
6.33725118637085
8.30131721496582
17.22406768798828
-1.9237216711044312
7.893312454223633
-3.675436496734619
15.142731666564941
5.0726728439331055
19.346132278442383
-2.3375978469848633
22.905746459960938
8.7565279006958
8.879192352294922
4.940349578857422
21.95176887512207
-2.2202954292297363
9.226391792297363
-1.3962633609771729
18.56828498840332
4.810845851898193
21.21480941772461
-3.8001177310943604
24.34329605102539
9.573158264160156
12.354166030883789
1.1250858306884766
26.50105094909668
-1.4460023641586304
11.050466537475586
0.21398639678955078
23.461088180541992
4.442325115203857
22.526357650756836
-4.885398864746094
26.439544677734375
9.451473236083984
15.938549041748047
-3.0388102531433105
31.376569747924805
0.03783977031707764
13.766194343566895
0.866336464881897
29.42218017578125
4.184821128845215
24.02130699157715
-6.058201789855957
30.003780364990234
8.661781311035156
19.67438507080078
-7.16102933883667
37.14775848388672
1.8556602001190186
18.123416900634766
-0.04539215564727783
36.90446853637695
