2
3
8.701700210571289
-1.8642964363098145
3.5903491973876953
9.44532585144043
-1.613970160484314
7.655017852783203
2.001962423324585
-7.958871841430664
-1.7131438255310059
1.4235965013504028
9.193943977355957
-0.32375073432922363
8.581437110900879
-1.1021449565887451
2.734400749206543
11.006871223449707
-1.0749595165252686
6.678676605224609
3.339892625808716
-9.615734100341797
-0.8389815092086792
1.516741156578064
10.276174545288086
0.12375050783157349
8.426214218139648
-0.3916282653808594
1.8326104879379272
12.428638458251953
-0.5857839584350586
5.762304306030273
4.537213325500488
-11.153093338012695
0.013300895690917969
1.6802096366882324
11.27938175201416
0.6004132032394409
8.287100791931152
0.28303849697113037
1.06333589553833
13.785823822021484
-0.04257678985595703
4.825299263000488
5.74075984954834
-12.702990531921387
0.9611533880233765
1.8061281442642212
12.48032283782959
1.0225419998168945
8.217039108276367
0.9535446166992188
0.5654262900352478
15.28021240234375
0.524978756904602
3.8650426864624023
6.908923625946045
-14.277546882629395
1.920947790145874
1.9536213874816895
13.688329696655273
1.4409672021865845
8.163118362426758
1.6243069171905518
0.0784711241722107
16.843841552734375
1.1185872554779053
2.811605930328369
8.067132949829102
-15.921768188476562
2.917868137359619
2.063760280609131
14.975068092346191
1.8425605297088623
8.170636177062988
2.3464744091033936
-0.34383195638656616
18.433441162109375
1.7590264081954956
1.774552583694458
9.232633590698242
-17.519861221313477
3.8986291885375977
2.14744234085083
16.283599853515625
2.228044033050537
8.150142669677734
2.997291088104248
-0.8137936592102051
19.981523513793945
2.455742120742798
0.7879799008369446
10.396674156188965
-18.991191864013672
4.850344657897949
2.2016167640686035
17.6221923828125
2.5965771675109863
8.131937026977539
3.5846996307373047
-1.314031720161438
21.50724220275879
3.208996295928955
-0.21867960691452026
11.650312423706055
-20.392099380493164
5.82039213180542
2.1845815181732178
19.069412231445312
2.948007345199585
8.207125663757324
4.235191345214844
-1.7399872541427612
23.25029754638672
3.995124578475952
-1.2011330127716064
12.979143142700195
-21.607725143432617
6.785284042358398
2.117692708969116
20.572771072387695
3.2603087425231934
