2
3
5.045105457305908
-1.2463479042053223
-9.607963562011719
2.178725242614746
1.2628729343414307
7.403042316436768
9.313950538635254
-5.664361000061035
-0.7753994464874268
5.171267509460449
-3.397341728210449
2.5618343353271484
2.6651623249053955
1.3234670162200928
-10.429683685302734
4.694341659545898
3.849956750869751
6.7385149002075195
8.072994232177734
-6.256585121154785
-0.7997936010360718
5.70164680480957
-1.323521375656128
1.583579421043396
0.5501220226287842
3.7410695552825928
-9.910237312316895
6.6238603591918945
5.793830871582031
5.48641300201416
5.831711292266846
-5.6247711181640625
-0.26125019788742065
6.252930164337158
0.10387563705444336
0.9108180999755859
-1.024958610534668
5.970196723937988
-9.865721702575684
7.9655938148498535
6.971551895141602
4.312295913696289
2.6730899810791016
-3.9161300659179688
0.8642547726631165
6.5762834548950195
0.6868802309036255
0.29851341247558594
-2.1277995109558105
8.062201499938965
-9.229430198669434
8.599337577819824
7.11491060256958
3.5405921936035156
-0.5718815326690674
-1.591651439666748
2.0415120124816895
6.460879802703857
0.21899402141571045
0.48256292939186096
-2.7091152667999268
9.753189086914062
-7.8210906982421875
8.519335746765137
6.606039047241211
3.294806718826294
-4.182000160217285
1.4650325775146484
3.007094383239746
6.214656829833984
-1.2221323251724243
1.4987804889678955
-2.8216209411621094
10.9852933883667
-6.49697208404541
8.041313171386719
5.391144752502441
3.937483549118042
-7.645287036895752
4.822058200836182
3.535943031311035
5.999147415161133
-3.2185468673706055
3.2084906101226807
-2.8392107486724854
11.773953437805176
-5.770725727081299
7.6299920082092285
3.901811361312866
5.176638603210449
-10.187983512878418
7.531965255737305
3.377131462097168
5.8501691818237305
-5.239804267883301
5.203199863433838
-2.4841525554656982
12.087301254272461
-5.488855838775635
7.220344543457031
2.070034980773926
6.686341762542725
-12.253437042236328
9.82972526550293
2.7606847286224365
6.096590995788574
-7.335975170135498
7.442459583282471
-1.9766391515731812
12.051868438720703
-5.754696369171143
7.282942295074463
0.3410806655883789
8.401212692260742
-14.116164207458496
11.746611595153809
1.7519859075546265
6.906071186065674
-9.592432022094727
9.766958236694336
