2
3
-1.5990076065063477
-8.868709564208984
-0.0832740068435669
4.546694278717041
-7.750757694244385
4.787252426147461
-8.040992736816406
4.651762962341309
-7.697879791259766
-0.20762711763381958
10.38724422454834
-3.3699264526367188
-1.708235502243042
-7.890350818634033
-0.7577171921730042
6.319680213928223
-7.789528846740723
4.215354919433594
-8.321877479553223
4.394704341888428
-6.943732738494873
-0.5487473011016846
11.341025352478027
-3.555981159210205
-1.839288592338562
-6.94064998626709
-1.4636931419372559
7.99351692199707
-7.810613632202148
3.673628091812134
-8.571097373962402
4.17796516418457
-6.205636024475098
-0.8284631967544556
12.265486717224121
-3.647770404815674
-1.9953382015228271
-6.027965545654297
-2.1919569969177246
9.560198783874512
-7.849068641662598
3.1773297786712646
-8.851838111877441
4.0181660652160645
-5.514605522155762
-1.002132534980774
13.103580474853516
-3.593550682067871
-2.158688545227051
-5.1409220695495605
-2.914055347442627
11.04397201538086
-7.897128105163574
2.7249622344970703
-9.163581848144531
3.9147756099700928
-4.8227033615112305
-1.1488685607910156
13.926223754882812
-3.4539449214935303
-2.304379463195801
-4.268191337585449
-3.531416654586792
12.562934875488281
-7.955580234527588
2.31964373588562
-9.509797096252441
3.8738882541656494
-4.006000995635986
-1.3443481922149658
14.978767395019531
-3.3356215953826904
-2.436441659927368
-3.4069035053253174
-4.125175952911377
14.123659133911133
-8.018815994262695
1.9637682437896729
-9.88856315612793
3.900252103805542
-3.1090211868286133
-1.53184974193573
16.174306869506836
-3.1823644638061523
-2.5391557216644287
-2.5797159671783447
-4.682546138763428
15.763165473937988
-8.080832481384277
1.6648101806640625
-10.297091484069824
4.005136489868164
-2.1883511543273926
-1.6994799375534058
17.401119232177734
-2.9572525024414062
-2.609813690185547
-1.7543981075286865
-5.209193229675293
17.501794815063477
-8.140237808227539
1.461255669593811
-10.725130081176758
4.24741792678833
-1.2395185232162476
-1.8517554998397827
18.651966094970703
-2.6861343383789062
-2.6343703269958496
-0.9664820432662964
-5.702863693237305
19.27979278564453
-8.084383964538574
1.3086894750595093
-11.029791831970215
4.603544235229492
-0.2595694065093994
-1.983648657798767
19.924606323242188
-2.366389274597168
