2
3
5.237949371337891
6.744421005249023
-8.861283302307129
-8.16829776763916
2.5392112731933594
2.499042272567749
8.304174423217773
-7.793528079986572
2.8314194679260254
-2.187373161315918
-8.235916137695312
2.5515480041503906
4.500905513763428
5.824922561645508
-9.666437149047852
-9.70024585723877
3.151873826980591
2.003478527069092
9.330535888671875
-8.312201499938965
2.7460451126098633
-1.6797165870666504
-8.763577461242676
3.5927867889404297
3.714362621307373
4.8916730880737305
-10.509453773498535
-11.216779708862305
3.8200414180755615
1.4711389541625977
10.393543243408203
-8.836429595947266
2.5895349979400635
-1.1630786657333374
-9.513766288757324
4.5502238273620605
2.9404332637786865
3.947119951248169
-11.332681655883789
-12.773193359375
4.482791900634766
0.957619309425354
11.383859634399414
-9.297540664672852
2.3845489025115967
-0.7096570730209351
-10.33294677734375
5.503960132598877
2.207289457321167
2.9640822410583496
-12.101476669311523
-14.37752914428711
5.125515460968018
0.43358802795410156
12.305623054504395
-9.754904747009277
2.1753807067871094
-0.3236294686794281
-11.144712448120117
6.458494186401367
1.5899786949157715
1.9465229511260986
-12.719573974609375
-15.974876403808594
5.769014358520508
-0.14287352561950684
13.214792251586914
-10.242616653442383
1.9803073406219482
-0.008826524019241333
-11.85081672668457
7.442611217498779
1.035938024520874
0.9048265218734741
-13.255838394165039
-17.60215950012207
6.4122772216796875
-0.7527396082878113
14.118257522583008
-10.766317367553711
1.717497706413269
0.2814169228076935
-12.654141426086426
8.467726707458496
0.5416419506072998
-0.1321730613708496
-13.755366325378418
-19.245548248291016
7.054213523864746
-1.4011008739471436
15.015907287597656
-11.33322525024414
1.4797569513320923
0.4950326681137085
-13.471250534057617
9.499466896057129
0.09839573502540588
-1.1781673431396484
-14.210107803344727
-20.898881912231445
7.7022223472595215
-2.093545436859131
15.910721778869629
-11.937814712524414
1.244168758392334
0.6732836961746216
-14.30505657196045
10.579237937927246
-0.29366278648376465
-2.2380099296569824
-14.583115577697754
-22.488277435302734
8.366288185119629
-2.816704273223877
16.80770492553711
-12.532515525817871
1.0196245908737183
0.8193324208259583
-15.145374298095703
11.702999114990234
