2
3
0.7578285932540894
1.3722124099731445
5.607173919677734
3.2673046588897705
0.560544490814209
-2.498540163040161
11.324260711669922
-1.5207340717315674
3.859482526779175
-4.22197961807251
-0.11234486103057861
11.829822540283203
1.5807936191558838
1.0085010528564453
6.73898983001709
2.4501700401306152
2.7159814834594727
-3.357174873352051
11.674379348754883
0.6520099639892578
2.9019055366516113
-1.0698838233947754
-0.744542121887207
12.949280738830566
2.383457660675049
0.23523330688476562
7.539134502410889
2.7458722591400146
4.754995346069336
-3.707740545272827
11.10197925567627
3.8569812774658203
2.07196044921875
1.7065722942352295
-0.34546351432800293
12.761383056640625
3.3849830627441406
-0.26962709426879883
7.948133945465088
4.041182041168213
6.389720439910889
-3.1590793132781982
10.06192398071289
7.120257377624512
1.4342153072357178
3.535688877105713
1.3863801956176758
11.607393264770508
4.442815780639648
-0.40032896399497986
8.319299697875977
6.235846042633057
7.446630954742432
-1.8576322793960571
8.794325828552246
9.664796829223633
1.470833420753479
4.661435127258301
3.7291407585144043
10.67789363861084
5.483645439147949
-0.014739573001861572
8.401165008544922
8.98685359954834
7.873318195343018
-0.37106525897979736
7.849246978759766
11.587471961975098
2.1510751247406006
5.913370132446289
5.776647567749023
10.58205795288086
6.388528347015381
0.8085667490959167
8.8972749710083
11.926786422729492
8.15041732788086
1.2588258981704712
7.607118129730225
13.566204071044922
3.397355556488037
6.908185958862305
7.910906791687012
11.438286781311035
7.544695854187012
2.48417592048645
9.520733833312988
15.527031898498535
8.589111328125
3.313088893890381
7.553958415985107
16.36223030090332
5.007916450500488
7.8434672355651855
9.937909126281738
12.994054794311523
8.865643501281738
4.9555158615112305
10.025615692138672
19.346153259277344
9.274051666259766
5.806295394897461
7.654881954193115
19.91999053955078
7.002824783325195
8.966763496398926
11.758620262145996
15.566519737243652
10.316831588745117
7.96234130859375
10.389638900756836
23.50930404663086
10.03238296508789
8.6768798828125
7.860189437866211
23.965587615966797
9.260976791381836
10.326016426086426
13.209494590759277
19.32869529724121
