2
3
0.5643270015716553
1.8607826232910156
-3.1189160346984863
-8.046717643737793
4.032388687133789
1.2009150981903076
0.7655743360519409
-6.962949752807617
5.260190010070801
6.651614665985107
1.134291172027588
5.575405120849609
0.7516319751739502
1.5734286308288574
-2.851802349090576
-8.265047073364258
4.092750549316406
1.0971885919570923
0.6657599806785583
-6.722273349761963
5.174138069152832
6.464618682861328
0.9341151118278503
5.689027309417725
0.9510915279388428
1.296180009841919
-2.586653709411621
-8.452332496643066
4.145431995391846
1.0073492527008057
0.5559116005897522
-6.478734970092773
5.092844486236572
6.29930305480957
0.7106883525848389
5.814600944519043
1.15513277053833
1.033311128616333
-2.3371150493621826
-8.606685638427734
4.191325664520264
0.9318459033966064
0.43739259243011475
-6.232889175415039
5.007794380187988
6.139224529266357
0.47575896978378296
5.9448137283325195
1.3528015613555908
0.776566743850708
-2.113673686981201
-8.754172325134277
4.230337619781494
0.8642978668212891
0.31318023800849915
-5.9871134757995605
4.921455383300781
5.994991302490234
0.22592106461524963
6.087098598480225
1.542433261871338
0.5254247784614563
-1.9207165241241455
-8.895705223083496
4.262697219848633
0.7997856140136719
0.18613332509994507
-5.742217540740967
4.830959320068359
5.866300106048584
-0.0439373254776001
6.241529941558838
1.7254936695098877
0.2822769582271576
-1.7612342834472656
-9.024164199829102
4.289572715759277
0.7392047047615051
0.05742986500263214
-5.497185707092285
4.7344465255737305
5.750467777252197
-0.33635833859443665
6.411407947540283
1.8994792699813843
0.045510947704315186
-1.6359410285949707
-9.140554428100586
4.311291694641113
0.6845027208328247
-0.07413284480571747
-5.250180721282959
4.635246753692627
5.650204181671143
-0.64997398853302
6.615660190582275
2.057795763015747
-0.1909230351448059
-1.5449011325836182
-9.25527572631836
4.32774019241333
0.6383934020996094
-0.2110600620508194
-4.998603343963623
4.541584491729736
5.576239109039307
-0.9792882800102234
6.887898921966553
2.1995019912719727
-0.4390844702720642
-1.4799431562423706
-9.368592262268066
4.338514804840088
0.6029009819030762
-0.3558316230773926
-4.739103317260742
4.448878288269043
5.525797367095947
-1.3270527124404907
7.219906330108643
