2
3
-2.628330945968628
-3.464998722076416
-14.050189018249512
12.618182182312012
-6.262852668762207
3.5082404613494873
7.581094741821289
-13.705779075622559
-5.770917892456055
8.582388877868652
7.439452648162842
-0.3981592655181885
-5.513854026794434
1.4306912422180176
-15.643147468566895
15.747682571411133
-4.346566200256348
1.2513365745544434
7.691775321960449
-11.947650909423828
-3.561471939086914
8.747543334960938
6.331836700439453
-3.6212143898010254
-8.127449035644531
5.9398064613342285
-17.20577049255371
17.48040771484375
-2.160306453704834
-0.17041826248168945
6.117624759674072
-8.25212574005127
-1.8441216945648193
7.769150733947754
4.179600715637207
-5.324837684631348
-10.388092041015625
10.098682403564453
-17.755373001098633
17.918725967407227
-0.22211217880249023
-0.7701438665390015
3.2238073348999023
-3.81716251373291
-0.6383686065673828
6.200816631317139
1.3249144554138184
-4.715731620788574
-12.11617660522461
13.606254577636719
-17.410795211791992
17.365270614624023
1.0960479974746704
-0.47699642181396484
-1.0955133438110352
1.49566650390625
0.1869511604309082
4.9544291496276855
-2.3515067100524902
-2.2481250762939453
-13.089170455932617
15.783342361450195
-15.644098281860352
15.278162002563477
1.3913682699203491
1.0594873428344727
-6.512277603149414
6.998305797576904
0.5526800155639648
4.3266472816467285
-7.311407089233398
2.2382068634033203
-14.103896141052246
16.468454360961914
-14.210888862609863
13.896961212158203
0.672037661075592
3.5103020668029785
-12.124862670898438
11.724760055541992
0.02162313461303711
4.465841293334961
-12.359498977661133
7.402717113494873
-14.352448463439941
17.201974868774414
-14.0595064163208
13.536079406738281
-1.0966851711273193
5.786907196044922
-17.582948684692383
15.667021751403809
-1.6129484176635742
5.14739990234375
-17.04451560974121
12.318431854248047
-14.310587882995605
17.49376678466797
-14.53610610961914
13.955330848693848
-3.3589577674865723
8.43386173248291
-22.817842483520508
19.150758743286133
-3.677443027496338
6.692694664001465
-21.562091827392578
16.977144241333008
-14.286185264587402
17.630382537841797
-16.08694839477539
15.407713890075684
-5.5715861320495605
11.45451545715332
-28.719465255737305
23.194225311279297
-5.976315498352051
9.25876235961914
-27.68413734436035
22.20053482055664
