2
3
0.11518639326095581
0.3118129372596741
-0.4201089143753052
3.725691080093384
-2.0322511196136475
-0.45525118708610535
-5.336114883422852
-8.79529094696045
-7.489058494567871
-6.839820384979248
5.75132942199707
-9.211166381835938
-0.397030234336853
-0.08136248588562012
-1.0751965045928955
3.487309455871582
-2.4475808143615723
-1.089826226234436
-5.79236364364624
-9.791239738464355
-6.650795936584473
-6.952518939971924
6.7392096519470215
-9.027373313903809
-0.8498296737670898
-0.4557449221611023
-1.669105052947998
3.236356735229492
-2.866878032684326
-1.7657155990600586
-6.221869945526123
-10.872455596923828
-5.855464935302734
-7.1435956954956055
7.701725006103516
-8.921847343444824
-1.2815115451812744
-0.8171055316925049
-2.2495741844177246
2.936666488647461
-3.2862226963043213
-2.4749717712402344
-6.644135475158691
-12.002870559692383
-5.087614059448242
-7.350793838500977
8.665616035461426
-8.83813190460205
-1.6398581266403198
-1.155179738998413
-2.8538708686828613
2.6935267448425293
-3.6795551776885986
-3.2210755348205566
-7.032968044281006
-13.137368202209473
-4.328389644622803
-7.64797306060791
9.752113342285156
-8.867717742919922
-1.9638081789016724
-1.5017558336257935
-3.463590145111084
2.4626855850219727
-4.061211109161377
-4.00172233581543
-7.405656814575195
-14.295024871826172
-3.5028135776519775
-7.9739837646484375
10.916633605957031
-8.91635513305664
-2.2528798580169678
-1.9247760772705078
-4.026734352111816
2.1539418697357178
-4.420363903045654
-4.836639404296875
-7.74481201171875
-15.479910850524902
-2.654130458831787
-8.303898811340332
12.084390640258789
-8.943554878234863
-2.5148348808288574
-2.350433826446533
-4.5523457527160645
1.8194221258163452
-4.742482662200928
-5.685206890106201
-8.047611236572266
-16.68931007385254
-1.8064645528793335
-8.64038372039795
13.22693920135498
-8.965632438659668
-2.765028238296509
-2.7589688301086426
-5.052248954772949
1.5120006799697876
-5.017272472381592
-6.540002822875977
-8.273755073547363
-17.913341522216797
-0.9544090032577515
-9.0098876953125
14.370710372924805
-8.992803573608398
-2.9993529319763184
-3.1775760650634766
-5.526585102081299
1.184036135673523
-5.247931480407715
-7.426100730895996
-8.404590606689453
-19.19025230407715
-0.10423940420150757
-9.411152839660645
15.504039764404297
-9.015053749084473
