2
3
0.9786599278450012
3.4831879138946533
6.71281623840332
-8.826360702514648
-0.5251175165176392
1.5308811664581299
-8.843547821044922
-3.7307281494140625
2.766526222229004
6.844577312469482
0.7256996631622314
-1.371241569519043
2.872760772705078
2.5602378845214844
5.234288215637207
-8.142841339111328
-1.9877498149871826
2.01121187210083
-6.927621364593506
-2.5111465454101562
2.853342056274414
7.3224616050720215
-0.6441740989685059
-4.474839210510254
4.16715145111084
1.7551610469818115
3.833261489868164
-7.942899227142334
-2.870039939880371
2.6023812294006348
-5.337991714477539
-2.051398277282715
2.6174521446228027
6.891365051269531
-0.8090702891349792
-6.924656867980957
4.94474983215332
1.1261693239212036
2.0833568572998047
-7.653249263763428
-3.6224634647369385
2.7842700481414795
-3.7597713470458984
-2.5474748611450195
2.4651734828948975
5.762874603271484
-1.1555635929107666
-8.849123001098633
5.002369403839111
0.6895208954811096
-0.1915721893310547
-7.120607376098633
-3.787330150604248
2.999457359313965
-1.960768461227417
-3.519899606704712
2.2223949432373047
4.2179718017578125
-2.175438642501831
-10.46245002746582
4.479394912719727
0.6606127619743347
-2.489668369293213
-6.675492763519287
-3.221250057220459
3.240938901901245
-0.16871905326843262
-5.003334045410156
1.8017590045928955
2.5384433269500732
-3.0261754989624023
-11.5621919631958
3.597121000289917
0.8031420707702637
-4.342615127563477
-6.724194049835205
-2.111759662628174
3.141002655029297
1.3582566976547241
-7.018566608428955
1.1499049663543701
0.7317588329315186
-3.399146795272827
-12.259137153625488
2.445399284362793
0.903377115726471
-5.363870620727539
-7.4180707931518555
-0.8202698230743408
2.6076772212982178
2.0352261066436768
-9.248421669006348
0.4497842788696289
-0.8941503763198853
-3.2286102771759033
-12.545899391174316
1.3962068557739258
0.9036621451377869
-5.6344451904296875
-8.662572860717773
0.2767113447189331
1.6032352447509766
1.7144520282745361
-11.6051664352417
0.018679499626159668
-2.2086238861083984
-2.877462148666382
-13.148054122924805
0.6056889891624451
0.6981494426727295
-5.746533393859863
-10.789915084838867
1.1347062587738037
0.28735387325286865
1.0716755390167236
-14.232111930847168
-0.1520000696182251
-3.2534966468811035
-2.739567756652832
-14.320867538452148
