2
3
3.306663990020752
-5.499314308166504
-9.009875297546387
6.1164960861206055
7.702929496765137
0.05757087469100952
10.975536346435547
-4.667361736297607
6.682997703552246
-1.0555698871612549
-3.399623155593872
4.37257194519043
1.5352973937988281
-3.6470651626586914
-6.937263488769531
7.93186092376709
10.146404266357422
-0.8908055424690247
8.232967376708984
-4.161949634552002
5.858907222747803
-0.09687644243240356
-2.777316093444824
3.727382183074951
0.6045963764190674
-1.5511107444763184
-5.3074049949646
9.299188613891602
11.51528549194336
-2.0096304416656494
5.084016799926758
-2.7282581329345703
5.320034980773926
0.13097941875457764
-1.9324777126312256
3.6185171604156494
0.3252299129962921
0.48618030548095703
-3.2141454219818115
9.959744453430176
11.989402770996094
-2.885615587234497
1.2154169082641602
-0.21772384643554688
5.33682107925415
0.2781469225883484
-1.2594021558761597
3.6785967350006104
0.8279473781585693
2.452303409576416
-0.71134352684021
9.77391242980957
11.299726486206055
-3.4849190711975098
-2.3841819763183594
2.795973777770996
5.690820217132568
0.2411857694387436
-0.8243600726127625
3.9387550354003906
1.7895318269729614
3.8738560676574707
1.4316785335540771
9.110335350036621
9.610268592834473
-3.127363681793213
-5.493034839630127
6.300497055053711
5.9954447746276855
-0.07430805265903473
-0.5193356275558472
4.62805700302124
3.1339988708496094
5.22737979888916
2.591611862182617
8.407158851623535
7.785662651062012
-1.8198907375335693
-7.738999843597412
9.494989395141602
5.999548435211182
-0.2308056354522705
-0.7596656084060669
6.333745956420898
4.782807350158691
6.153332233428955
2.720268487930298
8.192030906677246
5.85654354095459
0.16330766677856445
-8.82042121887207
12.229659080505371
5.960556983947754
0.06262612342834473
-1.1292290687561035
8.43853759765625
6.359795570373535
6.579974174499512
2.0424413681030273
8.654082298278809
4.1440205574035645
2.332611083984375
-9.008917808532715
14.34776782989502
6.039419651031494
0.8400598764419556
-1.7541505098342896
10.80390739440918
7.498541831970215
6.796754837036133
0.5836524963378906
9.940707206726074
2.9092440605163574
4.682124614715576
-9.403515815734863
16.836320877075195
5.969114780426025
2.371837615966797
-2.689044952392578
13.68252944946289
