2
3
1.5790973901748657
-4.063990592956543
-0.6216349601745605
11.147052764892578
-0.8795505166053772
-0.4453203082084656
6.8150458335876465
-7.928767204284668
-6.748536109924316
3.5023014545440674
8.019250869750977
-1.4398736953735352
1.4018163681030273
-3.2579009532928467
-1.4444081783294678
12.567375183105469
-0.6432571411132812
-0.8311058878898621
6.930306434631348
-7.965287685394287
-5.9316582679748535
2.952589988708496
9.45209789276123
-2.361497640609741
1.3028455972671509
-2.4566895961761475
-1.984493613243103
14.126813888549805
-0.371985524892807
-1.2183380126953125
7.113612651824951
-8.026106834411621
-5.075778961181641
2.5124239921569824
10.928214073181152
-3.162120819091797
1.2438758611679077
-1.6175765991210938
-2.4811630249023438
15.723796844482422
-0.05891546607017517
-1.6072522401809692
7.376515865325928
-8.1087064743042
-4.173959255218506
2.1044323444366455
12.498077392578125
-3.9035544395446777
1.2218090295791626
-0.869148313999176
-3.005488157272339
17.294458389282227
0.3072412312030792
-2.011281728744507
7.740298271179199
-8.230673789978027
-3.1632046699523926
1.7054266929626465
14.24339771270752
-4.632632255554199
1.2349060773849487
-0.14610713720321655
-3.5211620330810547
18.94890594482422
0.751701831817627
-2.441574811935425
8.248483657836914
-8.422225952148438
-2.0613937377929688
1.2694836854934692
16.143110275268555
-5.3845062255859375
1.2484019994735718
0.5100341439247131
-4.058435440063477
20.57703971862793
1.2627300024032593
-2.871593952178955
8.871981620788574
-8.614056587219238
-0.8736258745193481
0.7994800209999084
18.169498443603516
-6.12903356552124
1.2727323770523071
1.135697364807129
-4.604948043823242
22.229312896728516
1.839226484298706
-3.2847912311553955
9.60560131072998
-8.807453155517578
0.39518845081329346
0.2949168086051941
20.322296142578125
-6.864142417907715
1.3209245204925537
1.703461766242981
-5.122608184814453
23.90685272216797
2.487997531890869
-3.6627161502838135
10.4661865234375
-8.982616424560547
1.735996961593628
-0.2337471842765808
22.548599243164062
-7.523985862731934
1.4128926992416382
2.184147357940674
-5.542079925537109
25.580142974853516
3.2037270069122314
-4.012954235076904
11.391372680664062
-9.063665390014648
3.1106202602386475
-0.7114022374153137
24.718921661376953
-7.993285179138184
