2
3
2.565781593322754
-7.265438556671143
-1.1351358890533447
2.2577834129333496
-2.1895081996917725
-8.475423812866211
-4.694434642791748
-2.734647274017334
-4.78687047958374
-3.1006522178649902
2.9700803756713867
2.052907705307007
2.090632438659668
-7.16364049911499
-2.118276596069336
2.7169525623321533
-2.1626315116882324
-8.46428394317627
-4.83743143081665
-2.2935431003570557
-4.208512306213379
-3.460146188735962
3.8743040561676025
1.5924746990203857
1.619081735610962
-7.076186656951904
-3.0716781616210938
3.11405086517334
-2.166480541229248
-8.455626487731934
-4.977300643920898
-1.874727725982666
-3.723590850830078
-3.787106513977051
4.704071044921875
1.0977284908294678
1.1721537113189697
-6.997732639312744
-3.9597432613372803
3.466125965118408
-2.2306551933288574
-8.459460258483887
-5.183002948760986
-1.4757620096206665
-3.2943031787872314
-4.087984085083008
5.442487716674805
0.6388062238693237
0.7592456340789795
-6.919249534606934
-4.766416072845459
3.800091505050659
-2.33608078956604
-8.45799446105957
-5.438637733459473
-1.0750057697296143
-2.8803622722625732
-4.361126899719238
6.156062126159668
0.21456089615821838
0.34954506158828735
-6.83579683303833
-5.603710651397705
4.174612522125244
-2.452955484390259
-8.449131965637207
-5.684134483337402
-0.6665282249450684
-2.4628782272338867
-4.626717567443848
6.89918327331543
-0.1843307912349701
-0.07129299640655518
-6.754644870758057
-6.494177341461182
4.579989910125732
-2.5757076740264893
-8.405632972717285
-5.93978214263916
-0.2634088397026062
-2.035287618637085
-4.902379035949707
7.676906585693359
-0.5634599924087524
-0.49733400344848633
-6.648165702819824
-7.431350231170654
5.0652899742126465
-2.754755973815918
-8.345736503601074
-6.357291221618652
0.05736362934112549
-1.596050500869751
-5.189855098724365
8.494612693786621
-0.9109338521957397
-0.9251202344894409
-6.54085636138916
-8.40192985534668
5.625368595123291
-2.978506565093994
-8.254585266113281
-6.922557830810547
0.3551361858844757
-1.1497629880905151
-5.475543975830078
9.321531295776367
-1.208135724067688
-1.3343186378479004
-6.420260429382324
-9.389081001281738
6.266221523284912
-3.2161142826080322
-8.141251564025879
-7.542399883270264
0.6866530179977417
-0.7080357670783997
-5.742813587188721
10.120981216430664
-1.4483877420425415
