2
3
5.252126693725586
2.272152900695801
1.892928957939148
-8.894038200378418
3.5733656883239746
4.4125800132751465
2.623875379562378
7.951441764831543
3.5730414390563965
-5.058220386505127
5.007858753204346
0.3181622624397278
5.1960129737854
1.6535097360610962
1.7753322124481201
-9.634519577026367
3.8607897758483887
4.2999491691589355
2.8603944778442383
8.22742748260498
4.0699543952941895
-4.38350772857666
5.362698078155518
1.5585947036743164
5.181405067443848
1.0423994064331055
1.7056989669799805
-10.344879150390625
4.1636152267456055
4.20073938369751
3.1228842735290527
8.523101806640625
4.604270935058594
-3.7119619846343994
5.769952774047852
2.813661813735962
5.200154781341553
0.4017813801765442
1.6610498428344727
-11.033197402954102
4.487821578979492
4.1231536865234375
3.413320779800415
8.852492332458496
5.1075849533081055
-3.043344020843506
6.100128173828125
4.011140823364258
5.229666709899902
-0.19817650318145752
1.6146681308746338
-11.588408470153809
4.836862564086914
4.088949680328369
3.7402470111846924
9.249489784240723
5.61329460144043
-2.377760887145996
6.445315837860107
5.171463966369629
5.290025234222412
-0.7779912948608398
1.5830589532852173
-12.078252792358398
5.213091850280762
4.101983547210693
4.102072715759277
9.718904495239258
6.14995002746582
-1.7291114330291748
6.851418972015381
6.314628601074219
5.387551307678223
-1.348144769668579
1.5812876224517822
-12.51944637298584
5.617820739746094
4.158181667327881
4.495700836181641
10.25515079498291
6.687313079833984
-1.068010687828064
7.236134052276611
7.459962844848633
5.524902820587158
-1.9105337858200073
1.6186593770980835
-12.918924331665039
6.033593654632568
4.255315780639648
4.890753269195557
10.855408668518066
7.190705299377441
-0.4681794047355652
7.523240566253662
8.537786483764648
5.697319984436035
-2.44395112991333
1.7027868032455444
-13.264670372009277
6.461360931396484
4.361812591552734
5.2851881980896
11.476168632507324
7.631067752838135
0.027866452932357788
7.7323784828186035
9.513845443725586
5.918213844299316
-2.9114954471588135
1.8339331150054932
-13.500574111938477
6.902344226837158
4.472111225128174
5.68742561340332
12.10260009765625
8.073339462280273
0.4199865758419037
8.008096694946289
10.408038139343262
