2
3
5.928256034851074
6.092100143432617
-0.821403980255127
3.1576712131500244
-1.5859047174453735
4.078895092010498
1.418227195739746
9.691329002380371
2.0043153762817383
-0.1912984848022461
0.8486419916152954
14.872668266296387
4.819673538208008
4.933006763458252
-2.1398768424987793
3.9598302841186523
-0.695691704750061
5.020228862762451
3.0859384536743164
10.86954402923584
2.2919352054595947
3.1406333446502686
0.13205695152282715
17.950489044189453
3.6003506183624268
4.235249996185303
-3.232877492904663
6.34121036529541
0.5292415618896484
6.654837131500244
3.9044833183288574
12.921339988708496
2.6384832859039307
6.723726272583008
-1.1880009174346924
20.4250431060791
2.485761880874634
3.879091739654541
-3.6701412200927734
10.080179214477539
2.0825819969177246
8.259882926940918
3.779862403869629
15.12579345703125
3.1598689556121826
10.424039840698242
-2.8624417781829834
22.264511108398438
1.6696637868881226
4.330398082733154
-3.576939344406128
14.857156753540039
3.6818177700042725
9.965394020080566
2.672697067260742
17.413822174072266
3.3636929988861084
13.715154647827148
-4.698968887329102
23.721599578857422
1.175569772720337
5.8289384841918945
-3.490154504776001
19.90133285522461
4.965695381164551
11.67587661743164
0.6771798133850098
20.199796676635742
3.2770936489105225
16.769113540649414
-6.829017162322998
25.45583724975586
1.1711267232894897
8.329801559448242
-4.329737663269043
25.794462203979492
5.741759300231934
13.71837043762207
-1.7281174659729004
23.772106170654297
2.9541072845458984
19.36246681213379
-8.985726356506348
27.38662338256836
1.4267085790634155
12.058429718017578
-5.995598316192627
32.17462158203125
6.087332725524902
16.158100128173828
-4.671533107757568
28.834226608276367
2.458610773086548
21.986709594726562
-11.398019790649414
30.273725509643555
1.9112303256988525
16.9924259185791
-8.775171279907227
39.43553161621094
6.077155113220215
19.329435348510742
-8.433860778808594
35.471466064453125
1.8832857608795166
24.738813400268555
-14.135164260864258
34.499019622802734
2.4058470726013184
22.875038146972656
-12.887553215026855
47.69352340698242
5.804721355438232
23.49062728881836
-13.249384880065918
43.976016998291016
1.3584836721420288
27.956554412841797
-17.24342918395996
40.713321685791016
