2
3
-4.299869537353516
-7.442537784576416
2.084989070892334
10.399091720581055
3.2197182178497314
0.34002751111984253
-3.808953285217285
5.180334091186523
-4.377554893493652
3.7136096954345703
0.49309563636779785
0.06415760517120361
-3.599107265472412
-6.25982666015625
2.4723541736602783
12.177056312561035
2.527500629425049
0.04466453194618225
-5.114887714385986
5.098862171173096
-4.034692287445068
2.9846763610839844
1.1274223327636719
-1.0789790153503418
-2.9272446632385254
-5.158292293548584
2.9172863960266113
13.910526275634766
1.9038617610931396
-0.1749323010444641
-6.26675271987915
5.144290924072266
-3.7200469970703125
2.328361988067627
1.7802729606628418
-2.1530332565307617
-2.322484016418457
-4.062887191772461
3.299457311630249
15.709232330322266
1.320850133895874
-0.32003116607666016
-7.411806106567383
5.301485061645508
-3.4290683269500732
1.7538490295410156
2.431607484817505
-3.1207141876220703
-1.7260385751724243
-2.953533172607422
3.6384410858154297
17.558462142944336
0.748749852180481
-0.3928722143173218
-8.58220100402832
5.5703864097595215
-3.1490423679351807
1.271690845489502
3.058689594268799
-3.944902181625366
-1.1424959897994995
-1.8636083602905273
3.9644007682800293
19.43897247314453
0.2036447525024414
-0.3342541456222534
-9.755363464355469
6.099493026733398
-2.8702101707458496
0.8702906370162964
3.6624951362609863
-4.637479782104492
-0.5775467157363892
-0.7921383380889893
4.273589134216309
21.338533401489258
-0.30878108739852905
-0.22992046177387238
-10.919940948486328
6.776350975036621
-2.554429531097412
0.44429993629455566
4.313511848449707
-5.3216872215271
-0.05363744497299194
0.21196675300598145
4.564272403717041
23.205730438232422
-0.8201689124107361
-0.055350422859191895
-12.131911277770996
7.559471130371094
-2.1924102306365967
-0.008466064929962158
5.034229755401611
-6.013688564300537
0.40929657220840454
1.0175813436508179
4.7708868980407715
24.947418212890625
-1.2338128089904785
0.17376430332660675
-13.28176498413086
8.481178283691406
-1.7701663970947266
-0.4595808982849121
5.80880069732666
-6.652349948883057
0.8586117625236511
1.7277621030807495
4.960538387298584
26.681068420410156
-1.5959341526031494
0.37810075283050537
-14.414074897766113
9.450830459594727
-1.2987267971038818
-0.8879308700561523
6.599264621734619
-7.146780967712402
