2
3
4.348599433898926
1.0674850940704346
-8.608006477355957
0.04129308462142944
-4.22017765045166
2.1127660274505615
-6.111443996429443
9.907001495361328
4.311336994171143
7.346937656402588
10.212916374206543
-9.585541725158691
3.847879648208618
1.2919055223464966
-9.51602554321289
0.6185786128044128
-3.573246717453003
2.6518635749816895
-5.725441932678223
11.267646789550781
4.475493431091309
6.452841758728027
10.792872428894043
-10.900373458862305
3.3313140869140625
1.5182974338531494
-10.556252479553223
1.106400728225708
-3.0562143325805664
3.241539716720581
-5.547250270843506
12.651396751403809
4.754709243774414
5.502346992492676
11.419354438781738
-12.234457015991211
2.841418504714966
1.711125373840332
-11.594169616699219
1.6244194507598877
-2.54679012298584
3.825040102005005
-5.371161460876465
14.02712631225586
5.1201677322387695
4.535892963409424
12.098264694213867
-13.50876235961914
2.394348382949829
1.8552683591842651
-12.63713264465332
2.1652095317840576
-2.0216405391693115
4.245336532592773
-5.156855583190918
15.318285942077637
5.523400783538818
3.598130702972412
12.742716789245605
-14.631392478942871
1.958160161972046
1.9719996452331543
-13.732697486877441
2.7167153358459473
-1.498581051826477
4.603431701660156
-4.911854267120361
16.611610412597656
5.980687618255615
2.6850011348724365
13.415322303771973
-15.645685195922852
1.5323834419250488
2.093506336212158
-14.667402267456055
3.3475289344787598
-0.9696745276451111
4.924290657043457
-4.628838062286377
17.916339874267578
6.485154151916504
1.8071095943450928
14.07696533203125
-16.52427101135254
1.0922752618789673
2.2196459770202637
-15.622593879699707
4.047717571258545
-0.40204495191574097
5.204832553863525
-4.258097171783447
19.19805908203125
7.041437149047852
0.9523099660873413
14.760980606079102
-17.29659652709961
0.6573470830917358
2.356160879135132
-16.60075569152832
4.825350761413574
0.17790096998214722
5.4505791664123535
-3.8308143615722656
20.477033615112305
7.650003433227539
0.09896612167358398
15.496199607849121
-18.012584686279297
0.25975310802459717
2.4998650550842285
-17.54511070251465
5.680607318878174
0.7255849242210388
5.693519592285156
-3.4079556465148926
21.81977653503418
8.307621002197266
-0.7554484009742737
16.287071228027344
-18.666954040527344
