2
3
-3.697269916534424
5.45001745223999
0.5823543667793274
-6.899614334106445
-8.961089134216309
-1.4037615060806274
1.4509657621383667
-0.5463235378265381
-2.4884982109069824
-0.9988090991973877
3.44020414352417
7.656686782836914
-3.9474399089813232
3.6040525436401367
0.7314058542251587
-7.987767219543457
-7.98915958404541
-0.7509548664093018
3.9601283073425293
1.4613070487976074
-2.042666435241699
1.4723789691925049
1.847674012184143
8.144622802734375
-3.8390092849731445
1.5589418411254883
1.2532331943511963
-7.485537052154541
-6.648150444030762
0.12819790840148926
5.284026145935059
2.8069562911987305
-2.0140764713287354
3.8757216930389404
0.4110170602798462
7.809613227844238
-3.7710957527160645
-0.18350481986999512
1.5414042472839355
-5.952741622924805
-5.090246677398682
1.4840635061264038
5.749830722808838
3.596830129623413
-2.385406017303467
5.703354358673096
-0.5759539604187012
6.922784805297852
-3.55460262298584
-1.222295880317688
1.6127415895462036
-3.222649335861206
-3.6749038696289062
2.537139892578125
5.696167945861816
3.3295257091522217
-2.891632080078125
6.80169677734375
-0.8835813999176025
5.269214630126953
-3.403749942779541
-1.4901916980743408
1.827833890914917
0.3374655246734619
-2.3607378005981445
3.3464627265930176
4.994801998138428
2.623427391052246
-3.3727173805236816
7.027350425720215
-0.43102556467056274
3.303748607635498
-3.2928786277770996
-0.696799635887146
2.122800350189209
3.6410038471221924
-1.4257612228393555
3.6061885356903076
3.979804277420044
1.8327113389968872
-3.689128875732422
6.605152130126953
0.7505466341972351
1.62685227394104
-3.062913179397583
0.5185009241104126
2.4346795082092285
5.817366600036621
-0.9704005718231201
3.443775177001953
3.088944911956787
1.857906699180603
-3.579441785812378
6.125280380249023
1.8094305992126465
0.5797910690307617
-2.7240428924560547
2.1866345405578613
2.587353467941284
7.500288486480713
-1.117767333984375
3.13391375541687
2.5946004390716553
2.2891438007354736
-3.3854868412017822
5.153045654296875
3.1107916831970215
0.1570899486541748
-2.3163089752197266
4.159594535827637
2.738538980484009
8.759379386901855
-1.3546619415283203
3.0983519554138184
2.4312283992767334
3.278920888900757
-2.923220157623291
4.337656021118164
4.050607204437256
0.6885396838188171
