2
3
-3.626249313354492
-4.773265361785889
-3.9090707302093506
-5.349151134490967
-0.2724428176879883
1.2574269771575928
-12.76609992980957
4.665985107421875
-2.0754947662353516
-5.363307952880859
-5.762049198150635
0.4075256586074829
-3.1633894443511963
-5.607925891876221
-4.922794342041016
-3.6100194454193115
-1.8057337999343872
2.303657054901123
-14.683110237121582
2.7334046363830566
-2.0483455657958984
-4.511194229125977
-7.342238426208496
1.7422088384628296
-2.882538080215454
-5.936356067657471
-6.772174835205078
-1.2037327289581299
-3.094184160232544
2.6171746253967285
-15.81851577758789
0.8468649387359619
-2.2404086589813232
-3.5597195625305176
-9.393247604370117
2.5986108779907227
-2.9653162956237793
-5.734494686126709
-9.492191314697266
1.3338170051574707
-4.619990348815918
2.1219284534454346
-17.153480529785156
-0.6101939678192139
-2.9335989952087402
-2.9254202842712402
-11.516340255737305
2.9752321243286133
-3.7250771522521973
-5.193190574645996
-12.948527336120605
3.626901149749756
-6.456343650817871
1.6581931114196777
-19.969083786010742
-1.6965482234954834
-3.839982509613037
-2.6601922512054443
-14.188276290893555
3.429116725921631
-4.83827018737793
-4.0603928565979
-17.393999099731445
5.738738536834717
-8.351301193237305
0.7948054075241089
-23.103910446166992
-2.4925684928894043
-5.093008518218994
-2.13319993019104
-18.161426544189453
4.316191673278809
-6.479609489440918
-2.4553050994873047
-22.991863250732422
7.576812267303467
-10.401716232299805
-0.3930882215499878
-26.542007446289062
-2.7999355792999268
-6.713050842285156
-1.412978172302246
-23.03815269470215
5.269559383392334
-8.467561721801758
-0.6829483509063721
-29.62993812561035
8.989290237426758
-12.56620979309082
-1.8014534711837769
-30.32282829284668
-2.3135228157043457
-8.668354988098145
-0.732240617275238
-28.861881256103516
6.157873630523682
-10.839497566223145
1.0988099575042725
-37.15961456298828
9.956962585449219
-14.987679481506348
-3.153355360031128
-35.474815368652344
-1.1489381790161133
-11.06837272644043
0.08288681507110596
-36.10199737548828
7.054381370544434
-13.551250457763672
2.7700164318084717
-45.802486419677734
10.543720245361328
-17.658781051635742
-4.082581043243408
-42.234519958496094
0.8117358684539795
-14.05122184753418
1.1241832971572876
-45.06153869628906
7.937248706817627
