2
3
-0.2082805633544922
1.5825998783111572
7.470244407653809
-0.6670324802398682
4.838122844696045
-10.954497337341309
8.530191421508789
1.1188349723815918
3.4295623302459717
-1.9874640703201294
-13.449363708496094
-0.25307342410087585
2.1131911277770996
1.1379878520965576
7.611032962799072
-2.7658612728118896
6.366408348083496
-9.246572494506836
5.8640570640563965
5.204768180847168
0.7455670833587646
-1.8673646450042725
-11.907034873962402
-0.07999159395694733
4.162093639373779
0.3039509057998657
6.425076961517334
-3.7671520709991455
7.062591552734375
-7.019752025604248
3.3083884716033936
7.728826522827148
-1.2958619594573975
-1.5747649669647217
-9.950712203979492
0.23907260596752167
5.641891956329346
-0.663928747177124
4.267075538635254
-3.6266539096832275
7.340874671936035
-4.240720748901367
0.47406816482543945
9.08183479309082
-2.403007984161377
-1.572324275970459
-6.952820301055908
0.39024263620376587
6.314589023590088
-1.746421217918396
2.0297646522521973
-2.854654312133789
7.160292625427246
-1.5277209281921387
-1.325569987297058
9.718042373657227
-2.824671506881714
-1.8332197666168213
-4.470183849334717
0.552072286605835
6.252844333648682
-2.9284534454345703
0.03839898109436035
-1.1572761535644531
6.569790840148926
0.846621036529541
-3.704090118408203
9.719046592712402
-2.5212931632995605
-1.9338645935058594
-2.016545295715332
1.4076389074325562
6.006053924560547
-3.5951013565063477
-1.844016432762146
1.7095191478729248
5.571615219116211
2.754293441772461
-6.261055946350098
8.592291831970215
-1.5862205028533936
-1.913238763809204
0.1784229278564453
2.7487239837646484
5.000768184661865
-3.390345335006714
-4.023707866668701
4.320582389831543
4.196067810058594
3.6185193061828613
-7.845023155212402
7.133257865905762
-0.21955788135528564
-1.6392220258712769
1.454361081123352
4.674163341522217
3.837125778198242
-2.6709141731262207
-5.568593978881836
6.695399284362793
2.683203935623169
3.475524425506592
-8.109317779541016
5.839960098266602
1.3402234315872192
-0.9377458095550537
1.6885652542114258
6.710413932800293
2.467819929122925
-1.8015363216400146
-6.207512855529785
8.7073974609375
1.2710990905761719
2.9185986518859863
-7.6319990158081055
5.4352922439575195
2.8142662048339844
0.0924224853515625
0.7844266891479492
8.521896362304688
