2
3
-3.381863594055176
1.1153430938720703
-4.175871849060059
0.13288450241088867
1.950463056564331
8.51064682006836
3.2358670234680176
-8.78157901763916
-0.28649869561195374
8.54408073425293
-3.167712450027466
-7.593235969543457
-3.089052438735962
1.569657564163208
-4.01898717880249
1.1506515741348267
1.6867403984069824
7.757401466369629
3.0923831462860107
-9.86217975616455
-0.5442425608634949
7.9314775466918945
-3.3017337322235107
-8.614259719848633
-2.7865383625030518
2.0692505836486816
-3.8377513885498047
2.1224822998046875
1.498595952987671
6.9670000076293945
3.0125792026519775
-10.967798233032227
-0.8001295328140259
7.278240203857422
-3.433856248855591
-9.710654258728027
-2.5602755546569824
2.543304681777954
-3.848752021789551
2.940056324005127
1.3334602117538452
6.183949947357178
2.925710678100586
-12.033623695373535
-1.0467029809951782
6.584527969360352
-3.551691770553589
-10.884078025817871
-2.382140874862671
2.9785258769989014
-3.953188180923462
3.7087812423706055
1.1818894147872925
5.405279159545898
2.82138991355896
-13.039351463317871
-1.2781076431274414
5.849943161010742
-3.6559536457061768
-12.133552551269531
-2.2293477058410645
3.359663724899292
-4.071400165557861
4.458195686340332
1.054707646369934
4.514281749725342
2.708066940307617
-14.201678276062012
-1.4899628162384033
5.091512680053711
-3.7435061931610107
-13.440168380737305
-2.0963571071624756
3.6656408309936523
-4.1988420486450195
5.169390678405762
0.9313380718231201
3.5370142459869385
2.549107789993286
-15.44618034362793
-1.691423773765564
4.297399044036865
-3.8213648796081543
-14.819913864135742
-1.984872579574585
3.8983850479125977
-4.3417067527771
5.875203609466553
0.8090745210647583
2.5233640670776367
2.348309278488159
-16.733121871948242
-1.8886442184448242
3.459118604660034
-3.9034104347229004
-16.277774810791016
-1.8897173404693604
4.026158332824707
-4.508608341217041
6.524221420288086
0.695575475692749
1.4972530603408813
2.100679397583008
-18.007747650146484
-2.083493709564209
2.592381477355957
-4.012704849243164
-17.754867553710938
-1.8209165334701538
4.022459983825684
-4.693053245544434
7.039561748504639
0.5961819291114807
0.46290862560272217
1.8204249143600464
-19.238126754760742
-2.243828296661377
1.7285434007644653
-4.155886650085449
-19.181560516357422
