2
3
9.336785316467285
-2.0288705825805664
-1.2768769264221191
5.555054664611816
1.6430649757385254
0.18895584344863892
3.9442977905273438
-3.4622344970703125
12.050247192382812
1.4994659423828125
4.225341796875
-0.7311216592788696
8.284662246704102
-0.14768314361572266
-2.4588499069213867
5.89669942855835
3.469754457473755
-0.5587435960769653
6.229742050170898
-2.9278934001922607
11.607833862304688
0.8171435594558716
2.0656282901763916
-1.216597557067871
7.091108798980713
1.5929603576660156
-3.0072875022888184
5.2018818855285645
5.510499954223633
-1.0833815336227417
7.118534088134766
-1.725231647491455
10.691247940063477
0.2928585410118103
0.21931517124176025
-1.1854064464569092
5.968743324279785
2.548567533493042
-2.260906219482422
3.847407817840576
7.479508399963379
-1.1399025917053223
7.094802379608154
-0.06938040256500244
9.512178421020508
-0.0178663432598114
-0.9960647821426392
-0.7931640148162842
5.394494533538818
2.7635083198547363
-0.21947097778320312
2.3529956340789795
9.202342987060547
-0.8284375667572021
6.140609264373779
1.5824307203292847
8.30223274230957
-0.27694252133369446
-0.9760872721672058
-0.02030503749847412
5.5168657302856445
2.7150745391845703
1.8241291046142578
1.379207730293274
10.428051948547363
-0.29153645038604736
4.936653137207031
2.583080768585205
7.459698677062988
-0.36786434054374695
0.08338147401809692
0.9615707397460938
6.188488960266113
2.4108569622039795
3.529961585998535
0.7690200805664062
10.754955291748047
0.19867467880249023
3.827910900115967
3.079902172088623
6.9276652336120605
-0.21696653962135315
1.260814905166626
1.9807833433151245
7.1088714599609375
1.9027743339538574
4.771358013153076
0.6248267292976379
10.490180015563965
0.6260436773300171
2.9377760887145996
3.300851345062256
6.868570804595947
0.23689940571784973
2.538951873779297
2.7353708744049072
7.986454963684082
1.4609049558639526
5.73026180267334
0.9367941617965698
9.941503524780273
1.0139565467834473
2.4782862663269043
3.5654382705688477
7.20408296585083
0.8183152675628662
3.7906994819641113
3.2049200534820557
8.9293851852417
1.203068494796753
6.453347206115723
1.7965872287750244
9.456497192382812
1.500719666481018
2.6562349796295166
3.8789994716644287
7.86104679107666
1.357282280921936
4.9905476570129395
3.518378496170044
