2
3
-2.565666913986206
8.792973518371582
-9.295612335205078
-1.6197333335876465
0.11898833513259888
-0.2119380533695221
-8.842780113220215
-1.6986027956008911
3.0447325706481934
3.0744268894195557
0.8574005365371704
-1.8107192516326904
-2.6628470420837402
8.110960960388184
-9.469000816345215
-2.4153547286987305
-0.13689011335372925
-0.07122839987277985
-9.437705039978027
-0.9096886515617371
2.7478890419006348
2.9735217094421387
0.14671945571899414
-1.4640837907791138
-2.7732276916503906
7.4344587326049805
-9.641096115112305
-3.2485170364379883
-0.39568233489990234
0.10029710829257965
-10.065176963806152
-0.10544878244400024
2.4241232872009277
2.8807625770568848
-0.5861710906028748
-1.1533366441726685
-2.9776899814605713
6.850337982177734
-9.873687744140625
-4.026449203491211
-0.6957817077636719
0.2745618224143982
-10.68013858795166
0.6898593306541443
2.0771403312683105
2.799715995788574
-1.340111255645752
-0.8787911534309387
-3.2431929111480713
6.3000922203063965
-10.187743186950684
-4.797877788543701
-1.0236130952835083
0.45347002148628235
-11.393880844116211
1.4018644094467163
1.6988481283187866
2.7433536052703857
-2.1335606575012207
-0.6247831583023071
-3.5411081314086914
5.736733913421631
-10.565767288208008
-5.612576007843018
-1.4267573356628418
0.6153947114944458
-12.40355110168457
1.9770960807800293
1.2999019622802734
2.7020528316497803
-2.9422202110290527
-0.39102843403816223
-3.8980729579925537
5.141132354736328
-11.00753116607666
-6.4464874267578125
-1.8626036643981934
0.7899463176727295
-13.5173921585083
2.5821938514709473
0.8837738037109375
2.6667113304138184
-3.752899646759033
-0.18214724957942963
-4.334692001342773
4.515957832336426
-11.506037712097168
-7.242712020874023
-2.323918104171753
0.9676351547241211
-14.694499969482422
3.235668897628784
0.44701147079467773
2.630357027053833
-4.563621997833252
-0.0009160637855529785
-4.788400173187256
3.8788390159606934
-12.021385192871094
-8.049751281738281
-2.8112335205078125
1.1473151445388794
-15.940268516540527
3.936697483062744
-0.022457540035247803
2.58066987991333
-5.384807586669922
0.12890887260437012
-5.262275218963623
3.2310938835144043
-12.566433906555176
-8.868779182434082
-3.3310165405273438
1.331566572189331
-17.27267837524414
4.691689968109131
-0.5388662219047546
2.5050041675567627
-6.230380535125732
0.1859864890575409
