2
3
4.497113227844238
-0.12251639366149902
-7.1988067626953125
-2.3552660942077637
8.476600646972656
2.8869926929473877
-2.0566678047180176
-6.887703895568848
6.486137390136719
-6.597646713256836
-5.670624732971191
-5.0863847732543945
4.416520118713379
-0.5111361742019653
-7.5393242835998535
-2.6944632530212402
8.033496856689453
2.00235652923584
-2.509336471557617
-8.330923080444336
6.461389064788818
-6.397068023681641
-6.066853046417236
-4.430099964141846
4.243186950683594
-0.8681930303573608
-7.963943004608154
-3.0294957160949707
7.612649440765381
1.1859326362609863
-2.947481155395508
-9.65622615814209
6.338342666625977
-6.282032012939453
-6.529148578643799
-3.8962132930755615
4.007511138916016
-1.2187892198562622
-8.421422958374023
-3.4169809818267822
7.18312931060791
0.34827983379364014
-3.422834873199463
-11.012375831604004
6.064924240112305
-6.228290557861328
-7.0519914627075195
-3.4637341499328613
3.721815586090088
-1.5761890411376953
-8.932268142700195
-3.875577211380005
6.744178771972656
-0.5133468508720398
-3.935088634490967
-12.394501686096191
5.740332126617432
-6.130520820617676
-7.6457929611206055
-3.0275914669036865
3.365532398223877
-1.9591782093048096
-9.544919967651367
-4.4087629318237305
6.29753303527832
-1.3916552066802979
-4.492631435394287
-13.782625198364258
5.374642848968506
-6.059139251708984
-8.296378135681152
-2.619722843170166
2.9332568645477295
-2.342869281768799
-10.263998031616211
-4.955757141113281
5.839552879333496
-2.2828164100646973
-5.110557556152344
-15.171930313110352
4.971035480499268
-6.003024101257324
-8.994318962097168
-2.2359819412231445
2.4616637229919434
-2.7526228427886963
-11.037496566772461
-5.558863162994385
5.362955093383789
-3.17834210395813
-5.8005452156066895
-16.56864356994629
4.527188777923584
-5.96408224105835
-9.756296157836914
-1.9033249616622925
1.955660104751587
-3.1980576515197754
-11.852633476257324
-6.2257208824157715
4.8526411056518555
-4.079854488372803
-6.549572944641113
-17.972713470458984
4.022938251495361
-5.978704452514648
-10.64598560333252
-1.6912288665771484
1.3963350057601929
-3.7001824378967285
-12.706830978393555
-6.948684215545654
4.289295673370361
-5.009732246398926
-7.338190078735352
-19.430932998657227
3.4364123344421387
-6.03886079788208
-11.75925350189209
-1.6119531393051147
