2
3
-3.0628137588500977
2.874215602874756
-8.294909477233887
-1.993949294090271
6.4029717445373535
-4.632864952087402
4.269405364990234
4.018466949462891
8.775195121765137
7.545159339904785
3.5077643394470215
-9.536272048950195
-2.6532819271087646
2.5722413063049316
-7.95633602142334
-2.1006362438201904
6.462518215179443
-3.7588276863098145
3.6417484283447266
5.5276594161987305
8.163042068481445
6.573264122009277
2.719572067260742
-11.007558822631836
-2.281891107559204
2.292531967163086
-7.6295976638793945
-2.2163209915161133
6.48166561126709
-2.952633857727051
3.0129971504211426
6.8910627365112305
7.636432647705078
5.618626117706299
2.0662076473236084
-12.439959526062012
-1.939906120300293
2.02882719039917
-7.300357341766357
-2.354505777359009
6.4659223556518555
-2.209047794342041
2.3692986965179443
8.124011993408203
7.166693210601807
4.632529258728027
1.48982834815979
-13.892891883850098
-1.626326560974121
1.7756898403167725
-6.973198890686035
-2.51885986328125
6.4165940284729
-1.5189523696899414
1.7141249179840088
9.257325172424316
6.720821380615234
3.6560912132263184
0.9107457399368286
-15.299232482910156
-1.3544948101043701
1.5314754247665405
-6.682992935180664
-2.7038352489471436
6.360900402069092
-0.9242053627967834
1.2191957235336304
10.389809608459473
6.302860260009766
2.6527650356292725
0.309411883354187
-16.754709243774414
-1.1496177911758423
1.301353096961975
-6.459378719329834
-2.890448570251465
6.32431697845459
-0.38320058584213257
0.8828029632568359
11.645914077758789
5.9081807136535645
1.4673893451690674
-0.304107666015625
-18.391427993774414
-1.0003336668014526
1.0446621179580688
-6.259042263031006
-3.1272873878479004
6.287069797515869
0.1939881443977356
0.49597734212875366
12.98171329498291
5.536216735839844
0.2592298984527588
-0.953804612159729
-19.99152946472168
-0.8565788269042969
0.759313702583313
-6.017726421356201
-3.4036102294921875
6.239445686340332
0.7347556352615356
0.06583690643310547
14.297393798828125
5.223418712615967
-0.9179030656814575
-1.6206754446029663
-21.500484466552734
-0.7166628241539001
0.46639102697372437
-5.75399112701416
-3.6518163681030273
6.219504356384277
1.2250630855560303
-0.3389078974723816
15.555973052978516
4.957334995269775
-2.031278133392334
-2.332862377166748
-22.856416702270508
