2
3
-2.7158331871032715
6.530666828155518
7.229524612426758
-0.9014270305633545
-4.597740173339844
-5.154768943786621
9.401836395263672
-0.5979996919631958
-3.168529510498047
-4.886058807373047
-8.784049034118652
4.06113862991333
-2.5385913848876953
5.69105863571167
7.814681053161621
-2.3741772174835205
-3.671482563018799
-4.757622718811035
10.469420433044434
0.4721660614013672
-3.260972261428833
-4.451056957244873
-9.309236526489258
5.267599582672119
-2.2866265773773193
4.878341197967529
8.547189712524414
-3.786698818206787
-2.762127161026001
-4.279510498046875
11.457772254943848
1.6296422481536865
-3.4379045963287354
-4.002677917480469
-10.152449607849121
6.313472747802734
-1.9780781269073486
4.07451057434082
9.400144577026367
-5.142303943634033
-1.9517998695373535
-3.7486088275909424
12.308708190917969
2.8058488368988037
-3.5892863273620605
-3.5223963260650635
-10.991500854492188
7.382089614868164
-1.62991464138031
3.285783290863037
10.348011016845703
-6.423510551452637
-1.1354358196258545
-3.258627414703369
13.1810941696167
3.880208969116211
-3.709254503250122
-3.027658224105835
-11.81129264831543
8.496308326721191
-1.1454429626464844
2.4954349994659424
11.504947662353516
-7.695878028869629
-0.3064531087875366
-2.785162925720215
14.067218780517578
4.9066290855407715
-3.806030511856079
-2.5537891387939453
-12.616813659667969
9.6756591796875
-0.6149164438247681
1.705814242362976
12.722282409667969
-8.927521705627441
0.49332690238952637
-2.322831869125366
14.89633846282959
5.9168877601623535
-3.873236894607544
-2.1089999675750732
-13.369833946228027
10.918728828430176
-0.027306020259857178
0.9202381372451782
13.985188484191895
-10.085684776306152
1.183176040649414
-1.986849308013916
15.633112907409668
6.8036932945251465
-3.9947195053100586
-1.666082501411438
-14.10908317565918
12.303571701049805
0.6989340782165527
0.06560039520263672
15.343353271484375
-11.237768173217773
1.8399714231491089
-1.63309907913208
16.233524322509766
7.625410079956055
-4.099185943603516
-1.207352638244629
-14.860815048217773
13.735331535339355
1.4555144309997559
-0.765807032585144
16.62401580810547
-12.24283504486084
2.4569625854492188
-1.2566699981689453
16.670494079589844
8.421709060668945
-4.094603061676025
-0.7540412545204163
-15.540822982788086
15.248885154724121
