2
3
-0.05870944261550903
1.1766715049743652
-5.09890079498291
9.601789474487305
4.593662738800049
0.681881308555603
-1.755270004272461
-7.480393409729004
-2.2762060165405273
2.154850721359253
8.652242660522461
7.3907999992370605
0.14838120341300964
1.5552425384521484
-5.182266712188721
10.72767448425293
4.09295654296875
0.1770009994506836
-2.663283109664917
-7.94596529006958
-1.3166053295135498
2.4549293518066406
9.834405899047852
8.019865036010742
0.36113211512565613
1.8990700244903564
-5.271347522735596
11.828598976135254
3.633190870285034
-0.33612775802612305
-3.5178160667419434
-8.370576858520508
-0.3534435033798218
2.801945209503174
11.021990776062012
8.709918022155762
0.5738807916641235
2.101161003112793
-5.3702263832092285
12.813143730163574
3.200162649154663
-0.7057561874389648
-4.365479946136475
-8.64664077758789
0.5999771952629089
3.0356273651123047
12.217521667480469
9.357807159423828
0.7185139060020447
2.3098230361938477
-5.57437801361084
13.809829711914062
2.8155174255371094
-1.0465433597564697
-5.11485481262207
-8.878066062927246
1.5265651941299438
3.2229881286621094
13.411869049072266
9.977264404296875
0.7673718929290771
2.613849639892578
-5.9669413566589355
14.884902000427246
2.4265244007110596
-1.392641544342041
-5.74072265625
-9.178215980529785
2.409808874130249
3.378695011138916
14.53772258758545
10.567556381225586
0.8300553560256958
2.9392385482788086
-6.4022722244262695
16.03615379333496
2.0383198261260986
-1.7211568355560303
-6.309425354003906
-9.49038028717041
3.255551338195801
3.5217084884643555
15.537227630615234
11.100530624389648
0.9127954840660095
3.2657155990600586
-6.841370582580566
17.242027282714844
1.6845993995666504
-2.034531354904175
-6.826128005981445
-9.754605293273926
4.057592868804932
3.653214693069458
16.41190528869629
11.627967834472656
1.0118565559387207
3.5924150943756104
-7.284384250640869
18.50163459777832
1.3727269172668457
-2.3333866596221924
-7.283612251281738
-9.96000862121582
4.814648628234863
3.7919983863830566
17.162569046020508
12.168184280395508
1.1248364448547363
3.9222981929779053
-7.733536720275879
19.818134307861328
1.1484440565109253
-2.6248018741607666
-7.657855033874512
-10.086516380310059
5.533992290496826
3.936276435852051
17.808025360107422
12.716348648071289
