2
3
-0.21732258796691895
-5.965938568115234
6.186680316925049
7.6288557052612305
-1.2175633907318115
-2.4031732082366943
-4.901605606079102
6.560605049133301
0.004347324371337891
-7.822878837585449
6.902740955352783
-6.544749736785889
1.146064043045044
-3.857670545578003
4.904448509216309
7.309877395629883
-2.5286755561828613
-1.5178472995758057
-3.536191940307617
5.670807838439941
1.2584805488586426
-8.947503089904785
6.180545806884766
-3.38045072555542
2.095322608947754
-2.420957565307617
3.7028088569641113
6.041855335235596
-3.2669968605041504
-1.2563891410827637
-1.065974473953247
4.325587272644043
2.215752124786377
-9.302994728088379
4.948239326477051
0.910280704498291
2.620053291320801
-1.8866127729415894
3.5461161136627197
4.666622638702393
-3.1407077312469482
-1.2805930376052856
1.4016549587249756
3.466322422027588
2.7741801738739014
-8.770332336425781
3.797128677368164
4.726301193237305
2.62087082862854
-2.2927050590515137
3.833747148513794
3.9662997722625732
-2.3398633003234863
-1.7439484596252441
3.984060525894165
2.780092716217041
2.4710800647735596
-7.65908145904541
2.7904715538024902
7.375641345977783
2.5598762035369873
-2.746671438217163
4.1687750816345215
3.8617310523986816
-1.1347317695617676
-2.154236078262329
5.9707794189453125
2.7468948364257812
2.1734092235565186
-5.92009973526001
2.1916584968566895
9.446329116821289
2.5955264568328857
-2.8905906677246094
4.56713342666626
4.56949520111084
0.26016461849212646
-2.487161636352539
7.294730186462402
3.675475597381592
1.9688847064971924
-3.5781264305114746
1.6967506408691406
11.173891067504883
2.676832437515259
-3.025909900665283
4.794425964355469
5.930392265319824
1.775485634803772
-2.6643588542938232
7.991264343261719
5.504849433898926
1.7755517959594727
-1.106330394744873
1.4935812950134277
12.087226867675781
2.887646198272705
-2.7893226146698
5.109417915344238
8.143957138061523
3.28434157371521
-2.36281418800354
7.84254789352417
7.950161457061768
1.7047384977340698
1.014333724975586
1.8256683349609375
12.69969367980957
3.378058910369873
-1.8628557920455933
5.620019435882568
10.7788667678833
4.699924468994141
-1.5387444496154785
7.244449138641357
10.720380783081055
1.9843735694885254
2.7464101314544678
2.5000340938568115
13.329854965209961
