2
3
0.04382631182670593
0.5557574033737183
2.944974660873413
-1.3343178033828735
-2.2506515979766846
-6.525305271148682
4.460222244262695
5.777063369750977
1.8216416835784912
-7.310187339782715
6.159145832061768
1.2212858200073242
0.09878496825695038
-0.7421362400054932
4.345620155334473
-2.5330238342285156
-1.1658685207366943
-4.682931900024414
5.680081367492676
6.773319244384766
2.2042365074157715
-6.900280952453613
5.59941291809082
3.603010654449463
0.3833703398704529
-2.127006769180298
5.828721523284912
-2.7082889080047607
0.10214173793792725
-2.92714262008667
6.879951477050781
7.3715362548828125
2.141288995742798
-6.105545520782471
5.528601169586182
5.465116500854492
0.9589101672172546
-3.3210418224334717
7.158411026000977
-1.5145721435546875
1.498902678489685
-1.3808116912841797
7.931235313415527
7.467225551605225
2.045778512954712
-4.9214653968811035
5.939625263214111
7.0629191398620605
1.7609469890594482
-4.156357288360596
8.62495231628418
0.6207141876220703
2.8300466537475586
-0.03508782386779785
8.59704303741455
7.304360866546631
2.235121726989746
-3.2899115085601807
6.640978813171387
8.100082397460938
2.765812873840332
-4.4073028564453125
10.000837326049805
3.5083699226379395
3.904332160949707
0.7921512126922607
9.31627368927002
7.13608455657959
2.9349043369293213
-1.544342279434204
7.638619422912598
8.858470916748047
3.8709816932678223
-4.183000564575195
11.461370468139648
6.572754383087158
4.590928077697754
0.9690943956375122
10.533697128295898
6.984063625335693
3.8446154594421387
0.031117916107177734
8.8761568069458
9.402466773986816
5.112359046936035
-3.2897777557373047
13.168659210205078
9.339159965515137
5.197477340698242
0.7532964944839478
12.302420616149902
6.988401889801025
4.847629547119141
1.1324468851089478
10.271724700927734
9.706076622009277
6.773047924041748
-1.5860341787338257
14.860639572143555
12.00401496887207
6.328810214996338
0.7782863974571228
14.380037307739258
8.270225524902344
5.972915172576904
2.1408324241638184
11.965646743774414
10.567266464233398
8.598029136657715
0.6787053346633911
16.276721954345703
14.491804122924805
7.761580467224121
0.9417241811752319
17.1694278717041
10.609617233276367
7.193036079406738
3.098635673522949
14.026593208312988
11.90487289428711
