2
3
-4.00758171081543
-5.016417026519775
-3.3652238845825195
-0.6150765419006348
-4.097182750701904
-3.5423426628112793
2.173137664794922
1.2859184741973877
5.870615005493164
0.026052609086036682
-15.655914306640625
-4.536221981048584
-3.2028162479400635
-4.56024694442749
-2.076545476913452
0.6962506771087646
-2.201079845428467
-2.6686463356018066
3.053386688232422
1.5691182613372803
3.084192991256714
-0.14100606739521027
-19.541440963745117
-4.743089199066162
-2.0572237968444824
-3.566932201385498
-1.3226162195205688
2.146892547607422
0.023617982864379883
-1.5837621688842773
2.4022750854492188
1.9393270015716553
-0.10582184791564941
-0.3694998621940613
-22.111988067626953
-4.49301290512085
-0.7300713062286377
-2.404850482940674
-2.0364480018615723
3.185758113861084
1.905258297920227
-0.5820446014404297
-0.2146153450012207
1.945264458656311
-3.4179720878601074
-0.8301211595535278
-22.911455154418945
-3.776615858078003
0.41825413703918457
-1.0487751960754395
-4.598329544067383
3.621279716491699
2.8459391593933105
-0.06307214498519897
-4.2957763671875
1.8449516296386719
-6.439688682556152
-1.362138271331787
-22.345829010009766
-2.7884786128997803
1.1382912397384644
0.224348783493042
-9.182158470153809
3.426300048828125
2.9869048595428467
0.2566109895706177
-9.720473289489746
1.7664387226104736
-8.709831237792969
-1.5482406616210938
-22.3349552154541
-1.460362434387207
1.0626553297042847
1.0131120681762695
-14.149962425231934
2.9632668495178223
2.2024922370910645
0.3761402368545532
-14.961676597595215
1.6562250852584839
-10.76850700378418
-1.934504747390747
-23.294818878173828
-0.5402082204818726
0.054979920387268066
1.4217487573623657
-19.76713752746582
2.5497817993164062
0.6250296831130981
0.4903724491596222
-20.718412399291992
1.8860492706298828
-12.679332733154297
-2.094132423400879
-25.28851318359375
0.5326623916625977
-1.9268032312393188
1.3949145078659058
-25.676443099975586
2.4033312797546387
-1.6367257833480835
0.5876445770263672
-27.100988388061523
2.3308839797973633
-14.493019104003906
-2.1037228107452393
-28.10000991821289
1.7421979904174805
-4.315321445465088
1.194664716720581
-32.65623092651367
2.7057175636291504
-4.421955108642578
0.806492269039154
-34.6199836730957
3.1189792156219482
-16.336109161376953
-2.1036059856414795
-31.808046340942383
3.1265528202056885
