2
3
2.0656542778015137
-3.1546859741210938
7.210861682891846
12.918716430664062
-0.559012770652771
-3.593062400817871
12.302345275878906
2.146432876586914
4.272025108337402
-3.9895219802856445
3.460331439971924
0.5428692102432251
3.067371129989624
-0.13286662101745605
7.262739658355713
12.821709632873535
1.5335873365402222
-3.6446216106414795
13.661528587341309
4.055211067199707
3.37359619140625
-4.7180705070495605
3.9083023071289062
2.4454545974731445
4.161873817443848
2.210860013961792
7.642152309417725
12.243513107299805
3.8134407997131348
-3.2743165493011475
14.208662033081055
6.495686054229736
2.631100654602051
-4.933599472045898
5.134699821472168
5.518622398376465
5.130195140838623
3.6330983638763428
8.450775146484375
11.524468421936035
6.132631778717041
-2.4343574047088623
14.070258140563965
9.00545597076416
2.315725564956665
-4.309749603271484
7.0709228515625
8.35257339477539
5.953914642333984
4.321292400360107
9.607157707214355
11.215030670166016
7.888705730438232
-1.4182134866714478
14.202878952026367
11.039281845092773
2.761716365814209
-3.268733263015747
9.460366249084473
11.269285202026367
6.761801242828369
4.650617599487305
11.35171127319336
11.757079124450684
9.356527328491211
-0.2593628168106079
14.324073791503906
13.346198081970215
4.090361595153809
-1.4920885562896729
11.97589111328125
14.515034675598145
7.793728828430176
5.049259185791016
12.829565048217773
13.317060470581055
10.817839622497559
1.4290127754211426
14.403979301452637
16.660852432250977
6.114544868469238
0.9224941730499268
14.304349899291992
17.95833396911621
9.302279472351074
5.815332412719727
14.638561248779297
16.25063705444336
12.145689964294434
3.5774741172790527
14.6793851852417
20.510082244873047
8.648788452148438
3.85485577583313
16.26274299621582
21.561288833618164
11.184501647949219
6.978076934814453
16.527931213378906
20.5233211517334
13.675566673278809
6.430917739868164
15.20918083190918
24.813335418701172
11.501057624816895
7.231019973754883
17.81321907043457
25.294723510742188
13.694684982299805
9.067947387695312
18.501422882080078
26.182743072509766
15.418927192687988
9.912858009338379
15.86180305480957
29.58907127380371
14.531145095825195
10.860352516174316
18.964378356933594
29.409435272216797
