2
3
-1.0088624954223633
-7.746396064758301
2.982618808746338
7.056921005249023
3.828188896179199
-6.83839750289917
1.6265389919281006
4.875180721282959
-2.9919307231903076
-6.049800395965576
-0.09760165214538574
-8.015179634094238
-0.5635324716567993
-7.321240425109863
3.419973134994507
7.90650749206543
3.5645952224731445
-6.657548904418945
0.9596114158630371
5.326327800750732
-2.63484525680542
-6.543483257293701
0.5899577140808105
-8.826700210571289
-0.13625168800354004
-6.844244956970215
3.773292064666748
8.825661659240723
3.3251724243164062
-6.431527137756348
0.5007780194282532
5.903565883636475
-2.2742042541503906
-7.024751663208008
1.2229371070861816
-9.627067565917969
0.22675848007202148
-6.4005126953125
4.024375915527344
9.788654327392578
3.095126152038574
-6.222842693328857
0.08796817064285278
6.520062446594238
-1.911247968673706
-7.492290496826172
1.7857617139816284
-10.396449089050293
0.5751655101776123
-5.997057914733887
4.255664825439453
10.766905784606934
2.8647778034210205
-6.051595211029053
-0.3455554246902466
7.104676246643066
-1.5551745891571045
-8.031068801879883
2.2979960441589355
-11.183582305908203
0.9305936694145203
-5.627424716949463
4.494731903076172
11.744610786437988
2.700855016708374
-5.879787445068359
-0.750977635383606
7.714509010314941
-1.1991684436798096
-8.642271041870117
2.7759037017822266
-11.928919792175293
1.2957978248596191
-5.290950298309326
4.746142387390137
12.712715148925781
2.5818090438842773
-5.6877851486206055
-1.1595079898834229
8.378096580505371
-0.8342241048812866
-9.23256778717041
3.2319602966308594
-12.572498321533203
1.6593360900878906
-4.989876747131348
5.010573387145996
13.63950252532959
2.4784390926361084
-5.49666166305542
-1.5887199640274048
9.082714080810547
-0.4550418257713318
-9.789772033691406
3.6692192554473877
-13.140786170959473
2.00059175491333
-4.6620893478393555
5.260077953338623
14.497056007385254
2.3990261554718018
-5.277558326721191
-2.0240190029144287
9.878253936767578
-0.0685199499130249
-10.3241605758667
4.094500541687012
-13.634709358215332
2.356727123260498
-4.282896041870117
5.5014472007751465
15.368486404418945
2.3220560550689697
-5.065077781677246
-2.4764251708984375
10.701372146606445
0.33153074979782104
-10.829970359802246
4.52923583984375
-14.005514144897461
