2
3
-8.345160484313965
7.94591760635376
3.6352286338806152
-9.779860496520996
-5.178308010101318
-2.4349749088287354
4.103400230407715
3.45992374420166
3.210693359375
-1.9520760774612427
-9.338542938232422
10.610994338989258
-7.737496376037598
6.842719078063965
5.182488441467285
-11.767740249633789
-4.575796604156494
-1.809180498123169
4.52150297164917
4.768838882446289
2.413116693496704
-1.5838836431503296
-10.986907958984375
11.618696212768555
-7.1650800704956055
5.756004810333252
6.613902568817139
-13.704193115234375
-4.065920829772949
-1.2322320938110352
4.843351364135742
5.9441022872924805
1.6708102226257324
-1.1749351024627686
-12.560121536254883
12.745426177978516
-6.59236478805542
4.618280410766602
7.964230060577393
-15.69492244720459
-3.6102633476257324
-0.6912172436714172
5.064852237701416
7.031040668487549
0.9376387596130371
-0.7338060140609741
-14.186369895935059
13.988930702209473
-6.017585277557373
3.374392032623291
9.27153205871582
-17.783525466918945
-3.2051429748535156
-0.15595096349716187
5.19230842590332
8.00574016571045
0.2302616834640503
-0.22842615842819214
-15.851219177246094
15.445128440856934
-5.417407035827637
2.0513134002685547
10.618534088134766
-19.940593719482422
-2.7739269733428955
0.3416820168495178
5.446223258972168
8.974757194519043
-0.47139084339141846
0.2872832417488098
-17.575809478759766
17.058839797973633
-4.778218746185303
0.6718524694442749
12.026118278503418
-22.13141441345215
-2.3203201293945312
0.8493771553039551
5.895651340484619
10.059111595153809
-1.1687041521072388
0.8034804463386536
-19.359317779541016
18.790531158447266
-4.0861053466796875
-0.6683907508850098
13.430201530456543
-24.24058723449707
-1.8789547681808472
1.3284285068511963
6.269394874572754
11.111388206481934
-1.8728219270706177
1.302579402923584
-21.230064392089844
20.6275691986084
-3.3116822242736816
-1.9904794692993164
14.841535568237305
-26.134153366088867
-1.4398462772369385
1.7367193698883057
6.604964256286621
12.110177040100098
-2.567230701446533
1.659879446029663
-23.18040657043457
22.412214279174805
-2.4392261505126953
-3.2860310077667236
16.287837982177734
-27.803680419921875
-0.9803158044815063
2.092895984649658
6.952573776245117
13.062822341918945
-3.110353469848633
1.928804874420166
-24.967119216918945
24.26161766052246
