2
3
-1.2910646200180054
8.88680648803711
-5.589710235595703
-4.11000394821167
-2.947239398956299
-5.406511306762695
-1.5151727199554443
-0.35539889335632324
9.781034469604492
6.9344563484191895
8.638108253479004
8.864895820617676
-0.9428552389144897
7.998653411865234
-4.994061470031738
-5.426441192626953
-2.049866199493408
-4.499447822570801
-0.756966233253479
1.3850387334823608
9.614518165588379
6.723001956939697
7.637846946716309
8.939229011535645
-0.5942379832267761
7.204090595245361
-4.34539794921875
-6.628345489501953
-1.10377037525177
-3.437577962875366
0.0450054407119751
3.1900696754455566
9.44084358215332
6.5688300132751465
6.667121410369873
9.030088424682617
-0.2588166296482086
6.532803058624268
-3.646195650100708
-7.661219596862793
-0.21456098556518555
-2.3898322582244873
0.7739988565444946
4.907329559326172
9.26684856414795
6.460836410522461
5.764518737792969
9.156913757324219
0.05905413627624512
5.911840438842773
-2.9334025382995605
-8.616682052612305
0.6168581247329712
-1.3806211948394775
1.4326202869415283
6.51059627532959
9.156588554382324
6.377224922180176
5.1340155601501465
9.426863670349121
0.35631734132766724
5.314675331115723
-2.233792304992676
-9.52005672454834
1.3707146644592285
-0.44381290674209595
2.0090394020080566
7.974591255187988
9.120577812194824
6.37494421005249
4.721077919006348
9.888503074645996
0.6796720027923584
4.736115455627441
-1.5342377424240112
-10.42832088470459
2.084003448486328
0.418395459651947
2.596240997314453
9.345775604248047
9.097513198852539
6.4148335456848145
4.412414073944092
10.477731704711914
1.0395240783691406
4.2011213302612305
-0.8530954718589783
-11.31321907043457
2.7321090698242188
1.2636456489562988
3.1136951446533203
10.729679107666016
9.08564281463623
6.479959011077881
4.185046672821045
11.158820152282715
1.4249703884124756
3.6971709728240967
-0.20186680555343628
-12.168757438659668
3.355149030685425
2.084489583969116
3.628988742828369
12.137378692626953
9.082009315490723
6.602054595947266
3.980820894241333
11.933783531188965
1.839459776878357
3.216557502746582
0.39996159076690674
-12.98081111907959
3.904277801513672
2.875932216644287
4.077564716339111
13.585070610046387
9.096600532531738
6.788349628448486
3.7841691970825195
12.801616668701172
