2
3
-8.102985382080078
-5.984220504760742
1.8058979511260986
9.351083755493164
4.392119407653809
1.765692949295044
-6.490466117858887
-1.4212313890457153
4.353679656982422
-0.20942121744155884
-1.994838833808899
-6.03242826461792
-6.818291664123535
-5.020691394805908
3.1065690517425537
10.807578086853027
3.482664108276367
1.094118595123291
-7.661965370178223
-2.206315040588379
3.6501834392547607
-0.777417778968811
-3.008938789367676
-6.645621299743652
-5.692727088928223
-4.1236395835876465
4.228157997131348
12.241592407226562
2.6555027961730957
0.5171133875846863
-8.755209922790527
-2.927765369415283
3.0028228759765625
-1.2339248657226562
-3.982701301574707
-7.191591262817383
-4.653324127197266
-3.246243953704834
5.276190757751465
13.706500053405762
1.92891526222229
0.055482566356658936
-9.776496887207031
-3.51931095123291
2.426193952560425
-1.6333558559417725
-4.918929576873779
-7.703282356262207
-3.721604585647583
-2.4230313301086426
6.185214996337891
15.177116394042969
1.2071318626403809
-0.35698598623275757
-10.82984447479248
-4.04085636138916
1.8693304061889648
-2.067020893096924
-5.844973087310791
-8.27657699584961
-2.8063902854919434
-1.6204301118850708
7.0714521408081055
16.687971115112305
0.4588298797607422
-0.7964745759963989
-11.93932819366455
-4.582656383514404
1.327866554260254
-2.489476203918457
-6.7590012550354
-8.806173324584961
-1.906296968460083
-0.8585419654846191
7.95408821105957
18.23082160949707
-0.2928943634033203
-1.23520827293396
-13.109633445739746
-5.149547576904297
0.7330482006072998
-2.971813678741455
-7.599460601806641
-9.442041397094727
-1.013649344444275
-0.16255056858062744
8.765959739685059
19.759675979614258
-1.0405597686767578
-1.639692783355713
-14.36854076385498
-5.7014336585998535
0.1247139573097229
-3.496344566345215
-8.400391578674316
-10.084041595458984
-0.2348960041999817
0.6149646043777466
9.418062210083008
21.19482421875
-1.7763687372207642
-2.0411500930786133
-15.678235054016113
-6.231369972229004
-0.4674863815307617
-4.031665802001953
-9.159835815429688
-10.636724472045898
0.4736974835395813
1.3253470659255981
10.028436660766602
22.559844970703125
-2.501643419265747
-2.4498679637908936
-17.028099060058594
-6.732425689697266
-1.0147441625595093
-4.5384440422058105
-9.855144500732422
-11.08331298828125
