2
3
4.202027320861816
8.109150886535645
1.6937795877456665
-0.8867864608764648
4.382951259613037
0.20261403918266296
-2.6545581817626953
4.481201171875
0.44364744424819946
-9.336601257324219
9.267712593078613
-4.735630989074707
3.8896965980529785
6.937560081481934
1.6350454092025757
-2.933615207672119
4.258544921875
0.04427036643028259
-3.1559135913848877
4.673206329345703
1.3938307762145996
-8.836974143981934
10.23145580291748
-3.337186813354492
3.6028530597686768
5.786218643188477
1.6603180170059204
-4.990058422088623
4.117120742797852
-0.12961223721504211
-3.6860575675964355
4.807139873504639
2.3740286827087402
-8.261509895324707
11.383186340332031
-1.8892395496368408
3.377103328704834
4.668877124786377
1.7663836479187012
-7.017037391662598
3.959205389022827
-0.31182265281677246
-4.289651870727539
4.899679183959961
3.4339234828948975
-7.706693172454834
12.581572532653809
-0.553086519241333
3.2502682209014893
3.594693422317505
1.96651291847229
-8.930754661560059
3.8119847774505615
-0.4806331694126129
-4.890448570251465
5.0185441970825195
4.470676898956299
-7.1248321533203125
13.707276344299316
0.7675290107727051
3.208534002304077
2.5675480365753174
2.291825532913208
-10.723605155944824
3.7213010787963867
-0.7081129550933838
-5.356598377227783
5.17230224609375
5.404903411865234
-6.4037346839904785
14.62732219696045
2.224606513977051
3.245241641998291
1.5450831651687622
2.708400249481201
-12.462121963500977
3.641641855239868
-0.9079016447067261
-5.7729291915893555
5.39116907119751
6.376578330993652
-5.71602725982666
15.625619888305664
3.6099636554718018
3.333115816116333
0.45249855518341064
3.175067186355591
-14.269180297851562
3.6144349575042725
-1.030635118484497
-6.1470794677734375
5.775928020477295
7.3638105392456055
-5.0593414306640625
16.64076805114746
4.932275295257568
3.5123791694641113
-0.6880255937576294
3.710416793823242
-16.098377227783203
3.649056911468506
-1.1256439685821533
-6.375080108642578
6.175419330596924
8.309869766235352
-4.463319778442383
17.590049743652344
6.191088676452637
3.777082920074463
-1.850847840309143
4.282982349395752
-17.891929626464844
3.8201708793640137
-1.1918206214904785
-6.478906631469727
6.664356708526611
9.173657417297363
-3.9382357597351074
18.443891525268555
7.332731246948242
