2
3
5.132814407348633
-1.4305274486541748
-0.8308963775634766
-7.1825270652771
-8.646156311035156
-4.206252098083496
3.5962653160095215
-3.374530792236328
-4.233285427093506
-7.473144054412842
-9.226032257080078
-7.350117206573486
4.22234582901001
-2.1269307136535645
-2.2427730560302734
-8.053365707397461
-7.586731433868408
-4.2419281005859375
5.152213096618652
-3.415147304534912
-4.242136001586914
-7.666737079620361
-9.484792709350586
-7.208020210266113
3.3658218383789062
-2.8337364196777344
-3.560116767883301
-8.941568374633789
-6.639751434326172
-4.321377277374268
6.566035270690918
-3.550095319747925
-4.32624626159668
-7.906929016113281
-9.811382293701172
-7.1136956214904785
2.5513293743133545
-3.540314197540283
-4.822542190551758
-9.832392692565918
-5.818073272705078
-4.457670211791992
7.8292341232299805
-3.796365737915039
-4.458678245544434
-8.161168098449707
-10.184410095214844
-7.03195333480835
1.765157699584961
-4.321592330932617
-6.04669189453125
-10.852943420410156
-5.102908134460449
-4.7499284744262695
9.029781341552734
-4.20637321472168
-4.624983787536621
-8.43418025970459
-10.570328712463379
-6.961950302124023
1.0017527341842651
-5.134847164154053
-7.234126091003418
-11.912200927734375
-4.404611110687256
-5.155182838439941
10.312247276306152
-4.775876998901367
-4.8283891677856445
-8.774033546447754
-10.902429580688477
-6.933859348297119
0.2255183458328247
-5.963526248931885
-8.348405838012695
-13.028569221496582
-3.686746120452881
-5.634452819824219
11.660584449768066
-5.441908836364746
-5.05098819732666
-9.079019546508789
-11.188582420349121
-6.885568618774414
-0.6080931425094604
-6.809441566467285
-9.379798889160156
-14.336368560791016
-2.971367835998535
-6.176992893218994
13.025891304016113
-6.151297569274902
-5.362406253814697
-9.37254810333252
-11.566588401794434
-6.917118549346924
-1.4290211200714111
-7.68624210357666
-10.359858512878418
-15.714811325073242
-2.2614667415618896
-6.751744747161865
14.382975578308105
-6.894415855407715
-5.727754592895508
-9.717545509338379
-12.04171085357666
-7.076815128326416
-2.2247748374938965
-8.61311149597168
-11.276081085205078
-17.14559555053711
-1.560746669769287
-7.348198890686035
15.717538833618164
-7.6553263664245605
-6.143281936645508
-10.101476669311523
-12.61557674407959
-7.350071907043457
