2
3
1.2305500507354736
6.426044464111328
5.740260124206543
6.07300329208374
7.177834987640381
7.0206298828125
-8.732093811035156
-0.39414191246032715
9.106067657470703
3.8382771015167236
-1.560380220413208
-0.6836352944374084
2.1281490325927734
6.587229251861572
6.937412261962891
6.493842124938965
6.637941837310791
6.79389762878418
-9.566171646118164
-0.498729407787323
8.638347625732422
3.93491268157959
-2.5449790954589844
-0.2645764946937561
3.003450393676758
6.819048881530762
8.024399757385254
7.0049147605896
6.067180156707764
6.589787006378174
-10.50429916381836
-0.5678824186325073
8.202302932739258
4.060306549072266
-3.434227466583252
0.16833269596099854
3.8741679191589355
7.083545207977295
9.064422607421875
7.568427085876465
5.48439884185791
6.410165309906006
-11.52996826171875
-0.5905718803405762
7.797657012939453
4.212236404418945
-4.234719276428223
0.5942800045013428
4.730987071990967
7.345188617706299
10.087918281555176
8.157248497009277
4.909027576446533
6.256132125854492
-12.607396125793457
-0.5565685629844666
7.4081292152404785
4.36752462387085
-4.957219123840332
0.9889637231826782
5.5391387939453125
7.54346227645874
11.108894348144531
8.728963851928711
4.349799633026123
6.128340721130371
-13.717869758605957
-0.4610454738140106
7.004128456115723
4.511174201965332
-5.656949996948242
1.3740648031234741
6.279033660888672
7.7109599113464355
12.070758819580078
9.309687614440918
3.803691864013672
6.024418830871582
-14.86356258392334
-0.30647581815719604
6.586972236633301
4.6744303703308105
-6.440797805786133
1.7611467838287354
6.998147487640381
7.891842365264893
12.975540161132812
9.951213836669922
3.2727980613708496
5.965697765350342
-16.051509857177734
-0.06878688931465149
6.199000358581543
4.876754283905029
-7.233213901519775
2.2276604175567627
7.652431488037109
8.105642318725586
13.736344337463379
10.6117525100708
2.760207414627075
5.9703168869018555
-17.275114059448242
0.26445814967155457
5.890472412109375
5.112369537353516
-7.958812236785889
2.796173095703125
8.332389831542969
8.317842483520508
14.503974914550781
11.404611587524414
2.270756721496582
6.032106876373291
-18.516246795654297
0.6966410875320435
5.633822917938232
5.349934101104736
-8.659238815307617
3.4262421131134033
