2
3
5.520331382751465
7.066729545593262
-7.016573429107666
-6.538167953491211
5.717843055725098
-4.165579319000244
9.501873970031738
-3.7435436248779297
0.5259177088737488
7.398863315582275
10.077099800109863
4.903531074523926
5.045380592346191
6.244948863983154
-7.647679805755615
-7.620970726013184
6.415726184844971
-3.955658435821533
10.079386711120605
-2.7283780574798584
1.3866665363311768
7.048695087432861
11.250590324401855
4.413762092590332
4.576596260070801
5.457583427429199
-8.163168907165527
-8.637712478637695
7.080511569976807
-3.568213701248169
10.659249305725098
-1.5961052179336548
2.2811431884765625
6.733725070953369
12.491988182067871
3.941951274871826
4.174126148223877
4.674901485443115
-8.57275676727295
-9.656030654907227
7.732668399810791
-3.101642370223999
11.196748733520508
-0.41167914867401123
3.2067575454711914
6.396984100341797
13.811660766601562
3.4666521549224854
3.7510569095611572
3.904716968536377
-8.991353988647461
-10.591472625732422
8.338760375976562
-2.5118601322174072
11.648751258850098
0.9255461692810059
4.167508125305176
6.0490312576293945
15.220916748046875
3.004441499710083
3.4030473232269287
3.125372886657715
-9.303384780883789
-11.545814514160156
8.948846817016602
-1.9202916622161865
12.117879867553711
2.227142810821533
5.148375988006592
5.723092555999756
16.7055721282959
2.643923282623291
3.149226665496826
2.3606011867523193
-9.47031021118164
-12.472477912902832
9.63309383392334
-1.4084954261779785
12.783842086791992
3.4476981163024902
6.10793924331665
5.383964538574219
18.187908172607422
2.356377601623535
2.9886083602905273
1.6072642803192139
-9.50485897064209
-13.371526718139648
10.264510154724121
-0.9553771018981934
13.398553848266602
4.603270053863525
7.087227821350098
5.030368328094482
19.723127365112305
2.087796211242676
2.911588668823242
0.8560240268707275
-9.40745735168457
-14.267996788024902
10.809986114501953
-0.5643957257270813
13.892340660095215
5.69550895690918
8.064083099365234
4.693036079406738
21.287153244018555
1.8788845539093018
2.909999132156372
0.1102256178855896
-9.195901870727539
-15.166483879089355
11.304553031921387
-0.22321319580078125
14.297717094421387
6.708003044128418
9.031957626342773
4.363230228424072
22.84575653076172
1.7253183126449585
