2
3
4.788847923278809
8.752588272094727
0.9895761013031006
4.772498607635498
2.975860118865967
7.798497676849365
2.3883543014526367
10.486618041992188
-5.7191162109375
6.73414421081543
0.5371045470237732
-9.506928443908691
4.2514519691467285
8.72907543182373
0.003917515277862549
4.958158016204834
2.8613522052764893
8.009562492370605
2.0662002563476562
11.49783706665039
-4.985805988311768
6.412589073181152
1.6540377140045166
-10.02568531036377
3.790379524230957
8.67615795135498
-0.7184023261070251
5.264866352081299
2.7976391315460205
8.339539527893066
1.7437223196029663
12.615184783935547
-4.289173603057861
6.092181205749512
2.695875644683838
-10.559991836547852
3.3654191493988037
8.562503814697266
-1.3689217567443848
5.609646797180176
2.77966570854187
8.71544075012207
1.4162518978118896
13.770316123962402
-3.6260695457458496
5.774618148803711
3.6719536781311035
-11.084808349609375
2.959282159805298
8.484301567077637
-2.028777599334717
5.961059093475342
2.821784257888794
9.124771118164062
1.1435073614120483
14.934347152709961
-2.978767156600952
5.347436428070068
4.593468189239502
-11.62604808807373
2.597602128982544
8.425789833068848
-2.6272966861724854
6.280567646026611
2.8758270740509033
9.537245750427246
0.8498973250389099
16.096017837524414
-2.3311824798583984
4.878279685974121
5.46889591217041
-12.114675521850586
2.3160576820373535
8.406206130981445
-3.2185211181640625
6.627928256988525
2.936298131942749
9.939733505249023
0.5362133383750916
17.248409271240234
-1.6888904571533203
4.4144463539123535
6.331209182739258
-12.497065544128418
2.1020774841308594
8.414212226867676
-3.808706045150757
7.080187797546387
3.0094196796417236
10.336466789245605
0.2110624611377716
18.42067527770996
-1.045670509338379
3.9754462242126465
7.167169570922852
-12.805585861206055
1.9074392318725586
8.415304183959961
-4.418346881866455
7.544768333435059
3.146468162536621
10.788119316101074
-0.0702989399433136
19.769908905029297
-0.3959716558456421
3.546736001968384
7.996610641479492
-13.047152519226074
1.7394075393676758
8.406095504760742
-5.038165092468262
8.022224426269531
3.3192431926727295
11.275506019592285
-0.34170159697532654
21.219749450683594
0.28230470418930054
3.059554100036621
8.930639266967773
-13.292173385620117
