2
3
-2.5520873069763184
3.7703745365142822
-0.06762522459030151
-4.082799911499023
0.24594533443450928
7.450564384460449
7.9482855796813965
6.487244606018066
2.0613865852355957
-5.521947860717773
-3.6917099952697754
-7.103149890899658
-2.2062087059020996
3.2847554683685303
0.4684063792228699
-4.583585262298584
0.7148725986480713
6.977646827697754
8.595288276672363
6.0779595375061035
1.9444717168807983
-5.193352222442627
-4.329448699951172
-6.051044464111328
-1.8626329898834229
2.831801176071167
0.9898854494094849
-5.04811954498291
1.1731619834899902
6.541751861572266
9.202913284301758
5.614138603210449
1.8402501344680786
-4.861332416534424
-4.914076805114746
-5.006669044494629
-1.5150586366653442
2.4102683067321777
1.4970828294754028
-5.472804546356201
1.6275100708007812
6.131778240203857
9.78151798248291
5.099940299987793
1.746611475944519
-4.532443046569824
-5.446419715881348
-3.982172727584839
-1.1586812734603882
2.0307419300079346
1.9815280437469482
-5.8391289710998535
2.075277328491211
5.716387748718262
10.347294807434082
4.556408405303955
1.5805935859680176
-4.263769626617432
-6.014941692352295
-3.157116413116455
-0.806138277053833
1.6886355876922607
2.4373230934143066
-6.155269145965576
2.5305933952331543
5.292084693908691
10.93372917175293
4.026273250579834
1.4472582340240479
-3.951739549636841
-6.4907121658325195
-2.3084092140197754
-0.4543416202068329
1.3615984916687012
2.889064073562622
-6.463637351989746
3.0085067749023438
4.899543285369873
11.571081161499023
3.5520129203796387
1.3324334621429443
-3.655890703201294
-6.904394626617432
-1.4482862949371338
-0.0944347083568573
1.016021490097046
3.3836231231689453
-6.808948040008545
3.5019774436950684
4.525142669677734
12.25063705444336
3.1206936836242676
1.2268404960632324
-3.3670201301574707
-7.265069961547852
-0.5879687070846558
0.27740058302879333
0.6526298522949219
3.930539131164551
-7.17611026763916
3.995697259902954
4.169169902801514
12.943442344665527
2.729689598083496
1.1694871187210083
-3.034879446029663
-7.56651496887207
0.29875749349594116
0.6753275394439697
0.2822437584400177
4.520293235778809
-7.538572311401367
4.495907783508301
3.828249931335449
13.66606330871582
2.3761792182922363
1.1050758361816406
-2.708526849746704
-7.950185775756836
1.108747959136963
