2
3
-4.384659290313721
-3.74283766746521
1.9879484176635742
-1.8298900127410889
4.563579082489014
3.7590322494506836
6.520179748535156
9.812383651733398
3.2235183715820312
-7.74404239654541
10.345085144042969
6.066746711730957
-3.4296884536743164
-3.671417474746704
3.2161197662353516
-1.450918436050415
4.606170177459717
3.52095890045166
6.372796535491943
9.672669410705566
3.7361302375793457
-6.987636566162109
10.663726806640625
7.617828369140625
-2.4973673820495605
-3.5063018798828125
4.384294509887695
-1.0028722286224365
4.674613952636719
3.30893874168396
6.287576675415039
9.57618236541748
4.253332138061523
-6.290443420410156
11.076521873474121
9.143774032592773
-1.6092087030410767
-3.293891668319702
5.490541458129883
-0.5202975273132324
4.79099178314209
3.123248815536499
6.312483787536621
9.571663856506348
4.8129425048828125
-5.567473888397217
11.529648780822754
10.667314529418945
-0.7589878439903259
-3.0597646236419678
6.53762674331665
-0.025815755128860474
5.0597243309021
3.0475926399230957
6.477352619171143
9.80388069152832
5.4208526611328125
-4.789961338043213
11.98540210723877
12.197731018066406
0.07071489095687866
-2.8007242679595947
7.555880546569824
0.48782333731651306
5.366580963134766
3.0332493782043457
6.7041015625
10.145590782165527
6.014654636383057
-4.001219272613525
12.373607635498047
13.715587615966797
0.937944233417511
-2.541480302810669
8.665772438049316
0.9961221218109131
5.711208343505859
3.065357208251953
7.022355079650879
10.592597961425781
6.627633094787598
-3.2035224437713623
12.772927284240723
15.230286598205566
1.8666541576385498
-2.2513628005981445
9.840441703796387
1.5474815368652344
6.108703136444092
3.1526706218719482
7.391674995422363
11.125969886779785
7.350949287414551
-2.4741930961608887
13.405637741088867
16.813426971435547
2.836933135986328
-1.920425295829773
11.055033683776855
2.159545421600342
6.556657314300537
3.2896432876586914
7.816952705383301
11.741961479187012
8.142504692077637
-1.745342493057251
14.202820777893066
18.474994659423828
3.8727519512176514
-1.5619134902954102
12.366547584533691
2.8155670166015625
7.054491996765137
3.4747507572174072
8.307551383972168
12.45431137084961
9.026544570922852
-1.008285641670227
15.106315612792969
20.244735717773438
