2
3
-7.757045745849609
-8.907502174377441
8.449111938476562
-4.8935465812683105
-5.8333330154418945
1.4711683988571167
8.777026176452637
2.9796624183654785
2.0229332447052
0.0781700611114502
-11.742305755615234
-0.5848003625869751
-6.758979797363281
-8.537507057189941
9.430315017700195
-3.962554931640625
-5.341719150543213
1.02860689163208
9.58960247039795
2.3303608894348145
0.9663138389587402
-0.5293917655944824
-13.487184524536133
-1.2468583583831787
-5.792496204376221
-8.219047546386719
10.499663352966309
-3.0088534355163574
-4.8144426345825195
0.6039443612098694
10.488048553466797
1.6953575611114502
-0.06002449989318848
-1.0564754009246826
-15.246543884277344
-1.7546995878219604
-4.805536270141602
-7.924394607543945
11.71770191192627
-2.181671142578125
-4.239694595336914
0.1880474090576172
11.469799995422363
1.0714553594589233
-1.0543416738510132
-1.5960211753845215
-17.032499313354492
-2.2591819763183594
-3.794490337371826
-7.615048408508301
12.940332412719727
-1.3742890357971191
-3.609957695007324
-0.21283894777297974
12.533528327941895
0.4723033905029297
-2.0887413024902344
-2.040454149246216
-18.877363204956055
-2.5847413539886475
-2.779226064682007
-7.27651309967041
14.14548397064209
-0.5512716174125671
-2.9224460124969482
-0.5985103249549866
13.667187690734863
-0.08643335103988647
-3.0949859619140625
-2.465219020843506
-20.764326095581055
-2.8537120819091797
-1.7379677295684814
-6.932106971740723
15.38863468170166
0.25441300868988037
-2.1763229370117188
-1.012150764465332
14.887406349182129
-0.5835354328155518
-4.04656982421875
-2.852025032043457
-22.668766021728516
-3.0313212871551514
-0.6890366077423096
-6.582889556884766
16.685222625732422
1.091093897819519
-1.4060125350952148
-1.3995088338851929
16.127582550048828
-0.9708452224731445
-4.951319694519043
-3.2222063541412354
-24.59221839904785
-3.1619529724121094
0.2862756848335266
-6.291691780090332
17.86560821533203
1.9074122905731201
-0.6396782398223877
-1.7600080966949463
17.341548919677734
-1.2477011680603027
-5.803443908691406
-3.574911117553711
-26.527847290039062
-3.240750312805176
1.1373958587646484
-6.031620979309082
18.804950714111328
2.703125476837158
0.09761762619018555
-2.0994412899017334
18.464332580566406
-1.4445910453796387
-6.537010192871094
-3.8798248767852783
-28.34113311767578
-3.226001024246216
