2
3
7.4525532722473145
-2.1392884254455566
3.8465754985809326
2.8711774349212646
4.916982173919678
-2.759068250656128
9.12213134765625
-4.495316028594971
-4.647952556610107
-6.814121723175049
6.080389499664307
-2.215615749359131
6.939192295074463
-2.2800681591033936
2.8446364402770996
2.6546742916107178
5.019149303436279
-3.2526960372924805
9.228508949279785
-5.097132682800293
-3.3899948596954346
-6.489282131195068
7.724737644195557
-1.6993616819381714
6.426442623138428
-2.4643986225128174
1.9277009963989258
2.4132072925567627
5.174344062805176
-3.736753225326538
9.437784194946289
-5.659008026123047
-2.2134664058685303
-6.1910014152526855
9.260717391967773
-1.2554004192352295
5.987013339996338
-2.65012788772583
1.2240593433380127
2.2359158992767334
5.380792140960693
-4.204589366912842
9.753161430358887
-6.161724090576172
-1.0909297466278076
-6.001471996307373
10.776963233947754
-0.9231458902359009
5.629220485687256
-2.8413138389587402
0.7240400910377502
2.1365435123443604
5.650329113006592
-4.6656999588012695
10.194132804870605
-6.60579776763916
0.08553779125213623
-5.859060287475586
12.405342102050781
-0.6761523485183716
5.33808708190918
-3.0936269760131836
0.3677665591239929
2.048858165740967
6.023236274719238
-5.147644996643066
10.788564682006836
-7.033470630645752
1.3098037242889404
-5.7320661544799805
14.106037139892578
-0.450101375579834
5.137481689453125
-3.3144993782043457
0.12451218068599701
1.9824994802474976
6.544975280761719
-5.676385879516602
11.575484275817871
-7.470119953155518
2.6150550842285156
-5.634239673614502
15.94758129119873
-0.2477559894323349
5.074063301086426
-3.523529529571533
0.07289908826351166
1.8734289407730103
7.15285587310791
-6.181569576263428
12.478442192077637
-7.841222286224365
3.972184419631958
-5.551141262054443
17.865427017211914
-0.04849468171596527
5.14563512802124
-3.7120161056518555
0.19803863763809204
1.7508845329284668
7.848080635070801
-6.653424263000488
13.473135948181152
-8.152966499328613
5.364560127258301
-5.500310897827148
19.8372802734375
0.1731829196214676
5.356532573699951
-3.912977457046509
0.49421435594558716
1.597752332687378
8.624394416809082
-7.103517055511475
14.541908264160156
-8.417220115661621
6.704631805419922
-5.458763599395752
21.712364196777344
0.4899022579193115
