2
3
9.282125473022461
2.272624969482422
3.686126708984375
-0.9851247668266296
0.929587721824646
-2.5158181190490723
12.23741626739502
16.211917877197266
6.721601963043213
0.7420364022254944
-5.290487289428711
0.7166146039962769
9.091121673583984
1.0848751068115234
1.276078701019287
0.09075051546096802
4.43359899520874
1.5430970191955566
13.359938621520996
18.049148559570312
5.23084831237793
0.6813091039657593
-5.408145904541016
2.22475004196167
8.701154708862305
0.3394903540611267
-0.7532284259796143
2.5875813961029053
8.019527435302734
5.534522533416748
13.2031888961792
18.60274314880371
3.9812381267547607
0.8757016062736511
-4.739923477172852
4.587305545806885
7.835579872131348
0.06005173921585083
-1.4842767715454102
6.3707990646362305
11.367639541625977
9.236909866333008
11.343493461608887
17.954992294311523
3.5429847240448
1.1026012897491455
-2.719517707824707
7.346621990203857
7.186694145202637
0.8341067433357239
-1.1177294254302979
11.055620193481445
13.937694549560547
12.227888107299805
9.414348602294922
16.97401237487793
3.870448589324951
1.882220983505249
-0.17125749588012695
10.95861530303955
6.99234676361084
2.660566806793213
0.14195752143859863
15.720161437988281
15.629373550415039
14.170369148254395
6.801516532897949
16.17487144470215
4.770559310913086
3.3081302642822266
2.2290239334106445
14.99489974975586
6.986234664916992
5.069307804107666
0.6978380680084229
19.64259147644043
16.28514862060547
15.081413269042969
4.586928367614746
16.452465057373047
5.999533653259277
5.429340839385986
3.653542995452881
19.376510620117188
7.302829265594482
7.902275562286377
1.0226094722747803
23.823875427246094
16.411962509155273
15.759485244750977
2.538879632949829
17.964963912963867
7.509038925170898
8.27206039428711
4.009469509124756
24.130855560302734
8.10781478881836
11.500791549682617
0.9312570095062256
29.28508758544922
16.11186981201172
16.426116943359375
0.5705077648162842
20.891239166259766
9.190382957458496
11.995881080627441
3.6093974113464355
29.646249771118164
9.296154022216797
15.942837715148926
0.2782834768295288
35.761566162109375
15.693123817443848
17.80455780029297
-1.5455148220062256
25.836544036865234
10.988134384155273
16.535865783691406
2.8044071197509766
35.70758056640625
