2
3
2.079881191253662
3.985680341720581
-13.893924713134766
3.914095640182495
6.151875019073486
6.168251991271973
-1.3806538581848145
-4.579761505126953
-7.372748374938965
2.6494102478027344
6.550928115844727
15.728677749633789
0.024672985076904297
5.398349285125732
-14.822989463806152
5.597678184509277
5.584383010864258
4.701051712036133
-6.03438138961792
-2.9191956520080566
-4.4466753005981445
6.133123397827148
8.300688743591309
16.992652893066406
-2.013697624206543
6.658689975738525
-15.384196281433105
7.466468811035156
4.601202964782715
3.7623963356018066
-10.19038200378418
0.05118703842163086
-1.0795352458953857
9.96647834777832
8.553316116333008
17.858449935913086
-3.3523714542388916
7.280919075012207
-14.290146827697754
9.314069747924805
2.81600284576416
3.5107431411743164
-13.133849143981934
4.584249019622803
2.353302001953125
13.560826301574707
7.422884941101074
17.711244583129883
-4.129047870635986
7.906033515930176
-12.404115676879883
11.514715194702148
0.696258544921875
4.2627434730529785
-14.8316011428833
10.024660110473633
5.458155632019043
16.56008529663086
4.501307010650635
16.626028060913086
-4.625267505645752
8.732943534851074
-11.086657524108887
13.708747863769531
-1.1212364435195923
6.29990816116333
-14.960455894470215
15.830452919006348
7.457108974456787
18.51844024658203
-0.04672098159790039
15.003681182861328
-4.977448463439941
10.043861389160156
-10.697031021118164
17.392606735229492
-2.8652238845825195
8.91253662109375
-15.743389129638672
20.33204460144043
7.905388832092285
19.490795135498047
-4.883976459503174
14.889053344726562
-4.788118839263916
12.008851051330566
-11.28792667388916
21.703807830810547
-4.13745641708374
12.102788925170898
-17.203224182128906
24.60002899169922
7.198435306549072
19.93264389038086
-9.93886947631836
16.160722732543945
-4.379705905914307
14.50509262084961
-12.832164764404297
26.1641845703125
-4.926177978515625
15.65552806854248
-18.558574676513672
28.935771942138672
5.587479591369629
20.215476989746094
-15.158757209777832
18.83034324645996
-4.332927227020264
17.54232406616211
-15.052366256713867
31.404056549072266
-5.4162917137146
19.524429321289062
-20.478586196899414
33.261470794677734
3.3451056480407715
20.94928550720215
-20.52840805053711
23.167434692382812
