2
3
-6.451844692230225
10.718523025512695
2.9366512298583984
0.49718523025512695
-3.8933539390563965
2.740295648574829
11.598573684692383
-3.877537727355957
3.8511834144592285
-2.6430726051330566
-12.142976760864258
1.9371554851531982
-5.369668960571289
10.14612865447998
5.581603527069092
-3.2569997310638428
-1.0057978630065918
2.7413482666015625
11.29516315460205
-2.898024082183838
0.47309017181396484
-0.08308815956115723
-13.659585952758789
4.86317253112793
-3.537572145462036
9.126236915588379
7.268650531768799
-5.842196464538574
1.4979920387268066
3.016646146774292
9.423514366149902
-1.8021286725997925
-2.597019672393799
2.591496229171753
-12.846282958984375
6.242548942565918
-1.4635026454925537
7.980068206787109
7.36638069152832
-6.83504581451416
3.0380709171295166
3.320281505584717
6.811383247375488
-0.6799479722976685
-5.073349952697754
5.340161323547363
-10.665964126586914
6.896825790405273
0.32631397247314453
6.672781944274902
6.395015716552734
-6.313174724578857
3.8889665603637695
3.9753222465515137
3.9997196197509766
0.5026195049285889
-6.705811500549316
7.346188545227051
-8.533546447753906
7.201322555541992
1.7078475952148438
5.470630645751953
4.866696357727051
-4.752261161804199
4.040773391723633
4.922210216522217
1.2460317611694336
1.613253116607666
-7.54628324508667
9.204339027404785
-6.133136749267578
7.303161144256592
2.618802070617676
4.608883857727051
2.089412212371826
-2.01373291015625
3.606283187866211
5.869999408721924
-2.411275863647461
3.0839810371398926
-7.549687385559082
10.748966217041016
-3.6682090759277344
6.74223518371582
2.560297966003418
4.226466655731201
-1.1063530445098877
1.3670220375061035
2.486569881439209
6.793712615966797
-5.093568801879883
4.271111488342285
-7.10609769821167
11.617147445678711
-1.2001054286956787
6.05299711227417
1.3782587051391602
4.496474266052246
-4.001690864562988
4.881704330444336
0.9678211212158203
7.437807559967041
-7.250074863433838
5.519332408905029
-6.26658821105957
12.115274429321289
0.6829061508178711
5.1817216873168945
-0.006489753723144531
5.609813213348389
-6.10687780380249
7.738253593444824
-0.6285789012908936
8.195167541503906
-8.55530071258545
6.858668804168701
-4.594396591186523
12.399991989135742
1.821834683418274
4.640431880950928
