2
3
1.386420488357544
-1.6662774085998535
-4.767635345458984
-6.0101470947265625
-4.21872091293335
-0.4056777358055115
4.5061354637146
0.360142320394516
3.0854122638702393
-3.8338418006896973
7.157243251800537
-9.637894630432129
0.9573107361793518
-2.0494656562805176
-5.5011701583862305
-6.318492412567139
-3.459076404571533
-0.6304079294204712
5.754708290100098
-0.023800820112228394
3.154383897781372
-4.2838850021362305
7.122711181640625
-9.768659591674805
0.5471588969230652
-2.4478375911712646
-6.146230697631836
-6.652769088745117
-2.7586848735809326
-0.8855744004249573
6.902670860290527
-0.4290888011455536
3.278672933578491
-4.735713005065918
7.153666973114014
-9.900670051574707
0.11761650443077087
-2.9164373874664307
-6.669493675231934
-7.101495265960693
-2.058466911315918
-1.1288762092590332
8.029016494750977
-0.8347744345664978
3.4670729637145996
-5.194535732269287
7.255253791809082
-10.043200492858887
-0.291582316160202
-3.4413933753967285
-7.100474834442139
-7.616331100463867
-1.3379619121551514
-1.3825587034225464
9.20458698272705
-1.2539503574371338
3.7206404209136963
-5.660467147827148
7.432575702667236
-10.203295707702637
-0.6658154726028442
-4.007119178771973
-7.461623668670654
-8.213837623596191
-0.6089407801628113
-1.6890537738800049
10.428109169006348
-1.7044657468795776
4.020784378051758
-6.139623641967773
7.676747798919678
-10.390646934509277
-0.9546892046928406
-4.576923370361328
-7.7333807945251465
-8.836884498596191
0.12450307607650757
-2.073774814605713
11.7131929397583
-2.189694404602051
4.340620994567871
-6.6357645988464355
7.97064733505249
-10.59765625
-1.1843315362930298
-5.160146713256836
-7.914167404174805
-9.47368049621582
0.8535931706428528
-2.4937567710876465
13.020617485046387
-2.68583607673645
4.66672420501709
-7.161946773529053
8.309243202209473
-10.842920303344727
-1.3470799922943115
-5.759714126586914
-7.988485813140869
-10.124746322631836
1.571091651916504
-2.925605297088623
14.312845230102539
-3.180138111114502
4.997005462646484
-7.717850685119629
8.676458358764648
-11.112225532531738
-1.4608584642410278
-6.385470867156982
-7.971445560455322
-10.812614440917969
2.3005106449127197
-3.379697799682617
15.631839752197266
-3.6866984367370605
5.338674545288086
-8.303752899169922
9.07413101196289
-11.410491943359375
