2
3
3.3477115631103516
5.202877044677734
-7.591313362121582
-11.623495101928711
2.7772271633148193
5.027615547180176
-13.216032981872559
-8.276751518249512
-6.000089645385742
6.203777313232422
2.124776601791382
15.172663688659668
2.211578607559204
3.0764524936676025
-10.860244750976562
-10.876949310302734
1.0959320068359375
4.272639751434326
-16.104305267333984
-6.884264945983887
-4.220366477966309
10.093854904174805
3.515976667404175
14.869662284851074
0.675812840461731
1.2747960090637207
-13.590371131896973
-8.487131118774414
-0.8098835945129395
3.947895050048828
-18.129798889160156
-4.830617427825928
-1.8842153549194336
13.894359588623047
3.443362236022949
13.41396427154541
-0.9733927249908447
0.26620686054229736
-15.142537117004395
-3.90358829498291
-2.7475342750549316
3.53623104095459
-18.66086196899414
-1.504354476928711
0.476088285446167
16.968053817749023
1.9589529037475586
10.615642547607422
-2.5800094604492188
0.8456870317459106
-15.807168960571289
2.0840487480163574
-4.5494842529296875
3.921121835708618
-18.108095169067383
3.0611658096313477
2.4883460998535156
18.80778694152832
-1.1319799423217773
6.493767738342285
-4.0651702880859375
2.4667632579803467
-17.268077850341797
7.568098068237305
-5.9135260581970215
5.541121482849121
-19.863609313964844
6.776825904846191
3.6552767753601074
18.7803897857666
-5.5843048095703125
2.3573217391967773
-5.578639984130859
4.598714828491211
-19.94797134399414
11.997095108032227
-7.36319637298584
7.198875904083252
-21.88283348083496
10.293983459472656
3.8925535678863525
17.724775314331055
-10.640399932861328
-0.8083384037017822
-7.157618522644043
7.5162129402160645
-23.57159423828125
16.439849853515625
-8.703656196594238
9.267964363098145
-24.902795791625977
13.937827110290527
3.18558931350708
15.69136905670166
-16.41461181640625
-2.511829376220703
-8.149551391601562
11.746294021606445
-26.93229103088379
20.376571655273438
-10.080888748168945
11.676552772521973
-28.30369758605957
17.380407333374023
1.728694200515747
13.835594177246094
-23.027273178100586
-2.3324835300445557
-9.174307823181152
16.24344253540039
-30.672719955444336
23.113840103149414
-11.596700668334961
14.79122543334961
-32.16705322265625
20.597864151000977
-0.5287303924560547
12.038159370422363
-29.898109436035156
0.008417367935180664
