2
3
3.188567638397217
0.011930644512176514
3.980205535888672
5.232676982879639
-0.0637865662574768
-8.169120788574219
6.914721488952637
-0.2539881467819214
-0.3966084420681
-1.5919829607009888
5.802454471588135
-5.901454925537109
3.169013261795044
-0.25374284386634827
3.767756223678589
5.002562046051025
0.5921344757080078
-7.6985015869140625
7.583127498626709
0.726815938949585
-0.07268887758255005
-2.0954596996307373
6.479827880859375
-6.649759292602539
3.186600685119629
-0.48679402470588684
3.64117431640625
4.827083110809326
1.259592890739441
-7.153875350952148
8.236869812011719
1.768099308013916
0.35538002848625183
-2.603938102722168
7.316022872924805
-7.390957832336426
3.254831552505493
-0.6829476952552795
3.622300863265991
4.716351509094238
1.932005763053894
-6.611265182495117
8.90952205657959
2.7874698638916016
0.9060356616973877
-3.1499009132385254
8.310722351074219
-8.123329162597656
3.38623309135437
-0.8408621549606323
3.7259254455566406
4.685851573944092
2.640124797821045
-6.077592849731445
9.654181480407715
3.775723695755005
1.5528085231781006
-3.7071385383605957
9.392066955566406
-8.809571266174316
3.5624992847442627
-0.9613044857978821
3.91634464263916
4.713271617889404
3.3793702125549316
-5.557260990142822
10.452914237976074
4.737456321716309
2.280111074447632
-4.251072406768799
10.544015884399414
-9.439672470092773
3.7876782417297363
-1.0489528179168701
4.189146995544434
4.782102108001709
4.080648899078369
-5.056424140930176
11.174169540405273
5.650513648986816
3.074526786804199
-4.791243553161621
11.775125503540039
-9.981474876403809
4.062167167663574
-1.1014901399612427
4.5371527671813965
4.884629249572754
4.8139543533325195
-4.560908794403076
11.914692878723145
6.554234504699707
3.93257212638855
-5.3144025802612305
13.061132431030273
-10.440658569335938
4.371567726135254
-1.1516809463500977
4.930979251861572
4.970250606536865
5.527647018432617
-4.106690406799316
12.576127052307129
7.4429521560668945
4.8469390869140625
-5.814843654632568
14.387967109680176
-10.830782890319824
4.735454082489014
-1.206342339515686
5.386308193206787
5.035355091094971
6.214864253997803
-3.7005677223205566
13.178376197814941
8.271271705627441
5.810141563415527
-6.287626266479492
15.739755630493164
-11.135470390319824
