2
3
-5.355243682861328
-6.051417350769043
5.3433756828308105
-9.078763961791992
0.3998972177505493
0.7912065386772156
-6.998250961303711
-3.4829862117767334
7.007680892944336
7.0157670974731445
-10.855888366699219
-9.36390209197998
-4.192170143127441
-5.780360221862793
6.634041786193848
-8.304829597473145
0.41834935545921326
0.6470513343811035
-7.199488639831543
-3.53556752204895
5.7904953956604
5.857265949249268
-12.310516357421875
-11.360976219177246
-3.1201605796813965
-5.630911827087402
7.840343475341797
-7.627857685089111
0.3738122284412384
0.5050357580184937
-7.490605354309082
-3.630237579345703
4.640321731567383
4.786776542663574
-13.695343971252441
-13.187610626220703
-2.157932758331299
-5.484706401824951
8.904426574707031
-7.001010894775391
0.27586090564727783
0.323574960231781
-7.8411688804626465
-3.79927396774292
3.478531837463379
3.6771621704101562
-15.099014282226562
-15.030440330505371
-1.2447750568389893
-5.531676292419434
10.058284759521484
-6.5455322265625
0.07123354077339172
0.06813502311706543
-8.315829277038574
-4.067615509033203
2.3216116428375244
2.518144130706787
-16.509056091308594
-16.916915893554688
-0.31536567211151123
-5.663951396942139
11.309659957885742
-6.252468109130859
-0.2902098596096039
-0.27941960096359253
-8.872182846069336
-4.441823482513428
1.1757229566574097
1.2692779302597046
-17.909751892089844
-18.88005828857422
0.6210681200027466
-5.812913417816162
12.52876091003418
-6.012303352355957
-0.7132363319396973
-0.7651610970497131
-9.49206256866455
-4.9927825927734375
0.052370667457580566
-0.04728996753692627
-19.284006118774414
-20.914901733398438
1.5097863674163818
-5.9494709968566895
13.650375366210938
-5.792380332946777
-1.1749422550201416
-1.300114393234253
-10.146292686462402
-5.685698509216309
-1.0459080934524536
-1.4053000211715698
-20.62994956970215
-23.02520751953125
2.3635220527648926
-6.123468399047852
14.730571746826172
-5.605781078338623
-1.7053415775299072
-1.8609696626663208
-10.85226821899414
-6.420565605163574
-2.019767999649048
-2.764435291290283
-21.8579158782959
-25.124460220336914
3.1635921001434326
-6.335038661956787
15.743851661682129
-5.450974464416504
-2.2656140327453613
-2.477391481399536
-11.553486824035645
-7.229885578155518
-2.858579158782959
-4.085415363311768
-22.951072692871094
-27.126502990722656
