2
3
-4.0749430656433105
0.6077420711517334
-2.5138320922851562
3.4269495010375977
-0.5204764604568481
1.3620736598968506
3.6448659896850586
2.375563144683838
-0.8860678672790527
-7.1475019454956055
2.4725310802459717
2.208625316619873
-4.315645217895508
0.5228158235549927
-0.5947439670562744
2.1713147163391113
0.06448876857757568
0.7702481746673584
2.7936019897460938
0.9207240343093872
-0.6329518556594849
-5.899111747741699
1.5298287868499756
5.644763469696045
-4.039444923400879
0.1844235062599182
1.3474476337432861
1.5471577644348145
0.190425843000412
-0.037316322326660156
2.057854175567627
0.3709990978240967
-0.6369250416755676
-4.227033615112305
0.7768313884735107
7.734615325927734
-3.2732162475585938
-0.5586139559745789
2.9578635692596436
1.5359361171722412
0.010108038783073425
-1.0078098773956299
1.906349778175354
0.5070741176605225
-0.7207440137863159
-2.01188325881958
0.10559988021850586
9.223697662353516
-2.3442726135253906
-1.0769325494766235
3.889552116394043
2.4568262100219727
-0.24983443319797516
-1.6711218357086182
1.4215928316116333
1.7278910875320435
-0.9483996629714966
0.32524919509887695
-0.5240670442581177
9.966756820678711
-1.3139643669128418
-1.267863392829895
4.045883655548096
4.209689140319824
-0.5055742859840393
-2.009570360183716
1.001046061515808
3.9666295051574707
-1.20351243019104
2.392043352127075
-0.945781946182251
9.750900268554688
-0.2908000946044922
-0.9504679441452026
3.6208784580230713
6.2998046875
-0.7922030687332153
-1.7584178447723389
0.7285626530647278
6.468507289886475
-1.361466407775879
3.6780548095703125
-0.9243600964546204
9.284858703613281
0.6260252594947815
-0.19299006462097168
2.7352824211120605
8.556720733642578
-0.9304872751235962
-0.9331787824630737
0.7911940217018127
8.62734317779541
-1.5314055681228638
4.259953022003174
-0.3625414967536926
8.822385787963867
1.144526720046997
0.9677038192749023
1.9108904600143433
10.97547721862793
-0.7710729837417603
0.4760880470275879
0.803455114364624
11.390314102172852
-1.4657062292099
4.872808456420898
0.08127528429031372
9.411572456359863
1.4438786506652832
2.575741767883301
0.9721215963363647
13.976654052734375
-0.4829295873641968
2.4205381870269775
0.45657259225845337
14.583089828491211
-1.1947345733642578
5.6015305519104
0.3757908046245575
11.134527206420898
