2
3
2.530205249786377
4.84215784072876
-3.1493964195251465
-0.41085028648376465
2.9793624877929688
1.124695062637329
-3.5825252532958984
-5.853316783905029
5.125765800476074
0.8693017959594727
0.0016728639602661133
0.45746907591819763
2.5771403312683105
4.746188640594482
-2.7614378929138184
-2.2550177574157715
2.4879188537597656
0.038675546646118164
-3.338189125061035
-5.126084327697754
5.208837985992432
1.8795065879821777
-1.967671513557434
0.44225969910621643
2.681560754776001
4.030822277069092
-2.3740317821502686
-3.8561830520629883
2.2347493171691895
-0.599454402923584
-3.0767428874969482
-4.147751808166504
4.855399131774902
2.6407294273376465
-3.692300319671631
-0.45546409487724304
2.801955461502075
3.0551798343658447
-2.352313280105591
-4.8711957931518555
2.054807424545288
-0.9395692348480225
-3.1757869720458984
-3.7458672523498535
4.204342842102051
3.087423801422119
-4.961480140686035
-1.7898571491241455
2.790609121322632
2.099025249481201
-2.810028553009033
-5.888347148895264
2.019935369491577
-0.9474939703941345
-3.61383056640625
-3.3588180541992188
3.5456573963165283
3.146054267883301
-5.684721946716309
-3.3328423500061035
2.637849807739258
1.0597370862960815
-3.5225772857666016
-6.710446357727051
2.0359599590301514
-0.6220418810844421
-4.362648010253906
-3.1053013801574707
2.846999168395996
2.8751847743988037
-6.451565742492676
-4.782979965209961
2.354235887527466
-0.0427393913269043
-4.418393135070801
-7.39953088760376
1.8197200298309326
-0.33520954847335815
-5.357272148132324
-3.3739144802093506
2.055868625640869
2.1536669731140137
-7.267504692077637
-6.197293281555176
1.9610881805419922
-1.1458091735839844
-5.502607345581055
-7.9779863357543945
1.3554948568344116
-0.22705844044685364
-6.601500988006592
-4.248652935028076
1.246342658996582
1.1813527345657349
-8.18586540222168
-7.563310146331787
1.4084951877593994
-2.0109236240386963
-7.15334415435791
-9.169671058654785
0.7675288915634155
-0.34079915285110474
-8.069653511047363
-5.706521034240723
0.3615974187850952
-0.12730324268341064
-9.203228950500488
-8.860033988952637
0.7230589389801025
-2.8531394004821777
-9.258659362792969
-10.76783275604248
-0.006544232368469238
-0.8024805784225464
-9.918928146362305
-7.7228217124938965
-0.4331790804862976
-1.1485028266906738
-10.478537559509277
-10.49959945678711
