2
3
1.4333312511444092
2.5010688304901123
2.518254518508911
8.652299880981445
-4.169641494750977
0.023527801036834717
-0.9118661284446716
10.104272842407227
4.47914457321167
-0.7727544903755188
0.38742291927337646
9.312612533569336
1.5880064964294434
2.6784861087799072
2.5190651416778564
9.335474014282227
-3.417015552520752
0.47766780853271484
-0.17797088623046875
11.158029556274414
4.184989929199219
-0.3407953977584839
-0.21024346351623535
10.336851119995117
1.7844966650009155
2.9021942615509033
2.5707709789276123
10.086981773376465
-2.680074691772461
0.9507272243499756
0.5495942234992981
12.277822494506836
3.965763568878174
0.1469818353652954
-0.782852053642273
11.464963912963867
1.9998983144760132
3.1677439212799072
2.632380485534668
10.915077209472656
-2.0013620853424072
1.5039305686950684
1.188284158706665
13.50784683227539
3.859041452407837
0.720321536064148
-1.2963218688964844
12.74594497680664
2.236546277999878
3.4803497791290283
2.7047832012176514
11.827048301696777
-1.3985745906829834
2.157925605773926
1.721590518951416
14.878210067749023
3.794750213623047
1.3699064254760742
-1.7910668849945068
14.09687614440918
2.4945828914642334
3.8447890281677246
2.7862892150878906
12.830680847167969
-0.7796953320503235
2.8537051677703857
2.2385358810424805
16.36795425415039
3.74318528175354
2.0597891807556152
-2.298339366912842
15.533087730407715
2.775635004043579
4.261392593383789
2.87848162651062
13.928101539611816
-0.15461713075637817
3.630220413208008
2.6971025466918945
17.977863311767578
3.7430174350738525
2.823944330215454
-2.7781689167022705
17.15826416015625
3.0827510356903076
4.733332633972168
2.9842967987060547
15.124343872070312
0.49906378984451294
4.455273151397705
3.173776149749756
19.702363967895508
3.766561269760132
3.6604113578796387
-3.2629380226135254
18.93067169189453
3.418653726577759
5.263422966003418
3.1071906089782715
16.423959732055664
1.1836979389190674
5.329190254211426
3.6728854179382324
21.547069549560547
3.8031394481658936
4.552933692932129
-3.764537811279297
20.820316314697266
3.7855422496795654
5.855960845947266
3.252614974975586
17.83163833618164
1.9003738164901733
6.253472328186035
4.194941520690918
23.516420364379883
3.8563766479492188
5.494205474853516
-4.275575637817383
22.827556610107422
