2
3
-8.107086181640625
8.382915496826172
-4.8969244956970215
2.2661209106445312
5.285883903503418
5.780590057373047
0.5118515491485596
4.426202774047852
-4.408535003662109
2.9203784465789795
-7.282812118530273
-3.312075138092041
-7.44301176071167
8.105367660522461
-4.034707069396973
2.320653200149536
4.584115982055664
5.845415115356445
-0.9410114288330078
4.8794660568237305
-4.1643967628479
2.9639413356781006
-7.114251613616943
-2.717710256576538
-6.818044662475586
7.861530303955078
-3.223456859588623
2.389251708984375
3.8577346801757812
5.899539470672607
-2.3944807052612305
5.251366138458252
-3.9648332595825195
3.0176002979278564
-7.001735687255859
-2.1184868812561035
-6.22232723236084
7.636597633361816
-2.4457390308380127
2.430553436279297
3.131967067718506
5.946455478668213
-3.80293869972229
5.56028938293457
-3.825270175933838
3.0813381671905518
-6.97178840637207
-1.5197663307189941
-5.662924766540527
7.415379524230957
-1.7173757553100586
2.4198782444000244
2.4486966133117676
5.951712131500244
-4.994872570037842
5.915698528289795
-3.791635513305664
3.15217924118042
-7.10198974609375
-0.9524960517883301
-5.176150321960449
7.222569465637207
-1.1045868396759033
2.404823064804077
1.8089401721954346
5.956815242767334
-6.120891571044922
6.328268051147461
-3.838188409805298
3.1999754905700684
-7.312457084655762
-0.4230273962020874
-4.772587299346924
7.086411952972412
-0.6195321083068848
2.418635606765747
1.220008373260498
6.013926982879639
-7.2521562576293945
6.810205936431885
-3.919156551361084
3.251783609390259
-7.577571868896484
0.07872986793518066
-4.417535305023193
6.955043315887451
-0.1981833577156067
2.430238962173462
0.6326568722724915
6.084352970123291
-8.44892692565918
7.355637550354004
-4.05780029296875
3.3141403198242188
-8.018743515014648
0.5125908851623535
-4.1066412925720215
6.817012786865234
0.16607671976089478
2.4229800701141357
0.024326622486114502
6.144996166229248
-9.723773956298828
7.919423580169678
-4.247217655181885
3.406289577484131
-8.605267524719238
0.9469294548034668
-3.850620746612549
6.687646865844727
0.45653027296066284
2.414799213409424
-0.6003191471099854
6.218264579772949
-11.075927734375
8.527681350708008
-4.454465866088867
3.536363124847412
-9.266340255737305
1.4228367805480957
