2
3
-1.6823880672454834
0.8368140459060669
5.584621906280518
1.781761646270752
-8.583728790283203
-1.111478328704834
-5.191898822784424
1.1969544887542725
-1.2492061853408813
4.430510520935059
7.7454304695129395
-16.8124942779541
-0.7385929822921753
2.17537784576416
3.959571123123169
0.7668789625167847
-9.38409423828125
0.33343255519866943
-2.6630005836486816
2.0478131771087646
-0.12954366207122803
1.7635259628295898
6.868880748748779
-17.370853424072266
-0.23290467262268066
3.7071990966796875
2.1362533569335938
-0.3500492572784424
-9.138749122619629
2.152249813079834
0.1295337677001953
1.9848027229309082
0.7734756469726562
-0.6692771911621094
5.350930213928223
-16.456558227539062
-0.3407042324542999
4.450582504272461
0.664385199546814
-1.5845332145690918
-8.291645050048828
3.822761058807373
3.231656551361084
0.5682260990142822
1.236267328262329
-2.7701334953308105
3.470165491104126
-14.389459609985352
-0.9463857412338257
4.577262878417969
0.25485143065452576
-3.7950029373168945
-6.640552997589111
4.953664302825928
5.796498775482178
-1.655113697052002
1.3179481029510498
-4.253951072692871
1.5691627264022827
-11.5485200881958
-1.4443570375442505
4.19717264175415
0.600900411605835
-5.929567337036133
-4.646637916564941
5.25970458984375
7.510494232177734
-4.533668518066406
0.915296733379364
-4.859434127807617
0.14203226566314697
-8.345155715942383
-2.002014636993408
3.6084580421447754
1.5434319972991943
-7.007481575012207
-2.553633213043213
4.937911510467529
8.156553268432617
-7.296220302581787
0.11199349164962769
-4.4923930168151855
-0.43789005279541016
-5.404453754425049
-2.1500821113586426
3.022376775741577
3.1004011631011963
-7.990535736083984
-0.7665812969207764
3.9715347290039062
7.784756183624268
-9.792022705078125
-0.7621265053749084
-3.3293545246124268
-0.18530863523483276
-3.4271254539489746
-1.6762303113937378
2.0577030181884766
4.361375331878662
-9.342061996459961
0.6390419006347656
2.63554048538208
7.634688377380371
-11.63218879699707
-1.274614930152893
-2.1554627418518066
0.8526142239570618
-2.5791330337524414
-1.0818251371383667
0.9968414306640625
5.817136764526367
-10.73815631866455
1.6335468292236328
0.9033710956573486
7.451469421386719
-12.900375366210938
-1.427734613418579
-1.0714256763458252
2.472484588623047
-2.8350696563720703
