2
3
1.5173468589782715
-9.106886863708496
-4.150071144104004
-1.2768303155899048
-0.6831373572349548
7.598357200622559
-5.986264228820801
-3.395240545272827
0.6877928972244263
-1.4147790670394897
10.45115852355957
4.597385883331299
1.5395320653915405
-8.364875793457031
-4.646615028381348
0.4141489267349243
-0.9337376356124878
6.315439224243164
-6.120302677154541
-5.484729766845703
1.330878496170044
-1.1687368154525757
10.960616111755371
5.4260573387146
1.569912075996399
-7.565266132354736
-5.104364395141602
2.069429397583008
-1.1826272010803223
5.1720476150512695
-6.1204752922058105
-7.403192520141602
1.958783745765686
-0.9160363674163818
11.431231498718262
6.226467609405518
1.588935136795044
-6.723899841308594
-5.514413356781006
3.6145925521850586
-1.3683116436004639
4.04561185836792
-6.006283283233643
-9.264678955078125
2.4948043823242188
-0.8221361637115479
11.782580375671387
6.810299396514893
1.6001982688903809
-5.921189785003662
-5.923232078552246
5.038967132568359
-1.5357143878936768
3.0097978115081787
-5.852334499359131
-10.981475830078125
3.0010826587677
-0.7612702250480652
12.0620698928833
7.372898101806641
1.5791784524917603
-5.2018022537231445
-6.360698223114014
6.354262828826904
-1.7276360988616943
2.025777816772461
-5.7174882888793945
-12.591363906860352
3.4711196422576904
-0.6724539399147034
12.274849891662598
7.934325218200684
1.524441123008728
-4.53568696975708
-6.921560764312744
7.539461135864258
-1.8506792783737183
1.066117763519287
-5.491838455200195
-14.183306694030762
3.9034600257873535
-0.550866961479187
12.42273998260498
8.494030952453613
1.4907187223434448
-3.891171932220459
-7.471129417419434
8.767831802368164
-1.917136788368225
0.10565006732940674
-5.197463035583496
-15.77306079864502
4.29902982711792
-0.38224706053733826
12.51356029510498
9.077356338500977
1.4306540489196777
-3.262591600418091
-8.100667953491211
10.051965713500977
-1.915893793106079
-0.8587244749069214
-4.837104797363281
-17.34174919128418
4.671637058258057
-0.15014076232910156
12.546663284301758
9.692792892456055
1.3746386766433716
-2.648003578186035
-8.757683753967285
11.402419090270996
-1.8554253578186035
-1.799255132675171
-4.454549789428711
-18.88319969177246
5.097358226776123
0.11048251390457153
12.712119102478027
10.355396270751953
