2
3
6.082328796386719
1.1063759326934814
4.65118932723999
6.211456775665283
1.4745736122131348
8.369540214538574
7.775519847869873
-10.563844680786133
-7.449728965759277
5.394160747528076
7.008535861968994
10.271379470825195
5.835877418518066
1.577561855316162
3.627984046936035
7.2633466720581055
1.5996170043945312
7.415313720703125
8.143089294433594
-11.862472534179688
-6.083500385284424
5.607657432556152
8.860872268676758
10.868450164794922
5.619573593139648
2.09751033782959
2.6803336143493652
8.316707611083984
1.7853069305419922
6.473865985870361
8.54610538482666
-13.075066566467285
-4.799040794372559
5.901445388793945
10.526223182678223
11.625612258911133
5.425021171569824
2.6561121940612793
1.8013646602630615
9.373367309570312
2.035527229309082
5.564569473266602
9.006489753723145
-14.186382293701172
-3.515540361404419
6.28877592086792
12.088159561157227
12.489242553710938
5.262873649597168
3.220083236694336
1.0731072425842285
10.451866149902344
2.3515024185180664
4.7240190505981445
9.49520492553711
-15.137908935546875
-2.2000303268432617
6.68731689453125
13.686873435974121
13.412586212158203
5.222782611846924
3.825335741043091
0.6866920590400696
11.72859001159668
2.7473227977752686
3.934077501296997
10.043180465698242
-15.943360328674316
-0.857996940612793
7.27517032623291
15.244379997253418
14.486804962158203
5.2315168380737305
4.367524147033691
0.3271859884262085
13.021098136901855
3.246166229248047
3.1510517597198486
10.681136131286621
-16.70905113220215
0.48422980308532715
7.832727432250977
16.783592224121094
15.577535629272461
5.2854084968566895
4.866950988769531
0.014979630708694458
14.266048431396484
3.8479418754577637
2.3191263675689697
11.446895599365234
-17.51924705505371
1.8176213502883911
8.311056137084961
18.332687377929688
16.617847442626953
5.391586780548096
5.370334625244141
-0.27528002858161926
15.506319046020508
4.54162073135376
1.4759806394577026
12.3450927734375
-18.29351234436035
3.16806697845459
8.631734848022461
20.017871856689453
17.600404739379883
5.561734676361084
5.890566825866699
-0.5164586305618286
16.83660316467285
5.328807830810547
0.6413467526435852
13.378728866577148
-19.021888732910156
4.578617572784424
8.896883010864258
21.82268524169922
18.585235595703125
