2
3
0.2821938395500183
-9.208758354187012
-9.44388198852539
-3.0949018001556396
1.7479872703552246
-4.174098968505859
2.7802207469940186
-7.73745584487915
-6.173954010009766
6.176291465759277
-0.02253824472427368
8.450240135192871
-0.02763122320175171
-8.808025360107422
-10.406490325927734
-1.7986831665039062
1.5954598188400269
-4.486701488494873
2.150904893875122
-7.413675308227539
-5.652068614959717
5.455204010009766
0.6136624217033386
7.8217315673828125
-0.3327770531177521
-8.440252304077148
-11.297859191894531
-0.6589878797531128
1.4397187232971191
-4.7708821296691895
1.5350497961044312
-7.072896957397461
-5.190752983093262
4.799866676330566
1.1954936981201172
7.274711608886719
-0.6607256531715393
-8.1184720993042
-12.113389015197754
0.4735257625579834
1.2801389694213867
-5.030104160308838
0.9310759902000427
-6.719089984893799
-4.745032787322998
4.176829814910889
1.7627395391464233
6.7569260597229
-1.0027086734771729
-7.788902282714844
-12.96838092803955
1.6349461078643799
1.1171506643295288
-5.271613597869873
0.34072941541671753
-6.364779472351074
-4.309503555297852
3.5944924354553223
2.3081555366516113
6.266599178314209
-1.3533822298049927
-7.493465900421143
-13.783893585205078
2.7748122215270996
0.9511579871177673
-5.500845909118652
-0.2337931990623474
-6.0185866355896
-3.8942489624023438
3.041501045227051
2.822077989578247
5.76701545715332
-1.7305686473846436
-7.185227394104004
-14.698834419250488
3.8300232887268066
0.7711787223815918
-5.68344259262085
-0.7877110838890076
-5.645200729370117
-3.500974655151367
2.5414037704467773
3.2873756885528564
5.289261341094971
-2.198965311050415
-6.854094982147217
-15.992793083190918
4.749959945678711
0.5426286458969116
-5.762703895568848
-1.3780957460403442
-5.222906112670898
-3.125429391860962
2.0533154010772705
3.7431650161743164
4.826959133148193
-2.6778454780578613
-6.497795104980469
-17.34602928161621
5.752152919769287
0.2850908041000366
-5.759983062744141
-2.0081660747528076
-4.751586437225342
-2.799565315246582
1.5962414741516113
4.187546730041504
4.355147838592529
-3.1595802307128906
-6.117157459259033
-18.741090774536133
6.849781036376953
0.028380155563354492
-5.725298881530762
-2.6251730918884277
-4.285727024078369
-2.514171600341797
1.1528593301773071
4.645812034606934
3.8878259658813477
