2
3
8.772605895996094
-9.66635799407959
-5.416898727416992
-9.187222480773926
6.746278762817383
-7.435316562652588
-0.6022214889526367
-6.932430744171143
7.117761611938477
-4.928595542907715
8.516312599182129
9.047775268554688
8.368292808532715
-10.015673637390137
-6.081329345703125
-9.46924877166748
6.794111251831055
-7.8181633949279785
-0.5792357921600342
-7.335726737976074
7.809601783752441
-4.806281566619873
9.359414100646973
9.611794471740723
7.988270282745361
-10.374545097351074
-6.62855339050293
-9.753240585327148
6.852203369140625
-8.188322067260742
-0.5661388635635376
-7.711197376251221
8.507904052734375
-4.697085380554199
10.206768035888672
10.199882507324219
7.625345706939697
-10.736747741699219
-7.097347736358643
-10.023276329040527
6.935983657836914
-8.559825897216797
-0.5081380009651184
-8.073854446411133
9.210495948791504
-4.601550579071045
11.056425094604492
10.803793907165527
7.281795024871826
-11.120944023132324
-7.502938270568848
-10.27837085723877
7.059232234954834
-8.9144926071167
-0.38746291399002075
-8.387003898620605
9.923556327819824
-4.523113250732422
11.919594764709473
11.429120063781738
6.9691925048828125
-11.515931129455566
-7.854074478149414
-10.518776893615723
7.237508296966553
-9.235725402832031
-0.20849797129631042
-8.63731575012207
10.619019508361816
-4.488203048706055
12.79973316192627
12.044300079345703
6.78441858291626
-11.885988235473633
-8.101717948913574
-10.681990623474121
7.453263759613037
-9.55771255493164
0.026075199246406555
-8.86269474029541
11.307378768920898
-4.498281478881836
13.724464416503906
12.660163879394531
6.667642593383789
-12.231053352355957
-8.271172523498535
-10.793102264404297
7.703876495361328
-9.878288269042969
0.31115400791168213
-9.06373119354248
12.002604484558105
-4.538461208343506
14.703377723693848
13.289772033691406
6.585306644439697
-12.576512336730957
-8.39468765258789
-10.907014846801758
7.99090576171875
-10.190717697143555
0.6484746932983398
-9.228623390197754
12.715418815612793
-4.595098495483398
15.731632232666016
13.941458702087402
6.557103157043457
-12.893255233764648
-8.446545600891113
-11.006660461425781
8.313579559326172
-10.494454383850098
1.0408586263656616
-9.349724769592285
13.44550609588623
-4.664334774017334
16.795881271362305
14.608909606933594
