2
3
1.9765483140945435
-8.765796661376953
3.2697956562042236
-4.061855316162109
5.7961626052856445
-2.702085494995117
7.704708576202393
9.814539909362793
-8.441688537597656
4.279855251312256
8.98705005645752
0.8857002258300781
2.0268807411193848
-8.469090461730957
2.564382553100586
-2.874481439590454
5.824179649353027
-2.3364601135253906
6.841128349304199
10.99748420715332
-7.2433977127075195
3.5373141765594482
11.028953552246094
-0.44773292541503906
2.1058619022369385
-8.120786666870117
1.9517282247543335
-1.677178978919983
5.794641017913818
-2.027449131011963
5.933036804199219
11.993904113769531
-6.13291072845459
2.8179874420166016
12.976974487304688
-1.7117427587509155
2.21897292137146
-7.7016119956970215
1.4513195753097534
-0.45320844650268555
5.729003429412842
-1.7146629095077515
5.000697135925293
12.874307632446289
-5.020317554473877
2.1951889991760254
14.875301361083984
-2.8488211631774902
2.35160493850708
-7.134711265563965
1.067772626876831
0.8473321199417114
5.690068244934082
-1.4245624542236328
4.274127006530762
13.74834156036377
-3.8527932167053223
1.602252721786499
16.88076400756836
-3.9255294799804688
2.5170562267303467
-6.480439186096191
0.7700300812721252
2.1673192977905273
5.7589592933654785
-1.0873459577560425
3.897615671157837
14.805702209472656
-2.631054401397705
1.043583631515503
18.986740112304688
-4.929233074188232
2.689809799194336
-5.827112197875977
0.5209070444107056
3.408268928527832
5.846586227416992
-0.7380973100662231
3.6142356395721436
15.914538383483887
-1.351059913635254
0.5244187116622925
21.19432830810547
-5.839930057525635
2.8801229000091553
-5.190694332122803
0.34411564469337463
4.554971694946289
5.948101043701172
-0.3047500550746918
3.33372163772583
17.06991958618164
0.16237330436706543
-0.028336405754089355
23.760086059570312
-6.754229545593262
3.1042633056640625
-4.563565731048584
0.26726195216178894
5.603333473205566
6.0811076164245605
0.09191396832466125
3.1389424800872803
18.19597053527832
1.806049108505249
-0.6004464030265808
26.540283203125
-7.630919456481934
3.3966012001037598
-3.940574884414673
0.36431753635406494
6.6068434715271
6.2930803298950195
0.48050954937934875
3.059406042098999
19.385223388671875
3.55964994430542
-1.1840810775756836
29.515235900878906
-8.440581321716309
