2
3
-5.617300987243652
-0.5207791328430176
-7.068365573883057
-3.1649069786071777
-4.798285007476807
-5.921639442443848
-9.38166618347168
3.5289011001586914
0.8707982301712036
-1.0567293167114258
6.1176018714904785
2.955462694168091
-5.579982757568359
-0.8727108240127563
-7.0466628074646
-3.5748159885406494
-4.774689674377441
-5.444468975067139
-9.924480438232422
4.4717020988464355
0.7776775360107422
-1.2436286211013794
5.648675441741943
2.995255708694458
-5.546288013458252
-1.234729528427124
-6.998169898986816
-3.985011339187622
-4.76498556137085
-4.975617408752441
-10.500609397888184
5.464719295501709
0.6740490198135376
-1.3969638347625732
5.177791118621826
3.0686309337615967
-5.530970096588135
-1.601222276687622
-6.942627906799316
-4.370358467102051
-4.773773193359375
-4.5177507400512695
-11.111223220825195
6.508313179016113
0.5668150186538696
-1.510923981666565
4.71381950378418
3.1772751808166504
-5.553529262542725
-1.9557663202285767
-6.913503646850586
-4.7055864334106445
-4.809027671813965
-4.075103759765625
-11.76064395904541
7.601173400878906
0.465583860874176
-1.5736305713653564
4.264740467071533
3.3262667655944824
-5.581692218780518
-2.3136372566223145
-6.884313106536865
-5.037636756896973
-4.856663703918457
-3.645141839981079
-12.446542739868164
8.738641738891602
0.3623109459877014
-1.5941834449768066
3.820716381072998
3.5033347606658936
-5.614875793457031
-2.66892409324646
-6.866738319396973
-5.369017601013184
-4.894153118133545
-3.247408390045166
-13.121459007263184
9.926334381103516
0.2504192590713501
-1.5861512422561646
3.3842897415161133
3.6966986656188965
-5.653424263000488
-3.020501136779785
-6.864320278167725
-5.694687843322754
-4.9785895347595215
-2.8680944442749023
-13.894118309020996
11.205142974853516
0.13760638236999512
-1.5598986148834229
2.993544101715088
3.9151854515075684
-5.697214603424072
-3.3656020164489746
-6.874481678009033
-5.997457504272461
-5.086197853088379
-2.5172438621520996
-14.72613525390625
12.555845260620117
0.03829587996006012
-1.5246753692626953
2.6950244903564453
4.1919684410095215
-5.740174293518066
-3.701122522354126
-6.895517349243164
-6.253636360168457
-5.243113040924072
-2.182685136795044
-15.62916374206543
13.923982620239258
-0.05283045768737793
-1.4804742336273193
2.442354202270508
4.52191162109375
