2
3
-5.1226983070373535
2.7163186073303223
-1.410241723060608
-8.178558349609375
5.856220722198486
-6.18911075592041
4.214968681335449
-7.170473575592041
-1.4142353534698486
-0.25815510749816895
3.155017614364624
-7.629236698150635
-4.569664001464844
1.7721983194351196
-0.07224559783935547
-9.700509071350098
5.749504089355469
-6.408097267150879
3.5232298374176025
-6.653365135192871
-1.0730581283569336
-0.7177224159240723
3.514564275741577
-7.997838973999023
-4.128361701965332
0.8859958648681641
1.0533853769302368
-11.192967414855957
5.609017848968506
-6.610078811645508
2.8089065551757812
-6.161985397338867
-0.7456663846969604
-1.187866449356079
3.874220848083496
-8.415960311889648
-3.6814591884613037
-0.03069239854812622
2.1499621868133545
-12.766822814941406
5.382108688354492
-6.776917934417725
2.0154576301574707
-5.6749467849731445
-0.4388573169708252
-1.6681941747665405
4.22011137008667
-8.87445068359375
-3.2021002769470215
-0.9795382618904114
3.186971664428711
-14.391029357910156
5.077696800231934
-6.91135835647583
1.1764092445373535
-5.205140113830566
-0.16166481375694275
-2.1763153076171875
4.538859844207764
-9.397547721862793
-2.734600305557251
-1.986299991607666
4.164516925811768
-16.098176956176758
4.762271881103516
-7.040185928344727
0.3567039966583252
-4.785274028778076
0.08825609087944031
-2.7516283988952637
4.845070838928223
-10.030031204223633
-2.2826426029205322
-3.0761897563934326
5.094315528869629
-17.911745071411133
4.435011863708496
-7.172130107879639
-0.4410895109176636
-4.434996128082275
0.32690468430519104
-3.3816440105438232
5.170586109161377
-10.769620895385742
-1.8445619344711304
-4.31209659576416
5.987063407897949
-19.88985252380371
4.094658374786377
-7.325032711029053
-1.2141246795654297
-4.19293212890625
0.5568820238113403
-4.075490474700928
5.531907558441162
-11.636368751525879
-1.4028295278549194
-5.604154586791992
6.859848499298096
-21.935943603515625
3.7213594913482666
-7.5011444091796875
-1.9990594387054443
-4.098422527313232
0.7829370498657227
-4.852411270141602
5.9712910652160645
-12.67326545715332
-0.9572600722312927
-6.9465012550354
7.696254730224609
-24.028783798217773
3.3111650943756104
-7.687726974487305
-2.788301467895508
-4.147815704345703
1.0177361965179443
-5.715483665466309
6.5074286460876465
-13.893867492675781
