2
3
1.7576425075531006
-1.0145725011825562
9.293985366821289
-2.682853937149048
-2.0387096405029297
-2.122861862182617
-9.457780838012695
-2.9973011016845703
6.7286787033081055
-8.265520095825195
6.5040717124938965
-1.591524362564087
2.247715711593628
-1.5141254663467407
10.078895568847656
-3.223331928253174
-1.9368395805358887
-2.642423152923584
-9.31581974029541
-3.5512709617614746
6.841940402984619
-8.000495910644531
6.270005226135254
-0.6318780183792114
2.7545199394226074
-2.008821487426758
10.889725685119629
-3.7351837158203125
-1.8126636743545532
-3.1564297676086426
-9.140893936157227
-4.117450714111328
6.917025089263916
-7.7258830070495605
5.979227542877197
0.2947266101837158
3.2777581214904785
-2.4960105419158936
11.727880477905273
-4.21610689163208
-1.6775938272476196
-3.6313061714172363
-8.974260330200195
-4.688587188720703
6.965690612792969
-7.4572038650512695
5.649964809417725
1.1602749824523926
3.8437576293945312
-2.9741053581237793
12.629899978637695
-4.674010753631592
-1.5646733045578003
-4.113764762878418
-8.783036231994629
-5.222403526306152
7.021676540374756
-7.20033073425293
5.349686622619629
1.955798625946045
4.468301773071289
-3.448620080947876
13.637627601623535
-5.131184101104736
-1.531646728515625
-4.595575332641602
-8.630846977233887
-5.67372989654541
7.041893005371094
-6.947445392608643
4.952131748199463
2.6257429122924805
5.079107761383057
-3.903623580932617
14.636726379394531
-5.539494037628174
-1.4805655479431152
-5.098618507385254
-8.408607482910156
-6.096565246582031
6.927664756774902
-6.699360370635986
4.364382743835449
3.2658329010009766
5.707995891571045
-4.373501300811768
15.664633750915527
-5.94976282119751
-1.4214924573898315
-5.5954060554504395
-8.176656723022461
-6.532583236694336
6.77064323425293
-6.490616798400879
3.731957197189331
3.8388280868530273
6.336145401000977
-4.856191158294678
16.67449951171875
-6.369616508483887
-1.3517506122589111
-6.081037521362305
-7.936840057373047
-6.982369422912598
6.577639579772949
-6.321793079376221
3.0739619731903076
4.344489574432373
6.989624500274658
-5.358188629150391
17.71279525756836
-6.799509048461914
-1.276170015335083
-6.565745830535889
-7.692205905914307
-7.453092575073242
6.376708030700684
-6.131713390350342
2.4036879539489746
4.799360275268555
