2
3
-6.512299537658691
7.187695503234863
-1.500875473022461
-6.002815246582031
2.0085368156433105
-7.739107131958008
-1.437730312347412
-7.837285995483398
-4.65496826171875
5.938235759735107
-3.809157133102417
-2.8483784198760986
-6.129981994628906
6.063485622406006
-0.5074325799942017
-7.77808141708374
1.6489040851593018
-7.59786319732666
-2.4688761234283447
-6.8421478271484375
-4.523075580596924
5.1215972900390625
-3.487358331680298
-3.822471857070923
-5.780718803405762
4.989602565765381
0.4197782278060913
-9.547944068908691
1.2281568050384521
-7.420071125030518
-3.5952072143554688
-5.860687732696533
-4.411802291870117
4.308324337005615
-3.1679184436798096
-4.8598833084106445
-5.459878444671631
3.9673423767089844
1.2156400680541992
-11.246973037719727
0.7867476344108582
-7.210738182067871
-4.713285446166992
-4.913220405578613
-4.326382637023926
3.506305694580078
-2.8842966556549072
-5.961228370666504
-5.2118144035339355
2.9836432933807373
1.8688163757324219
-12.886414527893066
0.3345138430595398
-7.019649982452393
-5.822190284729004
-4.108731269836426
-4.269659042358398
2.713503837585449
-2.6242825984954834
-7.094559669494629
-5.0127339363098145
1.9681599140167236
2.4212257862091064
-14.563802719116211
-0.12629014253616333
-6.8296709060668945
-6.90082311630249
-3.366022825241089
-4.252316951751709
1.9468085765838623
-2.394122838973999
-8.235382080078125
-4.825469017028809
0.9058847427368164
2.915891408920288
-16.30583953857422
-0.5994771718978882
-6.636323928833008
-7.937990188598633
-2.6669445037841797
-4.277479648590088
1.1934950351715088
-2.221393346786499
-9.407554626464844
-4.6530656814575195
-0.2629725933074951
3.3398637771606445
-18.160133361816406
-1.1410813331604004
-6.430595874786377
-8.926384925842285
-2.072894811630249
-4.374851226806641
0.4240788221359253
-2.150325059890747
-10.652246475219727
-4.489599227905273
-1.479886770248413
3.7013604640960693
-19.990802764892578
-1.7230119705200195
-6.294609546661377
-9.924955368041992
-1.5170246362686157
-4.493596076965332
-0.4120473861694336
-2.0755271911621094
-12.048176765441895
-4.332365036010742
-2.723417282104492
3.97973895072937
-21.78571128845215
-2.3170440196990967
-6.181274890899658
-10.922416687011719
-0.9838621616363525
-4.636370658874512
-1.312865138053894
-2.0141685009002686
-13.581377029418945
