2
3
-0.6643622517585754
4.848340034484863
-2.343118190765381
-1.2788090705871582
-8.683591842651367
-1.9764066934585571
-8.13644790649414
10.2822904586792
-7.486695289611816
-1.669768214225769
0.9133287668228149
6.774662017822266
-1.4466590881347656
4.21464204788208
-3.310967445373535
-2.2543563842773438
-8.318063735961914
-1.301919937133789
-8.258193016052246
11.77231216430664
-6.979619026184082
-1.1619081497192383
1.3261654376983643
7.775587558746338
-2.1846916675567627
3.627248525619507
-4.212918281555176
-3.1810619831085205
-8.061605453491211
-0.6508382558822632
-8.544731140136719
13.267318725585938
-6.577876567840576
-0.6790527701377869
1.603517770767212
8.770721435546875
-2.873352527618408
3.0824837684631348
-5.041622638702393
-4.045797348022461
-7.897216796875
-0.020753681659698486
-8.976691246032715
14.794251441955566
-6.223208427429199
-0.18589389324188232
1.8378736972808838
9.812932968139648
-3.504154920578003
2.593353033065796
-5.807102203369141
-4.814815521240234
-7.7613525390625
0.6037150621414185
-9.452360153198242
16.37774658203125
-5.916472434997559
0.3623008728027344
1.998984456062317
10.954968452453613
-4.13621187210083
2.092611789703369
-6.572956085205078
-5.55796480178833
-7.651575088500977
1.2265467643737793
-9.96963882446289
18.023380279541016
-5.628403186798096
0.9531834125518799
2.1055190563201904
12.165177345275879
-4.770763397216797
1.5914822816848755
-7.350613594055176
-6.225703716278076
-7.513696193695068
1.7998762130737305
-10.434708595275879
19.752708435058594
-5.343300819396973
1.5630306005477905
2.193619966506958
13.425559997558594
-5.395183086395264
1.0990753173828125
-8.126509666442871
-6.796103000640869
-7.472865104675293
2.440976142883301
-11.101885795593262
21.56625747680664
-5.068374156951904
2.1274614334106445
2.2643332481384277
14.68115234375
-5.933368682861328
0.6794501543045044
-8.822221755981445
-7.180047035217285
-7.48188591003418
3.062892436981201
-11.859492301940918
23.439241409301758
-4.786301612854004
2.6333794593811035
2.3070740699768066
15.952281951904297
-6.410363674163818
0.2705850601196289
-9.47319507598877
-7.455731391906738
-7.48927640914917
3.6802406311035156
-12.655973434448242
25.38433837890625
-4.523734092712402
3.123710870742798
2.2999391555786133
17.261730194091797
