2
3
-2.2305288314819336
-3.0940918922424316
13.086202621459961
9.976957321166992
7.8397216796875
-4.819481372833252
-3.250697612762451
11.513277053833008
0.7480594515800476
3.8242223262786865
7.861638069152832
-16.345014572143555
0.9571566581726074
-0.11052083969116211
14.235307693481445
10.156717300415039
5.620145797729492
-1.559666633605957
-5.716770172119141
14.086970329284668
2.083848714828491
0.5247538089752197
8.485201835632324
-16.41336441040039
4.375238418579102
2.9588003158569336
13.324332237243652
9.717133522033691
3.626889228820801
2.3864657878875732
-6.649319171905518
15.473344802856445
3.5446889400482178
-2.291851758956909
8.89608097076416
-15.043112754821777
7.467589378356934
5.361166954040527
11.045585632324219
8.618757247924805
1.8089332580566406
5.825737953186035
-5.705269813537598
15.3287992477417
5.126544952392578
-4.395210266113281
8.600067138671875
-11.049962997436523
9.27692985534668
6.856308460235596
8.13253116607666
6.749242305755615
0.5440772771835327
8.320396423339844
-3.0362348556518555
13.494413375854492
6.726249694824219
-5.382012367248535
7.7784271240234375
-4.87562370300293
10.127047538757324
7.243606090545654
5.448633670806885
5.035892963409424
0.24694469571113586
10.069586753845215
-0.15066218376159668
10.832048416137695
8.004877090454102
-5.280184745788574
6.206137180328369
2.099771499633789
10.085864067077637
6.503260135650635
3.9487273693084717
4.206864833831787
0.732534646987915
10.931732177734375
2.4387872219085693
8.077264785766602
8.67257308959961
-3.68977689743042
3.857333183288574
8.631314277648926
9.739412307739258
5.973415374755859
2.652853488922119
4.540167808532715
2.070526361465454
11.1251802444458
5.032341957092285
6.208080768585205
8.241018295288086
-1.572411060333252
2.59562611579895
12.922528266906738
8.871447563171387
5.30458402633667
1.999740719795227
5.648822784423828
3.6364054679870605
10.699140548706055
7.252409934997559
5.05461311340332
7.881258964538574
1.4847240447998047
1.7287256717681885
16.309223175048828
8.19224739074707
4.878575801849365
2.059948682785034
7.539492607116699
5.4386725425720215
9.975165367126465
8.689057350158691
5.103792667388916
7.644578456878662
5.35058069229126
0.651781439781189
19.447908401489258
