2
3
-7.1829423904418945
-1.4747965335845947
2.72239351272583
12.881275177001953
7.420938014984131
-3.3155126571655273
-1.623986005783081
15.547174453735352
4.785798072814941
5.605100631713867
5.047924041748047
0.42738354206085205
-5.189516067504883
0.4694826602935791
5.898890495300293
14.853458404541016
6.012607097625732
-0.1712336540222168
-4.647784233093262
18.661767959594727
4.963387489318848
3.8165416717529297
3.049443006515503
0.32219409942626953
-2.68332576751709
2.8041789531707764
8.057392120361328
16.60630226135254
4.372490406036377
3.443021297454834
-6.854503631591797
21.28192901611328
5.029823303222656
2.106353521347046
0.9322168827056885
2.0806283950805664
0.3460121154785156
5.3633880615234375
8.749210357666016
18.44626235961914
2.840494394302368
7.2267069816589355
-8.279823303222656
23.22021484375
4.866697788238525
0.907825231552124
-0.9473178386688232
6.085583686828613
3.3354642391204834
8.38613510131836
8.107587814331055
19.858383178710938
1.5472054481506348
10.209940910339355
-8.494527816772461
24.091915130615234
4.082752704620361
0.46483850479125977
-2.3307440280914307
11.684207916259766
6.0914764404296875
11.025890350341797
5.982692241668701
21.077590942382812
0.7168980836868286
12.71198558807373
-8.213665962219238
24.900373458862305
3.3369345664978027
1.2226815223693848
-3.0223631858825684
18.048202514648438
8.208410263061523
13.157919883728027
2.7687134742736816
22.705427169799805
0.26433315873146057
15.2465181350708
-8.557843208312988
26.480432510375977
2.772075653076172
3.5048768520355225
-3.388638973236084
24.325529098510742
9.228940963745117
14.906615257263184
-0.4985482692718506
25.904272079467773
0.014853805303573608
17.6696720123291
-9.50696086883545
28.84362030029297
2.7634084224700928
7.299638271331787
-4.593595504760742
30.809417724609375
9.716870307922363
17.117656707763672
-4.223824501037598
30.86054801940918
0.017792904749512672
20.56595230102539
-10.980140686035156
32.886741638183594
3.028799057006836
12.276983261108398
-6.860243320465088
38.015586853027344
9.538244247436523
19.88425636291504
-8.82420539855957
37.785884857177734
0.12971630692481995
23.819955825805664
-12.936159133911133
38.61773681640625
3.5114784240722656
18.213226318359375
-10.261373519897461
45.683876037597656
