2
3
-2.4500937461853027
-3.274709701538086
-5.447641849517822
-5.760703086853027
-1.974031925201416
-4.247007846832275
7.496887683868408
1.5890227556228638
-0.073715940117836
-7.693825721740723
-5.1411519050598145
3.435088634490967
-2.7575058937072754
-3.8769147396087646
-5.649531841278076
-6.606649398803711
-1.4459621906280518
-4.310398101806641
8.166261672973633
1.656303882598877
-0.3862064480781555
-7.3002753257751465
-5.8424973487854
4.155036449432373
-3.050236225128174
-4.492672443389893
-5.837362289428711
-7.4448089599609375
-0.9586614370346069
-4.38166618347168
8.77780532836914
1.757129192352295
-0.6971297264099121
-6.913707256317139
-6.574461936950684
4.911572456359863
-3.323916435241699
-5.100802421569824
-6.015219211578369
-8.268786430358887
-0.5152602195739746
-4.4315056800842285
9.31295108795166
1.8881492614746094
-0.9954843521118164
-6.533473491668701
-7.3223161697387695
5.731842517852783
-3.573809862136841
-5.692908763885498
-6.185432434082031
-9.081247329711914
-0.09896588325500488
-4.46620512008667
9.822735786437988
2.0232722759246826
-1.2515798807144165
-6.165087699890137
-8.067931175231934
6.626587390899658
-3.7830722332000732
-6.269104480743408
-6.324309349060059
-9.880035400390625
0.3040729761123657
-4.484349727630615
10.327674865722656
2.165860891342163
-1.4884477853775024
-5.825891494750977
-8.859647750854492
7.5701799392700195
-3.9478402137756348
-6.827496528625488
-6.432345867156982
-10.658624649047852
0.6851236820220947
-4.525538921356201
10.808046340942383
2.2925734519958496
-1.7227121591567993
-5.562064170837402
-9.69016170501709
8.509322166442871
-4.063899993896484
-7.375278472900391
-6.503284454345703
-11.409469604492188
1.0444509983062744
-4.592221736907959
11.265501976013184
2.3985257148742676
-1.9475172758102417
-5.323934555053711
-10.545195579528809
9.484884262084961
-4.128209590911865
-7.926681041717529
-6.5014519691467285
-12.082646369934082
1.3852860927581787
-4.680193901062012
11.690916061401367
2.5093090534210205
-2.1693778038024902
-5.072973728179932
-11.377878189086914
10.529638290405273
-4.157515525817871
-8.474235534667969
-6.458571910858154
-12.703534126281738
1.7078173160552979
-4.787940979003906
12.061688423156738
2.6351966857910156
-2.3923370838165283
-4.819859504699707
-12.226727485656738
11.634051322937012
