2
3
-4.62806510925293
0.8126125335693359
11.937690734863281
5.555841445922852
7.252429962158203
-9.662589073181152
7.409022808074951
-2.087184190750122
7.165200233459473
1.745027780532837
-10.808381080627441
-4.664168834686279
-3.270418167114258
0.520843505859375
13.813997268676758
5.270148754119873
7.545034408569336
-9.319465637207031
7.2138447761535645
-0.7916876077651978
6.403829097747803
0.9251904487609863
-12.092491149902344
-5.659188270568848
-1.904297113418579
0.2166130542755127
15.738884925842285
4.930661678314209
7.784621715545654
-8.810525894165039
7.018551826477051
0.6056655645370483
5.632457733154297
0.13535183668136597
-13.213859558105469
-6.599976539611816
-0.5004457235336304
0.09835769236087799
17.67985725402832
4.751322269439697
8.024550437927246
-8.259039878845215
6.824123859405518
1.9827920198440552
4.866508483886719
-0.6337483525276184
-14.269783973693848
-7.5302252769470215
0.9380329847335815
-0.03565762937068939
19.692726135253906
4.602115154266357
8.25625991821289
-7.683619499206543
6.641417026519775
3.3236260414123535
4.157266616821289
-1.4048776626586914
-15.224003791809082
-8.402094841003418
2.399810791015625
-0.1749659925699234
21.773534774780273
4.499515056610107
8.450651168823242
-7.0337958335876465
6.376302242279053
4.5944695472717285
3.3858392238616943
-2.120204448699951
-16.19577407836914
-9.033615112304688
3.838365316390991
-0.3180047869682312
23.8854923248291
4.443558216094971
8.662084579467773
-6.384995460510254
6.169988632202148
5.834310054779053
2.6808576583862305
-2.829542875289917
-17.062965393066406
-9.645222663879395
5.244980335235596
-0.5527310371398926
26.04242706298828
4.419219970703125
8.85610580444336
-5.765552997589111
5.988133430480957
6.995318412780762
2.050983428955078
-3.5299196243286133
-17.83399772644043
-10.221519470214844
6.578634262084961
-0.7588233947753906
28.092355728149414
4.495696544647217
8.992137908935547
-5.221856594085693
5.77402400970459
8.055976867675781
1.4677097797393799
-4.216957092285156
-18.602554321289062
-10.840069770812988
7.885100364685059
-0.9674016237258911
30.093435287475586
4.6435041427612305
9.011258125305176
-4.834397315979004
5.439742088317871
8.967123985290527
0.9064373970031738
-4.893977165222168
-19.463359832763672
-11.562652587890625
