2
3
9.477992057800293
-2.8264048099517822
-1.1646971702575684
4.534364700317383
2.8021514415740967
-7.207893371582031
-6.9080424308776855
6.214898109436035
-2.5431835651397705
2.1236462593078613
0.6994415521621704
4.720261573791504
7.806515693664551
-2.9450559616088867
-4.5241594314575195
5.670459747314453
1.3857041597366333
-5.639099597930908
-7.079231262207031
9.627130508422852
-1.179458498954773
2.0727574825286865
2.232191801071167
3.952373743057251
6.0019025802612305
-2.3819031715393066
-7.349053382873535
7.541020393371582
0.1976538896560669
-3.750807285308838
-7.26845121383667
12.61053466796875
0.6649272441864014
1.5497767925262451
3.0460872650146484
3.7192723751068115
4.045138359069824
-1.3705060482025146
-9.32461166381836
9.760892868041992
-0.5463447570800781
-1.2800559997558594
-7.770940780639648
15.051953315734863
2.307521343231201
1.108035922050476
3.0934574604034424
4.457352638244629
2.163835048675537
0.03500771522521973
-10.502711296081543
12.137056350708008
-1.0702202320098877
1.486781358718872
-8.248871803283691
16.934547424316406
3.78910493850708
0.6891716122627258
1.740325689315796
6.2180352210998535
0.6959559917449951
1.9363582134246826
-11.87398624420166
14.746833801269531
-1.4335544109344482
4.556007385253906
-8.969256401062012
18.689777374267578
4.768035888671875
0.46774524450302124
-0.8505022525787354
9.152790069580078
-0.5142108201980591
4.0270795822143555
-13.100456237792969
17.46392822265625
-1.5011193752288818
7.288387298583984
-9.647379875183105
19.72947120666504
5.0929856300354
0.8382477760314941
-4.099238395690918
13.37105941772461
-1.42165207862854
6.281680583953857
-14.2481107711792
20.28104019165039
-1.4824955463409424
9.727304458618164
-11.028841018676758
21.49997329711914
4.688748836517334
2.1911442279815674
-7.877604007720947
18.543031692504883
-2.5349013805389404
8.39714241027832
-16.610761642456055
24.431541442871094
-1.5765408277511597
12.108484268188477
-13.019780158996582
24.486024856567383
3.7839789390563965
4.882641792297363
-12.462275505065918
24.633609771728516
-3.440610408782959
11.172844886779785
-20.185882568359375
30.161365509033203
-1.7354395389556885
14.556140899658203
-15.933220863342285
28.815807342529297
2.505100727081299
8.53170394897461
-18.125680923461914
31.465118408203125
