2
3
-9.053617477416992
0.21017497777938843
5.217062950134277
2.1495518684387207
-3.081575870513916
0.9101519584655762
-1.0121004581451416
-5.757275581359863
7.251344203948975
-1.7679412364959717
-5.5449538230896
16.004838943481445
-6.569366931915283
0.1273212730884552
8.419957160949707
2.789980888366699
-2.6057398319244385
-1.1588513851165771
0.8566323518753052
-4.864408493041992
4.940773963928223
2.3537113666534424
-10.333887100219727
16.643205642700195
-3.406733512878418
0.616811990737915
9.870307922363281
4.1471757888793945
-1.9464373588562012
-2.661412239074707
1.6656982898712158
-1.768296718597412
2.234314441680908
5.995675086975098
-13.58423137664795
16.166780471801758
-0.16976547241210938
1.3859785795211792
9.259536743164062
5.900487899780273
-1.5337779521942139
-3.133798599243164
1.8144593238830566
2.7836976051330566
-0.6186022758483887
8.626712799072266
-14.728221893310547
14.816813468933105
2.464953660964966
2.1739397048950195
6.702203750610352
7.847360610961914
-0.9018470048904419
-2.605569362640381
1.597113847732544
7.879330158233643
-3.2548089027404785
10.07813835144043
-13.746599197387695
13.021709442138672
4.10569429397583
3.013890027999878
2.8679230213165283
10.074113845825195
-0.18060588836669922
-1.2023749351501465
0.6722105741500854
12.707626342773438
-5.208310604095459
10.3677978515625
-11.108415603637695
11.179100036621094
4.637903213500977
3.821685791015625
-0.9149363040924072
12.637802124023438
0.4986557960510254
1.3068158626556396
-1.1654325723648071
16.644445419311523
-6.716744422912598
10.435461044311523
-9.648201942443848
10.73172378540039
4.0773797035217285
4.941653251647949
-4.213377475738525
16.228042602539062
0.6940122842788696
4.397577285766602
-3.8339881896972656
20.802438735961914
-7.48864221572876
10.262932777404785
-7.730009078979492
11.40453815460205
3.062772274017334
6.855095863342285
-7.805564880371094
20.490123748779297
0.6235331296920776
8.079495429992676
-7.1758527755737305
25.01789093017578
-7.767940044403076
10.132447242736816
-6.124578475952148
13.446465492248535
1.6595360040664673
9.696557998657227
-12.263779640197754
25.310779571533203
0.29561281204223633
12.07845687866211
-11.335180282592773
29.059520721435547
-7.3492841720581055
10.373030662536621
-5.136758327484131
16.926233291625977
