2
3
0.7794179916381836
9.286569595336914
1.280750036239624
-6.4469990730285645
-7.95179557800293
9.167597770690918
7.06680965423584
1.227649211883545
-0.3018037676811218
9.951345443725586
-8.03460693359375
6.6380181312561035
0.3987995386123657
8.837433815002441
0.512732744216919
-6.813371658325195
-6.918984413146973
9.288341522216797
8.535810470581055
1.3607078790664673
-0.7756742238998413
10.046387672424316
-9.046438217163086
7.309286117553711
0.04249483346939087
8.415857315063477
-0.1906927227973938
-7.116963863372803
-5.937891006469727
9.418280601501465
9.916922569274902
1.5125147104263306
-1.2410544157028198
10.139439582824707
-10.088955879211426
8.018383979797363
-0.2791197896003723
8.002074241638184
-0.8284422159194946
-7.416825294494629
-4.944742202758789
9.537958145141602
11.321033477783203
1.681192398071289
-1.681560754776001
10.27188777923584
-11.144481658935547
8.83968448638916
-0.5675836801528931
7.518129825592041
-1.4092665910720825
-7.820005893707275
-3.9435839653015137
9.64387321472168
12.745299339294434
1.8644970655441284
-2.0399649143218994
10.371875762939453
-12.130949974060059
9.72496509552002
-0.8300374746322632
7.123411655426025
-1.965876579284668
-8.123174667358398
-2.947056770324707
9.710652351379395
14.157983779907227
2.0473451614379883
-2.3671796321868896
10.429876327514648
-13.129485130310059
10.630572319030762
-1.0648882389068604
6.802319049835205
-2.465294122695923
-8.355323791503906
-1.9768375158309937
9.720087051391602
15.519618034362793
2.237670660018921
-2.6983144283294678
10.474577903747559
-14.18074893951416
11.583942413330078
-1.275834321975708
6.519357681274414
-2.951484203338623
-8.522246360778809
-1.0790424346923828
9.686399459838867
16.742525100708008
2.466247797012329
-3.0234527587890625
10.540878295898438
-15.268258094787598
12.630379676818848
-1.4304922819137573
6.249837398529053
-3.4133236408233643
-8.628429412841797
-0.21759015321731567
9.622452735900879
17.888668060302734
2.737440347671509
-3.343116521835327
10.655956268310547
-16.395538330078125
13.788151741027832
-1.5995289087295532
6.013580799102783
-3.8983025550842285
-8.712970733642578
0.5789974927902222
9.57587718963623
18.876691818237305
3.067075252532959
-3.640782117843628
10.817623138427734
-17.53519058227539
15.033217430114746
