2
3
0.21572355926036835
1.2220944166183472
9.162370681762695
1.9449719190597534
0.35116761922836304
-3.038205623626709
-7.736316204071045
-10.232044219970703
-2.255394458770752
-5.065751075744629
-4.929256439208984
11.247386932373047
0.5828274488449097
0.8566510081291199
9.843589782714844
1.4812266826629639
-0.19918960332870483
-3.550597906112671
-8.394037246704102
-10.786059379577637
-2.086738109588623
-4.215521335601807
-5.26290225982666
12.786735534667969
0.962287187576294
0.5300774574279785
10.53169059753418
1.1028938293457031
-0.7588115334510803
-4.092745780944824
-9.109458923339844
-11.489048957824707
-1.9263474941253662
-3.387385368347168
-5.606024265289307
14.367557525634766
1.3752943277359009
0.2311628758907318
11.225910186767578
0.785091757774353
-1.314690351486206
-4.655149459838867
-9.826009750366211
-12.229315757751465
-1.7649261951446533
-2.7047128677368164
-5.991913318634033
15.906645774841309
1.8011689186096191
-0.0734037458896637
11.907536506652832
0.4865732192993164
-1.8507827520370483
-5.227646827697754
-10.522431373596191
-12.969938278198242
-1.6145970821380615
-2.0769529342651367
-6.410800457000732
17.46271514892578
2.2229671478271484
-0.3856848478317261
12.567461967468262
0.20708274841308594
-2.359279155731201
-5.808809280395508
-11.192124366760254
-13.701358795166016
-1.4962983131408691
-1.604160189628601
-6.85585880279541
18.93659019470215
2.621023178100586
-0.7034680843353271
13.18270492553711
-0.05411669611930847
-2.8315863609313965
-6.40136194229126
-11.817877769470215
-14.410980224609375
-1.392572045326233
-1.1601970195770264
-7.324372291564941
20.416484832763672
3.001234531402588
-1.0387601852416992
13.76347827911377
-0.2864866256713867
-3.269253730773926
-7.006453514099121
-12.396862030029297
-15.098278999328613
-1.2976068258285522
-0.741354763507843
-7.81547737121582
21.924301147460938
3.3619320392608643
-1.3822569847106934
14.296469688415527
-0.46535569429397583
-3.6775431632995605
-7.624786853790283
-12.93265151977539
-15.767903327941895
-1.2085301876068115
-0.34847545623779297
-8.327489852905273
23.458770751953125
3.708181619644165
-1.7381994724273682
14.806103706359863
-0.6071694493293762
-3.98848557472229
-8.239884376525879
-13.336811065673828
-16.286666870117188
-1.1247204542160034
0.01919415593147278
-8.860885620117188
25.020050048828125
