2
3
0.7359095215797424
-1.5182610750198364
-3.3285839557647705
2.444772243499756
0.2269940972328186
2.6050827503204346
7.387216567993164
7.964377403259277
-2.9526937007904053
-4.738246440887451
-4.140777111053467
-6.2833781242370605
0.4500666856765747
-1.5389631986618042
-3.9048819541931152
2.6508145332336426
0.5734350681304932
2.49638295173645
7.833990097045898
8.128006935119629
-2.8027360439300537
-4.664182186126709
-4.186223983764648
-5.912939548492432
0.18115556240081787
-1.5386509895324707
-4.52546501159668
2.8778085708618164
0.9350422620773315
2.400053024291992
8.30776309967041
8.331993103027344
-2.6517815589904785
-4.567745208740234
-4.239500045776367
-5.52941370010376
-0.0341188907623291
-1.5172245502471924
-5.1300859451293945
3.1581437587738037
1.3215415477752686
2.321777105331421
8.81382942199707
8.589288711547852
-2.4940552711486816
-4.457362174987793
-4.281325817108154
-5.129482269287109
-0.18179276585578918
-1.46934974193573
-5.698146343231201
3.5145134925842285
1.7355687618255615
2.2600557804107666
9.353975296020508
8.899566650390625
-2.3251099586486816
-4.3370513916015625
-4.298478603363037
-4.706024169921875
-0.28303468227386475
-1.3857314586639404
-6.233608245849609
3.9569358825683594
2.191145896911621
2.2130696773529053
9.948104858398438
9.28830337524414
-2.142202615737915
-4.207051753997803
-4.284660816192627
-4.2568678855896
-0.34580159187316895
-1.2628183364868164
-6.741750240325928
4.501686096191406
2.648837089538574
2.1441903114318848
10.593741416931152
9.703988075256348
-1.9429197311401367
-4.071300029754639
-4.230283260345459
-3.781630754470825
-0.37502214312553406
-1.1099317073822021
-7.227646350860596
5.141960620880127
3.1297366619110107
2.080352783203125
11.2919340133667
10.177356719970703
-1.7387919425964355
-3.956103801727295
-4.114466190338135
-3.295603036880493
-0.38096868991851807
-0.9533426761627197
-7.703208923339844
5.841917514801025
3.643049716949463
2.0399489402770996
12.025182723999023
10.718438148498535
-1.532949447631836
-3.8630287647247314
-3.9310855865478516
-2.798849582672119
-0.3669232130050659
-0.7984915971755981
-8.174203872680664
6.586828231811523
4.180057525634766
2.0325186252593994
12.760552406311035
11.317991256713867
-1.3180584907531738
-3.7646167278289795
-3.7076902389526367
-2.286390781402588
