2
3
-1.4050084352493286
-5.555788993835449
-8.924571990966797
-4.0679450035095215
-5.479982376098633
-0.4301554560661316
2.6590046882629395
-4.7294921875
7.594964027404785
8.461051940917969
1.5764751434326172
-6.974747657775879
-1.1108613014221191
-5.157780647277832
-8.862431526184082
-2.940347671508789
-4.467055797576904
-0.3262540102005005
3.965763568878174
-4.417292594909668
6.720296382904053
7.359012126922607
0.5464190244674683
-8.823892593383789
-0.8892265558242798
-4.77471923828125
-8.863780975341797
-1.8449642658233643
-3.5409352779388428
-0.2324613630771637
5.143691062927246
-4.14953088760376
5.8861799240112305
6.279563903808594
-0.38936883211135864
-10.660560607910156
-0.7174243927001953
-4.3819169998168945
-8.92083740234375
-0.7696274518966675
-2.7256417274475098
-0.16823075711727142
6.179516792297363
-3.9563374519348145
5.116215229034424
5.219133377075195
-1.2383558750152588
-12.49593734741211
-0.6052414178848267
-3.977071762084961
-9.09744930267334
0.22517287731170654
-1.998203992843628
-0.23247668147087097
7.152635097503662
-3.9028966426849365
4.45909309387207
4.116049766540527
-1.942814588546753
-14.3834810256958
-0.6704641580581665
-3.643916368484497
-9.6400146484375
0.9944939613342285
-1.321466326713562
-0.36405763030052185
8.12247371673584
-3.9548025131225586
3.8558573722839355
2.9195313453674316
-2.6091651916503906
-16.39141082763672
-0.86037677526474
-3.35520339012146
-10.419626235961914
1.6817829608917236
-0.6504392623901367
-0.6011550426483154
9.20425033569336
-4.188490390777588
3.2838058471679688
1.6598255634307861
-3.2854886054992676
-18.459232330322266
-1.0721145868301392
-3.101872205734253
-11.226320266723633
2.3551340103149414
0.05099165439605713
-0.9052412509918213
10.364072799682617
-4.535866737365723
2.7384533882141113
0.35788214206695557
-3.9681038856506348
-20.56106948852539
-1.3447682857513428
-2.873870372772217
-12.07237720489502
3.039161205291748
0.728130578994751
-1.2723636627197266
11.550424575805664
-4.962684631347656
2.2164227962493896
-0.9972192049026489
-4.650526523590088
-22.689786911010742
-1.6500675678253174
-2.687514543533325
-12.977703094482422
3.7073960304260254
1.3858668804168701
-1.6872364282608032
12.726914405822754
-5.420182228088379
1.7204654216766357
-2.3900070190429688
-5.350141525268555
-24.771465301513672
