2
3
-3.0198769569396973
-0.3813890218734741
16.003150939941406
4.405270576477051
-4.994594097137451
-4.232187271118164
6.127027988433838
6.771235942840576
5.777220726013184
-0.24572062492370605
0.6779756546020508
-7.792925834655762
-0.15182065963745117
0.880058765411377
17.092649459838867
3.796708345413208
-4.4638590812683105
-2.3371658325195312
9.870774269104004
7.235151767730713
4.466239929199219
-2.0116472244262695
-0.1896514892578125
-6.571444034576416
2.404386043548584
1.7807886600494385
16.920944213867188
3.1634936332702637
-2.9097046852111816
-0.3573782444000244
13.165802001953125
6.914943695068359
3.2094717025756836
-3.3746964931488037
0.2569272518157959
-4.39962911605835
4.604684829711914
2.160733699798584
16.23990249633789
2.6145100593566895
-0.1861705780029297
1.580708384513855
15.376851081848145
6.205707550048828
1.7218801975250244
-4.090205192565918
1.4928860664367676
-1.5664992332458496
6.1896820068359375
2.1048665046691895
15.242981910705566
2.3710975646972656
2.7828290462493896
2.9675798416137695
16.439077377319336
4.921728134155273
0.5118471384048462
-3.9168636798858643
3.733189821243286
1.814074993133545
7.25748348236084
1.6093069314956665
14.98538589477539
2.6794638633728027
5.434818267822266
3.5746688842773438
16.473207473754883
3.8942031860351562
0.08762109279632568
-2.982496738433838
6.926877975463867
4.8105149269104
7.890938758850098
0.9101858139038086
16.023046493530273
3.540933132171631
7.2305779457092285
3.303828001022339
17.48693084716797
3.486610174179077
0.48548024892807007
-1.4428694248199463
10.73033332824707
6.696530342102051
8.803735733032227
0.90467369556427
17.55507469177246
4.550429821014404
8.332695960998535
2.600466728210449
18.448427200317383
3.664302349090576
1.8124127388000488
0.23957276344299316
14.610394477844238
8.04627799987793
9.576275825500488
1.0619564056396484
18.6549015045166
5.853023052215576
9.274266242980957
2.2731406688690186
20.31850814819336
4.713483810424805
4.009875297546387
2.013531446456909
18.36500358581543
9.3015718460083
10.543636322021484
1.4576609134674072
20.917173385620117
7.639966011047363
10.383038520812988
2.3253085613250732
22.366865158081055
6.382600784301758
6.603649139404297
3.64155650138855
22.363922119140625
10.268712997436523
