2
3
1.3532756567001343
3.9213826656341553
-8.220990180969238
8.930853843688965
-3.617272138595581
-4.045804500579834
5.7140583992004395
-6.302239418029785
-8.894220352172852
-1.6570526361465454
-5.878684997558594
-3.366116762161255
0.650911808013916
3.6642675399780273
-9.635059356689453
9.149404525756836
-3.2849390506744385
-4.101683139801025
5.793969631195068
-5.918792724609375
-8.543790817260742
-1.693903923034668
-5.494924545288086
-3.216876983642578
-0.048037827014923096
3.4126458168029785
-11.100966453552246
9.405333518981934
-2.963273286819458
-4.236321926116943
5.960186958312988
-5.534799575805664
-8.210970878601074
-1.7335896492004395
-5.1207685470581055
-3.0681002140045166
-0.6911138892173767
3.070211410522461
-12.501256942749023
9.641294479370117
-2.633427619934082
-4.428975582122803
6.262454032897949
-5.168893814086914
-7.874052047729492
-1.79230797290802
-4.709589004516602
-2.902390956878662
-1.3273468017578125
2.7224318981170654
-13.934545516967773
9.881613731384277
-2.299955368041992
-4.617553234100342
6.626437664031982
-4.789000988006592
-7.53085470199585
-1.9220231771469116
-4.246691703796387
-2.769712209701538
-1.9546575546264648
2.387028217315674
-15.402523040771484
10.146102905273438
-1.8981127738952637
-4.817028045654297
7.085140705108643
-4.435207843780518
-7.196958541870117
-2.0965681076049805
-3.7522592544555664
-2.6556715965270996
-2.5455422401428223
2.1527183055877686
-16.86358070373535
10.668092727661133
-1.4584040641784668
-5.005533695220947
7.580804824829102
-4.066790580749512
-6.879619121551514
-2.2777023315429688
-3.251678943634033
-2.5374579429626465
-3.120055913925171
1.9200139045715332
-18.343923568725586
11.288597106933594
-1.0034900903701782
-5.158812046051025
8.071039199829102
-3.6518802642822266
-6.564866542816162
-2.4625070095062256
-2.7248458862304688
-2.421491861343384
-3.676027297973633
1.6965819597244263
-19.836362838745117
11.979860305786133
-0.5483802556991577
-5.231143951416016
8.562743186950684
-3.15307879447937
-6.212990760803223
-2.599661350250244
-2.1585476398468018
-2.298215866088867
-4.206639289855957
1.4847773313522339
-21.336870193481445
12.745134353637695
-0.0942421555519104
-5.257012367248535
9.022430419921875
-2.616413116455078
-5.835571765899658
-2.7183291912078857
-1.5819575786590576
-2.1947944164276123
