2
3
3.3894853591918945
-0.9312469363212585
0.796360969543457
2.121467113494873
4.913156032562256
-8.449358940124512
8.83093547821045
-2.5232841968536377
5.222869873046875
8.031210899353027
-3.6669421195983887
-11.185195922851562
3.7094321250915527
-0.8279193639755249
0.9808982610702515
2.732213020324707
5.7226738929748535
-7.904089450836182
9.701845169067383
-1.0718986988067627
4.771784782409668
6.56572151184082
-3.742738962173462
-13.878227233886719
3.977138042449951
-0.7603513598442078
1.1127407550811768
3.2382073402404785
6.553528785705566
-7.335334777832031
10.546730995178223
0.3424532413482666
4.3587236404418945
5.1875715255737305
-3.7214295864105225
-16.418197631835938
4.232344150543213
-0.8335062861442566
1.2930617332458496
3.5762202739715576
7.2927751541137695
-6.611485004425049
11.190716743469238
1.9133728742599487
3.958690643310547
3.7949047088623047
-3.6813578605651855
-18.959375381469727
4.487032413482666
-0.941191554069519
1.505245327949524
3.8092002868652344
7.963387489318848
-5.8997344970703125
11.705656051635742
3.4079644680023193
3.6147451400756836
2.3610191345214844
-3.566650867462158
-21.55579948425293
4.752937316894531
-1.054288625717163
1.7496984004974365
3.9785165786743164
8.696725845336914
-5.248505592346191
12.341011047363281
4.791776180267334
3.387648820877075
0.9043838977813721
-3.344592809677124
-24.168535232543945
5.056509494781494
-1.1832302808761597
2.0977683067321777
4.127913475036621
9.365708351135254
-4.646524906158447
12.87151050567627
6.076591491699219
3.298760175704956
-0.5123794078826904
-3.07997989654541
-26.727684020996094
5.3841023445129395
-1.32343327999115
2.547046184539795
4.289625644683838
9.87894058227539
-4.118666648864746
13.164276123046875
7.211696624755859
3.3272855281829834
-1.8754315376281738
-2.8372085094451904
-29.218013763427734
5.704061031341553
-1.4123692512512207
3.01758074760437
4.487917900085449
10.357123374938965
-3.666959524154663
13.425572395324707
8.213720321655273
3.4374940395355225
-3.200676202774048
-2.625758409500122
-31.630634307861328
6.0290446281433105
-1.4593684673309326
3.480879306793213
4.7151312828063965
10.795390129089355
-3.2628207206726074
13.613556861877441
9.10667896270752
3.607323169708252
-4.511479377746582
-2.420132637023926
-33.910709381103516
