2
3
2.4270474910736084
-9.29495620727539
-9.235515594482422
10.181450843811035
-5.604738235473633
8.138799667358398
3.493373394012451
8.772998809814453
-7.711733818054199
-9.444995880126953
1.2851054668426514
-0.9062240123748779
1.83254075050354
-8.628049850463867
-10.571229934692383
11.781454086303711
-5.2674055099487305
7.243484973907471
3.995535373687744
7.705551624298096
-6.878462791442871
-8.815844535827637
2.0901832580566406
0.6714985370635986
1.239729881286621
-7.982656002044678
-11.910385131835938
13.308025360107422
-4.951436519622803
6.404687881469727
4.517804145812988
6.6572065353393555
-6.057004928588867
-8.082582473754883
2.864478826522827
2.209146499633789
0.6387580633163452
-7.297545433044434
-13.405526161193848
14.850337028503418
-4.618102550506592
5.613204002380371
5.088918209075928
5.6699066162109375
-5.354195594787598
-7.346511363983154
3.4774093627929688
3.686826467514038
0.06483381986618042
-6.591361999511719
-14.927823066711426
16.489484786987305
-4.270356178283691
4.853566646575928
5.702915191650391
4.7249531745910645
-4.759397506713867
-6.618954658508301
3.953841209411621
5.097321510314941
-0.5298485159873962
-5.903812408447266
-16.55495834350586
18.1820011138916
-3.911017417907715
4.146515846252441
6.360293388366699
3.8241801261901855
-4.2228474617004395
-5.89980936050415
4.315282344818115
6.436227321624756
-1.1234149932861328
-5.189643383026123
-18.255245208740234
20.061019897460938
-3.54374098777771
3.536961078643799
6.99878454208374
2.9409074783325195
-3.719233512878418
-5.170257091522217
4.605546951293945
7.737418174743652
-1.7131905555725098
-4.459663391113281
-20.01521110534668
22.101516723632812
-3.1556992530822754
3.0958704948425293
7.647572040557861
2.1764020919799805
-3.21390962600708
-4.438343048095703
4.90203332901001
9.004901885986328
-2.2252936363220215
-3.70047926902771
-21.779823303222656
24.333650588989258
-2.7364845275878906
2.7016358375549316
8.363479614257812
1.4857929944992065
-2.715059995651245
-3.692007541656494
5.177523136138916
10.26453685760498
-2.675874710083008
-2.8377609252929688
-23.516239166259766
26.7989444732666
-2.2948923110961914
2.3172640800476074
9.158757209777832
0.8652687668800354
-2.144693374633789
-2.8966870307922363
5.603622913360596
11.644235610961914
