2
3
4.901864051818848
-7.900165557861328
-9.984024047851562
-3.0184438228607178
-6.453027725219727
-4.984898090362549
6.597934722900391
7.824368000030518
4.558294296264648
-7.90813684463501
-14.089491844177246
3.5157313346862793
3.2347259521484375
-8.764774322509766
-12.807402610778809
-0.807852029800415
-3.2205915451049805
-3.229668617248535
8.182144165039062
7.504199981689453
1.7855238914489746
-6.634618282318115
-16.959667205810547
5.539427280426025
1.1122503280639648
-9.003093719482422
-15.009328842163086
2.4450461864471436
0.3925971984863281
-1.7269048690795898
7.368704319000244
6.61334228515625
-0.5106687545776367
-5.212048530578613
-17.59162139892578
7.281806468963623
-1.1766390800476074
-8.372720718383789
-16.366710662841797
6.1052961349487305
3.6403794288635254
-0.5991088151931763
4.201019763946533
5.389425277709961
-2.3467750549316406
-4.059832572937012
-17.06644058227539
8.428417205810547
-3.0989396572113037
-6.902897834777832
-16.18105125427246
9.504135131835938
5.918924808502197
0.007454395294189453
-0.45949459075927734
4.733631610870361
-4.201135635375977
-3.6890969276428223
-15.983695983886719
9.3536376953125
-4.990919589996338
-5.0717244148254395
-16.978952407836914
12.833089828491211
6.572478771209717
-0.3410741686820984
-5.998648643493652
4.827020645141602
-5.566317081451416
-2.8984692096710205
-15.62449836730957
11.061385154724121
-6.481684684753418
-2.6934869289398193
-18.819698333740234
16.29957389831543
5.8136444091796875
-1.26949143409729
-11.922727584838867
6.004897117614746
-6.482377529144287
-1.7516419887542725
-16.626651763916016
13.324764251708984
-7.603644371032715
-0.11150550842285156
-20.62363624572754
19.192276000976562
3.992954730987549
-1.7054558992385864
-18.147031784057617
8.886432647705078
-7.143702983856201
-0.20489835739135742
-18.037494659423828
15.761734008789062
-8.547101974487305
2.5543227195739746
-22.981502532958984
21.64492416381836
1.2690141201019287
-1.5367439985275269
-24.62793731689453
13.086462020874023
-7.6666035652160645
1.377229928970337
-20.14284324645996
18.187480926513672
-9.680559158325195
4.539479732513428
-26.63315200805664
24.424592971801758
-1.9856350421905518
-0.4828587770462036
-31.82021713256836
18.444286346435547
-8.525527954101562
2.779433012008667
-23.30556297302246
21.070743560791016
