2
3
8.516646385192871
4.110435485839844
7.4388427734375
-1.5563501119613647
4.959275245666504
7.457767963409424
-2.8228278160095215
-7.300601005554199
-9.139004707336426
2.2310445308685303
-5.7571282386779785
-4.652182579040527
7.962291717529297
3.96358323097229
6.245666980743408
-1.4399876594543457
4.259930610656738
6.857254505157471
-3.9006199836730957
-8.160861015319824
-8.342041969299316
2.012003183364868
-4.5118279457092285
-4.506442546844482
7.402632713317871
3.807325839996338
5.092614650726318
-1.3714954853057861
3.6392598152160645
6.229152679443359
-4.849262714385986
-9.064672470092773
-7.527005195617676
1.7875580787658691
-3.220471143722534
-4.374417781829834
6.838841915130615
3.639657974243164
3.9804649353027344
-1.3534395694732666
3.0719683170318604
5.5970072746276855
-5.708376407623291
-9.974139213562012
-6.709539413452148
1.5879648923873901
-1.9170504808425903
-4.261937141418457
6.2649946212768555
3.458263397216797
2.893364906311035
-1.3866004943847656
2.564267635345459
4.960938930511475
-6.4568634033203125
-10.914608001708984
-5.881491661071777
1.460328221321106
-0.5885885953903198
-4.142309188842773
5.638798236846924
3.2484405040740967
1.7480061054229736
-1.4848213195800781
2.1284232139587402
4.2745537757873535
-7.1019158363342285
-11.944489479064941
-5.04219388961792
1.3820198774337769
0.7109619379043579
-4.046286582946777
5.007047653198242
3.0282533168792725
0.6415750980377197
-1.6251380443572998
1.7187473773956299
3.588644027709961
-7.725510120391846
-12.988686561584473
-4.232997417449951
1.3266892433166504
1.9107351303100586
-3.9893014430999756
4.39693546295166
2.7982354164123535
-0.37769877910614014
-1.8066456317901611
1.2969212532043457
2.8767852783203125
-8.326310157775879
-14.11589241027832
-3.4626669883728027
1.2900886535644531
3.005362033843994
-3.9756438732147217
3.8138723373413086
2.564314842224121
-1.308192253112793
-2.020418882369995
0.8257368803024292
2.088597297668457
-8.863706588745117
-15.405294418334961
-2.746189594268799
1.2378907203674316
4.017504692077637
-4.0224409103393555
3.261873960494995
2.324455499649048
-2.1449971199035645
-2.2700624465942383
0.36946597695350647
1.2604923248291016
-9.385682106018066
-16.732370376586914
-2.096026659011841
1.1516687870025635
4.944957733154297
-4.145019054412842
