2
3
1.655078411102295
-0.7696912288665771
-3.8170180320739746
-1.1783099174499512
3.1838126182556152
3.799610137939453
-13.464152336120605
-12.49913501739502
-1.1654696464538574
2.753559112548828
6.883563995361328
1.8481385707855225
1.190902829170227
0.34535253047943115
-4.136256217956543
0.2946746349334717
1.155778408050537
1.973853349685669
-14.657365798950195
-12.590060234069824
1.3230624198913574
4.236878395080566
6.666084289550781
0.9142560958862305
0.9402402639389038
1.8075107336044312
-4.180366516113281
0.7687775492668152
-0.9437730312347412
0.15793979167938232
-14.66319465637207
-11.870403289794922
3.6529927253723145
5.628628730773926
4.364011764526367
-1.1924753189086914
1.043045163154602
3.264194965362549
-4.204671382904053
-0.39655739068984985
-2.7972302436828613
-1.4853249788284302
-13.434106826782227
-10.234953880310059
5.243143081665039
6.230986595153809
0.30216407775878906
-4.065305709838867
1.339662790298462
4.250675678253174
-5.532517433166504
-2.409817695617676
-4.1082329750061035
-2.2527213096618652
-12.119278907775879
-8.220735549926758
5.606902122497559
5.6694865226745605
-4.178216934204102
-6.353967666625977
1.5327445268630981
4.493960380554199
-7.259961128234863
-4.850096702575684
-5.145057201385498
-2.5893142223358154
-11.741656303405762
-7.130729675292969
4.915291786193848
4.351923942565918
-7.975531578063965
-7.936542510986328
1.1221339702606201
3.766669988632202
-8.581771850585938
-7.1753621101379395
-5.811008930206299
-2.7565999031066895
-11.447430610656738
-6.403208255767822
3.7479820251464844
3.104478597640991
-10.794219970703125
-9.140207290649414
0.40438413619995117
2.569673538208008
-10.265380859375
-9.222711563110352
-6.480368137359619
-3.0720105171203613
-11.064911842346191
-6.18220329284668
2.200901746749878
1.8801624774932861
-14.013805389404297
-10.600476264953613
-0.5193843245506287
1.0629253387451172
-12.088956832885742
-10.968260765075684
-7.110881805419922
-3.5254287719726562
-11.19036865234375
-6.629785060882568
0.4249281883239746
0.5066273212432861
-16.53078269958496
-12.020755767822266
-1.7103137969970703
-0.7239832878112793
-14.057552337646484
-12.504721641540527
-7.627890586853027
-4.003852844238281
-11.834585189819336
-7.554461479187012
-1.8272428512573242
-1.3394768238067627
-19.141189575195312
-13.73958683013916
