2
3
5.698369979858398
-8.677995681762695
8.797070503234863
-0.490936279296875
7.983679294586182
-2.332292079925537
5.328351020812988
8.798885345458984
-1.9196653366088867
-1.1702842712402344
3.6472184658050537
3.5825228691101074
6.34775972366333
-8.635144233703613
8.00704288482666
3.4376440048217773
7.9125847816467285
-1.1739652156829834
4.459336757659912
7.299076080322266
-0.5537490844726562
-1.4647529125213623
7.305644989013672
2.9280104637145996
6.399886131286621
-7.883509635925293
7.596043109893799
6.379771709442139
7.470801830291748
-0.9502166509628296
4.237032890319824
6.166414737701416
1.1905086040496826
-1.733311653137207
10.152036666870117
2.671299695968628
6.388113975524902
-6.402472496032715
7.383279800415039
8.532733917236328
7.014073371887207
-0.8658549189567566
4.593416690826416
5.689299583435059
3.3100597858428955
-1.993034839630127
12.040725708007812
3.1068077087402344
6.395025730133057
-4.517708778381348
7.923210620880127
9.947232246398926
6.494172096252441
-0.9142365455627441
5.5587592124938965
5.621433734893799
5.574587821960449
-1.969985008239746
13.02733039855957
4.4177985191345215
6.951570987701416
-2.2870349884033203
8.893291473388672
11.231345176696777
6.261083126068115
-0.9421455264091492
7.248272895812988
6.225020408630371
7.722664833068848
-1.7310112714767456
13.618443489074707
6.303205966949463
8.006240844726562
-0.08568167686462402
10.24889087677002
12.613975524902344
6.511237621307373
-0.8689411878585815
9.402236938476562
7.694791316986084
9.489126205444336
-1.298885703086853
14.531152725219727
8.426177978515625
9.305557250976562
2.0801444053649902
11.44525146484375
14.01142406463623
7.251931667327881
-0.5022927522659302
12.00832748413086
10.026651382446289
11.064486503601074
-0.5848031044006348
15.81441593170166
10.98788833618164
10.653078079223633
4.0339531898498535
12.771183967590332
15.450187683105469
8.771347045898438
0.6445947885513306
14.655618667602539
13.248058319091797
12.660717964172363
0.5918364524841309
17.118728637695312
13.716676712036133
12.094156265258789
5.916341781616211
14.2520112991333
17.28099250793457
10.847911834716797
2.3315298557281494
17.234811782836914
17.008596420288086
14.555349349975586
2.470484733581543
18.162384033203125
17.25
