2
3
7.225417613983154
-5.478432655334473
-6.353573799133301
0.05044817924499512
0.9061890840530396
-7.731189250946045
-4.718163967132568
0.7542455196380615
5.627785682678223
1.7225366830825806
7.309121131896973
-7.106008052825928
6.7767534255981445
-5.325897693634033
-7.128262519836426
0.6158833503723145
1.249137282371521
-7.2642011642456055
-4.44136381149292
1.851237416267395
5.600301742553711
0.7687879800796509
7.780547618865967
-8.678352355957031
6.3346686363220215
-5.190799236297607
-7.880602836608887
1.1541955471038818
1.6528490781784058
-6.784901142120361
-4.146453380584717
2.828284740447998
5.752082824707031
-0.19775307178497314
8.501757621765137
-10.296895980834961
5.8555097579956055
-5.074216842651367
-8.828156471252441
1.5468794107437134
1.924320936203003
-6.344425201416016
-4.159494876861572
3.633169174194336
5.9647088050842285
-1.1599541902542114
9.290053367614746
-11.873823165893555
5.3823723793029785
-4.961892127990723
-9.833854675292969
1.9390532970428467
2.1765449047088623
-5.931265830993652
-4.202469825744629
4.433611869812012
6.307439804077148
-2.195463180541992
10.181793212890625
-13.498605728149414
4.964336395263672
-4.861604690551758
-10.77953052520752
2.3832337856292725
2.4261937141418457
-5.539102554321289
-4.223536014556885
5.255046367645264
6.710417747497559
-3.2349302768707275
11.081428527832031
-15.058930397033691
4.572409629821777
-4.7982096672058105
-11.71351432800293
2.8414745330810547
2.671335458755493
-5.184741973876953
-4.235156536102295
6.072904586791992
7.160404205322266
-4.272547721862793
11.995697975158691
-16.552841186523438
4.197498798370361
-4.734678268432617
-12.622632026672363
3.3409111499786377
2.9042131900787354
-4.8587141036987305
-4.262767791748047
6.930741310119629
7.638126373291016
-5.277698993682861
12.833375930786133
-17.862991333007812
3.8080432415008545
-4.654351234436035
-13.444129943847656
3.928356409072876
3.155186176300049
-4.5602312088012695
-4.249701023101807
7.808272361755371
8.167048454284668
-6.253830909729004
13.662630081176758
-19.044353485107422
3.4236958026885986
-4.5857253074646
-14.246247291564941
4.55025053024292
3.4568028450012207
-4.377600193023682
-4.153134346008301
8.584656715393066
8.74979019165039
-7.206263542175293
14.502296447753906
-20.110431671142578
