2
3
-0.1754087209701538
-4.836394309997559
7.631397247314453
7.950533866882324
5.288111209869385
3.2512645721435547
-1.2182049751281738
1.6197062730789185
2.8078417778015137
-2.4025261402130127
10.961251258850098
-5.815465927124023
0.7351731061935425
-4.009947776794434
8.542007446289062
9.23271656036377
4.788827896118164
2.6262564659118652
-1.7839202880859375
0.8009190559387207
3.469681739807129
-2.6890347003936768
12.020163536071777
-5.853006839752197
1.6731408834457397
-3.197381019592285
9.487370491027832
10.509683609008789
4.377935409545898
2.058432102203369
-2.245396375656128
0.03855162858963013
4.193490982055664
-2.935777187347412
13.132095336914062
-5.826159477233887
2.65285325050354
-2.4391703605651855
10.547222137451172
11.82431411743164
4.093633651733398
1.5698869228363037
-2.599942684173584
-0.612762987613678
5.00398063659668
-3.16396164894104
14.310016632080078
-5.778142929077148
3.670285701751709
-1.7353484630584717
11.699376106262207
13.16635513305664
3.9096903800964355
1.1107394695281982
-2.7877066135406494
-1.247215747833252
5.89726448059082
-3.3814923763275146
15.551841735839844
-5.7107110023498535
4.6937255859375
-1.152015209197998
12.862119674682617
14.478033065795898
3.819624185562134
0.6736508011817932
-2.8081393241882324
-1.8525707721710205
6.837968349456787
-3.5502047538757324
16.82616424560547
-5.576769828796387
5.7176594734191895
-0.6091635823249817
14.030572891235352
15.821707725524902
3.8569397926330566
0.23074084520339966
-2.6060125827789307
-2.4577114582061768
7.808200359344482
-3.6982693672180176
18.126537322998047
-5.383935451507568
6.728325843811035
-0.19191542267799377
15.255998611450195
17.119415283203125
3.9742653369903564
-0.19170260429382324
-2.2303285598754883
-3.0229969024658203
8.839792251586914
-3.8534770011901855
19.539783477783203
-5.183279037475586
7.756565093994141
0.20965728163719177
16.524927139282227
18.455869674682617
4.201174259185791
-0.6164989471435547
-1.6742795705795288
-3.5760440826416016
9.935142517089844
-4.028580665588379
21.067495346069336
-4.973410606384277
8.824315071105957
0.5872484445571899
17.866376876831055
19.812942504882812
4.511938095092773
-1.0161430835723877
-1.0004708766937256
-4.075464725494385
11.088937759399414
-4.219391345977783
22.681228637695312
-4.746759414672852
