2
3
-1.166774868965149
-5.676239490509033
-6.704127311706543
9.652325630187988
6.2133002281188965
8.696885108947754
1.4311537742614746
-8.373064994812012
-0.5986300706863403
4.230151653289795
2.7494165897369385
7.34480094909668
-0.747874915599823
-4.391252517700195
-6.947856903076172
11.585762023925781
5.553702354431152
7.600486755371094
0.6799625158309937
-10.257627487182617
-0.15186849236488342
4.149097442626953
3.117842435836792
7.481939315795898
-0.3718685507774353
-3.1684224605560303
-7.209753036499023
13.550965309143066
4.944936752319336
6.576578140258789
0.017946600914001465
-11.966058731079102
0.25934457778930664
4.122011184692383
3.47099232673645
7.723784446716309
-0.03924977779388428
-1.9999215602874756
-7.497042179107666
15.542340278625488
4.475720405578613
5.575340270996094
-0.48073750734329224
-13.593754768371582
0.6379351615905762
4.167599201202393
3.7959117889404297
8.130743980407715
0.16747915744781494
-0.857526421546936
-7.960566520690918
17.551509857177734
4.068519115447998
4.554594039916992
-0.9269198775291443
-15.182039260864258
1.02239990234375
4.294804573059082
4.113032817840576
8.669029235839844
0.35064151883125305
0.24058496952056885
-8.442337036132812
19.612998962402344
3.7039077281951904
3.457448720932007
-1.379071593284607
-16.78826904296875
1.4097362756729126
4.470698833465576
4.427920818328857
9.28455924987793
0.5108897686004639
1.2852891683578491
-8.939740180969238
21.71621322631836
3.3823680877685547
2.3807897567749023
-1.8484675884246826
-18.21857452392578
1.7938807010650635
4.683952808380127
4.733923435211182
9.961915969848633
0.6400514245033264
2.28170108795166
-9.457132339477539
23.845199584960938
3.1085073947906494
1.3206819295883179
-2.3235466480255127
-19.543745040893555
2.179445266723633
4.9358954429626465
5.036670684814453
10.711017608642578
0.7515817284584045
3.0974104404449463
-10.06193733215332
25.904531478881836
2.8926496505737305
0.34142935276031494
-2.811363458633423
-20.69062042236328
2.600816488265991
5.187278747558594
5.387278079986572
11.474309921264648
0.8496358394622803
3.8783352375030518
-10.728917121887207
28.022178649902344
2.7418289184570312
-0.550749659538269
-3.2908170223236084
-21.658510208129883
3.0152933597564697
5.42010498046875
5.725027084350586
12.23575210571289
