2
3
3.9761290550231934
0.11898398399353027
-0.4106079936027527
10.7440824508667
3.972351312637329
6.935696125030518
-7.52342414855957
-4.198555946350098
5.6860175132751465
-8.758393287658691
-0.5678845643997192
3.2606353759765625
4.786210060119629
2.262695074081421
-1.0356926918029785
10.084139823913574
3.3942034244537354
4.8582963943481445
-7.1388936042785645
-5.681695461273193
5.598654270172119
-6.530672073364258
-2.2274255752563477
8.755033493041992
5.2375617027282715
3.769782066345215
-1.8201746940612793
9.482355117797852
2.7936441898345947
2.7580649852752686
-6.663432598114014
-5.613054275512695
5.273127555847168
-3.8398361206054688
-3.749356269836426
12.224531173706055
5.475059986114502
5.193259239196777
-3.1913740634918213
9.559463500976562
2.3013203144073486
0.8402590751647949
-5.904778480529785
-4.352814674377441
4.879439830780029
-0.3444371223449707
-5.971210956573486
14.934014320373535
5.432974338531494
6.55224609375
-5.152242660522461
9.787389755249023
2.085939645767212
-0.8340339660644531
-5.381706714630127
-1.738497257232666
4.340867042541504
3.4353833198547363
-8.489080429077148
16.609094619750977
4.956820011138916
7.392983913421631
-7.246060371398926
9.862340927124023
2.1610426902770996
-1.631150484085083
-5.6004414558410645
2.6095080375671387
3.499866008758545
6.980726718902588
-11.056694030761719
17.189008712768555
4.2402753829956055
7.4350175857543945
-9.256168365478516
9.75490665435791
2.396514892578125
-1.4202587604522705
-6.925464630126953
8.309110641479492
2.5778112411499023
9.441020011901855
-12.944902420043945
16.29701805114746
3.376392126083374
7.308753490447998
-11.209763526916504
9.97022533416748
2.2660505771636963
-0.18497049808502197
-9.046806335449219
13.726051330566406
1.4301183223724365
11.05965805053711
-15.025035858154297
15.56816577911377
2.166632652282715
7.096027851104736
-13.694067001342773
11.63725757598877
1.75617253780365
2.2778964042663574
-11.981605529785156
18.545015335083008
0.056339263916015625
12.01821231842041
-17.354969024658203
15.770350456237793
0.7853908538818359
7.394541263580322
-17.175947189331055
14.903823852539062
1.0198739767074585
5.62713623046875
-15.478141784667969
22.391206741333008
-1.4763693809509277
12.568078994750977
-20.140729904174805
16.833768844604492
