2
3
-6.629220962524414
4.951384544372559
0.315854549407959
-3.718297004699707
0.7722848653793335
10.62811279296875
-3.2420315742492676
4.610464572906494
-1.4039559364318848
7.635652542114258
7.996901035308838
-1.343515157699585
-6.012881278991699
4.815011978149414
2.860844850540161
-1.4404618740081787
-0.7675690650939941
11.309868812561035
-3.8522496223449707
2.7631866931915283
0.11552858352661133
7.476503372192383
6.5199384689331055
-0.9002242684364319
-4.787920951843262
5.158541202545166
4.238448143005371
0.9297783374786377
-2.1811680793762207
11.4129638671875
-3.67850399017334
0.9720556735992432
0.8640135526657104
7.313292026519775
4.698917865753174
-0.4951210618019104
-3.3690693378448486
5.938442707061768
4.69849967956543
2.9509522914886475
-3.187248945236206
10.95274543762207
-2.4438445568084717
-0.5959327220916748
0.941024661064148
7.074610710144043
2.7919740676879883
0.20451068878173828
-2.0658090114593506
7.026727676391602
4.782988548278809
3.924633026123047
-3.5655951499938965
10.257518768310547
-0.8858954906463623
-1.5365558862686157
0.618759274482727
6.918004512786865
1.2358920574188232
1.1624093055725098
-0.8804290294647217
8.272920608520508
4.338872909545898
4.253062725067139
-3.5878729820251465
9.46839714050293
0.6626402139663696
-1.8920316696166992
-0.031551480293273926
7.228837013244629
0.08548831939697266
2.190748691558838
0.09266376495361328
9.333599090576172
3.8827295303344727
4.059307098388672
-3.2430739402770996
8.529946327209473
2.3152809143066406
-1.2993520498275757
-0.6966100931167603
7.872479438781738
-0.35746103525161743
3.173152446746826
0.7320443391799927
10.121869087219238
3.037814140319824
3.5056071281433105
-2.531986713409424
7.8123674392700195
3.548610210418701
0.07672429084777832
-1.3165857791900635
8.593514442443848
-0.046371787786483765
3.8137264251708984
0.8911973834037781
10.403621673583984
2.4283499717712402
3.0587592124938965
-1.6404924392700195
7.618466854095459
4.103227138519287
1.750213623046875
-1.7530289888381958
9.28889274597168
0.5915167331695557
3.917328357696533
0.6129423379898071
10.2821683883667
2.230898141860962
2.681471824645996
-0.7621151208877563
7.796375751495361
4.321413040161133
3.3953444957733154
-1.9676127433776855
9.762752532958984
1.5399354696273804
3.716376781463623
