2
3
3.558720588684082
3.6578121185302734
-2.965663433074951
-4.345040321350098
-3.1194159984588623
-1.5491504669189453
-6.886933326721191
-1.5045185089111328
-0.8823440074920654
5.008480548858643
4.8130784034729
-4.8639678955078125
2.3451924324035645
3.061025381088257
-4.168217658996582
-4.761646747589111
-4.142638206481934
-0.7814399600028992
-5.212564468383789
0.349200963973999
0.6884044408798218
4.098206520080566
3.8058183193206787
-6.885900497436523
1.259398102760315
2.4927353858947754
-4.796658992767334
-5.004255771636963
-4.794354438781738
-0.08095812797546387
-3.615177631378174
1.1304490566253662
1.6720492839813232
2.832622528076172
2.392404079437256
-7.6675238609313965
0.3356776237487793
1.7456002235412598
-5.806270599365234
-5.451796054840088
-4.73374080657959
0.8700487613677979
-1.7217488288879395
1.0757125616073608
2.1057376861572266
1.301905870437622
0.8814419507980347
-8.095721244812012
-0.6467667818069458
1.0744743347167969
-6.433396816253662
-5.557943820953369
-4.180830955505371
1.8223165273666382
-0.13381218910217285
0.07055187225341797
2.1304171085357666
-0.04231834411621094
-1.1717182397842407
-7.836691379547119
-1.6433360576629639
0.5247026681900024
-6.381772041320801
-5.491573333740234
-3.09568452835083
2.432288885116577
0.8406115174293518
-1.7352521419525146
1.7071447372436523
-1.1435329914093018
-3.204592227935791
-7.177592754364014
-2.673555374145508
-0.30585235357284546
-5.80168342590332
-5.337972640991211
-1.9288253784179688
2.7805368900299072
0.85294508934021
-3.8718793392181396
0.9501874446868896
-1.8394887447357178
-4.858799934387207
-6.373905181884766
-3.416121006011963
-0.883781373500824
-4.53407096862793
-5.178606033325195
-0.9393976330757141
2.460516929626465
0.0008760690689086914
-6.16595458984375
-0.02568793296813965
-2.040771961212158
-5.8928327560424805
-5.561941146850586
-3.7303085327148438
-1.3297598361968994
-3.9119768142700195
-5.658838272094727
-0.3468756079673767
1.5746712684631348
-1.256226658821106
-8.368804931640625
-1.0577342510223389
-2.187891960144043
-6.563330173492432
-5.517640590667725
-3.6634867191314697
-1.6426281929016113
-3.5406253337860107
-6.643186569213867
-0.3020075857639313
0.15916156768798828
-2.6554689407348633
-10.318138122558594
-2.039156913757324
-2.0120184421539307
-6.969568729400635
-5.8260087966918945
