2
3
-3.594952344894409
0.9534800052642822
1.159985065460205
-11.974358558654785
8.341869354248047
-2.6690118312835693
-2.071662187576294
6.926370620727539
0.020369529724121094
-3.3996469974517822
12.630119323730469
0.4842683672904968
-2.9184341430664062
-1.5935733318328857
4.636075973510742
-11.89337158203125
6.364560127258301
-0.3279378414154053
-4.892602920532227
7.274183750152588
2.6933140754699707
-2.456819534301758
12.501718521118164
0.7011157274246216
-1.7377831935882568
-3.808838367462158
7.269808292388916
-10.181550025939941
4.284178733825684
1.9626195430755615
-6.352061748504639
6.624001979827881
5.09071159362793
-1.5218162536621094
11.037623405456543
0.6871609091758728
0.04929625988006592
-5.106909275054932
9.101285934448242
-7.437478065490723
2.244500160217285
3.4833412170410156
-5.975675582885742
4.979397296905518
6.826142311096191
-0.7569893598556519
8.350639343261719
0.3476540744304657
2.286807060241699
-5.507201194763184
9.659571647644043
-3.9753427505493164
0.6274189949035645
4.452840328216553
-4.149996757507324
2.6741909980773926
7.5170745849609375
-0.1215212345123291
5.80556583404541
-0.6321648359298706
4.44721794128418
-5.0796027183532715
9.126277923583984
-0.5662236213684082
-0.22348225116729736
4.477399826049805
-1.119856834411621
-0.25220584869384766
7.369008541107178
-0.19440390169620514
3.990692615509033
-1.28128182888031
6.222008228302002
-4.115851879119873
8.301910400390625
1.9671261310577393
-0.37374433875083923
3.7048563957214355
2.1394362449645996
-2.336747169494629
6.76999568939209
-0.9759656190872192
3.6494667530059814
-1.5724081993103027
6.9596381187438965
-2.6993701457977295
6.661317825317383
3.653627634048462
0.2635008990764618
2.891953468322754
5.202268600463867
-3.9168238639831543
5.909955024719238
-1.495990514755249
3.5253348350524902
-1.136331558227539
7.120213985443115
-1.1624300479888916
5.554509162902832
4.222496509552002
1.4633944034576416
1.9302983283996582
7.629105091094971
-4.695368766784668
5.15803861618042
-1.3652610778808594
3.5675785541534424
-0.3374696969985962
7.185296535491943
0.4574093818664551
4.931037902832031
4.231805801391602
2.966526985168457
0.8462967872619629
9.47726058959961
-4.634881496429443
4.700193405151367
-0.9607464075088501
4.222602367401123
0.4674782156944275
