2
3
-6.988672733306885
1.9639124870300293
9.238608360290527
0.6892016530036926
5.447131156921387
-6.3407464027404785
2.0896434783935547
0.6654088497161865
6.978230953216553
3.7625436782836914
2.3044965267181396
4.648458003997803
-3.8363890647888184
1.963935375213623
12.450942993164062
0.6680094003677368
3.669980525970459
-5.275174617767334
0.5522849559783936
4.295113563537598
5.562351226806641
3.4082682132720947
0.5020134449005127
2.7620959281921387
-0.5171756744384766
2.1291027069091797
14.124565124511719
1.0498528480529785
2.0850162506103516
-3.4185500144958496
-0.1191861629486084
7.008399486541748
4.0787434577941895
3.205760955810547
-0.5568456649780273
2.1420516967773438
2.705280065536499
2.306074857711792
13.911335945129395
1.6921330690383911
0.7228876352310181
-1.2986478805541992
0.40025532245635986
8.854266166687012
2.495948314666748
3.1959660053253174
-0.3826591670513153
2.1785318851470947
5.4900665283203125
2.5875091552734375
12.897439956665039
3.075850009918213
-0.02266526222229004
0.8909311294555664
2.0884151458740234
9.89610767364502
1.3074824810028076
3.055870532989502
1.2572946548461914
2.7516589164733887
7.512317180633545
2.9702115058898926
11.05942153930664
4.703908920288086
-0.013578396290540695
2.9771151542663574
4.4905548095703125
10.472065925598145
0.746616542339325
2.72001576423645
3.748495578765869
3.926374912261963
8.35671329498291
3.0888819694519043
10.123717308044434
6.3644700050354
0.8701909184455872
5.185724258422852
5.906713962554932
11.038000106811523
0.8264182806015015
2.4580321311950684
5.8689045906066895
5.66307258605957
8.610871315002441
3.3108761310577393
9.123396873474121
8.231825828552246
2.10434889793396
7.150301933288574
7.093830108642578
11.670174598693848
1.4516992568969727
2.671381711959839
7.934436798095703
8.1154203414917
8.552397727966309
3.741640329360962
8.6622896194458
10.652294158935547
3.384965419769287
8.765448570251465
8.352322578430176
12.2252779006958
2.763986587524414
3.6410131454467773
9.874678611755371
11.06907844543457
8.39995288848877
4.633301734924316
8.525603294372559
13.323026657104492
4.673450469970703
9.985444068908691
9.836880683898926
13.24096965789795
4.6377105712890625
5.275577068328857
11.594758033752441
14.187145233154297
