2
3
3.189009189605713
-1.620295524597168
3.8245296478271484
-4.641473770141602
5.119627475738525
6.415305137634277
-5.367591857910156
-7.550039291381836
-0.5750073790550232
-2.560481309890747
0.8440966010093689
-3.5206995010375977
4.350697994232178
-1.364194631576538
3.042097806930542
-3.7634475231170654
4.222225666046143
5.355318546295166
-6.476099967956543
-9.885991096496582
0.5041164755821228
-1.8647774457931519
1.7669405937194824
-2.5369701385498047
5.08392858505249
-0.7296703457832336
1.4909865856170654
-2.8526315689086914
3.278717041015625
3.7208237648010254
-6.9182586669921875
-11.932147026062012
1.799821376800537
-0.6593173742294312
1.8407220840454102
-1.4649732112884521
5.393625259399414
0.10403972864151001
-0.1603255271911621
-2.529937267303467
2.327427625656128
1.6325840950012207
-6.817362308502197
-13.467720985412598
2.9189910888671875
0.6840635538101196
1.3065118789672852
-1.4078584909439087
5.2641096115112305
1.2647254467010498
-2.0778281688690186
-2.9916791915893555
1.5043905973434448
-0.6136512756347656
-6.263858795166016
-14.232279777526855
3.90885066986084
2.0395936965942383
0.023607969284057617
-2.7458744049072266
4.967212677001953
2.121385335922241
-3.7110700607299805
-4.6118621826171875
0.927308201789856
-2.644460916519165
-5.332978248596191
-14.016007423400879
4.55839204788208
2.8121023178100586
-1.8098382949829102
-5.332865238189697
4.618376731872559
2.445293664932251
-4.7432146072387695
-6.7440338134765625
0.671489417552948
-4.269447326660156
-4.460556983947754
-13.800556182861328
4.806309700012207
2.8203787803649902
-3.6771321296691895
-7.992492198944092
4.310722351074219
2.343846559524536
-6.066905498504639
-9.472511291503906
0.7115222215652466
-5.2394185066223145
-4.18844747543335
-14.286688804626465
4.638543605804443
2.170506477355957
-5.122389793395996
-10.38624382019043
3.901541233062744
1.6806761026382446
-7.330038070678711
-12.695489883422852
0.9268792867660522
-5.997984409332275
-4.254790782928467
-15.107121467590332
4.177176475524902
1.324125051498413
-6.636678695678711
-13.483673095703125
3.224149703979492
0.43585360050201416
-8.338997840881348
-16.040559768676758
1.1467440128326416
-6.731776714324951
-4.641901016235352
-16.48111343383789
3.4035346508026123
-0.12173378467559814
-7.7696213722229
-16.63043212890625
