2
3
-1.363717794418335
-6.729743003845215
-15.338127136230469
4.119431495666504
-8.87759017944336
-2.795621395111084
0.4648630619049072
10.158736228942871
-1.1911041736602783
1.8235728740692139
7.669520854949951
-3.8302252292633057
-4.130098819732666
-4.650108337402344
-16.205780029296875
7.691847801208496
-7.408774375915527
-0.5878233909606934
2.274303674697876
9.90282154083252
0.35452914237976074
0.45216917991638184
4.938335418701172
-4.034975528717041
-6.568727016448975
-2.03401517868042
-15.434330940246582
10.388924598693848
-5.319357872009277
1.7002935409545898
2.6374669075012207
9.255097389221191
1.635016918182373
-0.7467079162597656
1.3457674980163574
-2.7167584896087646
-8.383792877197266
0.443601131439209
-12.71104621887207
11.623725891113281
-3.3006367683410645
3.57159423828125
1.6018989086151123
8.818296432495117
1.799814224243164
-1.8793463706970215
-2.512082815170288
0.43782758712768555
-9.262542724609375
2.401423692703247
-10.219161033630371
12.304665565490723
-1.6927952766418457
4.885135650634766
-0.3106350898742676
8.508636474609375
0.9644865989685059
-2.1473021507263184
-5.8012542724609375
4.574228763580322
-9.598427772521973
4.036969184875488
-8.60573673248291
13.071752548217773
-0.7023282051086426
5.6134161949157715
-2.520623207092285
8.509859085083008
-0.4827897548675537
-1.4166553020477295
-7.889158725738525
8.762577056884766
-9.598573684692383
5.753427505493164
-7.641454696655273
14.141605377197266
-0.7006453275680542
5.691049575805664
-5.030214786529541
9.661428451538086
-2.031614303588867
-0.042600154876708984
-10.358992576599121
12.65073013305664
-9.41539478302002
7.1533050537109375
-7.3453803062438965
15.461009979248047
-1.2386118173599243
5.999517440795898
-8.060453414916992
11.928260803222656
-3.6795008182525635
2.0485215187072754
-12.807489395141602
16.38934326171875
-8.815836906433105
8.352113723754883
-7.771947860717773
16.975189208984375
-2.301785945892334
6.582250595092773
-11.473437309265137
15.14897346496582
-5.19622802734375
4.7342143058776855
-15.227564811706543
19.842309951782227
-8.232616424560547
9.668512344360352
-9.236357688903809
19.351919174194336
-3.924267530441284
7.962421417236328
-15.376425743103027
19.426755905151367
-6.763882637023926
7.716574668884277
-17.980449676513672
23.165353775024414
