2
3
0.13308537006378174
-4.580540657043457
-5.031592845916748
8.377077102661133
0.56955885887146
-4.618759632110596
4.215622425079346
2.741197109222412
-6.157332420349121
-9.47859001159668
0.46454811096191406
0.5181529521942139
-1.3680330514907837
-3.3821933269500732
-5.412105083465576
7.455517768859863
1.238297939300537
-4.830580711364746
2.060464382171631
2.3944103717803955
-5.018801212310791
-9.342191696166992
2.1470842361450195
3.538571357727051
-2.833657741546631
-2.875093698501587
-5.184955596923828
6.473568439483643
0.9721478223800659
-5.4460296630859375
-0.07311677932739258
2.791158676147461
-3.7102816104888916
-8.622163772583008
2.723313093185425
6.542577743530273
-3.66941237449646
-2.731804370880127
-3.993734359741211
5.669927597045898
0.2570596933364868
-5.953971862792969
-2.0530922412872314
3.904386281967163
-2.481276750564575
-7.24802827835083
2.3617916107177734
8.986946105957031
-4.2126874923706055
-3.006650447845459
-2.7187514305114746
5.573580741882324
-0.682643473148346
-6.1467108726501465
-3.2280070781707764
5.733972549438477
-1.3695727586746216
-5.345900535583496
1.8338613510131836
10.808633804321289
-4.193777561187744
-3.461688280105591
-1.2215094566345215
5.961103916168213
-1.6803169250488281
-5.754147529602051
-3.9550552368164062
8.170598983764648
-0.5258660316467285
-3.2666680812835693
1.0447105169296265
12.360519409179688
-3.8663458824157715
-3.7408242225646973
-0.21418976783752441
7.581975936889648
-2.71905779838562
-4.920960426330566
-4.0577192306518555
10.59415340423584
0.008413612842559814
-1.0566117763519287
-0.32215964794158936
13.782812118530273
-3.271253824234009
-3.626725196838379
0.21133431792259216
10.2630615234375
-3.4652135372161865
-3.4520950317382812
-4.364408016204834
13.180280685424805
0.23642507195472717
1.040581464767456
-2.1923787593841553
15.026715278625488
-2.61574387550354
-2.7214879989624023
-0.0760667622089386
13.800827026367188
-3.900635242462158
-1.6232786178588867
-4.972662448883057
15.920171737670898
0.01940271258354187
2.8294827938079834
-4.241640090942383
16.1209716796875
-2.03159236907959
-0.9697437286376953
-1.1938599348068237
18.106590270996094
-4.2386932373046875
0.5869648456573486
-5.889108657836914
19.05894660949707
-0.6259065866470337
4.148801803588867
-5.969792366027832
17.713491439819336
