2
3
-7.0135416984558105
-9.16145133972168
-3.655642509460449
-2.4987385272979736
8.195497512817383
-7.6967902183532715
-7.091157913208008
4.352699279785156
-7.702448844909668
7.1211724281311035
1.615199327468872
5.435051918029785
-6.214291572570801
-8.679152488708496
-2.889179229736328
-0.9428277015686035
7.1534223556518555
-7.392292499542236
-9.228203773498535
5.566118240356445
-6.910069942474365
6.121692657470703
2.850025177001953
4.168916702270508
-5.457783222198486
-8.152219772338867
-2.1784157752990723
0.5888199806213379
6.163232326507568
-7.077760696411133
-11.223044395446777
6.708596229553223
-6.170729160308838
5.157506942749023
4.066429615020752
2.8519058227539062
-4.664601802825928
-7.526739120483398
-1.4324588775634766
2.086923360824585
5.236271858215332
-6.753655910491943
-13.064791679382324
7.785889625549316
-5.514251232147217
4.22686767578125
5.311834335327148
1.4330196380615234
-3.9192914962768555
-6.8858256340026855
-0.7395013570785522
3.518615245819092
4.324588775634766
-6.454111576080322
-14.818509101867676
8.752323150634766
-4.961507320404053
3.3147928714752197
6.546055316925049
-0.0775214433670044
-3.2711048126220703
-6.290201187133789
-0.16533267498016357
4.828068733215332
3.416443109512329
-6.104410171508789
-16.688751220703125
9.792724609375
-4.448464393615723
2.4416003227233887
7.7411041259765625
-1.4931209087371826
-2.7218985557556152
-5.741348743438721
0.2934969663619995
5.992773532867432
2.5276005268096924
-5.742519378662109
-18.603742599487305
10.949172019958496
-3.9130613803863525
1.6800849437713623
8.879035949707031
-2.7419400215148926
-2.263059139251709
-5.242140769958496
0.6517699956893921
7.035144805908203
1.6566649675369263
-5.378318786621094
-20.570514678955078
12.1838960647583
-3.3334553241729736
1.0317949056625366
10.070240020751953
-3.851494789123535
-1.928223967552185
-4.7423529624938965
0.8426730632781982
7.966113090515137
0.7953685522079468
-5.011260509490967
-22.60783576965332
13.498848915100098
-2.715235948562622
0.39153003692626953
11.360967636108398
-4.889902591705322
-1.6311362981796265
-4.2203688621521
1.0039985179901123
8.988517761230469
-0.08399069309234619
-4.633613109588623
-24.765695571899414
14.899309158325195
-2.0103721618652344
-0.22607803344726562
12.78549575805664
-5.868847846984863
