2
3
-4.654425144195557
-3.159390449523926
3.0632686614990234
14.242082595825195
-1.6359336376190186
3.153205394744873
-1.990155816078186
-12.354259490966797
6.8636250495910645
9.103280067443848
-3.8632311820983887
-3.1346254348754883
-3.4580845832824707
1.3186817169189453
4.126815319061279
16.402116775512695
-1.3947534561157227
0.9191939830780029
-2.043213129043579
-11.979576110839844
5.50359582901001
8.418821334838867
-8.153059005737305
-5.587612152099609
-1.9448719024658203
5.92702579498291
4.76935338973999
16.64063835144043
-1.3985016345977783
-1.1480929851531982
-2.6221532821655273
-10.194023132324219
4.066556930541992
7.530531883239746
-11.228801727294922
-6.4849934577941895
-0.13938140869140625
9.991657257080078
4.503935813903809
15.534469604492188
-1.1327664852142334
-2.3666863441467285
-3.43696665763855
-6.582136154174805
2.4300742149353027
6.360779762268066
-12.92110824584961
-5.950517654418945
1.7176321744918823
13.504758834838867
3.3799989223480225
13.23677921295166
-0.9303795099258423
-2.834944725036621
-4.082008361816406
-1.3818397521972656
0.5349373817443848
5.049594879150391
-13.553579330444336
-3.9181900024414062
3.3433175086975098
15.838577270507812
1.3521857261657715
9.897951126098633
-0.5892584323883057
-1.5811724662780762
-4.448728084564209
5.122292518615723
-1.1478996276855469
4.231087684631348
-13.022711753845215
-0.3895573616027832
4.531100749969482
16.840272903442383
-1.8711719512939453
6.4421796798706055
-0.20433586835861206
0.8168694972991943
-5.26663875579834
10.544689178466797
-2.567207098007202
4.457569599151611
-11.667860984802246
4.100882053375244
4.589666366577148
16.44064712524414
-4.9608073234558105
4.222293376922607
-0.3720596432685852
3.4761898517608643
-6.643691062927246
14.272940635681152
-3.26542329788208
5.364656448364258
-10.93270492553711
7.784882545471191
4.040024757385254
15.357444763183594
-8.312899589538574
2.7814948558807373
-0.6178749203681946
6.941251754760742
-8.685089111328125
17.682279586791992
-4.127694129943848
6.467489242553711
-11.070659637451172
11.187061309814453
2.8564486503601074
13.853973388671875
-11.706541061401367
2.712392568588257
-1.001441478729248
10.739739418029785
-10.896954536437988
20.460519790649414
-4.676080703735352
8.2944974899292
-11.393912315368652
14.79504680633545
