2
3
-5.79803466796875
6.147162437438965
8.396224975585938
-8.506747245788574
5.282018661499023
0.24332678318023682
-0.4439476728439331
7.455018997192383
-7.885363578796387
4.591487407684326
-7.182986259460449
-10.677316665649414
-5.04367733001709
5.4470415115356445
8.879822731018066
-8.978886604309082
4.996099948883057
1.2587430477142334
-2.161996364593506
7.740350723266602
-8.084261894226074
4.127540111541748
-6.182706356048584
-11.086352348327637
-4.2322235107421875
4.744168281555176
9.127385139465332
-9.371917724609375
4.573801040649414
2.261709213256836
-3.691814661026001
7.917086124420166
-8.189330101013184
3.629932403564453
-5.134474754333496
-11.420415878295898
-3.3951516151428223
4.048183441162109
9.186999320983887
-9.676604270935059
4.037903785705566
3.2387914657592773
-5.029857635498047
7.97152853012085
-8.210016250610352
3.1071858406066895
-4.049179553985596
-11.677454948425293
-2.560455322265625
3.3558387756347656
9.09436321258545
-9.864604949951172
3.4136857986450195
4.184889793395996
-6.171502113342285
7.883414268493652
-8.148707389831543
2.5601556301116943
-2.9421143531799316
-11.85122013092041
-1.7438619136810303
2.6754860877990723
8.857826232910156
-9.93288803100586
2.721139669418335
5.093685150146484
-7.108707427978516
7.640861511230469
-8.006308555603027
1.98956298828125
-1.8304095268249512
-11.932719230651855
-0.9610973596572876
2.0167274475097656
8.48092269897461
-9.883874893188477
1.9780349731445312
5.95964241027832
-7.843389987945557
7.231895923614502
-7.785490989685059
1.3973302841186523
-0.73530113697052
-11.913880348205566
-0.2270355224609375
1.3937556743621826
7.97129487991333
-9.727619171142578
1.2040208578109741
6.777743339538574
-8.382275581359863
6.645079135894775
-7.4878082275390625
0.7845219373703003
0.312466025352478
-11.789016723632812
0.4338756799697876
0.8320387601852417
7.3678202629089355
-9.491128921508789
0.41359782218933105
7.539831638336182
-8.734971046447754
5.874284267425537
-7.109927654266357
0.14880728721618652
1.261813759803772
-11.54307746887207
1.011465072631836
0.33699971437454224
6.711078643798828
-9.19011402130127
-0.38078373670578003
8.235912322998047
-8.90938949584961
4.919699668884277
-6.65634822845459
-0.5014010667800903
2.0684423446655273
-11.173842430114746
1.501528263092041
-0.08943140506744385
6.02542781829834
-8.84328842163086
-1.1648917198181152
8.85096549987793
-8.910590171813965
3.8047165870666504
-6.1416521072387695
-1.1419570446014404
2.7146551609039307
-10.702547073364258
1.9041152000427246
-0.44293925166130066
5.325565338134766
-8.474444389343262
-1.9220706224441528
9.371234893798828
-8.744246482849121
2.559445381164551
-5.587405681610107
-1.7419466972351074
3.2029600143432617
-10.1607027053833
2.225543975830078
-0.7293832302093506
4.614030838012695
-8.08481502532959
-2.635328531265259
9.793292045593262
-8.423347473144531
1.1986128091812134
-5.013711929321289
-2.280442237854004
3.5420026779174805
-9.561932563781738
2.464872121810913
-0.9505366086959839
3.9019229412078857
-7.689008712768555
-3.2896480560302734
10.099008560180664
-7.9537577629089355
-0.2344743013381958
-4.43400764465332
-2.7366487979888916
3.738971710205078
-8.947237968444824
2.624556303024292
-1.1021811962127686
3.202580451965332
-7.318267822265625
-3.874093532562256
10.26953411102295
-7.34214973449707
-1.6868207454681396
-3.8626327514648438
-3.100757122039795
3.8002777099609375
-8.338911056518555
2.707750082015991
-1.1892718076705933
2.5279159545898438
-6.9877610206604
-4.379887580871582
10.308257102966309
-6.614876747131348
-3.1321170330047607
-3.3170628547668457
-3.367910861968994
3.740007162094116
-7.741028785705566
2.7157580852508545
-1.2116435766220093
1.885701298713684
-6.710830211639404
-4.803636074066162
10.228614807128906
-5.805562496185303
-4.554596900939941
-2.81689190864563
-3.5347163677215576
3.5919322967529297
-7.164934158325195
2.6529042720794678
-1.166495680809021
1.2917529344558716
-6.520645618438721
-5.141116619110107
10.048922538757324
-4.947608947753906
-5.949251651763916
-2.3760030269622803
-3.6056840419769287
3.3955700397491455
-6.629685401916504
2.535025119781494
-1.0742250680923462
0.7451922297477722
-6.403591156005859
-5.3887457847595215
9.78207015991211
-4.063226699829102
-7.319853782653809
-2.000382423400879
-3.5875725746154785
3.183117628097534
-6.1486053466796875
2.376432418823242
-0.9603686332702637
0.21820682287216187
-6.323184967041016
-5.545678615570068
9.430669784545898
-3.1688015460968018
-8.657394409179688
-1.68911874294281
-3.4933817386627197
2.9701454639434814
-5.724330425262451
2.1888375282287598
-0.8369169235229492
-0.3351728320121765
-6.2488508224487305
-5.61865234375
9.000188827514648
-2.269667863845825
-9.951273918151855
-1.4267884492874146
-3.344057559967041
2.7134547233581543
-5.326384544372559
1.9787571430206299
-0.7034257054328918
-0.9493928551673889
-6.1633477210998535
-5.616068363189697
8.497495651245117
-1.3491584062576294
-11.196165084838867
-1.2092008590698242
-3.1423158645629883
2.392151355743408
-4.945642471313477
1.7439050674438477
-0.5583190321922302
-1.5875844955444336
-6.086502552032471
-5.537741661071777
7.92467737197876
-0.4074075222015381
-12.380736351013184
-1.030665397644043
-2.899892807006836
2.0211181640625
-4.5912957191467285
1.4785536527633667
-0.39719241857528687
-2.2111146450042725
-6.035114288330078
-5.385620594024658
7.28052282333374
0.5468438863754272
-13.48797607421875
-0.8878053426742554
-2.6213014125823975
1.608216643333435
-4.272421836853027
1.1801691055297852
-0.2202485203742981
-2.7949182987213135
-6.021180152893066
-5.164079189300537
6.563673496246338
1.4986417293548584
-14.501636505126953
-0.7784746289253235
-2.311054229736328
1.1622936725616455
-3.9987757205963135
0.849116325378418
-0.030766278505325317
-3.3217315673828125
-6.0545973777771
-4.876998424530029
5.7754926681518555
2.43253231048584
-15.406877517700195
-0.7056814432144165
-1.9715018272399902
0.7032985091209412
-3.785996913909912
0.48738962411880493
0.1665891706943512
-3.7770907878875732
-6.144768238067627
-4.52784538269043
4.920554161071777
3.3328752517700195
-16.190156936645508
-0.6759078502655029
-1.6044983863830566
0.24796462059020996
-3.6463005542755127
0.09839344024658203
0.3667869567871094
-4.148257255554199
-6.298939228057861
-4.121365547180176
4.006253242492676
4.181375026702881
-16.842731475830078
-0.6899844408035278
-1.2160706520080566
-0.18652665615081787
-3.5942113399505615
-0.3111376166343689
0.5669467449188232
-4.426241874694824
-6.5285162925720215
-3.6628077030181885
3.0425267219543457
4.958880424499512
-17.35903549194336
-0.7476075887680054
-0.811859130859375
-0.58427894115448
-3.6398208141326904
-0.7305351495742798
0.7639612555503845
-4.603888034820557
-6.841549396514893
-3.1583285331726074
2.0428144931793213
5.6439690589904785
-17.730749130249023
-0.8466520309448242
-0.3989163041114807
-0.927698016166687
-3.7926182746887207
-1.1496965885162354
0.9517284035682678
-4.673793792724609
-7.245221138000488
-2.614508628845215
1.0225193500518799
6.213850021362305
-17.955856323242188
-0.9821820259094238
0.015001833438873291
-1.2003653049468994
-4.061575889587402
-1.5597745180130005
1.1239607334136963
-4.631629943847656
-7.744682312011719
-2.038295269012451
-0.0006501674652099609
6.644464492797852
-18.04072380065918
-1.1479368209838867
0.4197295904159546
-1.387497901916504
-4.455108165740967
-1.951364517211914
1.2748812437057495
-4.478428363800049
-8.342801094055176
-1.4377410411834717
-1.0068249702453613
6.912024021148682
-17.998464584350586
-1.3357468843460083
0.8043901324272156
-1.4781303405761719
-4.977664947509766
-2.3157835006713867
1.3987886905670166
-4.218515872955322
-9.039649963378906
-0.8266095519065857
-1.9754294157028198
7.002643585205078
-17.843732833862305
-1.5356385707855225
1.1580382585525513
-1.4673309326171875
-5.628963947296143
-2.6429896354675293
1.4873144626617432
-3.861246109008789
-9.827766418457031
-0.22389858961105347
-2.885708808898926
6.91512393951416
-17.595056533813477
-1.7363312244415283
1.470494031906128
-1.3566488027572632
-6.403568744659424
-2.9231343269348145
1.5291329622268677
-3.418915271759033
-10.689803123474121
0.34766584634780884
-3.71311092376709
6.669852256774902
-17.291093826293945
-1.926830768585205
1.731002688407898
-1.15326988697052
-7.287033557891846
-3.1508684158325195
1.5094547271728516
-2.9031982421875
-11.598204612731934
0.8563576936721802
-4.432773113250732
6.348610877990723
-16.999431610107422
-2.0972647666931152
1.9296543598175049
-0.867103099822998
-8.259848594665527
-3.327073097229004
1.419664978981018
-2.325212001800537
-12.529346466064453
1.2902120351791382
-5.034064769744873
5.991909980773926
-16.769594192504883
-2.241063117980957
2.0596041679382324
-0.5101718902587891
-9.301432609558105
-3.4543442726135254
1.260039210319519
-1.6970486640930176
-13.471085548400879
1.6461181640625
-5.512513637542725
5.646024227142334
-16.65799331665039
-2.3546149730682373
2.117189645767212
-0.09335640072822571
-10.39400577545166
-3.5357658863067627
1.036978840827942
-1.0294685363769531
-14.4225435256958
1.923125147819519
-5.874988079071045
5.350625038146973
-16.698659896850586
-2.436953067779541
2.1035261154174805
0.3734287917613983
-11.525083541870117
