2
3
4.461978435516357
8.653565406799316
1.9200917482376099
-0.12727665901184082
4.39442253112793
0.379081666469574
-2.4258291721343994
4.393773078918457
-0.16372054815292358
-9.65722370147705
9.073192596435547
-5.617172718048096
4.426077365875244
8.041029930114746
2.005317449569702
-1.308964490890503
4.2598700523376465
0.36353179812431335
-2.7128748893737793
4.407750606536865
0.1949259638786316
-9.341113090515137
9.666589736938477
-4.947616100311279
4.394856929779053
7.442470550537109
2.103470802307129
-2.4590039253234863
4.132116317749023
0.34662187099456787
-2.983877420425415
4.418605804443359
0.5514583587646484
-9.025983810424805
10.256657600402832
-4.286247730255127
4.3690900802612305
6.857604026794434
2.2152488231658936
-3.579345703125
4.011237144470215
0.32854193449020386
-3.239018201828003
4.426459789276123
0.9061081409454346
-8.712089538574219
10.843570709228516
-3.633634567260742
4.349270343780518
6.285452365875244
2.3414628505706787
-4.673252582550049
3.897300958633423
0.30948692560195923
-3.478395462036133
4.431546688079834
1.2590107917785645
-8.399568557739258
11.427286148071289
-2.9899048805236816
4.336063385009766
5.7254438400268555
2.48266339302063
-5.743110656738281
3.7903659343719482
0.2895112633705139
-3.7020680904388428
4.4337944984436035
1.6103293895721436
-8.088750839233398
12.00786304473877
-2.35549259185791
4.330027103424072
5.176672458648682
2.639589786529541
-6.791380405426025
3.69051456451416
0.2686411738395691
-3.9100470542907715
4.433090686798096
1.9599368572235107
-7.779977321624756
12.585270881652832
-1.7309153079986572
4.33196496963501
4.637923240661621
2.813502550125122
-7.820618152618408
3.5978496074676514
0.2470780909061432
-4.102417945861816
4.42968225479126
2.3076729774475098
-7.473438262939453
13.159456253051758
-1.1166577339172363
4.341788291931152
4.106695652008057
3.0056114196777344
-8.834217071533203
3.5125086307525635
0.224885493516922
-4.279167175292969
4.42348575592041
2.6535327434539795
-7.168922424316406
13.730487823486328
-0.5134651064872742
4.360337257385254
3.580836772918701
3.2172107696533203
-9.835592269897461
3.434623956680298
0.20194019377231598
-4.440166473388672
4.414159774780273
2.997614622116089
-6.8674845695495605
14.298881530761719
0.07796305418014526
4.388487339019775
3.057807207107544
3.4497437477111816
-10.828418731689453
3.36429500579834
0.178074911236763
-4.5851945877075195
4.401345252990723
3.3400485515594482
-6.570038795471191
14.865232467651367
0.6567680239677429
4.42704439163208
2.534860610961914
3.704742431640625
-11.816693305969238
3.3016600608825684
0.1530158370733261
-4.713911533355713
4.3844709396362305
3.6823835372924805
-6.278068542480469
15.431132316589355
1.2213973999023438
4.4768195152282715
2.009368419647217
3.9839141368865967
-12.804559707641602
3.246920347213745
0.126379132270813
-4.825743198394775
4.362783432006836
4.025207042694092
-5.992291450500488
15.997478485107422
1.7707239389419556
4.538602352142334
1.4788758754730225
4.2890625
-13.796457290649414
3.200202703475952
0.09766644239425659
-4.9203877449035645
4.335348129272461
4.370000839233398
-5.71346378326416
16.56532859802246
2.3036158084869385
4.613105773925781
0.9413955211639404
4.621778964996338
-14.796365737915039
3.161773681640625
0.06623107939958572
-4.997081756591797
4.300938606262207
4.719351291656494
-5.442391872406006
17.136320114135742
2.818455219268799
4.701098442077637
0.39483869075775146
4.984001636505127
-15.808297157287598
3.1319806575775146
0.03136015310883522
-5.054786205291748
4.2584381103515625
5.074380397796631
-5.179494857788086
17.711544036865234
3.3139994144439697
4.803308486938477
-0.16211891174316406
5.377423286437988
-16.83588409423828
3.1111996173858643
-0.00766361877322197
-5.092536926269531
4.206601619720459
5.4358134269714355
-4.925067901611328
18.291563034057617
3.789189338684082
4.920312881469727
-0.7301759123802185
5.803425312042236
-17.88174819946289
3.100083351135254
-0.05160120502114296
-5.108612060546875
4.143692970275879
5.803647518157959
-4.679359436035156
18.87554931640625
4.243189334869385
5.053002834320068
-1.309941291809082
6.2638349533081055
-18.94928741455078
3.099383592605591
-0.10133935511112213
-5.1015119552612305
4.068100929260254
6.178302764892578
-4.443271636962891
19.463441848754883
4.674283981323242
5.2023606300354
-1.9037803411483765
6.761728286743164
-20.044109344482422
3.1096086502075195
-0.1581234335899353
-5.069744110107422
3.977898359298706
6.5596923828125
-4.217185020446777
20.055278778076172
5.081112384796143
5.369050979614258
-2.5140018463134766
7.299375057220459
-21.170610427856445
3.1315548419952393
-0.22345080971717834
-5.011422634124756
3.8707871437072754
6.947299480438232
-4.001709461212158
20.649869918823242
5.4619245529174805
5.553797245025635
-3.142061710357666
7.87888240814209
-22.332122802734375
3.16581130027771
-0.2984582185745239
-4.92518949508667
3.74491024017334
7.340688705444336
-3.7978200912475586
21.245223999023438
5.814367294311523
5.75703239440918
-3.787944793701172
8.501126289367676
-23.530113220214844
3.212515354156494
-0.3838610351085663
-4.810735702514648
3.5990800857543945
7.7392578125
-3.6066408157348633
21.839946746826172
6.136016845703125
5.979403972625732
-4.451915264129639
9.167695999145508
-24.76626968383789
3.2719240188598633
-0.4806308150291443
-4.667007923126221
3.431525230407715
8.141912460327148
-3.4294841289520264
22.433151245117188
6.424418926239014
6.221585750579834
-5.1335248947143555
9.879999160766602
-26.040822982788086
3.3445353507995605
-0.5899745225906372
-4.492809772491455
3.2403247356414795
8.546499252319336
-3.2688393592834473
23.02351951599121
6.676435947418213
6.4844207763671875
-5.833670616149902
10.64024829864502
-27.35655403137207
3.4307737350463867
-0.7132620811462402
-4.2869415283203125
3.0234498977661133
8.952778816223145
-3.126897096633911
23.612215042114258
6.889474868774414
6.768851280212402
-6.554103851318359
11.451434135437012
-28.717403411865234
3.531078815460205
-0.8519465923309326
-4.048033237457275
2.778820037841797
9.361397743225098
-3.005563259124756
24.20169448852539
7.060949802398682
7.075765132904053
-7.296426773071289
12.316154479980469
-30.12708282470703
3.645843744277954
-1.0072922706604004
-3.7749342918395996
2.5043697357177734
9.772794723510742
-2.906841516494751
24.79387092590332
7.188088893890381
7.406273365020752
-8.062397956848145
13.237421035766602
-31.590166091918945
3.7754461765289307
-1.1804767847061157
-3.4665210247039795
2.1980719566345215
10.187832832336426
-2.8325653076171875
25.39126968383789
7.268405437469482
7.761709690093994
-8.854074478149414
14.21883487701416
-33.11213684082031
3.92038631439209
-1.372734785079956
-3.12141489982605
1.8576691150665283
10.608441352844238
-2.7838025093078613
25.994428634643555
7.298546314239502
8.14349365234375
-9.673606872558594
15.264154434204102
-34.69878387451172
4.081164836883545
-1.5851726531982422
-2.738279104232788
1.480909824371338
11.035768508911133
-2.7616982460021973
26.604795455932617
7.2755632400512695
8.553071022033691
-10.523192405700684
16.377151489257812
-36.35601806640625
4.258321285247803
-1.8189284801483154
-2.315652847290039
1.0654109716415405
11.470541000366211
-2.767490863800049
27.224445343017578
7.196905612945557
8.992023468017578
-11.405223846435547
17.561960220336914
-38.09021759033203
4.452513217926025
-2.075284481048584
-1.851883888244629
0.6083902716636658
11.912886619567871
-2.802795171737671
27.858139038085938
7.061126232147217
9.462063789367676
-12.322271347045898
18.823043823242188
-39.908199310302734
4.664442539215088
-2.355461597442627
-1.3450958728790283
0.10712802410125732
12.363761901855469
-2.8686914443969727
28.50891876220703
6.866154193878174
9.965085983276367
-13.277093887329102
20.165281295776367
-41.81728744506836
4.894969463348389
-2.660491704940796
-0.793372631072998
-0.440940260887146
12.824308395385742
-2.966224431991577
29.180078506469727
6.609870910644531
10.503067970275879
-14.272598266601562
21.593761444091797
-43.82510757446289
5.144211292266846
-2.990907669067383
-0.19560885429382324
-1.0375447273254395
13.295668601989746
-3.09651255607605
29.874528884887695
6.289823055267334
11.07812786102295
-15.311863899230957
23.113920211791992
-45.939735412597656
5.412686347961426
-3.3473265171051025
0.44999170303344727
-1.6842963695526123
13.779187202453613
-3.2603819370269775
30.59520149230957
5.9038567543029785
11.692559242248535
-16.398197174072266
24.731592178344727
-48.169769287109375
5.700979709625244
-3.7305150032043457
1.1450655460357666
-2.3830647468566895
14.276634216308594
-3.4586374759674072
31.345836639404297
5.449752330780029
12.348777770996094
-17.53497886657715
26.452945709228516
-50.52407455444336
6.009734630584717
-4.141743183135986
1.891817331314087
-3.1363558769226074
14.789430618286133
-3.6924867630004883
32.12986755371094
4.924961090087891
13.049358367919922
-18.725784301757812
28.284547805786133
-53.011962890625
6.339847087860107
-4.582644462585449
2.692742347717285
-3.947697639465332
15.31892204284668
-3.963193893432617
32.950462341308594
4.326877593994141
