2
3
1.4396331310272217
0.11385306715965271
-2.470083236694336
5.980916976928711
7.71657657623291
1.4846209287643433
6.209176063537598
-3.2188291549682617
2.0327537059783936
-1.4483449459075928
0.9011603593826294
9.871554374694824
1.229641318321228
0.3773915767669678
-1.880610704421997
5.966054439544678
8.032644271850586
0.8027873635292053
5.580922603607178
-2.9817683696746826
2.1556105613708496
-0.8354743719100952
0.9741236567497253
9.925469398498535
1.0794038772583008
0.6104313731193542
-1.2303075790405273
5.910674095153809
8.301231384277344
0.1663588285446167
4.867678165435791
-2.625901460647583
2.271577835083008
-0.2303023338317871
1.0831599235534668
9.870701789855957
0.9915018677711487
0.809695303440094
-0.5376338362693787
5.82796049118042
8.511470794677734
-0.4077308177947998
4.106583595275879
-2.1694788932800293
2.38130784034729
0.35514169931411743
1.2364333868026733
9.716739654541016
0.9667434692382812
0.9746286273002625
0.17707961797714233
5.730094909667969
8.653911590576172
-0.9063574075698853
3.3309638500213623
-1.632101058959961
2.490001678466797
0.9115172624588013
1.429288625717163
9.474417686462402
1.0051424503326416
1.1077594757080078
0.8893508315086365
5.629424095153809
8.722616195678711
-1.3194395303726196
2.5723180770874023
-1.0365986824035645
2.6048359870910645
1.429389476776123
1.6495405435562134
9.161214828491211
1.1072907447814941
1.2126693725585938
1.5634562969207764
5.541352272033691
8.71670913696289
-1.6424193382263184
1.8515127897262573
-0.40299028158187866
2.7343173027038574
1.9008748531341553
1.874250054359436
8.797199249267578
1.2733550071716309
1.2955377101898193
2.172598361968994
5.470365047454834
8.639716148376465
-1.8757537603378296
1.1683152914047241
0.2582019567489624
2.8810365200042725
2.3234803676605225
2.087404727935791
8.398420333862305
1.4994319677352905
1.3659220933914185
2.722054958343506
5.394068241119385
8.495915412902832
-2.0186331272125244
0.5225675106048584
0.9337335824966431
3.0440444946289062
2.6977810859680176
2.3005731105804443
7.965360641479492
1.7774722576141357
1.4283349514007568
3.2137835025787354
5.301720142364502
8.290156364440918
-2.0743024349212646
-0.06866133213043213
1.610038161277771
3.222677230834961
3.0211784839630127
2.5251450538635254
7.5067338943481445
2.1005353927612305
1.4842690229415894
3.63240909576416
5.2011919021606445
8.03371524810791
-2.0549874305725098
-0.6065048575401306
2.2866051197052
3.414111375808716
3.2908666133880615
2.7654025554656982
7.0379414558410645
2.4592080116271973
1.532223105430603
3.974639415740967
5.102245330810547
7.7354416847229
-1.970902919769287
-1.0886443853378296
2.960965871810913
3.618164300918579
3.5046684741973877
3.0138754844665527
6.577467441558838
2.8433680534362793
1.570153832435608
4.239963531494141
5.017868518829346
7.4025373458862305
-1.8295799493789673
-1.507559061050415
3.628129005432129
3.834841012954712
3.6610100269317627
3.2618014812469482
6.139233589172363
3.2427079677581787
1.596782922744751
4.432717323303223
4.956954479217529
7.042140960693359
-1.6373032331466675
-1.854981780052185
4.280592918395996
4.063995838165283
3.759298086166382
3.499758005142212
5.739546775817871
3.647709846496582
1.6121678352355957
4.556790351867676
4.928016185760498
6.662583351135254
-1.3999578952789307
-2.1245851516723633
4.908921718597412
4.305039405822754
3.8009142875671387
3.716804265975952
5.393204689025879
4.050073623657227
1.6183013916015625
4.615694046020508
4.937716007232666
6.273913383483887
-1.1236661672592163
-2.3131840229034424
5.503918647766113
4.556277751922607
3.7903921604156494
3.9042365550994873
5.107100486755371
4.443899154663086
1.618647813796997
4.612298011779785
4.987893104553223
5.886490345001221
-0.8145264387130737
-2.42075514793396
6.056304931640625
4.8168134689331055
3.7355711460113525
4.052392482757568
4.882907867431641
4.823983669281006
1.616949439048767
4.5503010749816895
5.0794677734375
5.507716178894043
-0.47944384813308716
-2.4461376667022705
6.561824798583984
5.083492279052734
3.644792318344116
4.155168056488037
4.724788188934326
5.185068130493164
1.6168134212493896
4.435135841369629
5.213314533233643
5.144516944885254
-0.12517261505126953
-2.390075206756592
7.0173659324646
5.353323459625244
3.526702880859375
4.208434104919434
4.634925842285156
5.523176670074463
1.6228724718093872
4.273343086242676
5.38608455657959
4.802464485168457
0.24081921577453613
-2.2538111209869385
7.422776222229004
5.623030662536621
3.389907121658325
4.21056604385376
4.612445831298828
5.835496425628662
1.6379098892211914
4.0707926750183105
5.595085144042969
4.487587928771973
0.6116048693656921
-2.0406346321105957
7.779031276702881
5.889116287231445
3.2426624298095703
4.161025047302246
4.655869483947754
6.118549346923828
1.664528489112854
3.8360230922698975
5.837216854095459
4.206939220428467
0.9808043241500854
-1.7572309970855713
8.087096214294434
6.147485733032227
3.0923357009887695
4.061413288116455
4.763237953186035
6.369837760925293
1.7051435708999634
3.577556848526001
6.109515190124512
3.9686388969421387
1.3414480686187744
-1.4166064262390137
8.351639747619629
6.393953323364258
2.945934295654297
3.91399884223938
4.932194709777832
6.587894439697266
1.7619163990020752
3.303893804550171
6.407690525054932
3.778881072998047
1.6880520582199097
-1.0327976942062378
8.578609466552734
6.624101638793945
2.8099586963653564
3.722837209701538
5.158724308013916
6.772299766540527
1.8369406461715698
3.022639274597168
6.727140426635742
3.641888380050659
2.0175890922546387
-0.6205922961235046
8.772470474243164
6.832777976989746
2.690760612487793
3.4965717792510986
5.438109874725342
6.922009468078613
1.9318081140518188
2.7449772357940674
7.06501579284668
3.560192108154297
2.3285410404205322
-0.19674557447433472
8.937926292419434
7.01528263092041
2.5944693088531494
3.24717116355896
5.76479959487915
7.036450386047363
2.047667980194092
2.4816300868988037
7.418755531311035
3.533630847930908
2.6199419498443604
0.2230459749698639
9.081713676452637
7.167935848236084
2.526604413986206
2.9879229068756104
6.132504463195801
7.116613864898682
2.184889078140259
2.240863800048828
7.7860798835754395
3.5599169731140137
2.8914895057678223
0.6250256299972534
9.212099075317383
7.287810325622559
2.4908721446990967
2.7331225872039795
6.534448623657227
7.166421413421631
2.342559337615967
2.026599884033203
8.165520668029785
3.6345787048339844
3.1426377296447754
1.0002331733703613
9.339149475097656
7.37587833404541
2.4884893894195557
2.4912564754486084
6.9661407470703125
7.192384719848633
2.518101215362549
1.8371765613555908
8.557133674621582
3.752392292022705
3.3732218742370605
1.34317147731781
9.471793174743652
7.436088562011719
2.519178628921509
2.2652838230133057
7.423884391784668
7.201327800750732
2.709291934967041
1.6668243408203125
8.960546493530273
3.908038377761841
3.584045886993408
1.6494925022125244
9.617204666137695
7.473447799682617
2.581728219985962
2.0548417568206787
7.904326438903809
7.1980743408203125
2.9147095680236816
1.5095806121826172
9.373089790344238
4.096935749053955
3.7758514881134033
1.914165735244751
9.781993865966797
7.492856502532959
2.6746723651885986
1.8555259704589844
8.404060363769531
7.184853553771973
3.133528470993042
1.3664941787719727
9.791763305664062
4.313276290893555
3.950416326522827
2.1358675956726074
9.970394134521484
7.497122764587402
2.796874761581421
1.6665921211242676
8.919051170349121
7.1643171310424805
3.364347219467163
1.2392637729644775
10.21499252319336
4.550488471984863
4.110716342926025
2.3162906169891357
10.183866500854492
7.488190174102783
2.9473729133605957
1.4901636838912964
9.445326805114746
7.139307975769043
3.6056132316589355
1.1275161504745483
10.643064498901367
4.80264949798584
4.260066986083984
2.4549694061279297
10.4255952835083
7.468659400939941
3.124455451965332
1.327246904373169
9.980072021484375
7.112436294555664
3.855888605117798
1.0301339626312256
11.076812744140625
5.0646071434021
4.401907920837402
2.5510497093200684
10.69951057434082
7.44151496887207
3.325792074203491
1.1774938106536865
10.522222518920898
7.0861334800720215
4.113857746124268
0.9454858899116516
11.517558097839355
5.331687927246094
4.539778709411621
2.6041643619537354
11.00871467590332
7.409524917602539
3.549062490463257
1.0400772094726562
11.071089744567871
7.062533378601074
4.37840461730957
0.8712508678436279
11.966912269592285
5.5996623039245605
4.677367210388184
2.6143457889556885
11.356042861938477
7.3751935958862305
3.792239189147949
0.9135892987251282
11.626298904418945
7.043617248535156
4.648533344268799
0.8042445778846741
12.426789283752441
5.8647050857543945
4.818249702453613
2.5821962356567383
11.743518829345703
7.340799808502197
4.053382873535156
0.7961717844009399
12.188396453857422
7.031039237976074
4.923680305480957
0.7407288551330566
12.89953899383545
6.1234002113342285
4.965840816497803
2.5088515281677246
12.172491073608398
7.308405876159668
4.330846786499023
0.6853500604629517
12.758024215698242
