2
3
1.3385403156280518
-8.233894348144531
-8.854390144348145
3.7421579360961914
-8.400840759277344
7.302840232849121
5.9248948097229
-11.350566864013672
-8.902227401733398
6.716582775115967
5.814761638641357
4.612563610076904
0.5557084083557129
-7.513298034667969
-10.0947904586792
5.19644832611084
-7.834867477416992
6.335844039916992
7.02997350692749
-12.261005401611328
-8.37017822265625
6.9314961433410645
6.385052680969238
3.2441794872283936
-0.2884581685066223
-6.732579231262207
-11.185932159423828
6.544023513793945
-7.188534736633301
5.289373874664307
8.019964218139648
-13.002157211303711
-7.805601119995117
7.059802055358887
6.887073040008545
1.844033122062683
-1.1837480068206787
-5.898407459259033
-12.107776641845703
7.765587329864502
-6.465044021606445
4.1700310707092285
8.855332374572754
-13.55402660369873
-7.215412616729736
7.099088668823242
7.328688621520996
0.43591058254241943
-2.117288589477539
-5.020025253295898
-12.846577644348145
8.845730781555176
-5.679896831512451
2.995779275894165
9.514361381530762
-13.903081893920898
-6.609310626983643
7.041004180908203
7.735414505004883
-0.9467446804046631
-3.0790481567382812
-4.104628562927246
-13.386533737182617
9.768932342529297
-4.859714508056641
1.7951210737228394
10.02218246459961
-14.060189247131348
-5.993113040924072
6.883031368255615
8.115175247192383
-2.2772417068481445
-4.065256118774414
-3.15754771232605
-13.702961921691895
10.510422706604004
-4.018750190734863
0.5865722894668579
10.359646797180176
-14.017587661743164
-5.369017124176025
6.629370212554932
8.46053695678711
-3.5380513668060303
-5.059955596923828
-2.1897623538970947
-13.791583061218262
11.053497314453125
-3.1744000911712646
-0.6062010526657104
10.51531982421875
-13.77566909790039
-4.738593578338623
6.282229900360107
8.76313304901123
-4.708675861358643
-6.047341823577881
-1.2115671634674072
-13.654278755187988
11.380184173583984
-2.343752384185791
-1.758815050125122
10.478466033935547
-13.339777946472168
-4.104588031768799
5.84610652923584
9.013557434082031
-5.770281791687012
-7.010583877563477
-0.23122477531433105
-13.30191421508789
11.476807594299316
-1.5465433597564697
-2.8447914123535156
10.243593215942383
-12.724292755126953
-3.4711151123046875
5.32274055480957
9.200455665588379
-6.697049617767334
-7.931778907775879
0.7439028024673462
-12.753496170043945
11.333727836608887
-0.8113372325897217
-3.828010082244873
9.836137771606445
-11.957077026367188
-2.8399877548217773
4.711504936218262
9.305768013000488
-7.455098628997803
-8.802207946777344
1.7016305923461914
-12.017539024353027
10.9550199508667
-0.16146856546401978
-4.6873698234558105
9.298022270202637
-11.071647644042969
-2.208144426345825
4.008258819580078
9.29281234741211
-7.997346878051758
-9.617727279663086
2.6265158653259277
-11.09273624420166
10.351518630981445
0.39847898483276367
-5.417095184326172
8.651379585266113
-10.103034973144531
-1.583857536315918
3.2314562797546387
9.13520622253418
-8.3123140335083
-10.372075080871582
3.495205879211426
-9.969484329223633
9.54309368133545
0.8765881061553955
-6.007508277893066
7.905526161193848
-9.095012664794922
-0.9789376258850098
2.4121744632720947
8.821462631225586
-8.417737007141113
-11.053330421447754
4.288089752197266
-8.640287399291992
8.5441312789917
1.2716455459594727
-6.460658550262451
7.0683488845825195
-8.065613746643066
-0.4071381688117981
1.5867424011230469
8.354665756225586
-8.346643447875977
-11.632055282592773
4.9849348068237305
-7.142426013946533
7.374454498291016
1.5785632133483887
-6.776352405548096
6.159186840057373
-7.033915996551514
0.11354249715805054
0.7882368564605713
7.754806995391846
-8.136500358581543
-12.084497451782227
5.565398693084717
-5.518019676208496
6.069873809814453
1.7915072441101074
-6.954119682312012
5.213935375213623
-6.023843765258789
0.5690795183181763
0.04161959886550903
7.03680944442749
-7.8165788650512695
-12.390361785888672
6.007884979248047
-3.8215229511260986
4.688061714172363
1.91153085231781
-7.002115726470947
4.274814128875732
-5.0624189376831055
0.9476596117019653
-0.6326389908790588
6.216775417327881
-7.417426109313965
-12.54002857208252
6.3045854568481445
-2.088437080383301
3.2545900344848633
1.9359400272369385
-6.928501129150391
3.4181272983551025
-4.198941230773926
1.2343581914901733
-1.2112951278686523
5.380714416503906
-7.003353595733643
-12.52822494506836
6.454845428466797
-0.3516848087310791
1.7919310331344604
1.8718295097351074
-6.753815650939941
2.689333200454712
-3.4639627933502197
1.4178776741027832
-1.675631046295166
4.6386308670043945
-6.668639183044434
-12.360357284545898
6.47287654876709
1.3396904468536377
0.32909858226776123
1.7432904243469238
-6.517168998718262
2.0033862590789795
-2.791616201400757
1.5070973634719849
-2.0365376472473145
4.018490791320801
-6.429400444030762
-12.06519603729248
6.374754428863525
2.971252202987671
-1.112182855606079
1.5649155378341675
-6.229459762573242
1.2259666919708252
-2.118757486343384
1.544273853302002
-2.31744122505188
3.321258068084717
-6.177821636199951
-11.648200035095215
6.158143520355225
4.5362114906311035
-2.50430965423584
1.344832181930542
-5.888499736785889
0.3200247883796692
-1.433540940284729
1.516671895980835
-2.5180532932281494
2.6128458976745605
-5.935055732727051
-11.110742568969727
5.823093414306641
6.018752098083496
-3.822080612182617
1.0734446048736572
-5.501669883728027
-0.6070204377174377
-0.7665480971336365
1.4360636472702026
-2.6538946628570557
1.8708127737045288
-5.674051761627197
-10.460128784179688
5.3769659996032715
7.3917951583862305
-5.039914131164551
0.7430323362350464
-5.071808815002441
-1.506059169769287
-0.13302689790725708
1.315443754196167
-2.744764566421509
1.1001839637756348
-5.390799522399902
-9.710391998291016
4.827690124511719
8.635848045349121
-6.138123035430908
0.3557640016078949
-4.606212615966797
-2.339439630508423
0.4473194479942322
1.154009461402893
-2.7977583408355713
0.32529133558273315
-5.090212821960449
-8.87966251373291
4.188897609710693
9.739517211914062
-7.1054558753967285
-0.08244779706001282
-4.110754013061523
-3.079202890396118
0.9550408124923706
0.9559434056282043
-2.8195295333862305
-0.43067818880081177
-4.7805914878845215
-7.983081817626953
3.473074197769165
10.690569877624512
-7.933908939361572
-0.5645117163658142
-3.5910563468933105
-3.7018377780914307
1.3716635704040527
0.7222697734832764
-2.8128037452697754
-1.1494700908660889
-4.469816207885742
-7.034696102142334
2.694861888885498
11.477108001708984
-8.6192045211792
-1.0825355052947998
-3.053433895111084
-4.188933849334717
1.6821383237838745
0.4529968798160553
-2.7784836292266846
-1.814143180847168
-4.168326377868652
-6.046570777893066
1.8681474924087524
12.085134506225586
-9.158575057983398
-1.6266157627105713
-2.5045371055603027
-4.527906894683838
1.8744785785675049
0.14805039763450623
-2.717031478881836
-2.407433032989502
-3.8891844749450684
-5.032220840454102
1.0082192420959473
12.505685806274414
-9.552397727966309
-2.1846530437469482
-1.951816439628601
-4.705329895019531
1.935239315032959
-0.19191011786460876
-2.627232551574707
-2.9129765033721924
-3.648563861846924
-4.005073547363281
0.13066911697387695
12.725748062133789
-9.799066543579102
-2.739375591278076
-1.4063279628753662
-4.7225871086120605
1.859863519668579
-0.5658034086227417
-2.5096187591552734
-3.3133020401000977
-3.46102237701416
-2.978780746459961
-0.7488325834274292
12.728705406188965
-9.896575927734375
-3.279183864593506
-0.8772037029266357
-4.575972080230713
1.64271879196167
-0.9683066010475159
-2.368419647216797
-3.5918972492218018
-3.3396198749542236
-1.9704258441925049
-1.6126327514648438
12.50481128692627
-9.846396446228027
-3.789592742919922
-0.37544476985931396
-4.269258975982666
1.2826167345046997
-1.392003059387207
-2.2089478969573975
-3.7364823818206787
-3.295217514038086
-0.9989304542541504
-2.4412155151367188
12.04900074005127
-9.655261039733887
-4.252223491668701
0.08494871854782104
-3.8146705627441406
0.7843578457832336
-1.8272030353546143
-2.038684368133545
-3.7389566898345947
-3.3370378017425537
-0.08604097366333008
-3.2110676765441895
11.371161460876465
-9.33949089050293
-4.650745391845703
0.48877209424972534
-3.233597755432129
0.16300219297409058
-2.259603500366211
-1.868114709854126
-3.5989928245544434
-3.468593120574951
0.7344712615013123
-3.8899340629577637
10.560028076171875
-8.949773788452148
-4.973882675170898
0.8227349519729614
-2.5538597106933594
-0.5565260648727417
-2.6723861694335938
-1.7092537879943848
-3.3256378173828125
-3.6875791549682617
1.4475274085998535
-4.464978218078613
9.653340339660645
-8.511720657348633
-5.215916633605957
1.0755953788757324
-1.8046882152557373
-1.3411507606506348
-3.04826283454895
-1.5767697095870972
-2.9425411224365234
-3.97788667678833
2.0449178218841553
-4.929614067077637
8.679443359375
-8.049271583557129
-5.37493896484375
1.2377564907073975
-1.0129292011260986
-2.154038906097412
-3.3785970211029053
-1.4803199768066406
-2.46700382232666
-4.3231658935546875
2.5207653045654297
-5.2808332443237305
7.671941757202148
-7.5895185470581055
-5.45143461227417
1.3067630529403687
-0.2016822099685669
-2.9695606231689453
-3.658278226852417
-1.4267051219940186
-1.9155466556549072
-4.7068328857421875
