2
3
1.8477683067321777
2.9175872802734375
1.995209813117981
10.152668952941895
-0.05594956874847412
0.8886622786521912
-2.968322515487671
-2.858909845352173
-0.3735330104827881
9.127613067626953
9.75249195098877
-3.475034475326538
1.9063827991485596
3.795823335647583
1.375799536705017
10.016901016235352
-0.3417702317237854
0.7770595550537109
-2.803342342376709
-2.2415900230407715
0.26263606548309326
8.417531967163086
10.045347213745117
-3.949291467666626
1.9037597179412842
4.650257110595703
0.8479204177856445
9.75383186340332
-0.5973719358444214
0.7019602060317993
-2.5624306201934814
-1.6067630052566528
0.914439857006073
7.660577297210693
10.217464447021484
-4.245660305023193
1.8445509672164917
5.461772441864014
0.4347154200077057
9.38146686553955
-0.8200722336769104
0.666382908821106
-2.249699831008911
-0.9671968817710876
1.5739765167236328
6.877368450164795
10.256770133972168
-4.370926380157471
1.7334529161453247
6.215953350067139
0.16137680411338806
8.910615921020508
-1.0068693161010742
0.6741487979888916
-1.8707106113433838
-0.3407856822013855
2.2348923683166504
6.092207908630371
10.148673057556152
-4.344437122344971
1.5838899612426758
6.903459072113037
0.03221528232097626
8.339508056640625
-1.1543269157409668
0.7296553254127502
-1.4326339960098267
0.2486257553100586
2.886669635772705
5.327404975891113
9.888031959533691
-4.184002876281738
1.4120267629623413
7.515371322631836
0.04358992725610733
7.671485900878906
-1.261672854423523
0.8305051922798157
-0.9421367049217224
0.7862293124198914
3.5130841732025146
4.607209205627441
9.481411933898926
-3.9133193492889404
1.2340376377105713
8.04340934753418
0.18600931763648987
6.918356418609619
-1.3300813436508179
0.9713308215141296
-0.4058654308319092
1.265264630317688
4.0959978103637695
3.9509007930755615
8.95026969909668
-3.5543363094329834
1.0671406984329224
8.47826862335205
0.44142332673072815
6.107205390930176
-1.3608874082565308
1.1469037532806396
0.16581016778945923
1.681056261062622
4.6156134605407715
3.3741135597229004
8.336214065551758
-3.1289076805114746
0.9236409068107605
8.814992904663086
0.7928594350814819
5.258148670196533
-1.3546395301818848
1.3510363101959229
0.7580929398536682
2.0299201011657715
5.057338714599609
2.8827877044677734
7.671119689941406
-2.649036407470703
0.8142561316490173
9.052349090576172
1.2180027961730957
4.393688678741455
-1.3111315965652466
1.5766181945800781
1.3542004823684692
2.3108315467834473
5.414058208465576
2.484358310699463
6.975283622741699
-2.133507490158081
0.7443317770957947
9.188709259033203
1.7006347179412842
3.5422654151916504
-1.2304383516311646
1.8137731552124023
1.9393398761749268
2.5331709384918213
5.678895473480225
2.1828055381774902
6.279882907867432
-1.5984234809875488
0.7161528468132019
9.225175857543945
2.2231385707855225
2.7330939769744873
-1.1153987646102905
2.0518767833709717
2.50357723236084
2.716991424560547
5.848870754241943
1.974587082862854
5.623098373413086
-1.0559215545654297
0.730466902256012
9.170862197875977
2.7573904991149902
1.982202172279358
-0.965248703956604
2.2837088108062744
3.0242559909820557
2.881226062774658
5.928272247314453
1.8521734476089478
5.031425476074219
-0.5166817903518677
0.786090075969696
9.0382719039917
3.2777092456817627
1.2996561527252197
-0.7815897464752197
2.508405923843384
3.488924980163574
3.0303120613098145
5.931636333465576
1.807927131652832
4.495706558227539
0.011768221855163574
0.8784365057945251
8.842525482177734
3.793421745300293
0.6747484803199768
-0.5713539123535156
2.7304270267486572
3.9048972129821777
3.159752607345581
5.8751935958862305
1.8360017538070679
4.003491401672363
0.5261217355728149
1.0056064128875732
8.594987869262695
4.310333251953125
0.10267728567123413
-0.340118408203125
2.952685594558716
4.289901256561279
3.2569799423217773
5.76776123046875
1.9291613101959229
3.5558948516845703
1.0187084674835205
1.1669634580612183
8.302762985229492
4.82061767578125
-0.41372668743133545
-0.08952239155769348
3.174504280090332
4.646145820617676
3.3202052116394043
5.622452259063721
2.074147939682007
3.142951488494873
1.489726185798645
1.3626219034194946
7.971798419952393
5.313928127288818
-0.8699744343757629
0.17871302366256714
3.394771099090576
4.972939968109131
3.349794387817383
5.448245048522949
2.2609918117523193
2.765918254852295
1.9347245693206787
1.592000126838684
7.607585430145264
5.78171968460083
-1.261713981628418
0.46251747012138367
3.611541271209717
5.271814823150635
3.345323085784912
5.250410079956055
2.483060359954834
2.4325833320617676
2.3468098640441895
1.8530420064926147
7.216683864593506
6.2177605628967285
-1.5850639343261719
0.759207010269165
3.8223636150360107
5.54483699798584
3.308781862258911
5.0344157218933105
2.735496997833252
2.1518383026123047
2.716874599456787
2.142667293548584
6.804557800292969
6.616641044616699
-1.8358911275863647
1.0649056434631348
4.02325439453125
5.798036575317383
3.2447643280029297
4.804765701293945
3.0122156143188477
1.9331445693969727
3.038478374481201
2.4564998149871826
6.377223014831543
6.972883224487305
-2.010079860687256
1.376678705215454
4.212063312530518
6.03385591506958
3.156691789627075
4.565661430358887
3.3071045875549316
1.7843403816223145
3.3063888549804688
2.7895474433898926
5.9410881996154785
7.281912326812744
-2.104659080505371
1.6913865804672241
4.386960506439209
6.254554748535156
3.0481722354888916
4.321411609649658
3.6144704818725586
1.7128163576126099
3.516052007675171
3.135812520980835
5.5033416748046875
7.539669990539551
-2.118231773376465
2.006519317626953
4.546783924102783
6.462052822113037
2.922220468521118
4.076627731323242
3.928356170654297
1.7248179912567139
3.664496898651123
3.4886791706085205
5.071784973144531
7.742900848388672
-2.0510001182556152
2.3200345039367676
4.689735412597656
6.6591291427612305
2.7822787761688232
3.8363239765167236
4.2429399490356445
1.824547529220581
3.7488462924957275
3.8414225578308105
4.6550421714782715
7.891017436981201
-1.905619502067566
2.63002610206604
4.814125061035156
6.8486714363098145
2.6326980590820312
3.6063430309295654
4.552290916442871
2.0146429538726807
3.7672877311706543
4.187003135681152
4.262681484222412
7.990899562835693
-1.689415693283081
2.9348020553588867
4.918270111083984
7.033023834228516
2.4781711101531982
3.3925933837890625
4.849573135375977
2.295834541320801
3.720625162124634
4.518640995025635
3.903689384460449
8.050881385803223
-1.4120908975601196
3.2328267097473145
5.001018047332764
7.214433193206787
2.3240535259246826
3.201279878616333
5.127874851226807
2.6660897731781006
3.6126108169555664
4.829867362976074
3.586200475692749
8.080658912658691
-1.0857527256011963
3.522940158843994
5.062159061431885
7.395788192749023
2.1757473945617676
3.038771390914917
5.380224704742432
3.1198832988739014
3.450052261352539
5.115340232849121
3.317521333694458
8.093186378479004
-0.726309061050415
3.804136037826538
5.102325439453125
7.5792927742004395
2.0378856658935547
2.911328077316284
5.599526882171631
3.648007392883301
3.2439393997192383
5.370136260986328
3.103736639022827
8.104584693908691
-0.35154783725738525
4.075392246246338
5.123085975646973
7.767627716064453
1.9137910604476929
2.823946475982666
5.780325889587402
4.23868989944458
3.0053277015686035
5.592187404632568
2.947594404220581
8.130722045898438
0.021011441946029663
4.3357157707214355
5.126947402954102
7.966348171234131
1.8041363954544067
2.7809371948242188
5.919435024261475
4.878962993621826
2.7453579902648926
5.783445835113525
2.8481247425079346
8.183256149291992
0.3770226836204529
4.5846476554870605
5.116644382476807
8.181084632873535
1.7082362174987793
2.7852964401245117
6.0154290199279785
5.5557146072387695
2.47405743598938
5.949179172515869
2.800417184829712
8.26692008972168
0.7077403664588928
4.821901321411133
5.096081733703613
8.42024040222168
1.6223499774932861
2.8384556770324707
6.067992687225342
6.256413459777832
2.2018635272979736
6.095956325531006
2.797454357147217
8.378189086914062
1.010817289352417
5.049029350280762
5.068234920501709
8.687817573547363
1.541703224182129
2.9402222633361816
6.078675270080566
6.9699273109436035
1.9370272159576416
6.227447032928467
2.832930326461792
8.519124984741211
1.284306287765503
5.268845558166504
5.03469705581665
8.980878829956055
1.4654030799865723
3.0891802310943604
6.050474643707275
7.6865997314453125
1.6848782300949097
6.3465800285339355
2.9010698795318604
8.69069766998291
1.5276938676834106
5.483006477355957
4.9971513748168945
9.298583030700684
1.3922752141952515
3.2823753356933594
5.9872026443481445
8.398537635803223
1.4470328092575073
6.455376625061035
2.9972925186157227
8.891952514648438
1.7404167652130127
5.693306922912598
4.956843852996826
9.640727996826172
1.3216805458068848
3.515857696533203
5.893570423126221
9.101994514465332
1.224963903427124
6.556031703948975
3.1160199642181396
9.127799987792969
1.9209446907043457
5.900951385498047
4.914968013763428
10.009908676147461
1.2516875267028809
3.7852272987365723
5.774216175079346
9.794441223144531
1.0205516815185547
