2
3
3.3486149311065674
0.9899187088012695
3.6241819858551025
4.047177791595459
0.11771641671657562
-8.602240562438965
6.679983615875244
0.4145876169204712
0.022484779357910156
-1.8867366313934326
5.9195942878723145
-5.646833896636963
3.1802873611450195
1.2748653888702393
3.5944409370422363
3.2211976051330566
0.4677621126174927
-8.33608341217041
6.683135986328125
0.9713431000709534
0.37314316630363464
-2.394111156463623
6.319609642028809
-5.789717674255371
3.008307456970215
1.495047688484192
3.6820971965789795
2.35733699798584
0.7908333539962769
-8.009302139282227
6.672647476196289
1.451533317565918
0.7381572723388672
-2.894949197769165
6.678256511688232
-5.864201545715332
2.8468258380889893
1.6500874757766724
3.8707122802734375
1.4587749242782593
1.0845550298690796
-7.63586950302124
6.66154670715332
1.8550939559936523
1.1074776649475098
-3.3833487033843994
7.004931926727295
-5.8712077140808105
2.7053563594818115
1.7369633913040161
4.148561477661133
0.5391330718994141
1.350013017654419
-7.228610038757324
6.657388210296631
2.1833858489990234
1.4720261096954346
-3.852834701538086
7.312071323394775
-5.812256813049316
2.5906460285186768
1.7508195638656616
4.507455825805664
-0.37817269563674927
1.5885440111160278
-6.797865390777588
6.666219234466553
2.4362733364105225
1.824912428855896
-4.2983903884887695
7.605977535247803
-5.688236236572266
2.5081117153167725
1.6854687929153442
4.939681053161621
-1.265127182006836
1.8027904033660889
-6.3537139892578125
6.6941680908203125
2.6142547130584717
2.160482168197632
-4.715847015380859
7.891299247741699
-5.501915454864502
2.462240695953369
1.5376969575881958
5.435617446899414
-2.100400924682617
1.9950225353240967
-5.9057393074035645
6.750429153442383
2.719698429107666
2.475618362426758
-5.101077556610107
8.170947074890137
-5.258666038513184
2.454434871673584
1.3155059814453125
5.985696315765381
-2.877864360809326
2.169019937515259
-5.460531234741211
6.8387956619262695
2.7522714138031006
2.7716479301452637
-5.449155807495117
8.445554733276367
-4.970670700073242
2.4872043132781982
1.0299631357192993
6.576375961303711
-3.5992093086242676
2.3292617797851562
-5.022905349731445
6.957870960235596
2.712378978729248
3.0509421825408936
-5.7562575340271
8.714811325073242
-4.651360988616943
2.5646636486053467
0.6898627281188965
7.187887191772461
-4.265573978424072
2.4789655208587646
-4.598196029663086
7.107306003570557
2.6059722900390625
3.311805248260498
-6.01369571685791
8.976297378540039
-4.309421062469482
2.6925721168518066
0.3003014028072357
7.793955326080322
-4.872397422790527
2.620811700820923
-4.19002628326416
7.28663969039917
2.4353187084198
3.5521323680877686
-6.210884094238281
9.232073783874512
-3.9633734226226807
2.869992733001709
-0.13177639245986938
8.382085800170898
-5.416510105133057
2.7565219402313232
-3.8022525310516357
7.500275135040283
2.2012734413146973
3.7730703353881836
-6.3474812507629395
9.4942045211792
-3.6318359375
3.0911648273468018
-0.5963674187660217
8.952268600463867
-5.900479316711426
2.8870930671691895
-3.438530206680298
7.7563347816467285
1.9034024477005005
3.9799461364746094
-6.4295148849487305
9.772969245910645
-3.3274335861206055
3.347792863845825
-1.0830975770950317
9.509968757629395
-6.329300880432129
3.0128769874572754
-3.1012768745422363
8.066143989562988
1.539031744003296
4.179350852966309
-6.464242458343506
10.068130493164062
-3.058424472808838
3.631704092025757
-1.581944227218628
10.063279151916504
-6.70979642868042
3.1347832679748535
-2.7932205200195312
8.44091796875
1.1077755689620972
4.375875473022461
-6.455600738525391
10.37879467010498
-2.8357677459716797
3.935778856277466
-2.0841965675354004
10.620931625366211
-7.0505757331848145
3.255103826522827
-2.518467903137207
8.888127326965332
0.611884593963623
4.572481155395508
-6.4071946144104
10.706128120422363
-2.6708056926727295
4.253251552581787
-2.5822439193725586
11.192529678344727
-7.3607659339904785
3.3773140907287598
-2.2807765007019043
9.411369323730469
0.05497610569000244
4.769598007202148
-6.323755741119385
11.056098937988281
-2.5724434852600098
4.579550266265869
-3.071441411972046
11.78490924835205
-7.645823001861572
3.505223035812378
-2.083343029022217
10.011202812194824
-0.5585764646530151
4.967432975769043
-6.21202278137207
11.436003684997559
-2.5468661785125732
4.911271572113037
-3.5487639904022217
12.404229164123535
-7.908621788024902
3.6426069736480713
-1.9286140203475952
10.687051773071289
-1.2232838869094849
5.1649885177612305
-6.079466819763184
11.855143547058105
-2.5964510440826416
5.246041297912598
-4.011478424072266
13.057245254516602
-8.15462875366211
3.7926478385925293
-1.8182498216629028
11.43760871887207
-1.9331886768341064
5.361626625061035
-5.933191776275635
12.321869850158691
-2.722630262374878
5.582925319671631
-4.458427906036377
13.745970726013184
-8.386212348937988
3.9579029083251953
-1.7536325454711914
12.261399269104004
-2.6825881004333496
5.556679725646973
-5.779029846191406
12.840398788452148
-2.9249110221862793
5.920033931732178
-4.887863636016846
14.475849151611328
-8.608503341674805
4.140773773193359
-1.7358629703521729
13.157374382019043
-3.465285539627075
5.749936580657959
-5.623096942901611
13.417570114135742
-3.2029683589935303
6.255970001220703
-5.297084331512451
15.248656272888184
-8.826848030090332
4.343020439147949
-1.7656153440475464
14.125685691833496
-4.274686336517334
5.941745281219482
-5.471426010131836
14.062002182006836
-3.5571887493133545
6.589372634887695
-5.683554172515869
16.069202423095703
-9.048859596252441
4.567246913909912
-1.845316767692566
15.166982650756836
-5.102802753448486
6.133734703063965
-5.330005168914795
14.78019905090332
-3.987067222595215
6.919710159301758
-6.046065330505371
16.94351577758789
-9.28416919708252
4.817738056182861
-1.9783432483673096
16.281169891357422
-5.9404296875
6.326918601989746
-5.203721046447754
15.576814651489258
-4.490338325500488
7.246761322021484
-6.384912014007568
17.882835388183594
-9.545126914978027
5.098010540008545
-2.1650986671447754
17.464984893798828
-6.782538414001465
6.522740840911865
-5.096919059753418
16.45600128173828
-5.063650131225586
7.570479393005371
-6.700239181518555
18.897645950317383
-9.843842506408691
5.409821510314941
-2.402801275253296
18.716163635253906
-7.629774570465088
6.723202705383301
-5.013469696044922
17.4246826171875
-5.705624103546143
7.892141342163086
-6.9938836097717285
19.997848510742188
-10.19169807434082
5.753264904022217
-2.686917543411255
20.036088943481445
-8.485966682434082
6.9310431480407715
-4.959859848022461
18.494762420654297
-6.412700653076172
8.213634490966797
-7.268606662750244
21.19141387939453
-10.597986221313477
6.126121997833252
-3.0115911960601807
21.430036544799805
-9.357417106628418
7.149742603302002
-4.941864013671875
19.676210403442383
-7.180319309234619
8.537105560302734
-7.528231620788574
22.487762451171875
-11.072199821472168
6.52500057220459
-3.3714566230773926
22.905967712402344
-10.250487327575684
7.381844997406006
-4.962742328643799
20.979616165161133
-8.007061958312988
8.864933013916016
-7.777661323547363
23.897563934326172
-11.623449325561523
6.946601390838623
-3.7619712352752686
24.472888946533203
-11.171445846557617
7.628640174865723
-5.022418975830078
22.414268493652344
-8.896123886108398
9.198797225952148
-8.020936965942383
25.431617736816406
-12.259566307067871
7.387075901031494
-4.17793607711792
26.14369010925293
-12.129800796508789
7.891269683837891
-5.1203694343566895
23.9896297454834
-9.851922035217285
9.540302276611328
-8.262672424316406
27.101173400878906
-12.98708724975586
7.843988418579102
-4.615673065185547
27.930137634277344
-13.13499641418457
8.170830726623535
-5.256185531616211
25.715965270996094
-10.879277229309082
9.890910148620605
-8.507506370544434
28.918506622314453
-13.811958312988281
8.314565658569336
-5.072084426879883
29.84540557861328
-14.196086883544922
8.467862129211426
-5.429166793823242
27.603342056274414
-11.983154296875
10.251752853393555
-8.759712219238281
30.89673614501953
-14.739751815795898
8.797625541687012
-5.546005725860596
31.901439666748047
-15.320884704589844
8.782929420471191
-5.638637542724609
29.66267204284668
-13.169334411621094
10.623825073242188
-9.023187637329102
33.049503326416016
-15.775870323181152
9.292266845703125
-6.036543846130371
34.11166000366211
-16.517974853515625
9.116442680358887
-5.883670330047607
31.9051570892334
-14.444347381591797
11.00816822052002
-9.301424980163574
35.39128112792969
-16.92620086669922
9.797807693481445
-6.542982578277588
36.491031646728516
-17.796812057495117
9.468979835510254
-6.163976669311523
34.3435173034668
-15.814891815185547
11.405482292175293
-9.597352981567383
37.93651580810547
-18.196531295776367
10.313521385192871
-7.064837455749512
39.05525207519531
-19.167247772216797
9.841111183166504
-6.479404926300049
36.99153137207031
-17.288330078125
11.816543579101562
-9.913413047790527
40.70000076293945
-19.592844009399414
10.838763236999512
-7.601781845092773
41.82210159301758
-20.63983726501465
10.233468055725098
-6.829869747161865
39.863468170166016
-18.872547149658203
