2
3
-1.1031558513641357
-7.231649398803711
2.5076749324798584
6.350490570068359
3.9989919662475586
-6.368565559387207
0.7770426869392395
4.478183269500732
-3.1857686042785645
-6.585806846618652
0.41300836205482483
-7.540166854858398
-0.8683773279190063
-6.720326900482178
2.269012451171875
6.161394119262695
3.771991729736328
-6.030322074890137
0.1342446208000183
4.488102912902832
-2.95566987991333
-7.208586692810059
1.0531878471374512
-7.5543293952941895
-0.6538453698158264
-6.226055145263672
2.037997245788574
5.884814262390137
3.506392240524292
-5.687835693359375
-0.42961734533309937
4.430654048919678
-2.6784377098083496
-7.841038703918457
1.6487942934036255
-7.437418460845947
-0.46189138293266296
-5.758291244506836
1.828505516052246
5.527096271514893
3.208299160003662
-5.34767484664917
-0.9067789316177368
4.3003034591674805
-2.359180212020874
-8.471951484680176
2.1829917430877686
-7.188067436218262
-0.2928454577922821
-5.324910640716553
1.6504827737808228
5.0946125984191895
2.884836435317993
-5.016685962677002
-1.2905967235565186
4.093894958496094
-2.004829168319702
-9.089338302612305
2.6401684284210205
-6.80853796005249
-0.14855018258094788
-4.93553352355957
1.517748475074768
4.600054740905762
2.5434410572052
-4.701930522918701
-1.5765644311904907
3.8098690509796143
-1.6240569353103638
-9.680292129516602
3.0064890384674072
-6.301487922668457
-0.026472032070159912
-4.5967302322387695
1.4344009160995483
4.053264617919922
2.1920077800750732
-4.410987854003906
-1.7627296447753906
3.449641466140747
-1.2277257442474365
-10.230439186096191
3.273195266723633
-5.672253608703613
0.07756568491458893
-4.314603805541992
1.4000252485275269
3.4682304859161377
1.8393499851226807
-4.152717113494873
-1.8497356176376343
3.022503614425659
-0.8301824927330017
-10.72421932220459
3.4378578662872314
-4.929371356964111
0.16804346442222595
-4.095752239227295
1.4128891229629517
2.8636953830718994
1.4949581623077393
-3.9366860389709473
-1.842173457145691
2.544389486312866
-0.44611552357673645
-11.144161224365234
3.501201868057251
-4.089913368225098
0.24867922067642212
-3.9456026554107666
1.4698857069015503
2.2626771926879883
1.1669697761535645
-3.775136709213257
-1.7482541799545288
2.042100191116333
-0.08439037203788757
-11.46764850616455
3.4636664390563965
-3.1949589252471924
0.32252800464630127
-3.866133451461792
1.5664193630218506
1.689338207244873
0.8619155883789062
-3.6726434230804443
-1.578934669494629
1.536063551902771
0.25301262736320496
-11.672621726989746
3.3265182971954346
-2.307443857192993
0.3900684714317322
-3.8535406589508057
1.7000608444213867
1.1603717803955078
0.5847901701927185
-3.62381649017334
-1.3452732563018799
1.0320965051651
0.5615106821060181
-11.752077102661133
3.108030319213867
-1.4746195077896118
0.4556843340396881
-3.8989694118499756
1.8547577857971191
0.6811519861221313
0.34151268005371094
-3.6202991008758545
-1.0619734525680542
0.529066801071167
0.8282486200332642
-11.718583106994629
2.838477373123169
-0.703176736831665
0.528865396976471
-3.991307497024536
2.0031471252441406
0.2462499737739563
0.1400100588798523
-3.659515380859375
-0.7478070259094238
0.036538004875183105
1.044996738433838
-11.589523315429688
2.5414671897888184
0.011654913425445557
0.614177942276001
-4.1210808753967285
2.135951042175293
-0.14805400371551514
-0.01609399914741516
-3.7401390075683594
-0.4164062738418579
-0.4360361695289612
1.2095520496368408
-11.379281044006348
2.23486328125
0.6710678935050964
0.7063537240028381
-4.277888774871826
2.2690770626068115
-0.510502815246582
-0.12689821422100067
-3.8613922595977783
-0.06797647476196289
-0.8850507736206055
1.3236953020095825
-11.103322982788086
1.9318063259124756
1.2744379043579102
0.8055822253227234
-4.456849098205566
2.4006710052490234
-0.8406364917755127
-0.19330695271492004
-4.0226850509643555
0.2976542115211487
-1.3090875148773193
1.3936760425567627
-10.777271270751953
1.6329429149627686
1.8252369165420532
0.9123755097389221
-4.655086517333984
2.5250539779663086
-1.1354453563690186
-0.21608595550060272
-4.222064018249512
0.6696456670761108
-1.6984134912490845
1.4263941049575806
-10.4139986038208
1.3390893936157227
2.324252128601074
1.0265311002731323
-4.870164394378662
2.637115240097046
-1.3905335664749146
-0.1977948248386383
-4.456373691558838
1.037428617477417
-2.043213129043579
1.4279357194900513
-10.021886825561523
1.0529061555862427
2.768430471420288
1.1469361782073975
-5.09849739074707
2.734196901321411
-1.6036137342453003
-0.14183351397514343
-4.722293853759766
1.3939385414123535
-2.337104082107544
1.402843952178955
-9.606550216674805
0.7816091775894165
3.1525697708129883
1.2723917961120605
-5.33704948425293
2.8149285316467285
-1.7735408544540405
-0.050393246114254
-5.016631126403809
1.7322018146514893
-2.576228141784668
1.354688286781311
-9.172969818115234
0.5337840914726257
3.470473527908325
1.4016038179397583
-5.582759380340576
2.8791911602020264
-1.8998920917510986
0.07305148988962173
-5.3347907066345215
2.046750068664551
-2.7564454078674316
1.285089373588562
-8.726029396057129
0.318377822637558
3.7169485092163086
1.5326837301254272
-5.8316216468811035
2.927518129348755
-1.9828084707260132
0.22423529624938965
-5.67075252532959
2.332710027694702
-2.8744242191314697
1.1967449188232422
-8.271265983581543
0.1441400647163391
3.886610746383667
1.6649987697601318
-6.080324172973633
2.9592955112457275
-2.0234804153442383
0.3983284831047058
-6.017698764801025
2.585306406021118
-2.927812099456787
1.0933283567428589
-7.814703941345215
0.019047990441322327
3.9743144512176514
1.796530842781067
-6.325465202331543
2.9745380878448486
-2.0230965614318848
0.5901691317558289
-6.368405818939209
2.800534248352051
-2.9164350032806396
0.9789891839027405
-7.362752437591553
-0.04948170483112335
3.9752347469329834
1.9250214099884033
-6.563022136688232
2.973601818084717
-1.983646035194397
0.7942063808441162
-6.714801788330078
2.9753212928771973
-2.842308282852173
0.8584873080253601
-6.923201084136963
-0.055213674902915955
3.8872811794281006
2.0480194091796875
-6.788691520690918
2.957714080810547
-1.9088906049728394
1.0046056509017944
-7.04817533493042
3.1084413528442383
-2.710487127304077
0.7371189594268799
-6.504347324371338
0.005972355604171753
3.7109224796295166
2.162821054458618
-6.9978437423706055
2.928786039352417
-1.8044419288635254
1.2153953313827515
-7.3597493171691895
3.2005786895751953
-2.528982162475586
0.6200606226921082
-6.115546703338623
0.13639996945858002
3.4517059326171875
2.266540288925171
-7.186391353607178
2.890536069869995
-1.6771055459976196
1.420577049255371
-7.64119291305542
3.254686117172241
-2.308197498321533
0.5132509469985962
-5.765449523925781
0.33426564931869507
3.1183154582977295
2.35642409324646
-7.350809574127197
2.8482768535614014
-1.5348553657531738
1.6143065690994263
-7.8853349685668945
3.2764368057250977
-2.0604186058044434
0.4231625497341156
-5.462569236755371
0.5934298038482666
2.7252233028411865
2.4304440021514893
-7.488616466522217
2.808474540710449
-1.3862570524215698
1.7910449504852295
-8.086189270019531
3.2763233184814453
-1.800779104232788
0.3555987477302551
-5.213781833648682
0.9054489135742188
2.2883758544921875
2.48786997795105
-7.598509788513184
2.7770254611968994
-1.2395778894424438
1.9471758604049683
-8.240708351135254
3.2649009227752686
-1.5431923866271973
0.31522372364997864
-5.023227214813232
1.259863018989563
1.8239200115203857
2.5293421745300293
-7.680797100067139
2.758535146713257
-1.1015727519989014
2.0815091133117676
-8.34909725189209
3.2506134510040283
-1.2984832525253296
0.30532583594322205
-4.892709732055664
1.645395040512085
1.348268747329712
2.5571229457855225
-7.737823963165283
2.754767656326294
-0.9752554297447205
2.1948320865631104
-8.414788246154785
3.2387547492980957
-1.0724953413009644
0.3279132843017578
-4.82204532623291
2.0504469871520996
0.8769580721855164
2.5739552974700928
-7.773040294647217
2.765377998352051
-0.8606549501419067
2.2896006107330322
-8.443031311035156
3.230536937713623
-0.8678470849990845
0.38361674547195435
-4.809751987457275
2.4638288021087646
0.424510657787323
2.5820069313049316
-7.789328098297119
2.787508726119995
-0.7563191652297974
2.3680620193481445
-8.439420700073242
3.2251620292663574
-0.68425452709198
0.4718068540096283
-4.851288318634033
2.8753764629364014
-0.0003115534782409668
2.5821423530578613
-7.787610054016113
2.8212523460388184
-0.6632311344146729
2.431969404220581
-8.408276557922363
3.222830295562744
-0.5205379724502563
0.5906431674957275
-4.940473556518555
3.276738166809082
-0.3943718671798706
2.5757720470428467
-7.769511699676514
2.870790481567383
-0.5847715139389038
2.4817023277282715
-8.352831840515137
3.2302463054656982
-0.3795018196105957
0.7366889715194702
-5.070517539978027
3.6640915870666504
-0.7551329731941223
2.564878463745117
-7.737764835357666
2.9402894973754883
-0.5236037969589233
2.5187795162200928
-8.277141571044922
3.252655267715454
-0.26325517892837524
0.9064943790435791
-5.234439373016357
4.033792972564697
-1.0810885429382324
2.551454544067383
-7.6953301429748535
3.0325329303741455
-0.4814184904098511
2.545717716217041
-8.186227798461914
3.2939038276672363
-0.17292125523090363
1.097063422203064
-5.425344467163086
4.38259744644165
-1.3716399669647217
