2
3
-2.5781099796295166
0.8393944501876831
4.74233865737915
-6.703597068786621
5.946474552154541
-2.319289445877075
-6.190087795257568
3.656899929046631
-4.642885684967041
-6.5804219245910645
10.137290000915527
8.459909439086914
-2.1430044174194336
0.14280056953430176
5.39689302444458
-7.1902360916137695
5.1917829513549805
-1.9475746154785156
-7.182546615600586
3.652207374572754
-3.8898823261260986
-6.05975341796875
10.354597091674805
8.767446517944336
-1.6587908267974854
-0.5989940166473389
5.981016159057617
-7.516927719116211
4.407811164855957
-1.5756949186325073
-8.0203218460083
3.5757787227630615
-3.128298759460449
-5.505702972412109
10.44733715057373
8.988018989562988
-1.1371065378189087
-1.3757028579711914
6.481407165527344
-7.673739433288574
3.6031689643859863
-1.2095049619674683
-8.691132545471191
3.4256415367126465
-2.3662424087524414
-4.925022125244141
10.420248031616211
9.11989974975586
-0.5875632762908936
-2.175029993057251
6.883249759674072
-7.650399684906006
2.7867488861083984
-0.8558579683303833
-9.18442440032959
3.2018375396728516
-1.607219934463501
-4.321043014526367
10.270291328430176
9.149740219116211
-0.02112525701522827
-2.982769250869751
7.173213958740234
-7.438398838043213
1.9671318531036377
-0.5227654576301575
-9.491132736206055
2.9074018001556396
-0.8553508520126343
-3.697138786315918
9.990408897399902
9.062590599060059
0.5492902398109436
-3.781609535217285
7.345208644866943
-7.033829689025879
1.153659462928772
-0.2199544906616211
-9.605725288391113
2.551220655441284
-0.12020838260650635
-3.0647242069244385
9.590906143188477
8.857438087463379
1.1097931861877441
-4.551547050476074
7.396873950958252
-6.443225860595703
0.35524052381515503
0.04029521346092224
-9.523879051208496
2.149020195007324
0.5803786516189575
-2.445390224456787
9.109859466552734
8.5551118850708
1.6512027978897095
-5.2685089111328125
7.315742015838623
-5.687309265136719
-0.41702669858932495
0.24058325588703156
-9.247021675109863
1.7223460674285889
1.2338345050811768
-1.8584803342819214
8.576528549194336
8.175948143005371
2.1701364517211914
-5.901198387145996
7.0869951248168945
-4.814225196838379
-1.1487979888916016
0.3717139959335327
-8.786795616149902
1.2891395092010498
1.8366868495941162
-1.3155128955841064
7.9965128898620605
7.732224941253662
2.6549196243286133
-6.4292378425598145
6.7102251052856445
-3.8571829795837402
-1.828005075454712
0.4374283254146576
-8.15786361694336
0.8545843362808228
2.387326240539551
-0.8256465196609497
7.373594760894775
7.240518569946289
3.092367172241211
-6.837286949157715
6.207549571990967
-2.8533897399902344
-2.44093656539917
0.4463382959365845
-7.376269817352295
0.41594862937927246
2.8833069801330566
-0.3916112780570984
6.713897705078125
6.712623596191406
3.472966432571411
-7.121225357055664
5.622892379760742
-1.833246111869812
-2.9727096557617188
0.4066202938556671
-6.461544990539551
-0.03179696202278137
3.321118116378784
-0.011416852474212646
6.0253005027771
6.156890869140625
3.7927215099334717
-7.283481121063232
4.982651233673096
-0.8179789781570435
-3.4030356407165527
0.31906405091285706
-5.456233024597168
-0.4775748550891876
3.6969449520111084
0.31875497102737427
5.318330764770508
5.581619739532471
4.046864032745361
-7.3267035484313965
4.317920207977295
0.16630542278289795
-3.7168924808502197
0.18409894406795502
-4.414881706237793
-0.8996373414993286
3.999204397201538
0.5977826118469238
4.622002124786377
4.994298458099365
4.230318546295166
-7.252575874328613
3.6514124870300293
1.0945765972137451
-3.911510705947876
0.006159648299217224
-3.3775694370269775
-1.288645625114441
4.226415634155273
0.8262912034988403
3.9442479610443115
4.409214019775391
4.350761413574219
-7.061436653137207
2.977088212966919
1.9272346496582031
-3.9921135902404785
-0.20867198705673218
-2.3626766204833984
-1.6454579830169678
4.373283863067627
1.005348563194275
3.2866995334625244
3.8482062816619873
4.420876502990723
-6.758876323699951
2.2633254528045654
2.6426193714141846
-3.965547800064087
-0.4596084952354431
-1.3497432470321655
-1.9717321395874023
4.437897205352783
1.1460835933685303
2.683448314666748
3.2996931076049805
4.441588401794434
-6.370419025421143
1.505439043045044
3.2656078338623047
-3.8403844833374023
-0.7507633566856384
-0.34058213233947754
-2.256894826889038
4.437460422515869
1.248915195465088
2.161949396133423
2.760113477706909
4.408649921417236
-5.925395965576172
0.7338730096817017
3.821908950805664
-3.629101037979126
-1.0815752744674683
0.6477862596511841
-2.4828782081604004
4.392671585083008
1.3119409084320068
1.7068772315979004
2.2407145500183105
4.312884330749512
-5.447086334228516
-0.0002167224884033203
4.3281569480896
-3.3412554264068604
-1.4486167430877686
1.591982364654541
-2.6309003829956055
4.314683437347412
1.334305763244629
1.3156577348709106
1.7489724159240723
4.157623291015625
-4.945341110229492
-0.6763216853141785
4.780773639678955
-2.9842565059661865
-1.8456597328186035
2.469740152359009
-2.690276622772217
4.210962772369385
1.3141762018203735
0.9880707263946533
1.293491244316101
3.949617385864258
-4.424644947052002
-1.284029245376587
5.169529914855957
-2.5644397735595703
-2.260643243789673
3.256058692932129
-2.6595940589904785
4.090277194976807
1.2540555000305176
0.71495121717453
0.8771003484725952
3.695504665374756
-3.886837959289551
-1.814206600189209
5.483076095581055
-2.08807110786438
-2.677544116973877
3.926351547241211
-2.5493428707122803
3.9617204666137695
1.1638569831848145
0.4817981421947479
0.4941616952419281
3.400951623916626
-3.3416848182678223
-2.247410297393799
5.719048500061035
-1.5646703243255615
-3.086430072784424
4.467480659484863
-2.3617355823516846
3.8332302570343018
1.0512405633926392
0.28026634454727173
0.13819381594657898
3.0747437477111816
-2.7979228496551514
-2.5710291862487793
5.872165679931641
-1.0049868822097778
-3.4763119220733643
4.866699695587158
-2.1000633239746094
3.7122082710266113
0.9186514616012573
0.1083466112613678
-0.19602781534194946
2.727137804031372
-2.2638373374938965
-2.778663158416748
5.9363789558410645
-0.422407865524292
-3.836127281188965
5.11658239364624
-1.7697521448135376
3.602911949157715
0.7671670913696289
-0.03538215160369873
-0.5098049640655518
2.3690922260284424
-1.746870994567871
-2.8673009872436523
5.907984733581543
0.16699069738388062
-4.1543378829956055
5.222543239593506
-1.3801933526992798
3.5061614513397217
0.5978154540061951
-0.15254132449626923
-0.800823450088501
2.0138866901397705
-1.2538130283355713
-2.84037446975708
5.785937786102295
0.750326931476593
-4.423636436462402
5.188014507293701
-0.9367609024047852
3.420681953430176
0.41214388608932495
-0.24501438438892365
-1.0649594068527222
1.6749211549758911
-0.7933906316757202
-2.7065701484680176
5.5770392417907715
1.3154034614562988
-4.636950969696045
5.018954753875732
-0.44752541184425354
3.3443784713745117
0.21217839419841766
-0.31485918164253235
-1.2983031272888184
1.3629357814788818
-0.37137171626091003
-2.475680112838745
5.284107685089111
1.8497543334960938
-4.787467956542969
4.727763652801514
0.07450613379478455
3.2754764556884766
0.0003224015235900879
-0.3645345866680145
-1.4979057312011719
1.0878784656524658
0.005522102117538452
-2.160801410675049
4.916759014129639
2.3406436443328857
-4.868409156799316
4.334123134613037
0.6122680902481079
3.2120611667633057
-0.22033379971981049
-0.3973528742790222
-1.6630500555038452
0.8581506609916687
0.3303753137588501
-1.7772529125213623
4.487591743469238
2.7754592895507812
-4.8749098777771
3.8697822093963623
1.1438798904418945
3.153151273727417
-0.4479890465736389
-0.41968926787376404
-1.7924771308898926
0.6814275979995728
0.5969067811965942
-1.347407579421997
4.017031192779541
3.1454763412475586
-4.806708812713623
3.363247871398926
1.650588870048523
3.099412441253662
-0.6824872493743896
-0.4429674446582794
-1.880791425704956
0.5623509287834167
0.8019657135009766
-0.8945609331130981
3.5269837379455566
3.4447057247161865
-4.666177272796631
2.8423728942871094
2.1176295280456543
3.049203872680664
-0.9212231636047363
-0.47147077322006226
-1.925294280052185
0.5022046566009521
0.9463285207748413
-0.4392150640487671
3.0350117683410645
3.6710009574890137
-4.459346294403076
2.334709644317627
2.531709909439087
2.998316526412964
-1.1576988697052002
-0.4960969090461731
-1.9284156560897827
0.49869945645332336
1.03304922580719
0.004518270492553711
2.5515823364257812
3.82948899269104
-4.197873592376709
1.8519741296768188
2.890164375305176
2.9444937705993652
-1.386841893196106
-0.5042845010757446
-1.8953858613967896
0.5480741262435913
1.0653172731399536
0.4323977828025818
2.079237222671509
3.9300382137298584
-3.8946969509124756
1.390038013458252
3.1967530250549316
2.8896615505218506
-1.6079682111740112
-0.49809885025024414
-1.8215597867965698
0.6473695039749146
1.046011209487915
0.8338500261306763
1.6259546279907227
3.9814860820770264
-3.5610554218292236
0.9402666091918945
3.457129955291748
2.8363142013549805
-1.8191521167755127
-0.48446863889694214
-1.7026641368865967
0.7917596697807312
0.9776321053504944
1.1982883214950562
1.202085018157959
3.988839626312256
-3.2050251960754395
0.5044722557067871
3.6728322505950928
2.786284923553467
-2.017838478088379
-0.46510595083236694
-1.5388596057891846
