2
3
-0.25113874673843384
-4.755374431610107
7.599425792694092
7.68683385848999
5.300965309143066
4.018622398376465
-1.2677006721496582
0.6806215047836304
3.38900089263916
-3.087400197982788
9.99240493774414
-5.020277500152588
0.2151728868484497
-4.169392108917236
7.757585048675537
7.8768205642700195
4.797634124755859
3.9834299087524414
-1.2139298915863037
-0.07899320125579834
3.9102349281311035
-3.689812421798706
9.9503812789917
-4.40255880355835
0.6826373338699341
-3.588041067123413
7.874028205871582
7.980509281158447
4.328436851501465
3.8872170448303223
-1.0423442125320435
-0.8321089744567871
4.3980488777160645
-4.212156772613525
9.82319164276123
-3.698241710662842
1.1460020542144775
-3.019895553588867
7.961744785308838
8.007637023925781
3.902409553527832
3.7336673736572266
-0.7642332315444946
-1.5769388675689697
4.848793029785156
-4.640010833740234
9.614209175109863
-2.9372096061706543
1.6041266918182373
-2.4660677909851074
8.021921157836914
7.95602560043335
3.5274765491485596
3.524996519088745
-0.3895781636238098
-2.304839611053467
5.2599263191223145
-4.977603435516357
9.34183406829834
-2.13004994392395
2.055302619934082
-1.9286848306655884
8.055773735046387
7.8268938064575195
3.210268974304199
3.2625086307525635
0.07075107097625732
-3.004526376724243
5.627439975738525
-5.226715087890625
9.031059265136719
-1.2972594499588013
2.496971368789673
-1.408610463142395
8.064190864562988
7.6214213371276855
2.9574134349823
2.9501805305480957
0.6033298969268799
-3.6702001094818115
5.946783065795898
-5.384446144104004
8.704752922058105
-0.4597669243812561
2.9239766597747803
-0.9070804119110107
8.049516677856445
7.342501163482666
2.775441884994507
2.5890119075775146
1.1863774061203003
-4.2904510498046875
6.215268135070801
-5.451436996459961
8.389324188232422
0.35959964990615845
3.334505319595337
-0.42804569005966187
8.004623413085938
7.000934600830078
2.67016339302063
2.1775286197662354
1.7850764989852905
-4.844753742218018
6.433414936065674
-5.429806709289551
8.098567008972168
1.1443305015563965
3.724393129348755
0.026565730571746826
7.929650783538818
6.601670742034912
2.6412999629974365
1.7193490266799927
2.377145290374756
-5.320849895477295
6.605543613433838
-5.322652816772461
7.831593990325928
1.8848785161972046
4.088046550750732
0.4533059895038605
7.8495025634765625
6.13775634765625
2.678184986114502
1.2278735637664795
2.976585865020752
-5.724980354309082
6.740899562835693
-5.136466979980469
7.59126091003418
2.569581985473633
4.420489311218262
0.8430581092834473
7.7948760986328125
5.6180572509765625
2.772705078125
0.7120805382728577
3.5859732627868652
-6.058987617492676
6.851012229919434
-4.878717422485352
7.359386444091797
3.1904478073120117
4.720911502838135
1.186632513999939
7.787863731384277
5.0573015213012695
2.919799566268921
0.17841553688049316
4.198967456817627
-6.321915626525879
6.948452472686768
-4.555327892303467
7.114717960357666
3.731563091278076
4.995393753051758
1.4779664278030396
7.832564830780029
4.46411657333374
3.116044521331787
-0.36798834800720215
4.803401470184326
-6.507401943206787
7.037745475769043
-4.174327373504639
6.857338905334473
4.179662704467773
5.251235485076904
1.7154479026794434
7.924795150756836
3.846057891845703
3.357553482055664
-0.9224969744682312
5.388532638549805
-6.608784198760986
7.117414951324463
-3.7434439659118652
6.594574451446533
4.525407791137695
5.494659900665283
1.8993258476257324
8.060321807861328
3.2110557556152344
3.6381728649139404
-1.4795076847076416
5.95032262802124
-6.6213250160217285
7.1837029457092285
-3.274689197540283
6.341422080993652
4.7676496505737305
5.730470657348633
2.030372142791748
8.235184669494629
2.564894437789917
3.952284336090088
-2.032811164855957
6.483100414276123
-6.540012836456299
7.234247207641602
-2.779402732849121
6.113569736480713
4.904361724853516
5.963228225708008
2.110408067703247
8.443891525268555
1.9118447303771973
4.294087886810303
-2.5746889114379883
6.982544422149658
-6.363486289978027
7.268387794494629
-2.2692651748657227
5.926913261413574
4.93483304977417
6.1963419914245605
2.1411986351013184
8.682043075561523
1.2580957412719727
4.657046318054199
-3.0966105461120605
7.445734024047852
-6.092916011810303
7.286353588104248
-1.755573034286499
5.796080589294434
4.8607869148254395
6.432854175567627
2.1234536170959473
8.946763038635254
0.6123472452163696
5.033653736114502
-3.589130401611328
7.871816158294678
-5.731926441192627
7.288974285125732
-1.2492907047271729
5.733023166656494
4.68468713760376
6.675212383270264
2.0553853511810303
9.234288215637207
-0.013100028038024902
5.414720058441162
-4.04247522354126
8.267297744750977
-5.290550231933594
7.27730655670166
-0.7614040970802307
5.7472825050354
4.409804821014404
6.925022125244141
1.9357175827026367
9.540769577026367
-0.6022360324859619
5.790086269378662
-4.445431232452393
8.640764236450195
-4.781638145446777
7.25465202331543
-0.30295103788375854
5.84721040725708
4.0442328453063965
7.1847734451293945
1.7611017227172852
9.862319946289062
-1.1342476606369019
6.15116548538208
-4.785497665405273
8.99885082244873
-4.223663806915283
7.224970817565918
0.11446511745452881
6.039850234985352
3.603198289871216
7.456358909606934
1.5330591201782227
10.193695068359375
-1.5955209732055664
6.493289947509766
-5.051402568817139
9.34756088256836
-3.6445279121398926
7.19418478012085
0.4818393588066101
6.325128078460693
3.1020054817199707
7.7384538650512695
1.262514591217041
10.531250953674316
-1.9900907278060913
6.817852973937988
-5.235136032104492
9.688053131103516
-3.0779199600219727
7.1683173179626465
0.7930957674980164
6.699990749359131
2.55446195602417
8.02882194519043
0.9655225276947021
10.876977920532227
-2.3346023559570312
7.12807559967041
-5.334941864013672
10.022774696350098
-2.556140899658203
7.151954650878906
1.0431584119796753
7.1652936935424805
1.9765219688415527
8.322474479675293
0.6546897292137146
11.23953914642334
-2.641663074493408
7.423433303833008
-5.355902194976807
10.361562728881836
-2.0997092723846436
7.150178909301758
1.2328506708145142
7.7188825607299805
1.3765214681625366
8.614229202270508
0.3394923210144043
11.631437301635742
-2.9240596294403076
7.704535484313965
-5.3117499351501465
10.71279525756836
-1.7108726501464844
7.168529033660889
1.3635008335113525
8.356243133544922
0.7612268328666687
8.901257514953613
0.025241047143936157
12.06159496307373
-3.188836097717285
7.9745354652404785
-5.218363285064697
11.087141990661621
-1.3888657093048096
7.212923526763916
1.4366775751113892
9.06960678100586
0.13487327098846436
9.181000709533691
-0.2837775647640228
12.538434982299805
-3.4447121620178223
8.234419822692871
-5.086780548095703
11.491069793701172
-1.1315301656723022
7.287170886993408
1.453652262687683
9.853340148925781
-0.49677497148513794
9.456035614013672
-0.5875110626220703
13.06080150604248
-3.6926143169403076
8.485536575317383
-4.9261603355407715
11.926843643188477
-0.93560791015625
7.393100261688232
1.416738748550415
10.701482772827148
-1.1301227807998657
9.728835105895996
-0.8865182399749756
13.624547958374023
-3.932009696960449
8.72965145111084
-4.74402379989624
12.397017478942871
-0.7999654412269592
7.532216548919678
1.3283896446228027
11.607635498046875
-1.7606881856918335
9.999907493591309
-1.1795077323913574
14.230491638183594
-4.164917469024658
8.9686861038208
-4.546525955200195
12.904728889465332
-0.7249626517295837
7.70589017868042
1.190828561782837
12.56593132019043
-2.382887125015259
10.269665718078613
-1.4653973579406738
14.879863739013672
-4.393846035003662
9.204147338867188
-4.338796615600586
13.453967094421387
-0.7120539546012878
7.915876388549805
1.0059387683868408
13.569646835327148
-2.9920601844787598
10.538336753845215
-1.7427682876586914
15.576537132263184
-4.622496128082275
9.436527252197266
-4.124464988708496
14.044257164001465
-0.7605888247489929
8.162879943847656
0.776250958442688
14.611798286437988
-3.584113836288452
10.806360244750977
-2.0110936164855957
16.327383041381836
-4.855845928192139
9.66563606262207
-3.9072000980377197
14.681668281555176
-0.8726416826248169
8.44649887084961
0.5052137970924377
15.687261581420898
-4.156914710998535
11.074902534484863
-2.270364284515381
17.137725830078125
-5.098259449005127
9.891359329223633
-3.690877676010132
15.374197959899902
-1.0507988929748535
8.764870643615723
0.19766688346862793
16.793560028076172
-4.710371017456055
11.345527648925781
-2.521451711654663
18.012514114379883
-5.354741096496582
10.113938331604004
-3.4796900749206543
16.13087272644043
-1.2980990409851074
9.114558219909668
-0.14112591743469238
17.932687759399414
-5.2466583251953125
11.619348526000977
-2.764641046524048
18.957199096679688
-5.631488800048828
10.334637641906738
-3.2780275344848633
16.961776733398438
-1.6181533336639404
9.491243362426758
-0.5052222609519958
19.109691619873047
-5.770387172698975
11.89818000793457
-3.0009846687316895
19.976491928100586
-5.934613227844238
10.554300308227539
-3.089968204498291
17.876079559326172
-2.0131819248199463
9.891426086425781
-0.889176070690155
20.330976486206055
-6.287399768829346
