2
3
1.9104537963867188
-8.154256820678711
-1.2251777648925781
9.03920841217041
-2.192321538925171
-5.935275077819824
6.235222339630127
4.971004486083984
-5.445201873779297
-8.359621047973633
-5.295565605163574
-3.3530454635620117
1.6809945106506348
-7.878048896789551
-1.8060598373413086
9.532522201538086
-2.0432426929473877
-5.949313640594482
6.515416145324707
4.937658309936523
-5.335724353790283
-8.393861770629883
-5.078044414520264
-3.4202518463134766
1.4533814191818237
-7.605489730834961
-2.3793132305145264
10.018465995788574
-1.896728515625
-5.955735206604004
6.78657865524292
4.916705131530762
-5.2292561531066895
-8.421926498413086
-4.867374420166016
-3.4753053188323975
1.2277662754058838
-7.336300849914551
-2.9447712898254395
10.49763011932373
-1.7526798248291016
-5.9548020362854
7.048818588256836
4.907835006713867
-5.1256608963012695
-8.443892478942871
-4.663403511047363
-3.5181610584259033
1.0042481422424316
-7.070150375366211
-3.502574920654297
10.970751762390137
-1.6110150814056396
-5.9467363357543945
7.302209854125977
4.9107985496521
-5.024758338928223
-8.459855079650879
-4.465824604034424
-3.548800230026245
0.7828816175460815
-6.806912899017334
-4.052729606628418
11.438462257385254
-1.4716442823410034
-5.931692600250244
7.5468950271606445
4.92548942565918
-4.92631196975708
-8.469758033752441
-4.274365425109863
-3.5670907497406006
0.5637414455413818
-6.546982765197754
-4.59520149230957
11.901074409484863
-1.3345087766647339
-5.909834384918213
7.782867431640625
4.951726913452148
-4.830041408538818
-8.473401069641113
-4.088802337646484
-3.5728871822357178
0.3469337522983551
-6.2902445793151855
-5.130093574523926
12.359347343444824
-1.1995489597320557
-5.881324768066406
8.010075569152832
4.989289283752441
-4.735878944396973
-8.470657348632812
-3.9090847969055176
-3.565973997116089
0.1325400471687317
-6.036432266235352
-5.657547950744629
12.813980102539062
-1.0667396783828735
-5.846302509307861
8.228367805480957
5.037962913513184
-4.643828868865967
-8.461448669433594
-3.7353672981262207
-3.546348810195923
-0.0794016569852829
-5.785243034362793
-6.177816390991211
13.265789985656738
-0.9360504150390625
-5.804866313934326
8.437641143798828
5.097617149353027
-4.553824424743652
-8.445656776428223
-3.5676467418670654
-3.5138907432556152
-0.2888060212135315
-5.536404609680176
-6.691075325012207
13.715405464172363
-0.8075015544891357
-5.75712251663208
8.637837409973145
5.168164253234863
-4.465821743011475
-8.423174858093262
-3.405980110168457
-3.4685192108154297
-0.4955071806907654
-5.2899017333984375
-7.197348117828369
14.163186073303223
-0.6811866760253906
-5.703177452087402
8.828739166259766
5.249467849731445
-4.379765510559082
-8.393864631652832
-3.250361204147339
-3.4100749492645264
-0.6993851661682129
-5.045638561248779
-7.6967549324035645
14.609583854675293
-0.557145357131958
-5.642980575561523
9.010109901428223
5.341535568237305
-4.295607089996338
-8.357583999633789
-3.1007955074310303
-3.33839750289917
-0.9001916646957397
-4.803702354431152
-8.189068794250488
15.054702758789062
-0.4355492889881134
-5.576486587524414
9.181509017944336
5.444337368011475
-4.213313102722168
-8.314205169677734
-2.9573469161987305
-3.253365993499756
-1.0977215766906738
-4.563971519470215
-8.67414379119873
15.498876571655273
-0.31658488512039185
-5.503619194030762
9.342501640319824
5.557923793792725
-4.132852077484131
-8.263591766357422
-2.8200602531433105
-3.1548337936401367
-1.2918695211410522
-4.32614803314209
-9.15205192565918
15.942667961120605
-0.20032824575901031
-5.4242777824401855
9.492793083190918
5.682393550872803
-4.054213523864746
-8.205607414245605
-2.6889774799346924
-3.042639970779419
-1.4825634956359863
-4.089970111846924
-9.622881889343262
16.38652229309082
-0.08687441051006317
-5.338382720947266
9.632062911987305
5.8178300857543945
-3.977445602416992
-8.140145301818848
-2.564174175262451
-2.9166605472564697
-1.6697481870651245
-3.8550829887390137
-10.086784362792969
16.831111907958984
0.023797884583473206
-5.245822429656982
9.760260581970215
5.964421272277832
-3.90252685546875
-8.067044258117676
-2.4457013607025146
-2.776689052581787
-1.8534233570098877
-3.621014356613159
-10.544069290161133
17.277353286743164
0.13160309195518494
-5.146483898162842
9.877148628234863
6.1223225593566895
-3.829442024230957
-7.986137390136719
-2.3336219787597656
-2.6225037574768066
-2.03359317779541
-3.3873465061187744
-10.994986534118652
17.725975036621094
0.23644396662712097
-5.040247440338135
9.982474327087402
6.291693687438965
-3.758183717727661
-7.897249221801758
-2.228015661239624
-2.453861951828003
-2.2102482318878174
-3.1536903381347656
-11.439802169799805
18.177658081054688
0.33823445439338684
-4.926971435546875
10.076050758361816
6.472756385803223
-3.6887497901916504
-7.800187110900879
-2.128950357437134
-2.2704687118530273
-2.383366107940674
-2.9197144508361816
-11.878697395324707
18.63302230834961
0.43688228726387024
-4.806507587432861
10.157674789428711
6.665744304656982
-3.6211490631103516
-7.694740295410156
-2.036519765853882
-2.071991205215454
-2.5528171062469482
-2.6852645874023438
-12.311574935913086
19.092357635498047
0.5322866439819336
-4.6787028312683105
10.227090835571289
6.870879650115967
-3.55539870262146
-7.580687999725342
-1.9508708715438843
-1.858079195022583
-2.7185850143432617
-2.449976682662964
-12.738606452941895
19.556358337402344
0.6243736147880554
-4.5433878898620605
10.283976554870605
7.088345050811768
-3.4915409088134766
-7.457831859588623
-1.8721575736999512
-1.628409743309021
-2.880735158920288
-2.213257312774658
-13.160152435302734
20.025718688964844
0.7131054401397705
-4.400383949279785
10.328187942504883
7.318406581878662
-3.42962384223938
-7.325962066650391
-1.8005430698394775
-1.3826253414154053
-3.039370536804199
-1.9747973680496216
-13.576404571533203
20.500961303710938
0.7983842492103577
-4.249505996704102
10.359461784362793
7.56132698059082
-3.369696855545044
-7.184844017028809
-1.7362042665481567
-1.1202671527862549
-3.1946096420288086
-1.7342555522918701
-13.98762035369873
20.982725143432617
0.8800931572914124
-4.0905680656433105
10.377535820007324
7.817386627197266
-3.3118128776550293
-7.034300327301025
-1.6793228387832642
-0.8410090208053589
-3.34663462638855
-1.4911000728607178
-14.394418716430664
21.472137451171875
0.9580554962158203
-3.923405408859253
10.382258415222168
8.086950302124023
-3.256039619445801
-6.87416410446167
-1.630115032196045
-0.5445386171340942
-3.495576858520508
-1.2448503971099854
-14.797201156616211
21.97005844116211
1.0321372747421265
-3.7478175163269043
10.373379707336426
8.370342254638672
-3.2023940086364746
-6.704277038574219
-1.5886260271072388
-0.23053118586540222
-3.6415293216705322
-0.9950430989265442
-15.196259498596191
22.477256774902344
1.102248191833496
-3.563573122024536
10.350701332092285
8.667928695678711
-3.1509883403778076
-6.5248026847839355
-1.554943561553955
0.10124045610427856
-3.7846343517303467
-0.7411845326423645
-15.592045783996582
22.994596481323242
1.1682796478271484
-3.3704495429992676
10.314002990722656
8.980060577392578
-3.1019859313964844
-6.335853099822998
-1.5293195247650146
0.4508044421672821
-3.9250290393829346
-0.4828396737575531
-15.984993934631348
23.522865295410156
1.2300899028778076
-3.16823410987854
10.26301383972168
9.3070707321167
-3.0555882453918457
-6.137338638305664
-1.5119861364364624
0.8183779716491699
-4.062864780426025
-0.21956774592399597
-16.375513076782227
24.062877655029297
1.2875351905822754
-2.9567058086395264
10.197497367858887
9.649324417114258
-3.011887550354004
-5.9290242195129395
-1.503201961517334
1.2043793201446533
-4.198271751403809
0.049027830362319946
-16.763891220092773
24.615310668945312
1.3404643535614014
-2.7356386184692383
10.117175102233887
10.007177352905273
-2.9710304737091064
-5.710597515106201
-1.503416657447815
1.609359622001648
-4.331433296203613
0.32340770959854126
-17.150604248046875
25.18098258972168
1.3887455463409424
-2.5047824382781982
10.021805763244629
10.381060600280762
-2.9330921173095703
-5.481771945953369
-1.512923240661621
2.033801555633545
-4.462541580200195
0.6040413975715637
-17.536148071289062
25.76073455810547
1.4322253465652466
-2.2638895511627197
9.911108016967773
10.771373748779297
-2.898149013519287
-5.242292404174805
-1.5320663452148438
2.4780683517456055
-4.591794490814209
0.8914015293121338
-17.92102813720703
26.35540008544922
1.4707597494125366
-2.0126953125
9.78482723236084
11.178558349609375
-2.8664402961730957
-4.991744518280029
-1.561346173286438
2.9426839351654053
-4.719400882720947
1.1859683990478516
-18.305770874023438
26.96582794189453
1.5042155981063843
-1.7509089708328247
9.642745018005371
11.603116989135742
-2.8380990028381348
-4.729834079742432
-1.6011204719543457
3.4281325340270996
-4.845576286315918
1.4882264137268066
-18.690916061401367
27.59286880493164
1.5324256420135498
-1.4783048629760742
9.484518051147461
12.045387268066406
-2.813260793685913
-4.45625638961792
-1.6517400741577148
3.9349164962768555
-4.970544815063477
1.7986443042755127
-19.076995849609375
28.23733139038086
1.5552215576171875
-1.194603443145752
9.309840202331543
12.505816459655762
-2.79207181930542
-4.170685291290283
-1.7135874032974243
4.46356725692749
