2
3
2.675075054168701
-0.4036060571670532
-2.588637590408325
-5.690855979919434
6.93888521194458
7.351469993591309
-8.328834533691406
-8.940059661865234
-3.689905881881714
0.981605052947998
1.8878127336502075
1.0446094274520874
2.608858585357666
-0.3312750458717346
-2.815854787826538
-5.573814868927002
6.536330223083496
6.931315898895264
-9.042949676513672
-9.750988960266113
-3.321307897567749
1.0620579719543457
2.585692882537842
1.2056498527526855
2.536689281463623
-0.26657694578170776
-3.044956922531128
-5.468097686767578
6.140954494476318
6.512268543243408
-9.744876861572266
-10.560900688171387
-2.9657182693481445
1.1353504657745361
3.265289545059204
1.355047583580017
2.4587035179138184
-0.2098272144794464
-3.2758350372314453
-5.374390602111816
5.752851486206055
6.093540191650391
-10.436835289001465
-11.372140884399414
-2.6227855682373047
1.2011157274246216
3.9274494647979736
1.4924654960632324
2.3751943111419678
-0.16111910343170166
-3.508376359939575
-5.293078899383545
5.371376037597656
5.67384147644043
-11.121068954467773
-12.187226295471191
-2.291724681854248
1.2594444751739502
4.5729217529296875
1.6176689863204956
2.2864294052124023
-0.12059834599494934
-3.742568016052246
-5.224699020385742
4.995228290557861
5.251448154449463
-11.799739837646484
-13.008750915527344
-1.9715547561645508
1.3104838132858276
5.202451229095459
1.7303558588027954
2.1926605701446533
-0.08843398094177246
-3.978417158126831
-5.169833183288574
4.6232500076293945
4.82480525970459
-12.474820137023926
-13.83913803100586
-1.6613550186157227
1.3543226718902588
5.816718101501465
1.8301316499710083
2.0941543579101562
-0.06480289250612259
-4.215912818908691
-5.129085063934326
4.254866600036621
4.392860412597656
-13.148086547851562
-14.680541038513184
-1.3599610328674316
1.3913325071334839
6.416258811950684
1.9166202545166016
1.9912160634994507
-0.049883559346199036
-4.455028533935547
-5.103095531463623
3.8894431591033936
3.954615592956543
-13.821361541748047
-15.535134315490723
-1.0667959451675415
1.421363353729248
7.001616477966309
1.989236831665039
1.8840903043746948
-0.04392623156309128
-4.69578218460083
-5.092635154724121
3.5263712406158447
3.5091381072998047
-14.49637508392334
-16.405061721801758
-0.781369686126709
1.4441702365875244
7.5733137130737305
2.047313690185547
1.773018479347229
-0.04717930778861046
-4.938166618347168
-5.098443508148193
3.1651272773742676
3.0555567741394043
-15.174657821655273
-17.29241180419922
-0.5032249689102173
1.4594781398773193
8.131837844848633
2.090142250061035
1.6582362651824951
-0.05992504209280014
-5.182275295257568
-5.121396064758301
2.8050265312194824
2.592719078063965
-15.857924461364746
-18.199951171875
-0.23100250959396362
1.4673830270767212
8.677736282348633
2.1169326305389404
1.5399631261825562
-0.08246926963329315
-5.428104400634766
-5.162347316741943
2.444977283477783
2.119361639022827
-16.5484619140625
-19.130712509155273
0.03604757785797119
1.4676470756530762
9.211406707763672
2.1267545223236084
1.418397068977356
-0.11518944799900055
-5.675729274749756
-5.2223591804504395
2.0842723846435547
1.6343839168548584
-17.24788475036621
-20.087322235107422
0.29857364296913147
1.4599522352218628
9.733085632324219
2.1185245513916016
1.293755292892456
-0.15855304896831512
-5.9254608154296875
-5.302760601043701
1.7220797538757324
1.1365208625793457
-17.95794677734375
-21.07275390625
0.5570425987243652
1.4439873695373535
10.242721557617188
2.091111421585083
1.16652250289917
-0.21275456249713898
-6.177429676055908
-5.404611587524414
1.3582319021224976
0.6250874996185303
-18.680072784423828
-22.08938217163086
0.8115730285644531
1.4192627668380737
10.739615440368652
2.0431230068206787
1.0367451906204224
-0.2782459259033203
-6.431713104248047
-5.52886438369751
0.9934059381484985
0.10007333755493164
-19.414827346801758
-23.138513565063477
1.061708927154541
1.3849403858184814
11.22227668762207
1.9727509021759033
0.9046787023544312
-0.35536685585975647
-6.688358306884766
-5.676491737365723
0.6278641223907471
-0.4381476640701294
-20.160436630249023
-24.218746185302734
1.3057835102081299
1.3399380445480347
11.68714427947998
1.8776147365570068
0.7712332606315613
-0.44392937421798706
-6.946958541870117
-5.847977638244629
0.2617202699184418
-0.9891284108161926
-20.91530990600586
-25.32854652404785
1.543220043182373
1.2834665775299072
12.132972717285156
1.7562074661254883
0.6369013786315918
-0.5440126657485962
-7.207155227661133
-6.044051647186279
-0.10442858934402466
-1.5523899793624878
-21.678373336791992
-26.467010498046875
1.7732601165771484
1.2147774696350098
12.558239936828613
1.607101321220398
0.501799464225769
-0.6561325788497925
-7.468873977661133
-6.265681743621826
-0.47100675106048584
-2.128593921661377
-22.450035095214844
-27.63538932800293
1.9956376552581787
1.1331422328948975
12.96261215209961
1.4290629625320435
0.36604923009872437
-0.7808511853218079
-7.732198715209961
-6.514063358306885
-0.8384943008422852
-2.718693256378174
-23.230886459350586
-28.83564567565918
2.210554838180542
1.0379647016525269
13.346755027770996
1.221092700958252
0.2297534942626953
-0.9187644720077515
-7.997262477874756
-6.790495872497559
-1.2073652744293213
-3.3236894607543945
-24.021547317504883
-30.069843292236328
2.4182074069976807
0.9286310076713562
13.71042537689209
0.9819281697273254
0.09299655258655548
-1.0704905986785889
-8.264246940612793
-7.096347332000732
-1.578087568283081
-3.9446425437927246
-24.822622299194336
-31.340160369873047
2.6183156967163086
0.8042269349098206
14.05457592010498
0.7106031775474548
-0.04415766894817352
-1.2366714477539062
-8.533370971679688
-7.433048725128174
-1.9506510496139526
-4.582237243652344
-25.634578704833984
-32.648582458496094
2.8108108043670654
0.6639448404312134
14.379464149475098
0.40594881772994995
-0.18166668713092804
-1.4179853200912476
-8.804969787597656
-7.802153587341309
-2.325456380844116
-5.237599849700928
-26.45802116394043
-33.99752426147461
2.9957239627838135
0.5070116519927979
14.685616493225098
0.0668482780456543
-0.31950563192367554
-1.6151107549667358
-9.079303741455078
-8.205191612243652
-2.702906847000122
-5.91191291809082
-27.293529510498047
-35.38949966430664
3.173283815383911
0.3326582908630371
14.973939895629883
-0.3078438341617584
-0.4576617479324341
-1.8287580013275146
-9.356645584106445
-8.643773078918457
-3.0833899974823
-6.606379508972168
-28.14161491394043
-36.82706832885742
3.34368634223938
0.14012612402439117
15.244770050048828
-0.7194418907165527
-0.5961406826972961
-2.05965518951416
-9.63727855682373
-9.119555473327637
-3.4672937393188477
-7.322328567504883
-29.002864837646484
-38.31307601928711
3.50722074508667
-0.07138083875179291
15.498830795288086
-1.1692942380905151
-0.7349718809127808
-2.308566093444824
-9.921504020690918
-9.634273529052734
-3.8549952507019043
-8.061161041259766
-29.877857208251953
-39.85053634643555
3.6638646125793457
-0.3028227388858795
15.736708641052246
-1.6588616371154785
-0.874207615852356
-2.5762951374053955
-10.209630012512207
-10.189743041992188
-4.246867656707764
-8.824359893798828
-30.767179489135742
-41.44265365600586
3.813999891281128
-0.5551990866661072
15.959772109985352
-2.1896400451660156
-1.0139045715332031
-2.8636856079101562
-10.501933097839355
-10.787859916687012
-4.643269062042236
-9.613499641418457
-31.67145347595215
-43.09288024902344
3.958604335784912
-0.8292738199234009
16.169044494628906
-2.763237714767456
-1.154111385345459
-3.171624183654785
-10.798651695251465
-11.430607795715332
-5.044532299041748
-10.430261611938477
-32.59132385253906
-44.804954528808594
4.098236083984375
-1.1260868310928345
16.36613655090332
-3.3813114166259766
-1.2951385974884033
-3.501216173171997
-11.100008964538574
-12.1201171875
-5.4509735107421875
-11.27642822265625
-33.527427673339844
-46.582862854003906
4.233218193054199
-1.44671630859375
16.55203628540039
-4.045629501342773
-1.437036395072937
-3.853466033935547
-11.406168937683105
-12.858582496643066
-5.862900257110596
-12.153892517089844
-34.48039627075195
-48.43085479736328
4.3638505935668945
-1.792294979095459
16.727684020996094
-4.758054733276367
-1.579803705215454
-4.229408264160156
-11.717257499694824
-13.64831256866455
-6.280607223510742
-13.064657211303711
-35.45085144042969
-50.353431701660156
4.49050235748291
-2.164048671722412
16.89421272277832
-5.52064847946167
-1.723432183265686
-4.6301422119140625
-12.033356666564941
-14.491741180419922
-6.704371929168701
-14.010848045349121
-36.43938064575195
-52.35537338256836
4.6135406494140625
-2.5632829666137695
17.052810668945312
-6.335629940032959
-1.8678951263427734
-5.0568108558654785
-12.354440689086914
-15.391380310058594
-7.1344523429870605
-14.994714736938477
-37.4465446472168
-54.441749572753906
4.732933521270752
-2.9914183616638184
17.2042293548584
-7.205591201782227
-2.0131797790527344
-5.510656356811523
-12.680514335632324
-16.349939346313477
-7.571090221405029
-16.018648147583008
-38.47286605834961
-56.61796569824219
4.849083423614502
-3.44991397857666
17.349689483642578
-8.133110046386719
-2.159254312515259
-5.993003845214844
-13.011520385742188
-17.37029266357422
-8.014498710632324
-17.085180282592773
-39.51882553100586
-58.8897705078125
4.9622931480407715
-3.9403507709503174
17.490259170532227
-9.121132850646973
