2
3
4.595424175262451
-7.5459418296813965
-7.3650617599487305
5.647422790527344
-0.07740189135074615
-8.264152526855469
-0.11692814528942108
1.7598093748092651
-1.455075979232788
-8.68458366394043
5.11782693862915
-8.231640815734863
3.896286964416504
-6.965602874755859
-7.877658367156982
5.507220268249512
0.11894653737545013
-8.062564849853516
-0.09861188381910324
1.5699597597122192
-0.8267349004745483
-9.479608535766602
5.60199499130249
-7.994505882263184
3.1823768615722656
-6.401752471923828
-8.225983619689941
5.22530460357666
0.3108364939689636
-7.875669479370117
-0.08191371709108353
1.344519019126892
-0.16548186540603638
-10.255084037780762
5.902976036071777
-7.607172012329102
2.466611623764038
-5.863345146179199
-8.405811309814453
4.79953670501709
0.4956183433532715
-7.708302974700928
-0.061532411724328995
1.0895781517028809
0.5136557221412659
-10.99134635925293
6.004440784454346
-7.078686714172363
1.763006329536438
-5.362812519073486
-8.416987419128418
4.232659339904785
0.6715141534805298
-7.565333843231201
-0.03438979759812355
0.8142399787902832
1.1908024549484253
-11.667654037475586
5.89889669418335
-6.420517444610596
1.0851759910583496
-4.920456409454346
-8.264089584350586
3.5510852336883545
0.8364154100418091
-7.452003479003906
0.0028056353330612183
0.5308428406715393
1.8379580974578857
-12.258302688598633
5.609292984008789
-5.656434535980225
0.4493803381919861
-4.559269905090332
-7.963443756103516
2.7992711067199707
0.989154040813446
-7.37481689453125
0.04838923364877701
0.2548965513706207
2.4357101917266846
-12.743599891662598
5.146684169769287
-4.813861846923828
-0.13257551193237305
-4.296432971954346
-7.531304359436035
2.0222811698913574
1.1295984983444214
-7.339465141296387
0.09809335321187973
0.005569487810134888
2.973998785018921
-13.10678768157959
4.526101112365723
-3.931429624557495
-0.6536293625831604
-4.1288676261901855
-6.985662937164307
1.2354719638824463
1.259056568145752
-7.344720840454102
0.1379249095916748
-0.2050708532333374
3.4400954246520996
-13.339437484741211
3.7766852378845215
-3.045501708984375
-1.1058168411254883
-4.049238681793213
-6.352322578430176
0.4511364698410034
1.3788013458251953
-7.378155708312988
0.15206202864646912
-0.38871121406555176
3.8194773197174072
-13.441821098327637
2.9538683891296387
-2.1912131309509277
-1.4778108596801758
-4.050105571746826
-5.67572021484375
-0.3127438426017761
1.4929578304290771
-7.4311299324035645
0.11543027311563492
-0.5436133146286011
4.106412887573242
-13.424901008605957
2.093621253967285
-1.382537841796875
-1.764911413192749
-4.124401092529297
-4.996724605560303
-1.0390493869781494
1.6033486127853394
-7.499107360839844
0.004847273230552673
-0.6683662533760071
4.2955451011657715
-13.298413276672363
1.2368521690368652
-0.6363707780838013
-1.9676141738891602
-4.266543865203857
-4.340062141418457
-1.7235244512557983
1.6967898607254028
-7.567351341247559
-0.14197704195976257
-0.7872804403305054
4.387998104095459
-13.075227737426758
0.4137446880340576
0.03988766670227051
-2.0925285816192627
-4.4708123207092285
-3.68340802192688
-2.3748834133148193
1.7670536041259766
-7.6280107498168945
-0.27708399295806885
-0.9260948896408081
4.396849632263184
-12.776142120361328
-0.3752838373184204
0.6491623520851135
-2.1434662342071533
-4.733008861541748
-3.0122549533843994
-2.994020462036133
1.8242212533950806
-7.686123371124268
-0.4128049910068512
-1.0767276287078857
4.3371968269348145
-12.421587944030762
-1.1520812511444092
1.2061477899551392
-2.1264991760253906
-5.045572280883789
-2.334202527999878
-3.573033571243286
1.8743985891342163
-7.743339538574219
-0.5649185180664062
-1.2266358137130737
4.2169413566589355
-12.024176597595215
-1.9322177171707153
1.7215496301651
-2.044252872467041
-5.403235912322998
-1.663360834121704
-4.101507663726807
1.9175734519958496
-7.797266483306885
-0.7331985235214233
-1.371404767036438
4.03983736038208
-11.591574668884277
-2.699903964996338
2.1905429363250732
-1.9001435041427612
-5.801456928253174
-1.0155510902404785
-4.568204402923584
1.9533978700637817
-7.847651481628418
-0.9147052764892578
-1.5084006786346436
3.8088197708129883
-11.131381034851074
-3.432957649230957
2.6044492721557617
-1.698285698890686
-6.234969139099121
-0.40694659948349
-4.963504791259766
1.9823570251464844
-7.895655632019043
-1.1087250709533691
-1.6360301971435547
3.5281760692596436
-10.650296211242676
-4.113319396972656
2.9551615715026855
-1.443761944770813
-6.6981916427612305
0.1473492980003357
-5.279484748840332
2.0066208839416504
-7.943283557891846
-1.3133656978607178
-1.753949522972107
3.202362537384033
-10.154134750366211
-4.725809574127197
3.23439359664917
-1.1431398391723633
-7.184273719787598
0.6320509314537048
-5.5099406242370605
2.025376319885254
-7.991286277770996
-1.5257291793823242
-1.8607295751571655
2.837653875350952
-9.649391174316406
-5.258022785186768
3.4343769550323486
-0.8035750985145569
-7.686866283416748
1.034891128540039
-5.648374080657959
2.037390947341919
-8.040419578552246
-1.7428253889083862
-1.955387830734253
2.4424147605895996
-9.142565727233887
-5.699376106262207
3.547358274459839
-0.4331386089324951
-8.19728946685791
1.343966007232666
-5.690057277679443
2.041245937347412
-8.090557098388672
-1.9622902870178223
-2.0376152992248535
2.0252623558044434
-8.639751434326172
-6.041355609893799
3.5652918815612793
-0.04161864519119263
-8.70559024810791
1.5491230487823486
-5.63347864151001
2.034931182861328
-8.140848159790039
-2.180647611618042
-2.1080374717712402
1.5950528383255005
-8.147607803344727
-6.277339935302734
3.481543779373169
0.36055588722229004
-9.20094108581543
1.6422488689422607
-5.4802565574646
2.0161776542663574
-8.192887306213379
-2.3923447132110596
-2.1652262210845947
1.161278247833252
-7.67357873916626
-6.4036126136779785
3.292543649673462
0.762413501739502
-9.671466827392578
1.617798089981079
-5.236911296844482
1.9833062887191772
-8.247830390930176
-2.592883348464966
-2.2084407806396484
0.7346266508102417
-7.227565765380859
-6.420029640197754
2.999502658843994
1.1526143550872803
-10.103829383850098
1.4737695455551147
-4.913887977600098
1.9350285530090332
-8.306053161621094
-2.7786147594451904
-2.238302707672119
0.3252374529838562
-6.819858551025391
-6.329949855804443
2.609079599380493
1.5197255611419678
-10.484128952026367
1.21369469165802
-4.529773712158203
1.8704200983047485
-8.366819381713867
-2.946803569793701
-2.257312774658203
-0.05665060877799988
-6.461405277252197
-6.141767501831055
2.133927822113037
1.8513338565826416
-10.800985336303711
0.849212646484375
-4.1034016609191895
1.7885910272598267
-8.428016662597656
-3.0958590507507324
-2.2703912258148193
-0.4011472761631012
-6.164039134979248
-5.8707499504089355
1.5977694988250732
2.136125087738037
-11.046309471130371
0.3966907858848572
-3.6534740924835205
1.6892918348312378
-8.48751163482666
-3.225757360458374
-2.282533645629883
-0.6996296644210815
-5.934350490570068
-5.534765243530273
1.0200505256652832
2.36426043510437
-11.21508502960205
-0.12012529373168945
-3.200646162033081
1.5733312368392944
-8.543573379516602
-3.339254140853882
-2.2982826232910156
-0.9442018866539001
-5.776910781860352
-5.161081790924072
0.42468690872192383
2.529733657836914
-11.306468963623047
-0.6743411421775818
-2.766549825668335
1.444453477859497
-8.595922470092773
-3.4442555904388428
-2.319589138031006
-1.1319421529769897
-5.69141149520874
-4.7764153480529785
-0.16735148429870605
2.6296322345733643
-11.324618339538574
-1.240193247795105
-2.3665683269500732
1.308569073677063
-8.646286964416504
-3.552856683731079
-2.34159517288208
-1.2640433311462402
-5.673107624053955
-4.410667419433594
-0.7381603717803955
2.6668684482574463
-11.279154777526855
-1.803289532661438
-2.006495952606201
1.1707417964935303
-8.694452285766602
-3.6721088886260986
-2.3649251461029053
-1.3461589813232422
-5.7139716148376465
-4.083106517791748
-1.27675461769104
2.6477746963500977
-11.181285858154297
-2.359776496887207
-1.6835682392120361
1.033327341079712
-8.739521980285645
-3.8074302673339844
-2.386367082595825
-1.3869980573654175
-5.805345058441162
-3.7810845375061035
-1.7867441177368164
2.57779598236084
-11.039090156555176
-2.9140141010284424
-1.391357183456421
0.8961668610572815
-8.778059959411621
-3.950723171234131
-2.408198356628418
-1.3938015699386597
-5.9398088455200195
-3.4933156967163086
-2.2708792686462402
2.46256160736084
-10.859407424926758
-3.463392734527588
-1.1291029453277588
0.7599260807037354
-8.808034896850586
-4.1001787185668945
-2.433011054992676
-1.3708802461624146
-6.111893653869629
-3.216893196105957
-2.727759838104248
2.307269811630249
-10.649630546569824
-4.002553939819336
-0.8975741863250732
0.6255998015403748
-8.82906436920166
-4.253351211547852
-2.4636566638946533
-1.320229172706604
-6.316504955291748
-2.9582624435424805
-3.1535110473632812
2.1162233352661133
-10.416329383850098
-4.524433135986328
-0.6995641589164734
0.4943726062774658
-8.842229843139648
-4.408685207366943
-2.501086473464966
-1.2433851957321167
-6.548859119415283
-2.7230589389801025
-3.5448126792907715
1.8931877613067627
-10.165103912353516
-5.021498203277588
-0.5388766527175903
0.367411732673645
-8.8486909866333
-4.565747261047363
-2.5459864139556885
-1.142665982246399
-6.804503917694092
-2.5177276134490967
-3.8980746269226074
