2
3
-0.6465413570404053
3.9564270973205566
-4.151830196380615
-1.4086158275604248
-2.463742733001709
0.17996852099895477
-2.8696982860565186
-7.721442699432373
10.49147891998291
-2.0168709754943848
6.74839973449707
-7.30748176574707
-0.8993836641311646
4.14478063583374
-3.357621669769287
-2.3246278762817383
-2.3809008598327637
-0.08475412428379059
-2.055331230163574
-7.882035732269287
10.699629783630371
-2.163994550704956
5.140167713165283
-6.982016086578369
-1.0596147775650024
4.251364231109619
-2.598057746887207
-3.2630650997161865
-2.253309726715088
-0.3614012598991394
-1.2974015474319458
-8.047700881958008
10.739136695861816
-2.2067718505859375
3.6785144805908203
-6.740092754364014
-1.1369295120239258
4.279310703277588
-1.883309245109558
-4.204023838043213
-2.0807106494903564
-0.6288135647773743
-0.5702966451644897
-8.242531776428223
10.626904487609863
-2.1589901447296143
2.3980088233947754
-6.606568813323975
-1.147473931312561
4.228348255157471
-1.149709701538086
-5.14009952545166
-1.8712084293365479
-0.8852947950363159
0.15573418140411377
-8.470552444458008
10.407882690429688
-2.065016746520996
1.2332439422607422
-6.531819820404053
-1.099931001663208
4.1082844734191895
-0.36698728799819946
-6.077633380889893
-1.6316498517990112
-1.135756015777588
0.895708441734314
-8.725569725036621
10.110562324523926
-1.9497299194335938
0.13283562660217285
-6.478513717651367
-0.9957581162452698
3.9265618324279785
0.45358145236968994
-7.009894847869873
-1.3555681705474854
-1.3869065046310425
1.6308016777038574
-8.992781639099121
9.743412971496582
-1.8172653913497925
-0.9230449199676514
-6.437385082244873
-0.8340176939964294
3.686007261276245
1.2867140769958496
-7.922762870788574
-1.0399242639541626
-1.6408330202102661
2.335869789123535
-9.262365341186523
9.31563949584961
-1.6664068698883057
-1.9356037378311157
-6.421963691711426
-0.6137251257896423
3.3865091800689697
2.1101126670837402
-8.801352500915527
-0.685553252696991
-1.8961453437805176
2.9937381744384766
-9.526567459106445
8.835512161254883
-1.4980651140213013
-2.8990867137908936
-6.444081783294678
-0.33756765723228455
3.0291266441345215
2.9014363288879395
-9.632299423217773
-0.2979409396648407
-2.1484832763671875
3.593057155609131
-9.779620170593262
8.308420181274414
-1.3167240619659424
-3.8021206855773926
-6.510826110839844
-0.009935587644577026
2.617023229598999
3.647548198699951
-10.405596733093262
0.11617165803909302
-2.394277334213257
4.129271030426025
-10.021443367004395
7.739161968231201
-1.128554344177246
-4.630853176116943
-6.627849578857422
0.3639921247959137
2.155200481414795
4.338071823120117
-11.115300178527832
0.5501134395599365
-2.631720542907715
4.600738048553467
-10.254542350769043
7.133633613586426
-0.9401712417602539
-5.370544910430908
-6.801144599914551
0.7796276807785034
1.6500773429870605
4.963318347930908
-11.75816535949707
0.9984856843948364
-2.8597891330718994
5.007583141326904
-10.483423233032227
6.498288154602051
-0.757123589515686
-6.0079569816589355
-7.034798622131348
1.2303118705749512
1.1097091436386108
5.514026165008545
-12.334738731384277
1.456634759902954
-3.078728199005127
5.3479509353637695
-10.71115493774414
5.840266227722168
-0.5844255685806274
-6.531106948852539
-7.3312273025512695
1.7083492279052734
0.5440463423728943
5.984262943267822
-12.847790718078613
1.9197158813476562
-3.2876596450805664
5.621016025543213
-10.940709114074707
5.1680908203125
-0.42771682143211365
-6.929296493530273
-7.693434238433838
2.2063798904418945
-0.03700035810470581
6.366479396820068
-13.303178787231445
2.3832790851593018
-3.487170457839966
5.824850559234619
-11.174703598022461
4.491086959838867
-0.29186293482780457
-7.194296360015869
-8.122570037841797
2.7165215015411377
-0.6244755387306213
6.653873443603516
-13.708332061767578
2.8424739837646484
-3.677286386489868
5.95814323425293
-11.416814804077148
3.8197224140167236
-0.18232035636901855
-7.321143627166748
-8.619465827941895
3.2297215461730957
-1.2091591358184814
6.842974662780762
-14.070504188537598
3.2914836406707764
-3.858065128326416
6.0229315757751465
-11.671128273010254
3.164710521697998
-0.10346835851669312
-7.308269023895264
-9.184514045715332
3.738161087036133
-1.7834734916687012
6.933587074279785
-14.399077415466309
3.724679470062256
-4.029629707336426
6.0231032371521
-11.943434715270996
2.5361053943634033
-0.05908016860485077
-7.155885219573975
-9.816832542419434
4.232837200164795
-2.3401803970336914
6.9306511878967285
-14.704883575439453
4.13624382019043
-4.192327499389648
5.965487480163574
-12.239670753479004
1.9439806938171387
-0.053433503955602646
-6.8678154945373535
-10.513714790344238
4.705545902252197
-2.872790575027466
6.8426361083984375
-15.000321388244629
4.520942211151123
-4.346804618835449
5.858685493469238
-12.566120147705078
1.3966772556304932
-0.09001535177230835
-6.449629306793213
-11.27045726776123
5.149336338043213
-3.376020669937134
6.682198524475098
-15.296243667602539
4.875986576080322
-4.493017673492432
5.7141618728637695
-12.929969787597656
0.9016345739364624
-0.17176084220409393
-5.907537937164307
-12.080399513244629
5.555469512939453
-3.8474016189575195
6.471582412719727
-15.607931137084961
5.19724702835083
-4.631602764129639
5.545185565948486
-13.340171813964844
0.4660385251045227
-0.3011411428451538
-5.251873016357422
-12.938872337341309
5.917394638061523
-4.284545421600342
6.233297824859619
-15.954073905944824
5.480521202087402
-4.762779712677002
5.369345188140869
-13.809759140014648
0.09546598792076111
-0.47981372475624084
-4.494421482086182
-13.841365814208984
6.229400157928467
-4.684794902801514
5.997193336486816
-16.360214233398438
5.7215657234191895
-4.885751724243164
5.212591171264648
-14.359173774719238
-0.2060030996799469
-0.708843469619751
-3.6488356590270996
-14.785816192626953
6.48395299911499
-5.043123722076416
5.813093662261963
-16.865467071533203
5.915210247039795
-4.999382495880127
5.113337993621826
-15.016953468322754
-0.4359002113342285
-0.9878441095352173
-2.72882080078125
-15.771599769592285
6.677983283996582
-5.362148284912109
5.725658893585205
-17.497621536254883
6.062219619750977
-5.1087164878845215
5.095442771911621
-15.796329498291016
-0.5944008827209473
-1.314018726348877
-1.7477656602859497
-16.801284790039062
6.821634769439697
-5.656177520751953
5.736839294433594
-18.251657485961914
6.1698126792907715
-5.222851276397705
5.161342620849609
-16.692567825317383
-0.6820854544639587
-1.6807019710540771
-0.7175225019454956
-17.88228988647461
6.927798271179199
-5.938803672790527
5.833929538726807
-19.113000869750977
6.247125625610352
-5.351353168487549
5.305871963500977
-17.69352149963379
-0.7010467052459717
-2.0806355476379395
0.35018837451934814
-19.02680206298828
7.008155822753906
-6.21917724609375
6.002666473388672
-20.064546585083008
6.303469181060791
-5.502333641052246
5.521636009216309
-18.7847900390625
-0.6543929576873779
-2.5096237659454346
1.4479938745498657
-20.243989944458008
7.069226264953613
-6.501092433929443
6.2426066398620605
-21.105121612548828
6.345709800720215
-5.677764415740967
5.8057050704956055
-19.96023178100586
-0.547000527381897
-2.9691834449768066
2.5764379501342773
-21.53521156311035
7.11715030670166
-6.788176536560059
6.553408145904541
-22.233802795410156
6.377857208251953
-5.8766045570373535
6.159987926483154
-21.220197677612305
-0.3810499906539917
-3.458895444869995
3.7343311309814453
-22.903993606567383
7.156476020812988
-7.082805156707764
6.943325042724609
-23.455829620361328
6.404519557952881
-6.0999016761779785
6.592579364776611
-22.566768646240234
-0.16021586954593658
-3.977381944656372
4.9282755851745605
-24.355060577392578
7.191608428955078
-7.387237548828125
7.420909881591797
-24.776023864746094
6.431209087371826
-6.351800918579102
7.114750862121582
-24.001161575317383
0.11092601716518402
-4.524263381958008
6.167511463165283
-25.891992568969727
7.226841449737549
-7.705325603485107
7.9937663078308105
-26.1975040435791
6.4618096351623535
-6.63328742980957
7.736001968383789
-25.528980255126953
0.4279594421386719
-5.0999674797058105
7.460615158081055
-27.51603889465332
7.264935493469238
-8.041038513183594
8.67087459564209
-27.722522735595703
6.499828338623047
-6.945589065551758
8.466885566711426
-27.156517028808594
0.787755012512207
-5.704209327697754
8.816699981689453
-29.230854034423828
7.308000087738037
-8.397150993347168
9.46037483215332
-29.35228157043457
6.547072887420654
-7.289848804473877
9.316981315612793
-28.88396644592285
1.1871140003204346
-6.337148666381836
10.24459457397461
-31.037757873535156
7.3582611083984375
-8.776592254638672
10.373818397521973
-31.087505340576172
6.6063232421875
-7.667420864105225
10.297521591186523
-30.715965270996094
1.6230850219726562
-6.999997138977051
11.754171371459961
-32.93878173828125
7.417449474334717
-9.180989265441895
11.423553466796875
-32.932098388671875
6.679139614105225
-8.0795259475708
11.420559883117676
-32.65485382080078
2.092972993850708
-7.6933794021606445
13.355289459228516
-34.93565368652344
7.487399578094482
-9.61237621307373
12.622570991516113
-34.8905029296875
6.76722526550293
-8.526679039001465
12.698226928710938
-34.705745697021484
2.594186782836914
-8.415940284729004
15.056400299072266
-37.03107452392578
