2
3
-5.38719367980957
3.172158718109131
-2.0456299781799316
-7.613639831542969
5.716620922088623
-5.84279727935791
4.384311199188232
-7.425760269165039
-1.6003106832504272
-0.10348515212535858
3.219571828842163
-7.862305641174316
-5.1170759201049805
2.695647716522217
-1.3621596097946167
-8.511073112487793
5.499170303344727
-5.737401485443115
3.8772153854370117
-7.157305717468262
-1.4462944269180298
-0.3926599621772766
3.619748592376709
-8.385071754455566
-4.8522210121154785
2.220440149307251
-0.6845889091491699
-9.40964126586914
5.282248497009277
-5.638842582702637
3.376037836074829
-6.908366680145264
-1.2909855842590332
-0.6900767683982849
4.026500701904297
-8.922561645507812
-4.591878414154053
1.7439210414886475
-0.011034131050109863
-10.312568664550781
5.066370487213135
-5.548154354095459
2.8820276260375977
-6.680586338043213
-1.133833408355713
-0.9969176650047302
4.440948963165283
-9.476367950439453
-4.33496618270874
1.2632371187210083
0.6608860492706299
-11.223333358764648
4.852073669433594
-5.466466903686523
2.3964948654174805
-6.475739002227783
-0.9742414951324463
-1.3143802881240845
4.864374160766602
-10.048184394836426
-4.080231666564941
0.7755821347236633
1.3336305618286133
-12.14554214477539
4.640007495880127
-5.395088195800781
1.9210954904556274
-6.2959513664245605
-0.8116438984870911
-1.6435933113098145
5.29815673828125
-10.639792442321777
-3.8263180255889893
0.2783021330833435
2.0099172592163086
-13.082807540893555
4.430747985839844
-5.335442066192627
1.4573198556900024
-6.1434245109558105
-0.6454487442970276
-1.9857676029205322
5.743755340576172
-11.2531099319458
-3.5718302726745605
-0.23092705011367798
2.6925323009490967
-14.038656234741211
4.22489070892334
-5.28896427154541
1.0067455768585205
-6.020345687866211
-0.47492289543151855
-2.342180013656616
6.20281457901001
-11.890421867370605
-3.315433979034424
-0.7543522715568542
3.3842411041259766
-15.017276763916016
4.023043155670166
-5.257051467895508
0.5708921551704407
-5.928853511810303
-0.29928839206695557
-2.7140352725982666
6.677127838134766
-12.554072380065918
-3.055720806121826
-1.2938178777694702
4.088067054748535
-16.02248764038086
3.82586407661438
-5.241191864013672
0.15147414803504944
-5.871281623840332
-0.1177411675453186
-3.1025240421295166
7.168623447418213
-13.246559143066406
-2.7913808822631836
-1.850874423980713
4.806878089904785
-17.057785034179688
3.633991241455078
-5.242838382720947
-0.24986577033996582
-5.8498921394348145
0.0708250105381012
-3.5093843936920166
7.680198669433594
-13.972051620483398
-2.521160125732422
-2.4269933700561523
5.543451309204102
-18.126712799072266
3.448138475418091
-5.263517379760742
-0.6313018798828125
-5.867213249206543
0.26736876368522644
-3.9360854625701904
8.214325904846191
-14.733917236328125
-2.2437400817871094
-3.0240049362182617
6.300874710083008
-19.233898162841797
3.269028663635254
-5.30472469329834
-0.9909769296646118
-5.925683975219727
0.47284582257270813
-4.384012699127197
8.773433685302734
-15.535350799560547
-1.9575695991516113
-3.6444783210754395
7.083101749420166
-20.386180877685547
3.0974504947662354
-5.368056297302246
-1.326927661895752
-6.027993679046631
0.6882684230804443
-4.854569911956787
9.360063552856445
-16.3796443939209
-1.6612012386322021
-4.2905049324035645
7.893982887268066
-21.58868980407715
2.934248924255371
-5.455066680908203
-1.637115240097046
-6.176814079284668
0.9147642850875854
-5.349424362182617
9.977147102355957
-17.27067756652832
-1.3531177043914795
-4.964657306671143
8.737865447998047
-22.84711456298828
2.7802958488464355
-5.567073345184326
-1.9195970296859741
-6.37441873550415
1.153515100479126
-5.8702592849731445
10.62773323059082
-18.212432861328125
-1.0316128730773926
-5.66945219039917
9.619104385375977
-24.167470932006836
2.636579751968384
-5.705508708953857
-2.172239303588867
-6.623435974121094
1.40572190284729
-6.418565273284912
11.31480598449707
-19.20864486694336
-0.6948995590209961
-6.407226085662842
10.542131423950195
-25.5553035736084
2.503941774368286
-5.871160984039307
-2.3930375576019287
-6.925714015960693
1.6724131107330322
-6.9956374168396
12.041349411010742
-20.262361526489258
-0.3411887288093567
-7.179884910583496
11.51135540008545
-27.015422821044922
2.3833391666412354
-6.065412521362305
-2.5797228813171387
-7.2838263511657715
1.954819917678833
-7.603243350982666
12.810583114624023
-21.37761116027832
0.030966728925704956
-7.989140510559082
12.531171798706055
-28.551712036132812
2.275686264038086
-6.28917121887207
-2.7300353050231934
-7.700248718261719
2.254276752471924
-8.243407249450684
13.62613582611084
-22.558876037597656
0.4234454929828644
-8.837608337402344
13.606688499450684
-30.170412063598633
2.1821000576019287
-6.543922424316406
-2.8413913249969482
-8.177837371826172
2.572252035140991
-8.918212890625
14.492008209228516
-23.810895919799805
0.8382240533828735
-9.727859497070312
14.743263244628906
-31.877857208251953
2.1036462783813477
-6.831427097320557
-2.9112658500671387
-8.719937324523926
2.9102509021759033
-9.629793167114258
15.41219711303711
-25.1386775970459
1.277421474456787
-10.662664413452148
15.946582794189453
-33.68086242675781
2.041482448577881
-7.153285980224609
-2.936953544616699
-9.329489707946777
3.26992130279541
-10.380337715148926
16.391008377075195
-26.547237396240234
1.743208408355713
-11.644671440124512
17.222434997558594
-35.58603286743164
1.9968358278274536
-7.511132717132568
-2.9155850410461426
-10.009525299072266
3.6529622077941895
-11.17202377319336
17.432716369628906
-28.04176902770996
2.2377982139587402
-12.676396369934082
18.576757431030273
-37.6001091003418
1.9709092378616333
-7.906659126281738
-2.8442392349243164
-10.763215065002441
4.061155796051025
-12.007132530212402
18.541831970214844
-29.627830505371094
2.763791561126709
-13.761077880859375
20.016429901123047
-39.731441497802734
1.964916706085205
-8.341721534729004
-2.7198915481567383
-11.594074249267578
4.4965667724609375
-12.88844108581543
19.723670959472656
-31.311920166015625
3.323967695236206
-14.902301788330078
21.5488338470459
-41.98881530761719
1.9801160097122192
-8.818267822265625
-2.5394060611724854
-12.505839347839355
4.961462020874023
-13.818949699401855
20.984054565429688
-33.10109329223633
3.921299457550049
-16.103851318359375
23.181840896606445
-44.38151931762695
2.017913341522217
-9.338193893432617
-2.299417495727539
-13.502223014831543
5.458221435546875
-14.801763534545898
22.32904052734375
-35.00260543823242
4.55900764465332
-17.369874954223633
24.924009323120117
-46.919677734375
2.07973051071167
-9.903587341308594
-1.9962148666381836
-14.587175369262695
5.989429950714111
-15.840211868286133
23.765214920043945
-37.024349212646484
5.24055814743042
-18.704853057861328
26.784576416015625
-49.614173889160156
2.1669623851776123
-10.516735076904297
-1.62606680393219
-15.765094757080078
6.557882785797119
-16.937889099121094
25.29966163635254
-39.17482376098633
5.969422340393066
-20.112472534179688
28.771955490112305
-52.47600173950195
2.2812016010284424
-11.179885864257812
-1.184877872467041
-17.040403366088867
7.166625022888184
-18.098730087280273
26.94013214111328
-41.463314056396484
6.749271392822266
-21.59724998474121
30.895599365234375
-55.51678466796875
2.4241106510162354
-11.895445823669434
-0.6683486700057983
-18.417892456054688
7.818899631500244
-19.326885223388672
28.69481658935547
-43.89959716796875
7.583893299102783
-23.163787841796875
33.16493606567383
-58.748512268066406
2.5974771976470947
-12.665895462036133
-0.07181459665298462
-19.90252113342285
8.518163681030273
-20.62674903869629
30.57244873046875
-46.494041442871094
8.477514266967773
-24.817251205444336
35.5908203125
-62.1843376159668
2.8031771183013916
-13.493878364562988
0.6095818877220154
-21.499696731567383
9.268054008483887
-22.00289535522461
32.582359313964844
-49.2574462890625
9.434636116027832
-26.563331604003906
38.18503189086914
-65.83821868896484
3.0432164669036865
-14.382152557373047
1.3810265064239502
-23.21515464782715
10.072540283203125
-23.460338592529297
34.734588623046875
-52.2016716003418
10.460021018981934
-28.408052444458008
40.95997619628906
-69.72474670410156
3.3197436332702637
-15.333592414855957
2.2480499744415283
-25.054981231689453
10.935876846313477
-25.004467010498047
37.03988265991211
-55.339393615722656
11.55872917175293
-30.35786247253418
43.928958892822266
-73.85931396484375
3.6350765228271484
-16.351146697998047
3.216508626937866
-27.025636672973633
11.86265754699707
-26.641130447387695
39.50989532470703
-58.684322357177734
12.736053466796875
-32.41938018798828
47.10581588745117
-78.25782012939453
3.9917118549346924
-17.437807083129883
4.2925801277160645
-29.133934020996094
12.857821464538574
-28.376630783081055
42.15718078613281
-62.25118637084961
13.997257232666016
-34.59851837158203
50.50373077392578
-82.93637084960938
4.392288684844971
-18.59672737121582
5.482843399047852
-31.387134552001953
13.926691055297852
-30.217775344848633
44.99527359008789
-66.05579376220703
15.348007202148438
-36.902252197265625
54.137596130371094
-87.91146087646484
4.839583396911621
-19.831159591674805
6.794004440307617
-33.79323959350586
15.07498550415039
-32.171897888183594
48.038753509521484
-70.11512756347656
