2
3
0.5083755254745483
-4.813436508178711
-6.779752254486084
2.161602735519409
5.212886810302734
8.529748916625977
-3.380168914794922
-5.501226902008057
-5.865986347198486
-3.9079606533050537
-3.5714094638824463
-2.3702878952026367
0.389162540435791
-4.414198398590088
-7.251564025878906
2.836514472961426
4.896710395812988
7.934144020080566
-3.881986618041992
-6.664872169494629
-5.576907634735107
-3.7336173057556152
-3.1127490997314453
-2.077430248260498
0.26224806904792786
-4.027868270874023
-7.726044178009033
3.4961025714874268
4.581089019775391
7.351057052612305
-4.374693870544434
-7.799004077911377
-5.300073146820068
-3.5625
-2.669863224029541
-1.7862554788589478
0.1278161108493805
-3.654249668121338
-8.203231811523438
4.139979362487793
4.266061782836914
6.7795729637146
-4.8592305183410645
-8.906606674194336
-5.035468578338623
-3.3948051929473877
-2.2431178092956543
-1.4973489046096802
-0.014210090041160583
-3.293039321899414
-8.683825492858887
4.76792573928833
3.9529480934143066
6.218944072723389
-5.336189270019531
-9.990738868713379
-4.783054828643799
-3.230740547180176
-1.8328076601028442
-1.2112921476364136
-0.16396725177764893
-2.9437830448150635
-9.168395042419434
5.380150318145752
3.6428415775299072
5.667905807495117
-5.806324481964111
-11.054715156555176
-4.542743682861328
-3.0704402923583984
-1.4392184019088745
-0.9286311268806458
-0.32116496562957764
-2.605977773666382
-9.656920433044434
5.976939678192139
3.3365068435668945
5.124669551849365
-6.2705078125
-12.102180480957031
-4.314431190490723
-2.914033889770508
-1.0626280307769775
-0.6499112844467163
-0.4854537844657898
-2.279209852218628
-10.14942741394043
6.55834436416626
3.0344395637512207
4.587244033813477
-6.729700565338135
-13.136889457702637
-4.097990989685059
-2.7617015838623047
-0.7032468318939209
-0.37578752636909485
-0.656638503074646
-1.963120698928833
-10.646247863769531
7.124383449554443
2.7369208335876465
4.053689956665039
-7.1849365234375
-14.162590026855469
-3.8932642936706543
-2.6136655807495117
-0.3612503111362457
-0.10701677203178406
-0.8344541192054749
-1.65745210647583
-11.147552490234375
7.674898147583008
2.4439170360565186
3.522235155105591
-7.63738489151001
-15.182829856872559
-3.7000856399536133
-2.470337152481079
-0.03678300976753235
0.15542542934417725
-1.0186195373535156
-1.3622620105743408
-11.653383255004883
8.209662437438965
2.154583215713501
2.9906134605407715
-8.08811092376709
-16.201265335083008
-3.5185508728027344
-2.3323357105255127
0.26966166496276855
0.4104950726032257
-1.2091236114501953
-1.0775909423828125
-12.164603233337402
8.728946685791016
1.8680074214935303
2.456770420074463
-8.538226127624512
-17.22151756286621
-3.348839282989502
-2.1999082565307617
0.5572444200515747
0.6572393774986267
-1.4057108163833618
-0.8033313155174255
-12.681314468383789
9.232672691345215
1.5829646587371826
1.9185832738876343
-8.988947868347168
-18.24730682373047
-3.1906092166900635
-2.0730292797088623
0.8261275291442871
0.8952882289886475
-1.6082940101623535
-0.5392923355102539
-13.203994750976562
9.720969200134277
1.2988479137420654
1.3747340440750122
-9.44141960144043
-19.281896591186523
-3.0435335636138916
-1.9517855644226074
1.0765093564987183
1.124086856842041
-1.8167502880096436
-0.28533005714416504
-13.733049392700195
10.193883895874023
1.0149544477462769
0.8229044675827026
-9.896817207336426
-20.331235885620117
-2.907487392425537
-1.836390495300293
1.3084594011306763
1.3429405689239502
-2.03047776222229
-0.04145163297653198
-14.26863956451416
10.651012420654297
0.7307125329971313
0.26113009452819824
-10.356245040893555
-21.400659561157227
-2.7822508811950684
-1.7270138263702393
1.5220156908035278
1.5510731935501099
-2.248940944671631
0.19134736061096191
-14.810234069824219
11.09078311920166
0.44564753770828247
-0.31223320960998535
-10.82084846496582
-22.494850158691406
-2.667637586593628
-1.6239051818847656
1.7172131538391113
1.7475910186767578
-2.470254421234131
0.41005539894104004
-15.35445499420166
11.509150505065918
0.159380704164505
-0.8973857164382935
-11.291239738464355
-23.61475372314453
-2.5633227825164795
-1.5274016857147217
1.894120454788208
1.9314289093017578
-2.693502426147461
0.613041341304779
-15.899911880493164
11.903647422790527
-0.12815320491790771
-1.4950368404388428
-11.768142700195312
-24.76303482055664
-2.4693374633789062
-1.4381076097488403
2.0527284145355225
2.1014068126678467
-2.918663501739502
0.7991373538970947
-16.446842193603516
12.273072242736816
-0.4174983501434326
-2.1061501502990723
-12.251928329467773
-25.94170570373535
-2.385565996170044
-1.357258677482605
2.193391799926758
2.2559452056884766
-3.1454994678497314
0.9670680165290833
-16.994930267333984
12.616226196289062
-0.708440363407135
-2.7307844161987305
-12.742923736572266
-27.15131950378418
-2.311814308166504
-1.2861411571502686
2.316481113433838
2.393153667449951
-3.3737635612487793
1.1157746315002441
-17.5433349609375
12.93123722076416
-1.0002422332763672
-3.368243455886841
-13.241469383239746
-28.391948699951172
-2.24832820892334
-1.225888729095459
2.4219284057617188
2.5112476348876953
-3.6032962799072266
1.2443679571151733
-18.091764450073242
13.21642017364502
-1.2932034730911255
-4.018823623657227
-13.74747371673584
-29.663846969604492
-2.1951446533203125
-1.1778830289840698
2.5098400115966797
2.6079578399658203
-3.83406138420105
1.3523257970809937
-18.64048957824707
13.47060775756836
-1.5876822471618652
-4.6831817626953125
-14.26099681854248
-30.968120574951172
-2.152277946472168
-1.1436775922775269
2.5804295539855957
2.6807236671447754
-4.065957069396973
1.4392259120941162
-19.189472198486328
13.692499160766602
-1.8840330839157104
-5.362483024597168
-14.78242015838623
-32.3072509765625
-2.1198537349700928
-1.124727487564087
2.6340420246124268
2.727199077606201
-4.29899787902832
1.5047656297683716
-19.738832473754883
13.8808012008667
-2.182399272918701
-6.057910919189453
-15.311799049377441
-33.68379211425781
-2.0979886054992676
-1.122252106666565
2.6706156730651855
2.7451529502868652
-4.534085750579834
1.5493533611297607
-20.28982925415039
14.035021781921387
-2.483036518096924
-6.771095275878906
-15.849342346191406
-35.101409912109375
-2.0867114067077637
-1.1373426914215088
2.69035005569458
2.7326059341430664
-4.770998477935791
1.5722085237503052
-20.84214210510254
14.153488159179688
-2.7861876487731934
-7.503780364990234
-16.395244598388672
-36.564029693603516
-2.0859851837158203
-1.170984148979187
2.693664312362671
2.6877737045288086
-5.009861946105957
1.5730735063552856
-21.396259307861328
14.235063552856445
-3.092060089111328
-8.257819175720215
-16.949670791625977
-38.075870513916016
-2.0958080291748047
-1.224380373954773
2.6812102794647217
2.6084797382354736
-5.250812530517578
1.551723837852478
-21.95270538330078
14.27868938446045
-3.4007809162139893
-9.035093307495117
-17.512693405151367
-39.641239166259766
-2.116107702255249
-1.2985382080078125
2.6535134315490723
2.492763042449951
-5.49397611618042
1.5078184604644775
-22.511932373046875
14.283051490783691
-3.712463855743408
-9.837616920471191
-18.0843563079834
-41.264747619628906
-2.1467535495758057
-1.3944422006607056
2.6111438274383545
2.338552951812744
-5.739529132843018
1.4410094022750854
-23.074504852294922
14.246831893920898
-4.027195453643799
-10.66750431060791
-18.66460609436035
-42.95124053955078
-2.187602996826172
-1.513174295425415
2.5548126697540283
2.143472909927368
-5.98744535446167
1.3507617712020874
-23.640567779541016
14.16828727722168
-4.344985485076904
-11.526930809020996
-19.25325584411621
-44.70568084716797
-2.2385241985321045
-1.6557114124298096
2.4851624965667725
1.9054268598556519
-6.2369279861450195
1.2365481853485107
-24.210004806518555
14.04556655883789
-4.665854454040527
-12.418288230895996
-19.850061416625977
-46.53349685668945
-2.2993316650390625
-1.823004961013794
2.40286922454834
1.6222941875457764
-6.487850189208984
1.0978288650512695
-24.783031463623047
13.87683391571045
-4.989765644073486
-13.344097137451172
-20.454631805419922
-48.440406799316406
-2.369811534881592
-2.016071319580078
2.3087127208709717
1.2917585372924805
-6.7400946617126465
0.9340314865112305
-25.35993766784668
13.660183906555176
-5.3166279792785645
-14.307016372680664
-21.06642723083496
-50.432437896728516
-2.4497458934783936
-2.2359373569488525
2.2034759521484375
0.9114869236946106
-6.993614673614502
0.7445880174636841
-25.94123649597168
13.393723487854004
-5.646289825439453
-15.309844017028809
-21.68474769592285
-52.515960693359375
-2.5388875007629395
-2.48355770111084
2.087703227996826
0.4790063500404358
-7.248196125030518
0.5287801623344421
-26.527080535888672
13.075213432312012
-5.97853422164917
-16.35553550720215
-22.3087158203125
-54.69768524169922
-2.6369762420654297
-2.759915828704834
1.962266206741333
-0.008007287979125977
-7.503646373748779
0.285888135433197
-27.117725372314453
12.70246410369873
-6.313069820404053
-17.447202682495117
-22.937255859375
-56.98471450805664
-2.743666648864746
-3.065953254699707
1.828261375427246
-0.5519205331802368
-7.759547710418701
0.014806687831878662
-27.712886810302734
12.272090911865234
-6.6495232582092285
-18.58812713623047
-23.569074630737305
-59.384559631347656
-2.858243465423584
-3.40242075920105
1.6870454549789429
-1.1547460556030273
