2
3
-9.001611709594727
-3.8460512161254883
3.939631462097168
-0.893627941608429
3.807706594467163
-2.3568906784057617
7.6935954093933105
5.323599815368652
-0.056003160774707794
0.4846891760826111
-2.6841423511505127
-0.4999796152114868
-8.522322654724121
-3.8132729530334473
4.895485877990723
-0.8070231080055237
3.6748759746551514
-2.1729700565338135
7.2617387771606445
5.626256942749023
-0.19175776839256287
0.3325437307357788
-2.952791690826416
-0.8011875152587891
-8.050313949584961
-3.778935670852661
5.8386383056640625
-0.716969907283783
3.5428390502929688
-1.9928669929504395
6.836019515991211
5.920823574066162
-0.3211616575717926
0.18596777319908142
-3.2078802585601807
-1.0924333333969116
-7.5846781730651855
-3.7431983947753906
6.770418643951416
-0.6237387657165527
3.4119136333465576
-1.816602349281311
6.4170918464660645
6.207283020019531
-0.4442752003669739
0.044665902853012085
-3.4500038623809814
-1.374335527420044
-7.1245341300964355
-3.706204891204834
7.692043304443359
-0.5275823473930359
3.2823033332824707
-1.64424467086792
6.0053534507751465
6.485529899597168
-0.5609726905822754
-0.09171046316623688
-3.6791980266571045
-1.6474995613098145
-6.669004917144775
-3.668146848678589
8.604716300964355
-0.428849995136261
3.1542751789093018
-1.4758565425872803
5.601402759552002
6.755507469177246
-0.671363115310669
-0.22349508106708527
-3.895852565765381
-1.9124846458435059
-6.217172622680664
-3.629054307937622
9.509673118591309
-0.32779911160469055
3.0280063152313232
-1.311625361442566
5.205729007720947
7.017068862915039
-0.7756322622299194
-0.3510006070137024
-4.100567817687988
-2.1698367595672607
-5.768320083618164
-3.5888638496398926
10.408027648925781
-0.22454921901226044
2.903585910797119
-1.1519821882247925
4.818774223327637
7.269973278045654
-0.87453293800354
-0.4747573137283325
-4.293907165527344
-2.4200925827026367
-5.321591854095459
-3.5476250648498535
11.300930976867676
-0.11933096498250961
2.781344413757324
-0.9970704317092896
4.441311359405518
7.51420783996582
-0.96811443567276
-0.5950513482093811
-4.476086139678955
-2.6637539863586426
-4.876193523406982
-3.505483865737915
12.189491271972656
-0.012386627495288849
2.6617045402526855
-0.8469074964523315
4.074295520782471
7.74997615814209
-1.0563164949417114
-0.7121524810791016
-4.647069931030273
-2.901271343231201
-4.430988788604736
-3.4626758098602295
13.0750150680542
0.09589280188083649
2.5449697971343994
-0.701556921005249
3.7183830738067627
7.977379322052002
-1.138895869255066
-0.8262380957603455
-4.806842803955078
-3.133063316345215
-3.985034465789795
-3.419252872467041
13.958625793457031
0.20523589849472046
2.431492328643799
-0.561095118522644
3.37422513961792
8.196419715881348
-1.2157965898513794
-0.9375548958778381
-4.955440044403076
-3.359574794769287
-3.5367164611816406
-3.3753349781036377
14.841708183288574
0.3151892125606537
2.321678638458252
-0.4255581498146057
3.042534828186035
8.407175064086914
-1.286901593208313
-1.046337366104126
-5.092721462249756
-3.581192970275879
-3.084867477416992
-3.330927610397339
15.725369453430176
0.42543190717697144
2.215932607650757
-0.29497960209846497
2.7240288257598877
8.609715461730957
-1.3522616624832153
-1.152921199798584
-5.218511581420898
-3.7983412742614746
-2.628361463546753
-3.286050319671631
16.610679626464844
0.5356248617172241
2.114685535430908
-0.1694553792476654
2.419412851333618
8.804032325744629
-1.4120993614196777
-1.2577135562896729
-5.332463264465332
-4.011373996734619
-2.1661078929901123
-3.240739107131958
17.498672485351562
0.6454041004180908
2.0184733867645264
-0.04891388118267059
2.1296303272247314
8.990527153015137
-1.466138243675232
-1.36080801486969
-5.434141159057617
-4.220612049102783
-1.6970341205596924
-3.1950478553771973
18.390392303466797
0.7543672323226929
1.9275457859039307
0.06652741134166718
1.8554006814956665
9.16934871673584
-1.514180302619934
-1.4624272584915161
-5.5230865478515625
-4.426395893096924
-1.2203502655029297
-3.1489806175231934
19.28640365600586
0.862182080745697
1.8420623540878296
0.17662593722343445
1.5974183082580566
9.340485572814941
-1.5558255910873413
-1.5627368688583374
-5.598235130310059
-4.62883186340332
-0.7354574799537659
-3.1025116443634033
20.187044143676758
0.9685962796211243
1.762520432472229
0.28144776821136475
1.3563998937606812
9.504091262817383
-1.5907624959945679
-1.6618863344192505
-5.658737659454346
-4.8280229568481445
-0.24228644371032715
-3.0555758476257324
21.09175682067871
1.0732531547546387
1.68944251537323
0.38115841150283813
1.133093237876892
9.66050910949707
-1.6186134815216064
-1.7600313425064087
-5.7036943435668945
-5.024023532867432
0.2591401934623718
-3.0082080364227295
21.999284744262695
1.175631046295166
1.6233301162719727
0.4758819341659546
0.9282168745994568
9.809965133666992
-1.6389812231063843
-1.8573638200759888
-5.732146263122559
-5.21702766418457
0.7690346837043762
-2.960547685623169
22.90892791748047
1.2751977443695068
1.5646413564682007
0.5659061074256897
0.7425507307052612
9.953195571899414
-1.6514654159545898
-1.9540677070617676
-5.743144989013672
-5.407216548919678
1.286858320236206
-2.9125540256500244
23.819002151489258
1.3716449737548828
1.513855218887329
0.651096522808075
0.5768234133720398
10.089924812316895
-1.655696988105774
-2.0503344535827637
-5.7358174324035645
-5.594738960266113
1.8116731643676758
-2.8641107082366943
24.727750778198242
1.4646676778793335
1.4715067148208618
0.731338620185852
0.43187862634658813
10.219922065734863
-1.6512547731399536
-2.146329879760742
-5.709239959716797
-5.779735565185547
2.3435616493225098
-2.8154196739196777
25.63517189025879
1.5538166761398315
1.4381414651870728
0.806683361530304
0.30845779180526733
10.343201637268066
-1.6377698183059692
-2.2422609329223633
-5.66282844543457
-5.962538719177246
2.8821449279785156
-2.7667319774627686
26.540027618408203
1.6385022401809692
1.4141788482666016
0.877236545085907
0.20727892220020294
10.460061073303223
-1.6149053573608398
-2.338409185409546
-5.596231460571289
-6.143675804138184
3.4270098209381104
-2.718278169631958
27.441394805908203
1.7182306051254272
1.4001712799072266
0.9429706335067749
0.12922680377960205
10.570425987243652
-1.5822428464889526
-2.43495774269104
-5.508522987365723
-6.323285102844238
3.977667808532715
-2.670295238494873
28.337709426879883
1.7925498485565186
1.396630883216858
1.0036057233810425
0.07544703781604767
10.673848152160645
-1.539172887802124
-2.5320076942443848
-5.398989200592041
-6.5016632080078125
4.534171104431152
-2.6231961250305176
29.228918075561523
1.8608955144882202
1.4039947986602783
1.059018611907959
0.04687189683318138
10.77021598815918
-1.484907627105713
-2.6293678283691406
-5.26699686050415
-6.679024696350098
5.09674072265625
-2.577346086502075
30.115571975708008
1.9228259325027466
1.4228469133377075
1.1090527772903442
0.0443742536008358
10.859016418457031
-1.4190853834152222
-2.7272396087646484
-5.111849308013916
-6.855698585510254
5.665410041809082
-2.5330867767333984
30.997482299804688
1.978008508682251
1.4537423849105835
1.1536725759506226
0.0688536986708641
10.939900398254395
-1.3413174152374268
-2.825822114944458
-4.932766914367676
-7.0319623947143555
6.240157604217529
-2.490734815597534
31.87466812133789
2.026012897491455
1.4971870183944702
1.1929104328155518
0.12110809981822968
11.012784957885742
-1.2511630058288574
-2.925337076187134
-4.728885173797607
-7.208132743835449
6.821176528930664
-2.450627088546753
32.747711181640625
2.066401958465576
1.5536024570465088
1.2268743515014648
0.20187106728553772
11.077816009521484
-1.148224115371704
-3.0259997844696045
-4.499368667602539
-7.38451623916626
7.408684253692627
-2.4131009578704834
33.617332458496094
2.0987257957458496
1.6234484910964966
1.2555042505264282
0.31163710355758667
11.134571075439453
-1.0321612358093262
-3.1280694007873535
-4.243412971496582
-7.5614800453186035
8.002908706665039
-2.3785018920898438
34.48435592651367
2.1225266456604004
1.7070684432983398
1.2786585092544556
0.4511852264404297
11.182793617248535
-0.9029301404953003
-3.2320165634155273
-3.960314989089966
-7.739688873291016
8.604070663452148
-2.347182273864746
35.349639892578125
2.137340545654297
1.8048115968704224
1.2963082790374756
0.621174693107605
11.2223539352417
-0.760155200958252
-3.3381147384643555
-3.6489877700805664
-7.9193549156188965
9.212333679199219
-2.3194851875305176
36.213958740234375
2.1427178382873535
1.9170931577682495
1.3084557056427002
0.8223177194595337
11.253128051757812
-0.6033768653869629
-3.446629047393799
-3.3086559772491455
-8.101022720336914
9.827985763549805
-2.2957677841186523
37.078372955322266
2.1381895542144775
2.0443265438079834
1.3150933980941772
1.0553350448608398
11.274971961975098
-0.4321584105491638
-3.557847738265991
-2.938446521759033
-8.285202026367188
10.451659202575684
-2.2763330936431885
37.94440841674805
2.1232903003692627
2.186885356903076
1.3163708448410034
1.3207638263702393
11.288066864013672
-0.24602001905441284
-3.672053098678589
-2.537473678588867
-8.47238540649414
11.083769798278809
-2.2614827156066895
38.81263732910156
2.097405433654785
2.345111846923828
1.3123176097869873
1.619164228439331
11.292308807373047
-0.04442515969276428
-3.7895843982696533
-2.104626417160034
-8.663141250610352
