2
3
-0.270391583442688
8.586139678955078
0.8457353711128235
-5.957238674163818
-1.6516245603561401
-2.2176122665405273
-7.74803352355957
0.27085667848587036
-0.022832807153463364
8.674636840820312
-0.22540974617004395
-4.318717956542969
-0.27187275886535645
8.189887046813965
0.9709329605102539
-6.701450824737549
-1.733148217201233
-1.7322348356246948
-8.102216720581055
1.1452628374099731
-0.058271583169698715
8.30720043182373
-0.18101906776428223
-5.003650188446045
-0.27311232686042786
7.8026347160339355
1.094780683517456
-7.431255340576172
-1.8187085390090942
-1.2619798183441162
-8.457924842834473
1.9964375495910645
-0.09386339783668518
7.95043420791626
-0.13889554142951965
-5.672094345092773
-0.27376627922058105
7.421738624572754
1.2183468341827393
-8.150318145751953
-1.90847647190094
-0.8070943355560303
-8.81524658203125
2.823133945465088
-0.12938082218170166
7.6022820472717285
-0.09832216799259186
-6.327356815338135
-0.2734951674938202
7.044459819793701
1.3427116870880127
-8.862186431884766
-2.0022201538085938
-0.36760592460632324
-9.173640251159668
3.624713897705078
-0.16458429396152496
7.260542392730713
-0.05850537121295929
-6.9725871086120605
-0.2719830870628357
6.668152809143066
1.468942403793335
-9.570226669311523
-2.0998120307922363
0.05636364221572876
-9.53273868560791
4.400382995605469
-0.19924990832805634
6.92286491394043
-0.01861725002527237
-7.610931396484375
-0.26894116401672363
6.290426731109619
1.5980520248413086
-10.27761459350586
-2.2013609409332275
0.4646032452583313
-9.892607688903809
5.149245262145996
-0.2331508845090866
6.5868425369262695
0.022212404757738113
-8.245548248291016
-0.26410335302352905
5.909194469451904
1.7309921979904175
-10.987373352050781
-2.306610345840454
0.8569409847259521
-10.252668380737305
5.870453357696533
-0.26609060168266296
6.25018835067749
0.06480038166046143
-8.87947940826416
-0.257264107465744
5.522644519805908
1.8686130046844482
-11.702510833740234
-2.4149327278137207
1.2330186367034912
-10.611679077148438
6.562867164611816
-0.29790279269218445
5.910795211791992
0.1099061369895935
-9.51568603515625
-0.24817779660224915
5.129323959350586
2.0117831230163574
-12.425801277160645
-2.526092052459717
1.592442274093628
-10.96897029876709
7.225292682647705
-0.3283821940422058
5.566832542419434
0.15831096470355988
-10.156946182250977
-0.23653502762317657
4.7279438972473145
2.1615147590637207
-13.16011905670166
-2.6402475833892822
1.9350085258483887
-11.325189590454102
7.857157230377197
-0.35733291506767273
5.216758728027344
0.21074220538139343
-10.805835723876953
-0.22189992666244507
4.317173480987549
2.319157600402832
-13.90892219543457
-2.7573626041412354
2.260519027709961
-11.680516242980957
8.457796096801758
-0.38460999727249146
4.859275817871094
0.26780539751052856
-11.46476936340332
-0.20389580726623535
3.8954806327819824
2.486126184463501
-14.676196098327637
-2.877633571624756
2.5689425468444824
-12.035602569580078
9.027177810668945
-0.4099201261997223
4.4931230545043945
0.33044862747192383
-12.136579513549805
-0.1824643462896347
3.461101531982422
2.6636650562286377
-15.46513557434082
-3.0006961822509766
2.860048294067383
-12.390265464782715
9.564875602722168
-0.4331431984901428
4.116507530212402
0.3998463749885559
-12.824779510498047
-0.1573786586523056
3.0125253200531006
2.85319185256958
-16.278772354125977
-3.1258275508880615
3.1333088874816895
-12.743764877319336
10.069942474365234
-0.454226016998291
3.727689266204834
0.4771396517753601
-13.532572746276855
-0.12863117456436157
2.549377918243408
3.0554778575897217
-17.118072509765625
-3.2517499923706055
3.3855745792388916
-13.093268394470215
10.53909683227539
-0.47293204069137573
3.325495958328247
0.5633385181427002
-14.262529373168945
-0.09604346752166748
2.0711419582366943
3.271338701248169
-17.984424591064453
-3.3761463165283203
3.6127445697784424
-13.434684753417969
10.967506408691406
-0.4891491234302521
2.9094583988189697
0.6592884659767151
-15.015996932983398
-0.05917380750179291
1.576634407043457
3.5022244453430176
-18.880577087402344
-3.497343063354492
3.8122076988220215
-13.764591217041016
11.3508882522583
-0.5026732087135315
2.4789278507232666
0.7658723592758179
-15.794660568237305
-0.017356645315885544
1.064604640007019
3.749838352203369
-19.809711456298828
-3.6147496700286865
3.9825522899627686
-14.081621170043945
11.68697738647461
-0.5131109952926636
2.032808542251587
0.8843162655830383
-16.601003646850586
0.030242733657360077
0.5339716672897339
4.015940189361572
-20.775041580200195
-3.7280759811401367
4.122757434844971
-14.384542465209961
11.973925590515137
-0.51984703540802
1.5699596405029297
1.0160577297210693
-17.437780380249023
0.08431027829647064
-0.01694554090499878
4.302650451660156
-21.780305862426758
-3.837261438369751
4.232192516326904
-14.67304801940918
12.210532188415527
-0.5221697092056274
1.0892528295516968
1.1625723838806152
-18.3078556060791
0.14561671018600464
-0.5899291038513184
4.612298965454102
-22.829540252685547
-3.9422264099121094
4.310697555541992
-14.946892738342285
12.395792007446289
-0.519497811794281
0.5892063975334167
1.325581431388855
-19.214553833007812
0.21496260166168213
-1.1868149042129517
4.947352886199951
-23.926837921142578
-4.042570114135742
4.357876300811768
-15.205039978027344
12.527938842773438
-0.5111631751060486
0.06836020946502686
1.5069379806518555
-20.16132164001465
0.2931813895702362
-1.8094255924224854
5.310271263122559
-25.076026916503906
-4.1377692222595215
4.373256683349609
-15.445911407470703
12.60487174987793
-0.4964856803417206
-0.47490525245666504
1.7086690664291382
-21.15165901184082
0.3812847435474396
-2.4598681926727295
5.704014301300049
-26.28180503845215
-4.227330684661865
4.356395721435547
-15.667899131774902
12.62453842163086
-0.47476205229759216
-1.042248010635376
1.9328497648239136
-22.18897247314453
0.48038050532341003
-3.140380382537842
6.131798267364502
-27.549182891845703
-4.311078071594238
4.307138919830322
-15.870231628417969
12.585585594177246
-0.4451524615287781
-1.635537028312683
2.181926727294922
-23.277307510375977
0.5917642116546631
-3.853523015975952
6.597179412841797
-28.88392448425293
-4.389078617095947
4.2255096435546875
-16.052391052246094
12.486903190612793
-0.4067381024360657
-2.2567524909973145
2.458540678024292
-24.42096710205078
0.7167498469352722
-4.601714134216309
7.103854656219482
-30.291576385498047
-4.460779666900635
4.11090612411499
-16.21291160583496
12.326525688171387
-0.3585371971130371
-2.9079396724700928
2.7654802799224854
-25.624353408813477
0.8567184209823608
-5.387176036834717
7.655453205108643
-31.777835845947266
-4.526108264923096
3.9631521701812744
-16.351051330566406
12.103187561035156
-0.29944178462028503
-3.5913054943084717
3.105780839920044
-26.892366409301758
1.0131453275680542
-6.212547302246094
8.25607681274414
-33.348785400390625
-4.5845441818237305
3.7816104888916016
-16.465282440185547
11.81485366821289
-0.22824712097644806
-4.309131622314453
3.482705593109131
-28.23013687133789
1.1877208948135376
-7.080683708190918
8.910406112670898
-35.01117706298828
-4.635409355163574
3.565458059310913
-16.553884506225586
11.459304809570312
-0.14365480840206146
-5.063889503479004
3.899919033050537
-29.643068313598633
1.3822882175445557
-7.994592189788818
9.623506546020508
-36.77220153808594
-4.677968978881836
3.3137693405151367
-16.614990234375
11.034139633178711
-0.044243961572647095
-5.858214378356934
4.361419677734375
-31.13692855834961
1.598825216293335
-8.957395553588867
10.400763511657715
-38.639381408691406
-4.711414337158203
3.0254883766174316
-16.646575927734375
10.536734580993652
0.07154181599617004
-6.69489860534668
4.871565818786621
-32.71784973144531
1.8394607305526733
-9.972369194030762
11.247934341430664
-40.62069320678711
-4.7348809242248535
2.6994524002075195
-16.646459579467773
9.964276313781738
0.20540595054626465
-7.576900005340576
5.435105800628662
-34.39236068725586
2.1065335273742676
-11.04297924041748
12.171303749084473
-42.72476577758789
-4.747638702392578
2.3345534801483154
-16.61275863647461
9.31410026550293
0.35921114683151245
-8.507349014282227
6.057211399078369
-36.16741180419922
2.4025702476501465
-12.172850608825684
13.177608489990234
-44.96076965332031
-4.748868465423584
1.9295399188995361
-16.543344497680664
8.583227157592773
0.5349816083908081
-9.489788055419922
6.743640899658203
-38.0509033203125
2.7302913665771484
-13.365776062011719
14.274056434631348
-47.33845138549805
-4.737272262573242
1.4826533794403076
-16.435239791870117
7.767796516418457
0.7349427938461304
-10.527778625488281
7.500567436218262
-40.050838470458984
3.0926249027252197
-14.625711441040039
15.468347549438477
-49.86817932128906
-4.710497856140137
0.9912856817245483
-16.284212112426758
6.863105773925781
0.9614875912666321
-11.624698638916016
8.334210395812988
-42.175662994384766
3.4927170276641846
-15.95678997039795
16.768714904785156
-52.560935974121094
-4.66737174987793
0.45386719703674316
-16.087465286254883
5.865567207336426
1.2172125577926636
-12.78418254852295
9.25139045715332
-44.4344596862793
3.9338836669921875
-17.36318588256836
18.183725357055664
-55.428104400634766
-4.606600284576416
-0.13128578662872314
-15.84175968170166
4.771302223205566
1.5049573183059692
-14.010303497314453
10.25979232788086
-46.83698272705078
