2
3
-5.802435874938965
-6.402395248413086
-7.365769386291504
-4.00261926651001
4.095228672027588
-4.133312225341797
3.8186745643615723
-5.766447067260742
4.692692279815674
-4.96809720993042
2.425962448120117
3.0533406734466553
-6.019901752471924
-6.4792399406433105
-6.206684112548828
-4.0497002601623535
4.312160968780518
-4.616987705230713
3.2050981521606445
-5.675443172454834
4.830334663391113
-4.504682540893555
1.348287582397461
2.7404239177703857
-6.115279197692871
-6.579813003540039
-5.0319037437438965
-4.103599548339844
4.476273059844971
-5.069292068481445
2.593088150024414
-5.521925926208496
4.842674732208252
-4.069863796234131
0.3874624967575073
2.37178897857666
-6.094544410705566
-6.704683303833008
-3.8924994468688965
-4.154428482055664
4.584778308868408
-5.477648735046387
2.0001416206359863
-5.32857608795166
4.7393574714660645
-3.6680986881256104
-0.4420374035835266
1.9477157592773438
-5.970643043518066
-6.845293045043945
-2.8192384243011475
-4.202084064483643
4.640734672546387
-5.830521583557129
1.4052424430847168
-5.115882873535156
4.550942897796631
-3.309117078781128
-1.1759438514709473
1.4766759872436523
-5.75531005859375
-6.9858717918396
-1.8311617374420166
-4.261277198791504
4.649290561676025
-6.115270137786865
0.8007297515869141
-4.910670757293701
4.302829742431641
-2.9971702098846436
-1.8416788578033447
0.9668418169021606
-5.465585231781006
-7.133249282836914
-0.9188797473907471
-4.312648296356201
4.619746208190918
-6.316534042358398
0.17431437969207764
-4.742983341217041
4.011505603790283
-2.7304599285125732
-2.435382127761841
0.4230385422706604
-5.117820739746094
-7.288834571838379
-0.07256877422332764
-4.342373371124268
4.551755905151367
-6.4479780197143555
-0.45083242654800415
-4.605218410491943
3.6896066665649414
-2.5040555000305176
-2.9474029541015625
-0.14994043111801147
-4.721286773681641
-7.449821472167969
0.7052509784698486
-4.34517765045166
4.44317626953125
-6.529057025909424
-1.0658702850341797
-4.484679698944092
3.344921112060547
-2.323218822479248
-3.366934061050415
-0.7423470616340637
-4.283712387084961
-7.611252307891846
1.408970594406128
-4.319666385650635
4.290815830230713
-6.568987846374512
-1.6642570495605469
-4.383067607879639
2.991577625274658
-2.184147596359253
-3.707852840423584
-1.3617281913757324
-3.811990737915039
-7.767361164093018
2.029879093170166
-4.266051769256592
4.095196723937988
-6.573039531707764
-2.2347779273986816
-4.308316707611084
2.638254165649414
-2.0889625549316406
-3.974841356277466
-2.003060817718506
-3.3137447834014893
-7.91413688659668
2.5571274757385254
-4.183398723602295
3.86088490486145
-6.546640872955322
-2.7677271366119385
-4.270073890686035
2.289294481277466
-2.0395936965942383
-4.169747829437256
-2.6572232246398926
-2.79661226272583
-8.047781944274902
2.9817168712615967
-4.072027206420898
3.591867446899414
-6.4956560134887695
-3.255626916885376
-4.2723708152771
1.9488024711608887
-2.035170555114746
-4.294167518615723
-3.3189806938171387
-2.2690939903259277
-8.164154052734375
3.299248218536377
-3.9343442916870117
3.294034004211426
-6.426661491394043
-3.6928012371063232
-4.3155107498168945
1.623420000076294
-2.0747740268707275
-4.349943161010742
-3.984149217605591
-1.7397360801696777
-8.25955581665039
3.5085418224334717
-3.7730231285095215
2.974135398864746
-6.34613037109375
-4.07570743560791
-4.398673057556152
1.3192601203918457
-2.1577260494232178
-4.343111515045166
-4.647368431091309
-1.2152646780014038
-8.330001831054688
3.6054348945617676
-3.5938827991485596
2.638444662094116
-6.260159969329834
-4.40087890625
-4.522259712219238
1.0406421422958374
-2.2830324172973633
-4.281785488128662
-5.302421569824219
-0.70596843957901
-8.371244430541992
3.5991432666778564
-3.4036619663238525
2.2938289642333984
-6.174707412719727
-4.666024684906006
-4.684451103210449
0.7906314730644226
-2.449500799179077
-4.173882484436035
-5.94394063949585
-0.21921411156654358
-8.380541801452637
3.4943251609802246
-3.208495855331421
1.9465787410736084
-6.094710350036621
-4.870105743408203
-4.8824310302734375
0.5705206990242004
-2.6559786796569824
-4.027422904968262
-6.566551685333252
0.23952382802963257
-8.355707168579102
3.2939915657043457
-3.018000841140747
1.6022818088531494
-6.024598121643066
-5.0140061378479
-5.113149642944336
0.3810034990310669
-2.9019722938537598
-3.851048707962036
-7.164180755615234
0.6641724705696106
-8.295266151428223
3.005624532699585
-2.842642068862915
1.2656704187393188
-5.968710899353027
-5.101473808288574
-5.372269630432129
0.2220185101032257
-3.187673807144165
-3.6548399925231934
-7.730171203613281
1.0475099086761475
-8.199480056762695
2.6455774307250977
-2.69340181350708
0.9404367208480835
-5.931082725524902
-5.138400554656982
-5.654363632202148
0.09303116798400879
-3.5128579139709473
-3.4490950107574463
-8.258034706115723
1.3837032318115234
-8.067825317382812
2.225189685821533
-2.5799050331115723
0.630119800567627
-5.915080547332764
-5.132070064544678
-5.954965591430664
-0.008518531918525696
-3.875152349472046
-3.239490509033203
-8.743697166442871
1.6672799587249756
-7.899808406829834
1.7603890895843506
-2.513782501220703
0.33733999729156494
-5.92289924621582
-5.0867486000061035
-6.271295070648193
-0.08641421794891357
-4.269515037536621
-3.024799346923828
-9.186405181884766
1.89447021484375
-7.6980695724487305
1.2691233158111572
-2.506871461868286
0.06358462572097778
-5.954539775848389
-5.001989364624023
-6.602643966674805
-0.14362718164920807
-4.68965482711792
-2.8016357421875
-9.586051940917969
2.065760374069214
-7.469543933868408
0.7609443664550781
-2.566115617752075
-0.1902075707912445
-6.009484767913818
-4.875781059265137
-6.948947429656982
-0.18119953572750092
-5.130423069000244
-2.5722429752349854
-9.940666198730469
2.183680295944214
-7.223150253295898
0.24146270751953125
-2.6952927112579346
-0.4219525158405304
-6.08636474609375
-4.7073750495910645
-7.311383247375488
-0.19984106719493866
-5.586601734161377
-2.3412117958068848
-10.250165939331055
2.2489538192749023
-6.966156482696533
-0.2791585326194763
-2.8975470066070557
-0.6280478239059448
-6.184924125671387
-4.499654769897461
-7.689718246459961
-0.20074307918548584
-6.0520195960998535
-2.1118619441986084
-10.516742706298828
2.2631969451904297
-6.70485258102417
-0.7885082960128784
-3.1756906509399414
-0.8046298623085022
-6.304554462432861
-4.25792121887207
-8.083294868469238
-0.18489809334278107
-6.520400524139404
-1.8879261016845703
-10.743266105651855
2.2291347980499268
-6.446257591247559
-1.2747480869293213
-3.531381130218506
-0.9498589038848877
-6.444467544555664
-3.9882218837738037
-8.48991870880127
-0.15303544700145721
-6.985189437866211
-1.675325632095337
-10.933485984802246
2.1510496139526367
-6.1975555419921875
-1.7282359600067139
-3.963686466217041
-1.062626600265503
-6.6035661697387695
-3.6998391151428223
-8.908670425415039
-0.10586757957935333
-7.438403129577637
-1.4826306104660034
-11.097944259643555
2.0342659950256348
-5.96586799621582
-2.141298532485962
-4.469269752502441
-1.1419994831085205
-6.779808044433594
-3.404627799987793
-9.339643478393555
-0.04345212131738663
-7.870972633361816
-1.3207283020019531
-11.249911308288574
1.8843212127685547
-5.757425308227539
-2.5064969062805176
-5.0435919761657715
-1.18747878074646
-6.969053745269775
-3.1163458824157715
-9.786569595336914
0.0341007262468338
-8.273482322692871
-1.2011715173721313
-11.406692504882812
1.7073094844818115
-5.577463626861572
-2.8180317878723145
-5.680736541748047
-1.201242446899414
-7.167791843414307
-2.845412492752075
-10.253192901611328
0.12440405786037445
-8.639730453491211
-1.1299399137496948
-11.583192825317383
1.5096549987792969
-5.43019437789917
-3.0724406242370605
-6.373966693878174
-1.1890513896942139
-7.37781286239624
-2.5914502143859863
-10.736262321472168
0.21983599662780762
-8.972466468811035
-1.0996661186218262
-11.781551361083984
1.2976549863815308
-5.319076061248779
-3.2685701847076416
-7.117180347442627
-1.1560947895050049
-7.600125312805176
-2.3535568714141846
-11.234251976013184
0.3146534562110901
-9.272153854370117
-1.1051691770553589
-12.009051322937012
1.0775980949401855
-5.246527671813965
-3.4079532623291016
-7.905213832855225
-1.1064722537994385
-7.833948612213135
-2.131239891052246
-11.748380661010742
0.40278419852256775
-9.54043960571289
-1.1373863220214844
-12.272374153137207
0.8555723428726196
-5.2139787673950195
-3.49408221244812
-8.734543800354004
-1.0442445278167725
-8.078320503234863
-1.9233238697052002
-12.281599998474121
0.47955024242401123
-9.779691696166992
-1.187138319015503
-12.57858657836914
0.6366208791732788
-5.222573280334473
-3.530604362487793
-9.601543426513672
-0.9730380773544312
-8.331298828125
-1.7272155284881592
-12.83827018737793
0.5421876907348633
-9.992716789245605
-1.2469520568847656
-12.934195518493652
0.4248166084289551
-5.273735523223877
-3.520969867706299
-10.502374649047852
-0.896065354347229
-8.591239929199219
-1.5393444299697876
-13.423142433166504
0.5891249179840088
-10.183459281921387
-1.3094536066055298
-13.345133781433105
0.222854882478714
-5.36790657043457
-3.46785044670105
-11.434110641479492
-0.8153899908065796
-8.856240272521973
-1.3570902347564697
-14.042520523071289
0.620262622833252
-10.35636043548584
-1.3681741952896118
-13.81734848022461
