2
3
-8.197168350219727
1.3664363622665405
6.717650890350342
-4.535261154174805
2.8093786239624023
-3.077230930328369
-0.9832849502563477
0.2560720443725586
-5.517939567565918
-1.299498438835144
5.592616558074951
-8.069634437561035
-7.808348655700684
1.052196979522705
7.612814903259277
-5.112739562988281
2.4431283473968506
-2.8826513290405273
-1.809706449508667
0.6163212656974792
-5.2813191413879395
-1.5329620838165283
6.137790679931641
-8.477886199951172
-7.422112464904785
0.7382444143295288
8.505175590515137
-5.689416885375977
2.084573984146118
-2.701676607131958
-2.6133275032043457
0.950800895690918
-5.0436882972717285
-1.7729779481887817
6.689134120941162
-8.89431095123291
-7.036623001098633
0.4220260977745056
9.398018836975098
-6.268308162689209
1.7340530157089233
-2.5345535278320312
-3.393745183944702
1.2591983079910278
-4.80397367477417
-2.0208852291107178
7.248973369598389
-9.321105003356934
-6.650013446807861
0.10111558437347412
10.294689178466797
-6.852367401123047
1.3919259309768677
-2.381606340408325
-4.150485992431641
1.5409964323043823
-4.56087064743042
-2.277906894683838
7.819960117340088
-9.760870933532715
-6.260426044464111
-0.22673708200454712
11.198532104492188
-7.4445414543151855
1.0585472583770752
-2.243164300918579
-4.883101940155029
1.7957398891448975
-4.313272953033447
-2.544853687286377
8.4041166305542
-10.215323448181152
-5.866066932678223
-0.5635256767272949
12.112756729125977
-8.047577857971191
0.7344147562980652
-2.119638681411743
-5.590733528137207
2.0226051807403564
-4.060150146484375
-2.8226590156555176
9.003572463989258
-10.686391830444336
-5.464964866638184
-0.911247730255127
13.041133880615234
-8.664803504943848
0.4201708436012268
-2.0115344524383545
-6.272363662719727
2.2205698490142822
-3.8004465103149414
-3.112212896347046
9.620542526245117
-11.176039695739746
-5.055054664611816
-1.2718946933746338
13.98782730102539
-9.299989700317383
0.11649906635284424
-1.9196298122406006
-6.926926136016846
2.3882603645324707
-3.5331833362579346
-3.4143314361572266
10.257299423217773
-11.685904502868652
-4.6344780921936035
-1.6471080780029297
14.956461906433105
-9.956231117248535
-0.175927996635437
-1.8450616598129272
-7.55322265625
2.5242834091186523
-3.2574234008789062
-3.7296252250671387
10.915762901306152
-12.2174711227417
-4.201437473297119
-2.038336753845215
15.950571060180664
-10.636537551879883
-0.4564891457557678
-1.788493037223816
-8.150328636169434
2.6276400089263916
-2.972136974334717
-4.059121608734131
11.598210334777832
-12.77286148071289
-3.75416898727417
-2.4469871520996094
16.973651885986328
-11.343984603881836
-0.7244629859924316
-1.750664472579956
-8.7172269821167
2.6971020698547363
-2.6762328147888184
-4.404064655303955
12.307119369506836
-13.35443115234375
-3.291212320327759
-2.874141216278076
18.02852439880371
-12.080757141113281
-0.9787582755088806
-1.732609510421753
-9.252324104309082
2.730886697769165
-2.3685288429260254
-4.765652179718018
13.045195579528809
-13.964686393737793
-2.8111214637756348
-3.320796489715576
19.11809730529785
-12.8492431640625
-1.2183600664138794
-1.7352826595306396
-9.754006385803223
2.727301597595215
-2.0477828979492188
-5.145143508911133
13.815278053283691
-14.606314659118652
-2.312248945236206
-3.7883403301239014
20.245803833007812
-13.652477264404297
-1.442241907119751
-1.7596136331558228
-10.220392227172852
2.6844942569732666
-1.7127307653427124
-5.543754577636719
14.620260238647461
-15.282018661499023
-1.7930173873901367
-4.278210639953613
21.414854049682617
-14.493515014648438
-1.6487804651260376
-1.8069944381713867
-10.648554801940918
2.5998191833496094
-1.3622170686721802
-5.962555885314941
15.46274185180664
-15.994230270385742
-1.2519181966781616
-4.791672229766846
22.62836456298828
-15.375410079956055
-1.836221694946289
-1.8786801099777222
-11.035331726074219
2.4707677364349365
-0.9949558973312378
-6.402732849121094
16.345678329467773
-16.74597930908203
-0.6875115633010864
-5.330087661743164
23.889413833618164
-16.301563262939453
-2.002936601638794
-1.9758044481277466
-11.37761116027832
2.2948732376098633
-0.6093432307243347
-6.866017818450928
17.272916793823242
-17.541086196899414
-0.09840977191925049
-5.894676685333252
25.2004337310791
-17.27524757385254
-2.147390842437744
-2.099360942840576
-11.672333717346191
2.069796085357666
-0.203842431306839
-7.354006767272949
18.24816131591797
-18.383041381835938
0.5166242122650146
-6.486194133758545
26.5629940032959
-18.29973602294922
-2.2678937911987305
-2.250568389892578
-11.915385246276855
1.7927595376968384
0.22319015860557556
-7.86816930770874
19.275346755981445
-19.275659561157227
1.1593413352966309
-7.106441974639893
27.980541229248047
-19.379194259643555
-2.362948179244995
-2.430406093597412
-12.102960586547852
1.4613137245178223
0.6730598211288452
-8.409573554992676
20.357101440429688
-20.221982955932617
1.831472635269165
-7.757168769836426
29.456520080566406
-20.517637252807617
-2.4313852787017822
-2.6395747661590576
-12.2322359085083
1.0735535621643066
1.1473407745361328
-8.979859352111816
21.497026443481445
-21.22563934326172
2.535017251968384
-8.440312385559082
30.995492935180664
-21.719600677490234
-2.472248077392578
-2.8787262439727783
-12.300700187683105
0.6276556849479675
1.6477363109588623
-9.580753326416016
22.699077606201172
-22.290538787841797
3.2720518112182617
-9.157997131347656
32.6016731262207
-22.9897403717041
-2.484912157058716
-3.148512363433838
-12.30615520477295
0.12182658910751343
2.176510810852051
-10.214824676513672
23.968202590942383
-23.421581268310547
4.044765949249268
-9.912552833557129
34.27974319458008
-24.3332576751709
-2.468379497528076
-3.449796438217163
-12.245624542236328
-0.44613271951675415
2.7357568740844727
-10.884298324584961
25.309215545654297
-24.623655319213867
4.855435371398926
-10.706459999084473
36.034610748291016
-25.755647659301758
-2.421687364578247
-3.7835190296173096
-12.116249084472656
-1.078399419784546
3.327632427215576
-11.591429710388184
26.72703742980957
-25.90186882019043
5.7065043449401855
-11.542424201965332
37.87165451049805
-27.262874603271484
-2.344226837158203
-4.150650501251221
-11.916175842285156
-1.776916742324829
3.9544360637664795
-12.338634490966797
28.226932525634766
-27.26180648803711
6.60056209564209
-12.423327445983887
39.796634674072266
-28.86122703552246
-2.235200881958008
-4.55225944519043
-11.642782211303711
-2.5438389778137207
4.61865758895874
-13.128631591796875
29.814678192138672
-28.709529876708984
7.540194511413574
-13.352128982543945
41.815635681152344
-30.557395935058594
-2.0943522453308105
-4.989051818847656
-11.294519424438477
-3.38057804107666
5.322949409484863
-13.964344024658203
31.496402740478516
-30.251550674438477
8.528278350830078
-14.332110404968262
43.93521499633789
-32.3586311340332
-1.9210151433944702
-5.461968898773193
-10.86887264251709
-4.289329528808594
6.070115566253662
-14.848905563354492
33.278594970703125
-31.894859313964844
9.567935943603516
-15.36685848236084
46.1624755859375
-34.27273941040039
-1.713814377784729
-5.972668647766113
-10.361889839172363
-5.273308753967285
6.8630595207214355
-15.785653114318848
35.16777038574219
-33.64656448364258
10.662525177001953
-16.460269927978516
48.505157470703125
-36.3081169128418
-1.4713540077209473
-6.52285099029541
-9.769720077514648
-6.335845947265625
7.7049736976623535
-16.77827262878418
37.17142868041992
-35.51471710205078
11.815539360046387
-17.616456985473633
50.971343994140625
-38.47359848022461
-1.1919896602630615
-7.114334583282471
-9.088193893432617
-7.480315685272217
8.599028587341309
-17.8305721282959
39.29663848876953
-37.5066032409668
13.030705451965332
-18.839797973632812
53.56970977783203
-40.77867126464844
-0.8740721940994263
-7.749002456665039
-8.313169479370117
-8.710247993469238
9.548689842224121
-18.94662857055664
41.55131530761719
-39.630516052246094
14.312051773071289
-20.135038375854492
56.309635162353516
-43.233638763427734
-0.5159622430801392
-8.428877830505371
-7.440380096435547
-10.0296049118042
10.557737350463867
-20.130884170532227
43.94415283203125
-41.895774841308594
15.663790702819824
-21.507143020629883
59.20090866088867
-45.8492317199707
-0.1162327229976654
-9.155893325805664
-6.465569496154785
-11.442501068115234
11.63011360168457
-21.38798713684082
46.48423385620117
-44.31206130981445
17.089445114135742
-22.961030960083008
62.25163269042969
-48.632896423339844
0.3265053927898407
-9.93212890625
-5.384250164031982
-12.953268051147461
12.770098686218262
-22.723037719726562
49.18148422241211
-46.890071868896484
18.592939376831055
-24.501829147338867
65.47126770019531
-51.594024658203125
0.814153790473938
-10.760078430175781
-4.190948486328125
-14.566417694091797
13.981695175170898
-24.140945434570312
52.04474639892578
-49.63893508911133
20.178619384765625
-26.134973526000977
68.87024688720703
-54.74345016479492
1.3480072021484375
-11.64220905303955
-2.8820643424987793
-16.286815643310547
15.2696533203125
-25.647357940673828
55.0852165222168
-52.57086944580078
21.850906372070312
-27.86604881286621
72.45899963378906
-58.09210205078125
1.9290499687194824
-12.581277847290039
-1.4536913633346558
-18.11990737915039
16.639211654663086
-27.248689651489258
58.315093994140625
-55.69915771484375
