2
3
0.9428374767303467
-9.587855339050293
-4.11179780960083
-0.08255767822265625
-1.0743145942687988
8.515955924987793
-4.95279598236084
-4.677010536193848
1.4906190633773804
-1.2579833269119263
9.262895584106445
3.710021495819092
0.656342089176178
-9.134626388549805
-4.311820030212402
1.0658982992172241
-1.2938843965530396
8.108255386352539
-4.379691123962402
-6.06263542175293
2.2229013442993164
-1.081156849861145
8.40407943725586
3.5644993782043457
0.3541165888309479
-8.64119815826416
-4.471982955932617
2.1911325454711914
-1.4393845796585083
7.615079402923584
-3.798720359802246
-7.381715297698975
2.8796350955963135
-0.8929056525230408
7.444916248321533
3.4254305362701416
0.0469871461391449
-8.11697006225586
-4.632692813873291
3.307433605194092
-1.514407992362976
7.04124641418457
-3.2144339084625244
-8.620200157165527
3.4482028484344482
-0.6839004158973694
6.419260501861572
3.282297134399414
-0.2590532898902893
-7.562211036682129
-4.796616554260254
4.408466339111328
-1.522492527961731
6.3922553062438965
-2.613032341003418
-9.764318466186523
3.924532413482666
-0.455248087644577
5.35752010345459
3.129699945449829
-0.5622392892837524
-6.9732794761657715
-4.922974109649658
5.458452224731445
-1.4668556451797485
5.670773029327393
-1.9994332790374756
-10.801897048950195
4.315243244171143
-0.21532632410526276
4.262907028198242
2.9714345932006836
-0.8602819442749023
-6.341634750366211
-4.998766899108887
6.426759719848633
-1.3492134809494019
4.881842613220215
-1.3846285343170166
-11.721912384033203
4.626226425170898
0.02686120569705963
3.134387731552124
2.8113083839416504
-1.1371005773544312
-5.6477532386779785
-5.066769599914551
7.260443687438965
-1.1688923835754395
4.031001567840576
-0.7904051542282104
-12.518904685974121
4.85263729095459
0.26457393169403076
2.000365734100342
2.6535913944244385
-1.3887131214141846
-4.891910552978516
-5.145869731903076
7.930592060089111
-0.9248731136322021
3.12839412689209
-0.2496466040611267
-13.19131851196289
4.9764533042907715
0.4789423644542694
0.9344347715377808
2.530606746673584
-1.6314754486083984
-4.1011247634887695
-5.17842960357666
8.458301544189453
-0.6251294016838074
2.1816725730895996
0.2211627960205078
-13.720799446105957
5.010390758514404
0.6815009117126465
-0.05985462665557861
2.429161310195923
-1.871166467666626
-3.287240505218506
-5.133780479431152
8.839462280273438
-0.2848457992076874
1.1956943273544312
0.619472861289978
-14.08369255065918
4.96539831161499
0.8758553266525269
-0.975800633430481
2.3323781490325928
-2.1074154376983643
-2.460636615753174
-4.995787620544434
9.061881065368652
0.08345457911491394
0.18047869205474854
0.9399710893630981
-14.267304420471191
4.850187301635742
1.060470700263977
-1.8032878637313843
2.2297487258911133
-2.333705425262451
-1.6344285011291504
-4.759774684906006
9.115345001220703
0.46919795870780945
-0.8494079113006592
1.1754088401794434
-14.267366409301758
4.680408000946045
1.2438181638717651
-2.553792953491211
2.0903096199035645
-2.5400185585021973
-0.8218703866004944
-4.428093910217285
8.992810249328613
0.8628830909729004
-1.8766567707061768
1.3196721076965332
-14.085332870483398
4.459560394287109
1.428355097770691
-3.2188985347747803
1.8951241970062256
-2.715707302093506
-0.037423789501190186
-4.012127876281738
8.696447372436523
1.2551095485687256
-2.8830904960632324
1.3695306777954102
-13.729757308959961
4.187156677246094
1.6140722036361694
-3.780121326446533
1.6323039531707764
-2.8473150730133057
0.7031378746032715
-3.5303397178649902
8.234380722045898
1.6367218494415283
-3.850266933441162
1.3231960535049438
-13.214252471923828
3.868597984313965
1.796303153038025
-4.22596549987793
1.294452428817749
-2.9278805255889893
1.3867501020431519
-3.0033347606658936
7.62214469909668
2.0001819133758545
-4.761481285095215
1.176314353942871
-12.55435848236084
3.515796184539795
1.9672279357910156
-4.55596923828125
0.8806808590888977
-2.9542911052703857
2.0020627975463867
-2.4463443756103516
6.872488975524902
2.338995933532715
-5.6010284423828125
0.920258641242981
-11.763845443725586
3.144001007080078
2.1163198947906494
-4.781378269195557
0.396531879901886
-2.9259414672851562
2.5380916595458984
-1.8729381561279297
6.003118991851807
2.6454012393951416
-6.353033065795898
0.5483638048171997
-10.8566312789917
2.770256519317627
2.2325053215026855
-4.9215803146362305
-0.1451055407524109
-2.8441643714904785
2.9834821224212646
-1.296872854232788
5.043737411499023
2.9069461822509766
-6.998586654663086
0.06024515628814697
-9.84663200378418
2.404890775680542
2.3107528686523438
-4.986611366271973
-0.736971378326416
-2.7117950916290283
3.3357479572296143
-0.7274797558784485
4.013755798339844
3.1057043075561523
-7.517545223236084
-0.5169584155082703
-8.757867813110352
2.0572550296783447
2.344738721847534
-4.989267349243164
-1.3626573085784912
-2.5317609310150146
3.5946147441864014
-0.1783178448677063
2.939354419708252
3.2290403842926025
-7.888025760650635
-1.132108449935913
-7.654654502868652
1.7332112789154053
2.326244354248047
-4.94264554977417
-1.993093490600586
-2.3037261962890625
3.7650020122528076
0.3246036171913147
1.8495519161224365
3.2752459049224854
-8.101212501525879
-1.7512141466140747
-6.594937324523926
1.4364337921142578
2.2453291416168213
-4.867578506469727
-2.580888271331787
-2.024331569671631
3.854375123977661
0.750108003616333
0.7673746347427368
3.2416720390319824
-8.16291332244873
-2.357743740081787
-5.598506927490234
1.1631706953048706
2.11311936378479
-4.793446063995361
-3.1015028953552246
-1.7049908638000488
3.8652169704437256
1.1115350723266602
-0.29758310317993164
3.1306393146514893
-8.086970329284668
-2.93945050239563
-4.6623430252075195
0.9103589057922363
1.9495627880096436
-4.723562717437744
-3.573955535888672
-1.360962152481079
3.8008644580841064
1.4280143976211548
-1.348212480545044
2.9601924419403076
-7.898669242858887
-3.5027170181274414
-3.773641347885132
0.6736615896224976
1.7635111808776855
-4.625022888183594
-4.021971702575684
-1.0011237859725952
3.666865110397339
1.6963731050491333
-2.3699164390563965
2.7499568462371826
-7.628746032714844
-4.057463645935059
-2.925809383392334
0.4536805748939514
1.5624561309814453
-4.493122100830078
-4.454740524291992
-0.6323835849761963
3.4691667556762695
1.9121506214141846
-3.3427700996398926
2.5025429725646973
-7.296147346496582
-4.5937299728393555
-2.1192331314086914
0.2543950080871582
1.3525218963623047
-4.335792541503906
-4.874622344970703
-0.258861780166626
3.211057662963867
2.072279691696167
-4.25070858001709
2.2207837104797363
-6.912334442138672
-5.10272741317749
-1.3622382879257202
0.07850372791290283
1.1357508897781372
-4.1572651863098145
-5.283031463623047
0.11653289198875427
2.8957695960998535
2.173892021179199
-5.0842976570129395
1.9087504148483276
-6.481076717376709
-5.581527233123779
-0.6638280153274536
-0.06971779465675354
0.9050439596176147
-3.957923173904419
-5.673915386199951
0.49022188782691956
2.528764247894287
2.2149055004119873
-5.835060119628906
1.5710701942443848
-6.007647514343262
-6.026756763458252
-0.03784722089767456
-0.18783283233642578
0.6578441858291626
-3.74135160446167
-6.044408321380615
0.8579679727554321
2.1145968437194824
2.194287061691284
-6.494435787200928
1.2114653587341309
-5.500539779663086
-6.430080890655518
0.5073668360710144
-0.27461153268814087
0.39481642842292786
-3.5149950981140137
-6.3932366371154785
1.2156957387924194
1.6596460342407227
2.110656976699829
-7.058473587036133
0.8314759731292725
-4.969252586364746
-6.777243614196777
0.9686169624328613
-0.3265593647956848
0.11484310030937195
-3.288041353225708
-6.720497131347656
1.559812068939209
1.1703078746795654
1.9626301527023315
-7.524733543395996
0.4330161511898041
-4.422832489013672
-7.053574085235596
1.3412840366363525
-0.34280261397361755
-0.18343806266784668
-3.0701959133148193
-7.022590160369873
1.8861668109893799
0.6555634140968323
1.7485015392303467
-7.893715858459473
0.021166890859603882
-3.8690121173858643
-7.249757289886475
1.6182024478912354
-0.32559216022491455
-0.500745415687561
-2.871279239654541
-7.29339599609375
2.190791130065918
0.12536507844924927
1.4665011167526245
-8.168503761291504
-0.39804530143737793
-3.3144567012786865
-7.357189655303955
1.7917215824127197
-0.27847227454185486
-0.8368203639984131
-2.700684070587158
-7.525954723358154
2.469113826751709
-0.41006922721862793
1.1169289350509644
-8.352611541748047
-0.8162645101547241
-2.7641406059265137
-7.3665995597839355
1.853659987449646
-0.20670168101787567
-1.1905776262283325
-2.5671067237854004
-7.711912155151367
2.713487148284912
-0.9427362084388733
0.7074947357177734
-8.44715690612793
-1.2272734642028809
-2.2259693145751953
-7.273712158203125
1.7958110570907593
-0.11650064587593079
-1.5591139793395996
-2.4786806106567383
-7.844078063964844
2.9180033206939697
-1.4625405073165894
0.24332892894744873
-8.458382606506348
-1.6224851608276367
-1.7073664665222168
-7.0785393714904785
1.611828327178955
-0.015174806118011475
-1.9370715618133545
-2.4412763118743896
-7.920321464538574
3.0772032737731934
-1.958284616470337
-0.2671637535095215
-8.397281646728516
-1.992128849029541
-1.216524362564087
-6.786921977996826
1.298586130142212
0.08948951959609985
-2.3172621726989746
-2.4580154418945312
-7.942104339599609
