2
3
1.1169235706329346
-1.7052866220474243
-4.328604221343994
-5.961608409881592
-4.434366703033447
0.0027680546045303345
4.956693649291992
-0.38543322682380676
3.787116765975952
-4.448271751403809
6.077279567718506
-8.705907821655273
0.6673365831375122
-1.7695670127868652
-4.271960735321045
-6.201959609985352
-4.005446434020996
0.14580212533473969
5.657614707946777
-1.1680951118469238
4.037036418914795
-4.838303089141846
5.494938850402832
-8.287226676940918
0.23878327012062073
-1.84550940990448
-4.167113304138184
-6.456674098968506
-3.5200979709625244
0.2113906890153885
6.232293128967285
-1.944064974784851
4.219103813171387
-5.121311187744141
4.875816345214844
-7.890495300292969
-0.16336286067962646
-1.932807445526123
-4.0273895263671875
-6.715291500091553
-2.9829602241516113
0.20097032189369202
6.653288841247559
-2.690040111541748
4.332347393035889
-5.305678844451904
4.260686874389648
-7.538506507873535
-0.5382019281387329
-2.0309150218963623
-3.8301820755004883
-6.984486103057861
-2.414330005645752
0.13269200921058655
6.947962760925293
-3.415013074874878
4.383644104003906
-5.406666278839111
3.669255256652832
-7.239376544952393
-0.8840520977973938
-2.1392786502838135
-3.556633234024048
-7.268504619598389
-1.8312727212905884
0.01786927878856659
7.138233184814453
-4.122579097747803
4.381221294403076
-5.441744804382324
3.10640025138855
-6.993359565734863
-1.197176456451416
-2.2584352493286133
-3.1980948448181152
-7.570329189300537
-1.2458164691925049
-0.13496074080467224
7.235688209533691
-4.81472635269165
4.330556869506836
-5.425562858581543
2.5785608291625977
-6.800515174865723
-1.4739010334014893
-2.388939142227173
-2.750213623046875
-7.8925652503967285
-0.6689490675926208
-0.3186916708946228
7.253279209136963
-5.4923834800720215
4.235414505004883
-5.369893550872803
2.0963549613952637
-6.662959098815918
-1.708775281906128
-2.5326061248779297
-2.2148940563201904
-8.235679626464844
-0.11120259761810303
-0.5259371995925903
7.210226058959961
-6.160101890563965
4.099394798278809
-5.284193515777588
1.6710147857666016
-6.583836555480957
-1.896130919456482
-2.691657066345215
-1.5991771221160889
-8.59890079498291
0.4188838005065918
-0.7520319223403931
7.124037265777588
-6.82030725479126
3.9283812046051025
-5.177280902862549
1.3052372932434082
-6.5611395835876465
-2.0311827659606934
-2.868053674697876
-0.9141553044319153
-8.979806900024414
0.9147157669067383
-0.9943315386772156
7.0099921226501465
-7.4723711013793945
3.7301273345947266
-5.056663513183594
0.999038577079773
-6.594831466674805
-2.109467029571533
-3.0638458728790283
-0.1736655831336975
-9.37417221069336
1.3726677894592285
-1.2524220943450928
6.879103183746338
-8.112302780151367
3.509972095489502
-4.927433490753174
0.7526426315307617
-6.6849141120910645
-2.1267881393432617
-3.2819011211395264
0.6029484868049622
-9.778142929077148
1.7915475368499756
-1.5274957418441772
6.739448070526123
-8.734128952026367
3.272648334503174
-4.794849872589111
0.5662806034088135
-6.8316168785095215
-2.0826849937438965
-3.522646903991699
1.396482229232788
-10.190074920654297
2.1706743240356445
-1.8222721815109253
6.600098133087158
-9.329177856445312
3.023653507232666
-4.664326190948486
0.44127410650253296
-7.039122581481934
-1.9776358604431152
-3.7857980728149414
2.185539722442627
-10.609827995300293
2.509798765182495
-2.13511323928833
6.467152118682861
-9.895086288452148
2.7682011127471924
-4.540351867675781
0.37726783752441406
-7.310884952545166
-1.811894416809082
-4.070592403411865
2.945798397064209
-11.037699699401855
2.809770107269287
-2.461289644241333
6.350122451782227
-10.437921524047852
2.5115885734558105
-4.426372528076172
0.3730798363685608
-7.650355339050293
-1.5894471406936646
-4.374406814575195
3.6608173847198486
-11.474742889404297
3.0740439891815186
-2.7965469360351562
6.256993293762207
-10.966398239135742
2.259381055831909
-4.324974060058594
0.4272458553314209
-8.060932159423828
-1.3205574750900269
-4.69430685043335
4.32987642288208
-11.91797924041748
3.3058245182037354
-3.1365966796875
6.19578742980957
-11.49094295501709
2.016268014907837
-4.238502502441406
0.5410254001617432
-8.543458938598633
-1.0153125524520874
-5.024839878082275
4.957109451293945
-12.370891571044922
3.507350206375122
-3.4770548343658447
6.174444675445557
-12.02278995513916
1.7856510877609253
-4.170379161834717
0.7207168340682983
-9.096800804138184
-0.6825659275054932
-5.361643314361572
5.546717166900635
-12.838671684265137
3.681427240371704
-3.815727949142456
6.201519966125488
-12.571409225463867
1.5703673362731934
-4.125392913818359
0.9742904901504517
-9.718755722045898
-0.3307342529296875
-5.7002482414245605
6.105293273925781
-13.3279390335083
3.831587314605713
-4.152219295501709
6.284000396728516
-13.145679473876953
1.3732668161392212
-4.1076250076293945
1.3080531358718872
-10.406723976135254
0.03162175416946411
-6.036744117736816
6.644952774047852
-13.848686218261719
3.960693120956421
-4.486062526702881
6.428578853607178
-13.754497528076172
1.197367787361145
-4.119604587554932
1.7261981964111328
-11.158864974975586
0.3972972333431244
-6.367363452911377
7.178820610046387
-14.411788940429688
4.071925640106201
-4.817532539367676
6.641506671905518
-14.407039642333984
1.0455305576324463
-4.163239002227783
2.230318069458008
-11.974082946777344
0.7606641054153442
-6.6893391609191895
7.721208572387695
-15.029755592346191
4.169586658477783
-5.147951602935791
6.9277238845825195
-15.111477851867676
0.920441210269928
-4.239963531494141
2.8200550079345703
-12.851364135742188
1.117525339126587
-7.000877380371094
8.287246704101562
-15.714773178100586
4.257274150848389
-5.478537559509277
7.2908101081848145
-15.874649047851562
0.8243252635002136
-4.350922107696533
3.4948019981384277
-13.790349960327148
1.4655494689941406
-7.302832126617432
8.890108108520508
-16.476369857788086
4.338718414306641
-5.811593532562256
7.734559535980225
-16.701841354370117
0.7588027715682983
-4.496788501739502
4.254696846008301
-14.791810989379883
1.8038702011108398
-7.5977396965026855
9.541374206542969
-17.321491241455078
4.4185333251953125
-6.150434970855713
8.259597778320312
-17.593801498413086
0.724806547164917
-4.677468299865723
5.100598335266113
-15.857867240905762
2.133235454559326
-7.889703750610352
10.248546600341797
-18.25364875793457
4.4999871253967285
-6.497395992279053
8.869154930114746
-18.553564071655273
0.7230597734451294
-4.892899990081787
6.034537315368652
-16.991718292236328
2.4560298919677734
-8.185053825378418
11.0167236328125
-19.27156639099121
4.585792064666748
-6.854304313659668
9.567950248718262
-19.58513069152832
0.7540386915206909
-5.142914295196533
7.059149742126465
-18.196685791015625
2.774301290512085
-8.489347457885742
11.853564262390137
-20.375574111938477
4.678691864013672
-7.223163604736328
10.361209869384766
-20.692283630371094
0.8186432719230652
-5.4279704093933105
8.178290367126465
-19.476795196533203
3.0897328853607178
-8.806111335754395
12.768501281738281
-21.567359924316406
4.781233787536621
-7.6059041023254395
11.254858016967773
-21.8795223236084
0.9179320335388184
-5.7487664222717285
9.396258354187012
-20.836040496826172
3.404165744781494
-9.138683319091797
13.771711349487305
-22.84866714477539
4.895784378051758
-8.004321098327637
12.255334854125977
-23.151308059692383
1.0530999898910522
-6.106355667114258
10.717886924743652
-22.27838897705078
3.719271183013916
-9.49047565460205
14.874568939208984
-24.22191619873047
5.024524688720703
-8.420153617858887
13.370194435119629
-24.512514114379883
1.2255406379699707
-6.501893043518066
12.14827823638916
-23.80756187438965
4.036777973175049
-9.864400863647461
16.08920669555664
-25.689754486083984
5.169326305389404
-8.854912757873535
14.607501983642578
-25.96782875061035
1.4359217882156372
-6.936585426330566
13.693777084350586
-25.426424026489258
4.3585124015808105
-10.262849807739258
17.428165435791016
-27.255340576171875
5.332136154174805
-9.309419631958008
15.974945068359375
-27.52229118347168
1.684821605682373
-7.411156177520752
15.360013961791992
-27.13709259033203
4.686461448669434
-10.687719345092773
18.903688430786133
-28.92188835144043
5.514064311981201
-9.784425735473633
17.481809616088867
-29.181320190429688
1.9725204706192017
-7.92555046081543
17.153881072998047
-28.942218780517578
5.022188186645508
-11.13955307006836
20.529573440551758
-30.694746017456055
5.7161455154418945
-10.280795097351074
19.140342712402344
-30.951326370239258
2.2985076904296875
-8.47988224029541
19.085378646850586
-30.846982955932617
5.367844104766846
-11.619361877441406
22.32040786743164
-32.579978942871094
5.938885688781738
-10.7991304397583
20.963897705078125
-32.83893585205078
2.662029981613159
-9.073521614074707
21.164934158325195
-32.85642623901367
5.725677490234375
-12.127793312072754
24.289945602416992
-34.58377456665039
6.183259010314941
-11.34040641784668
22.967390060424805
-34.851402282714844
3.0620505809783936
-9.705326080322266
23.404264450073242
-34.97624206542969
6.097555637359619
-12.665022850036621
26.452281951904297
-36.71323013305664
6.450197696685791
-11.905543327331543
25.165273666381836
-36.9955940246582
3.497351884841919
-10.373462677001953
25.8154239654541
-37.212764739990234
