2
3
-8.679430961608887
-5.4399518966674805
7.581060409545898
-7.1884074211120605
5.83170747756958
4.258905410766602
2.428062677383423
-5.764841556549072
0.9821847677230835
4.888261795043945
-4.353517055511475
-4.693667411804199
-7.8256402015686035
-5.668485641479492
8.297239303588867
-6.659999847412109
5.604185104370117
4.173757076263428
1.4834003448486328
-6.382072448730469
0.4886839687824249
4.952794075012207
-4.563769340515137
-5.571537971496582
-6.948484420776367
-5.849510669708252
8.845904350280762
-6.0739922523498535
5.339365482330322
4.081512451171875
0.6090002059936523
-7.038346767425537
0.016415446996688843
4.9725661277771
-4.653639793395996
-6.494808197021484
-6.068398952484131
-5.97241735458374
9.247238159179688
-5.444653034210205
5.039791107177734
3.9782588481903076
-0.1798383593559265
-7.733833312988281
-0.4268939793109894
4.945135116577148
-4.625783920288086
-7.45262336730957
-5.2011542320251465
-6.027449607849121
9.519173622131348
-4.786924839019775
4.711036682128906
3.861619234085083
-0.8737271428108215
-8.468313217163086
-0.833107590675354
4.869106292724609
-4.485957145690918
-8.433643341064453
-4.356503963470459
-6.008277416229248
9.66542911529541
-4.112490177154541
4.35808801651001
3.726577043533325
-1.4691224098205566
-9.238283157348633
-1.1972219944000244
4.742684364318848
-4.245060920715332
-9.429161071777344
-3.5443739891052246
-5.909720420837402
9.692712783813477
-3.4420371055603027
3.989511728286743
3.5667686462402344
-1.9673020839691162
-10.03482437133789
-1.5141208171844482
4.563446998596191
-3.9124293327331543
-10.427454948425293
-2.776975154876709
-5.731897830963135
9.621373176574707
-2.7911698818206787
3.614912986755371
3.3760664463043213
-2.3769679069519043
-10.841324806213379
-1.7793524265289307
4.329262733459473
-3.4956858158111572
-11.41384506225586
-2.06119704246521
-5.477504253387451
9.46524715423584
-2.1765904426574707
3.241395950317383
3.151012897491455
-2.703580617904663
-11.64664363861084
-1.9901106357574463
4.037467956542969
-3.0058231353759766
-12.375312805175781
-1.4007108211517334
-5.151995658874512
9.237375259399414
-1.6145634651184082
2.873892068862915
2.886942148208618
-2.9566845893859863
-12.439228057861328
-2.1433496475219727
3.68304443359375
-2.462660312652588
-13.300046920776367
-0.7973576784133911
-4.760678291320801
8.941978454589844
-1.1198735237121582
2.5178332328796387
2.5797266960144043
-3.1528215408325195
-13.205829620361328
-2.237927198410034
3.261093854904175
-1.8886432647705078
-14.177230834960938
-0.25523626804351807
-4.3079071044921875
8.590327262878418
-0.7098363041877747
2.175967216491699
2.2281060218811035
-3.308753728866577
-13.934301376342773
-2.2797017097473145
2.7756800651550293
-1.289780855178833
-15.004257202148438
0.227777361869812
-3.8032164573669434
8.190637588500977
-0.39906924962997437
1.8475722074508667
1.8382010459899902
-3.4200539588928223
-14.621726989746094
-2.2737619876861572
2.238537549972534
-0.6602085828781128
-15.781270027160645
0.6629148125648499
-3.254167318344116
7.72637414932251
-0.20484796166419983
1.532333254814148
1.4154870510101318
-3.471526622772217
-15.274112701416016
-2.218870162963867
1.6565954685211182
-0.010541796684265137
-16.500829696655273
1.0568287372589111
-2.6688475608825684
7.194707870483398
-0.14400604367256165
1.2340388298034668
0.9622386693954468
-3.4576170444488525
-15.894224166870117
-2.115319013595581
1.0329413414001465
0.6466236114501953
-17.160608291625977
1.3998361825942993
-2.061663866043091
6.632079601287842
-0.20884796977043152
0.9561070203781128
0.48178887367248535
-3.3760366439819336
-16.48052406311035
-1.9642219543457031
0.3716204762458801
1.299673080444336
-17.75702667236328
1.6871678829193115
-1.4425420761108398
6.061140060424805
-0.4100446105003357
0.7020384073257446
-0.02214193344116211
-3.2266998291015625
-17.032548904418945
-1.7676182985305786
-0.3229578137397766
1.9376184940338135
-18.287343978881836
1.9169750213623047
-0.8223263621330261
5.50150203704834
-0.7573991417884827
0.4840368926525116
-0.5447537899017334
-3.0127124786376953
-17.553924560546875
-1.5291355848312378
-1.044450044631958
2.5507256984710693
-18.748811721801758
2.088765859603882
-0.21153610944747925
4.970320701599121
-1.2578010559082031
0.3022366166114807
-1.083288550376892
-2.733546733856201
-18.041580200195312
-1.2529549598693848
-1.7843815088272095
3.1313860416412354
-19.14154815673828
2.203406572341919
0.37938493490219116
4.482340335845947
-1.9153084754943848
0.1551453322172165
-1.6341221332550049
-2.3903138637542725
-18.4962158203125
-0.9439754486083984
-2.5320205688476562
3.6732749938964844
-19.468555450439453
2.267087936401367
0.939816415309906
4.047948837280273
-2.7324862480163574
0.04117494821548462
-2.1921792030334473
-1.986475944519043
-18.92522430419922
-0.6079698204994202
-3.2762625217437744
4.172142505645752
-19.73662567138672
2.2864723205566406
1.459753394126892
3.676448345184326
-3.708512783050537
-0.0403953492641449
-2.7528836727142334
-1.5253653526306152
-19.3389949798584
-0.25272336602211
-4.005414962768555
4.633992671966553
-19.957563400268555
2.2677254676818848
1.929926872253418
3.3772122859954834
-4.838075160980225
-0.08987919986248016
-3.3131937980651855
-1.0103378295898438
-19.74219512939453
0.11500978469848633
-4.707164764404297
5.061824798583984
-20.150104522705078
2.2188873291015625
2.341942071914673
3.1589913368225098
-6.1116042137146
-0.10917210578918457
-3.8684287071228027
-0.44366157054901123
-20.1491756439209
0.4882567524909973
-5.37044620513916
5.462195873260498
-20.341508865356445
2.149158000946045
2.68801212310791
3.0314953327178955
-7.516537666320801
-0.1004037857055664
-4.413896560668945
0.1741587519645691
-20.57871437072754
0.8596060872077942
-5.985245227813721
5.845665454864502
-20.565189361572266
2.062993288040161
2.9594168663024902
3.0099945068359375
-9.03187084197998
-0.06599942594766617
-4.945525169372559
0.8436309695243835
-21.051931381225586
1.2213046550750732
-6.543582439422607
6.2296671867370605
-20.858884811401367
1.9665378332138062
3.1535427570343018
3.0978198051452637
-10.642755508422852
-0.008270453661680222
-5.460382461547852
1.565643310546875
-21.58711814880371
1.5702869892120361
-7.041316032409668
6.625693321228027
-21.256799697875977
1.865182638168335
3.2697417736053467
3.297268867492676
-12.335203170776367
0.07138265669345856
-5.955971717834473
2.340880870819092
-22.196516036987305
1.9116663932800293
-7.47541618347168
7.032161712646484
-21.7913875579834
1.76374351978302
3.308851718902588
3.610476016998291
-14.096807479858398
0.17269586026668549
-6.42871618270874
3.1687161922454834
-22.89246940612793
2.2437243461608887
-7.855553150177002
7.468432426452637
-22.466508865356445
1.6661871671676636
3.2720985412597656
4.039970874786377
-15.916857719421387
0.2995968461036682
-6.870657920837402
4.042595863342285
-23.70061683654785
2.567732095718384
-8.193228721618652
7.9390435218811035
-23.275556564331055
1.5765953063964844
3.1606643199920654
4.5883307456970215
-17.7863712310791
0.45853984355926514
-7.279989242553711
4.95310640335083
-24.640798568725586
2.880537986755371
-8.502420425415039
8.456327438354492
-24.204795837402344
1.5003626346588135
2.974412202835083
5.256298542022705
-19.69832420349121
0.645473837852478
-7.667830467224121
5.906832695007324
-25.704763412475586
3.1812944412231445
-8.792405128479004
9.033110618591309
-25.25104331970215
1.442563772201538
2.7114100456237793
6.047631740570068
-21.649307250976562
0.8576822280883789
-8.043122291564941
6.911339282989502
-26.889108657836914
3.470942735671997
-9.072748184204102
9.680733680725098
-26.411136627197266
1.404869794845581
2.3758740425109863
6.966293811798096
-23.64783477783203
1.0923302173614502
-8.4133882522583
7.977272987365723
-28.193206787109375
3.749497890472412
-9.346565246582031
10.40683650970459
-27.689624786376953
1.389797329902649
1.9711753129959106
8.01805591583252
-25.70331573486328
1.3471770286560059
-8.7848539352417
9.115351676940918
-29.61820411682129
4.020213603973389
-9.62295150756836
11.223855018615723
-29.08866310119629
1.4010276794433594
1.4995993375778198
9.208797454833984
-27.824323654174805
1.6202729940414429
-9.162822723388672
10.338140487670898
-31.166452407836914
4.285802364349365
-9.90938949584961
12.142900466918945
-30.60791015625
1.4424614906311035
0.9623508453369141
10.545177459716797
-30.01813507080078
1.911187767982483
-9.550827026367188
11.654230117797852
-32.838172912597656
4.548088073730469
-10.209894180297852
13.172942161560059
-32.24737548828125
1.518568515777588
0.3603479266166687
12.035157203674316
-32.29357147216797
2.219966411590576
-9.952895164489746
13.072688102722168
-34.63576889038086
4.808765888214111
-10.528127670288086
14.324555397033691
-34.0107421875
1.635025978088379
-0.3023403286933899
13.684735298156738
-34.659481048583984
2.546605348587036
-10.372896194458008
14.604506492614746
-36.56291198730469
5.069069862365723
-10.867020606994629
15.609972953796387
-35.904048919677734
1.7959182262420654
-1.0230625867843628
15.500175476074219
-37.12533187866211
2.891125202178955
-10.815185546875
16.262611389160156
-38.623619079589844
5.3306708335876465
-11.229497909545898
17.041555404663086
-37.932716369628906
