2
3
5.789768218994141
-1.34956693649292
-2.4029083251953125
-7.431848526000977
-8.972105026245117
-4.453467845916748
4.035538673400879
-3.8243978023529053
-5.2353644371032715
-7.754258155822754
-8.543519973754883
-6.783441066741943
5.430722713470459
-1.5466808080673218
-3.721764087677002
-7.834464073181152
-8.293112754821777
-4.542672634124756
4.62242317199707
-4.238433837890625
-5.571854591369629
-7.663466453552246
-8.366826057434082
-6.684950351715088
5.007801532745361
-1.739820957183838
-4.9657392501831055
-8.239480972290039
-7.596235752105713
-4.671346664428711
5.1108880043029785
-4.608631610870361
-5.888765811920166
-7.559588432312012
-8.119714736938477
-6.638596057891846
4.5207343101501465
-1.9261759519577026
-6.123111724853516
-8.6567964553833
-6.895495414733887
-4.83054256439209
5.515087604522705
-4.932806015014648
-6.183962821960449
-7.448819160461426
-7.796783447265625
-6.64364767074585
3.975285053253174
-2.107948064804077
-7.1891045570373535
-9.09015941619873
-6.198779582977295
-5.010199069976807
5.835614204406738
-5.215426921844482
-6.451840400695801
-7.336861610412598
-7.394522190093994
-6.6996636390686035
3.382146120071411
-2.2911930084228516
-8.16561222076416
-9.537851333618164
-5.510940074920654
-5.201300144195557
6.066097259521484
-5.461876392364502
-6.68024206161499
-7.230118751525879
-6.918950080871582
-6.80203914642334
2.75138783454895
-2.4813761711120605
-9.054754257202148
-9.996633529663086
-4.832685947418213
-5.396329402923584
6.192183017730713
-5.677094459533691
-6.8603010177612305
-7.133315086364746
-6.386274337768555
-6.94684362411499
2.090243339538574
-2.681931257247925
-9.854392051696777
-10.463953018188477
-4.162059307098389
-5.587575912475586
6.190929889678955
-5.868692398071289
-6.988385200500488
-7.049448490142822
-5.807631492614746
-7.1298723220825195
1.4059007167816162
-2.895378589630127
-10.561458587646484
-10.938374519348145
-3.502535820007324
-5.768982410430908
6.051205158233643
-6.043601989746094
-7.064136981964111
-6.980564594268799
-5.193942546844482
-7.347829818725586
0.7054837942123413
-3.123875379562378
-11.174246788024902
-11.419041633605957
-2.85959792137146
-5.931449890136719
5.770127773284912
-6.21702241897583
-7.091116905212402
-6.928164005279541
-4.553787708282471
-7.598173141479492
-0.004310131072998047
-3.3691155910491943
-11.692431449890137
-11.904781341552734
-2.243162155151367
-6.0702104568481445
5.356603145599365
-6.398800849914551
-7.0716776847839355
-6.894832134246826
-3.898665189743042
-7.877626419067383
-0.7175499200820923
-3.632566452026367
-12.117664337158203
-12.39448356628418
-1.6612483263015747
-6.181981563568115
4.815080642700195
-6.598418235778809
-7.0065107345581055
-6.8847336769104
-3.2434029579162598
-8.181049346923828
-1.4279217720031738
-3.915867567062378
-12.454873085021973
-12.8865385055542
-1.122448205947876
-6.264714241027832
4.1552228927612305
-6.826951026916504
-6.895920753479004
-6.903466701507568
-2.6076667308807373
-8.502497673034668
-2.129434585571289
-4.220534801483154
-12.710220336914062
-13.378527641296387
-0.6364307999610901
-6.315728664398193
3.3899035453796387
-7.092885494232178
-6.738156318664551
-6.955945014953613
-2.021319627761841
-8.837124824523926
-2.816249370574951
-4.5471601486206055
-12.893765449523926
-13.868245124816895
-0.2153131365776062
-6.331612586975098
2.5397439002990723
-7.407358646392822
-6.528472423553467
-7.042789459228516
-1.526439905166626
-9.182450294494629
-3.4828007221221924
-4.894260883331299
-13.013327598571777
-14.355741500854492
0.13068494200706482
-6.318030834197998
1.6415427923202515
-7.774524688720703
-6.259118556976318
-7.143837928771973
-1.176017165184021
-9.570984840393066
-4.1218695640563965
-5.25754976272583
-13.06714916229248
-14.844084739685059
0.40012016892433167
-6.278586387634277
0.7152708768844604
-8.202376365661621
-5.944382190704346
-7.24996280670166
-0.9611886739730835
-10.007089614868164
-4.728320598602295
-5.632783889770508
-13.055854797363281
-15.338855743408203
0.5965871214866638
-6.223030090332031
-0.22847604751586914
-8.689032554626465
-5.605900764465332
-7.365016937255859
-0.8513639569282532
-10.477611541748047
-5.298927307128906
-6.017449855804443
-12.982120513916016
-15.845762252807617
0.7235575914382935
-6.160974502563477
-1.1813902854919434
-9.229110717773438
-5.255713939666748
-7.488800048828125
-0.8340951204299927
-10.980888366699219
-5.8329973220825195
-6.412164211273193
-12.84799861907959
-16.368083953857422
0.7839985489845276
-6.100843906402588
-2.134012460708618
-9.81837272644043
-4.903206825256348
-7.620541095733643
-0.899799644947052
-11.516161918640137
-6.331336498260498
-6.819514751434326
-12.656384468078613
-16.908416748046875
0.7758315801620483
-6.047175407409668
-3.0622241497039795
-10.449212074279785
-4.555943965911865
-7.758772850036621
-1.0409811735153198
-12.086122512817383
-6.790689945220947
-7.240274429321289
-12.407387733459473
-17.468021392822266
0.6978291869163513
-6.006338119506836
-3.942274570465088
-11.117769241333008
-4.22144889831543
-7.902259349822998
-1.2503604888916016
-12.69448471069336
-7.210480690002441
-7.676074504852295
-12.106537818908691
-18.04793357849121
0.5561310648918152
-5.980823516845703
-4.766961574554443
-11.831345558166504
-3.907386302947998
-8.04985523223877
-1.518787145614624
-13.346076965332031
-7.589993000030518
-8.126970291137695
-11.762473106384277
-18.651573181152344
0.3593459725379944
-5.970550060272217
-5.538304805755615
-12.603355407714844
-3.620607852935791
-8.200149536132812
-1.8353718519210815
-14.046989440917969
-7.928272724151611
-8.590367317199707
-11.385042190551758
-19.285184860229492
0.11648628115653992
-5.975083351135254
-6.261134147644043
-13.445930480957031
-3.3674378395080566
-8.35267162322998
-2.1887667179107666
-14.802553176879883
-8.224311828613281
-9.060550689697266
-10.982298851013184
-19.95908546447754
-0.16420114040374756
-5.9961771965026855
-6.942324161529541
-14.365976333618164
-3.152545690536499
-8.507471084594727
-2.5673909187316895
-15.618338584899902
-8.474740982055664
-9.527751922607422
-10.569636344909668
-20.692283630371094
-0.4754612445831299
-6.0364813804626465
-7.589033126831055
-15.366631507873535
-2.978093385696411
-8.665465354919434
-2.9613425731658936
-16.50005340576172
-8.672310829162598
-9.977392196655273
-10.173713684082031
-21.512611389160156
-0.8112642765045166
-6.098697185516357
-8.209795951843262
-16.446985244750977
-2.8433778285980225
-8.82797622680664
-3.370972156524658
-17.4495792388916
-8.812212944030762
-10.402236938476562
-9.82084846496582
-22.441574096679688
-1.1672027111053467
-6.184689044952393
-8.810709953308105
-17.606569290161133
-2.746272087097168
-8.995573997497559
-3.793735980987549
-18.470958709716797
-8.901498794555664
-10.812295913696289
-9.511893272399902
-23.47580909729004
-1.5404362678527832
-6.296003341674805
-9.391745567321777
-18.844573974609375
-2.6838321685791016
-9.168628692626953
-4.227581977844238
-19.568763732910156
-8.950620651245117
-11.217716217041016
-9.23525333404541
-24.60662269592285
-1.9283087253570557
-6.433542251586914
-9.952588081359863
-20.162038803100586
-2.653547763824463
-9.347004890441895
-4.6717071533203125
-20.74808120727539
-8.967047691345215
-11.624343872070312
-8.983311653137207
-25.831096649169922
-2.3266847133636475
-6.597405910491943
-10.493874549865723
-21.5622615814209
-2.653296947479248
-9.531661987304688
-5.122021675109863
-22.014934539794922
-8.956843376159668
-12.03726863861084
-8.749361991882324
-27.147533416748047
-2.731363296508789
-6.789856910705566
-11.015501022338867
-23.046781539916992
-2.680885076522827
-9.724650382995605
-5.574309825897217
-23.374753952026367
-8.923920631408691
-12.459203720092773
-8.529793739318848
-28.557846069335938
-3.1389644145965576
-7.012136936187744
-11.51799201965332
-24.619264602661133
-2.7339727878570557
-9.928875923156738
-6.024245262145996
-24.832225799560547
-8.870697021484375
-12.891349792480469
-8.322450637817383
-30.065860748291016
-3.547492265701294
-7.2644362449646
-12.001060485839844
-26.284425735473633
-2.8095691204071045
-10.14728832244873
-6.467842102050781
-26.393102645874023
-8.799489974975586
-13.334806442260742
-8.125686645507812
-31.677066802978516
-3.955867052078247
-7.547478199005127
-12.462943077087402
-28.04694938659668
-2.9049298763275146
-10.381685256958008
-6.900963306427002
-28.06608772277832
-8.71150016784668
-13.789690971374512
-7.937745571136475
-33.3984260559082
-4.363213062286377
-7.862462997436523
-12.901204109191895
-29.912328720092773
-3.017615795135498
-10.633461952209473
-7.318948745727539
-29.860980987548828
-8.608044624328613
-14.256172180175781
-7.756814956665039
-35.23883819580078
-4.768563747406006
-8.210326194763184
-13.312841415405273
-31.88641929626465
-3.1448237895965576
-10.903497695922852
-7.716672420501709
-31.788002014160156
-8.49039077758789
-14.734554290771484
-7.580409526824951
-37.20893478393555
-5.170190334320068
-8.590811729431152
-13.69454574584961
-33.97638702392578
-3.2833549976348877
-11.191596031188965
-8.088741302490234
-33.859519958496094
-8.35955810546875
-15.225627899169922
-7.4039626121521
-39.3187370300293
-5.567061901092529
-9.00391674041748
-14.043187141418457
-36.19032287597656
-3.431121349334717
-11.499344825744629
-8.429708480834961
-36.085567474365234
