2
3
-3.04758882522583
-1.7883299589157104
1.8898632526397705
-0.2467418909072876
-6.676260471343994
0.48025745153427124
0.5733025074005127
8.479280471801758
-0.27126526832580566
5.1633734703063965
-8.515177726745605
-5.853865146636963
-3.018524408340454
-1.586728572845459
1.8642685413360596
0.12133538722991943
-6.466207981109619
0.6727476716041565
0.9238660335540771
8.857181549072266
-0.5870068073272705
4.835766792297363
-9.071379661560059
-6.48340368270874
-2.99476957321167
-1.3880345821380615
1.8321439027786255
0.48521316051483154
-6.263880729675293
0.8637186288833618
1.2604769468307495
9.231460571289062
-0.896808385848999
4.5171942710876465
-9.62353515625
-7.099302291870117
-2.975940227508545
-1.1925995349884033
1.7937078475952148
0.8445359468460083
-6.069024562835693
1.0534143447875977
1.5831902027130127
9.60233211517334
-1.2012540102005005
4.206844329833984
-10.173418045043945
-7.703260898590088
-2.9617459774017334
-1.0004910230636597
1.7489887475967407
1.1992970705032349
-5.881462097167969
1.2421363592147827
1.8919321298599243
9.970170974731445
-1.5022510290145874
3.903140068054199
-10.72291374206543
-8.297126770019531
-2.952035427093506
-0.8113321661949158
1.6977375745773315
1.5498156547546387
-5.701081275939941
1.430289626121521
2.186460494995117
10.335583686828613
-1.8004560470581055
3.604933023452759
-11.273391723632812
-8.882583618164062
-2.9464356899261475
-0.624629020690918
1.639750599861145
1.8963994979858398
-5.527713298797607
1.6181265115737915
2.466721534729004
10.698816299438477
-2.09651255607605
3.3111820220947266
-11.826224327087402
-9.461138725280762
-2.9449055194854736
-0.44021910429000854
1.5747826099395752
2.239110231399536
-5.360628128051758
1.8072048425674438
2.7321014404296875
11.060791969299316
-2.3910133838653564
3.020953416824341
-12.382710456848145
-10.03415584564209
-2.947462320327759
-0.25798535346984863
1.5026350021362305
2.578007221221924
-5.199465751647949
1.9978106021881104
2.982491970062256
11.421587944030762
-2.6844894886016846
2.7334394454956055
-12.944040298461914
-10.602825164794922
-2.954108476638794
-0.07782557606697083
1.423137903213501
2.9131362438201904
-5.04387903213501
2.190091371536255
3.2177505493164062
11.781055450439453
-2.9774937629699707
2.4478797912597656
-13.511491775512695
-11.168355941772461
-2.964838981628418
0.10032883286476135
1.33612859249115
3.2445034980773926
-4.893594741821289
2.3840646743774414
3.437739849090576
12.13899040222168
-3.2707605361938477
2.1636266708374023
-14.086644172668457
-11.731973648071289
-2.9797356128692627
0.27648553252220154
1.241452693939209
3.5720982551574707
-4.74845027923584
2.5792267322540283
3.6423115730285645
12.49439811706543
-3.564750909805298
1.8805429935455322
-14.670677185058594
-12.294129371643066
-2.9986696243286133
0.4507730305194855
1.1389312744140625
3.89591646194458
-4.608651161193848
2.7746047973632812
3.8313794136047363
12.845787048339844
-3.858879804611206
1.598862648010254
-15.263952255249023
-12.854997634887695
-3.0216798782348633
0.6232140064239502
1.0283582210540771
4.215821266174316
-4.474459648132324
2.9692087173461914
4.004669189453125
13.191548347473145
-4.153146743774414
1.3188235759735107
-15.866539001464844
-13.413979530334473
-3.048905611038208
0.7937334775924683
0.9093336462974548
4.531440258026123
-4.346011638641357
3.162166118621826
4.161433696746826
13.52947998046875
-4.447569370269775
1.0410548448562622
-16.476709365844727
-13.968926429748535
-3.080632209777832
0.9622247219085693
0.7815117835998535
4.842475414276123
-4.22384786605835
3.352505683898926
4.301133632659912
13.857941627502441
-4.742202281951904
0.7656705975532532
-17.09404182434082
-14.51926326751709
-3.1171019077301025
1.1285396814346313
0.644736647605896
5.148748874664307
-4.108456611633301
3.539457082748413
4.4232072830200195
14.175724029541016
-5.036654949188232
0.49317657947540283
-17.718488693237305
-15.064286231994629
-3.1586105823516846
1.2920525074005127
0.49879786372184753
5.4495038986206055
-4.00015115737915
3.7225539684295654
4.527046203613281
14.482102394104004
-5.330745220184326
0.2240673005580902
-18.35029411315918
-15.603540420532227
-3.2053849697113037
1.4520502090454102
0.34351542592048645
5.7441935539245605
-3.8992645740509033
3.90128493309021
4.612067699432373
14.776262283325195
-5.624617576599121
-0.041405290365219116
-18.989837646484375
-16.13661766052246
-3.2575795650482178
1.6082279682159424
0.1786770522594452
6.0324625968933105
-3.806300401687622
4.074952125549316
4.677839756011963
15.057426452636719
-5.918642520904541
-0.3031868040561676
-19.63774871826172
-16.663362503051758
-3.315297842025757
1.7603628635406494
0.004066631197929382
6.3140716552734375
-3.721687078475952
4.243268013000488
4.724055767059326
15.325746536254883
-6.213372230529785
-0.5614426136016846
-20.29515266418457
-17.184228897094727
-3.3786871433258057
1.908226490020752
-0.18060511350631714
6.5888261795043945
-3.6456894874572754
4.405966281890869
4.75026273727417
15.580961227416992
-6.5091872215271
-0.816224992275238
-20.96277618408203
-17.6993350982666
-3.4479293823242188
2.0515596866607666
-0.3756299316883087
6.856438159942627
-3.5785369873046875
4.562845706939697
4.756025791168213
15.822832107543945
-6.806575775146484
-1.0676469802856445
-21.64149284362793
-18.20890998840332
-3.5232033729553223
2.190131902694702
-0.5813632607460022
7.116588115692139
-3.5204226970672607
4.713784217834473
4.740941524505615
16.051280975341797
-7.105932235717773
-1.3157844543457031
-22.332077026367188
-18.713136672973633
-3.6046857833862305
2.323734998703003
-0.7981334328651428
7.369050979614258
-3.4715402126312256
4.858746528625488
4.7046661376953125
16.266481399536133
-7.407629013061523
-1.5607104301452637
-23.035293579101562
-19.212207794189453
-3.6925547122955322
2.4521868228912354
-1.0262788534164429
7.61362361907959
-3.432121753692627
4.997812271118164
4.646983623504639
16.468839645385742
-7.7121477127075195
-1.8026090860366821
-23.75218391418457
-19.706684112548828
-3.7869954109191895
2.5752980709075928
-1.2661795616149902
7.8500471115112305
-3.4023678302764893
5.131042003631592
4.567699909210205
16.658771514892578
-8.019864082336426
-2.0415730476379395
-24.483566284179688
-20.19682502746582
-3.888180732727051
2.692936420440674
-1.518221139907837
8.078132629394531
-3.3826277256011963
5.258229732513428
4.466529846191406
16.83613395690918
-8.331145286560059
-2.2776942253112793
-25.230262756347656
-20.682893753051758
-3.996262788772583
2.8050432205200195
-1.7827774286270142
8.297807693481445
-3.3733105659484863
5.379156112670898
4.343210697174072
17.000871658325195
-8.646358489990234
-2.5110702514648438
-25.993112564086914
-21.165164947509766
-4.11141300201416
2.9115591049194336
-2.060244560241699
8.5089750289917
-3.374661684036255
5.493733882904053
4.197504997253418
17.152982711791992
-8.965868949890137
-2.74180269241333
-26.772974014282227
-21.6439208984375
-4.23380708694458
3.0124523639678955
-2.351052761077881
8.711552619934082
-3.3869144916534424
5.6019062995910645
4.029185771942139
17.292509078979492
-9.290040969848633
-2.9699950218200684
-27.570709228515625
-22.119441986083984
-4.3636250495910645
3.1077194213867188
-2.655651569366455
8.905500411987305
-3.4102959632873535
5.703629016876221
3.838031053543091
17.419513702392578
-9.619237899780273
-3.195751190185547
-28.387187957763672
-22.592002868652344
-4.501022815704346
3.197396755218506
-2.9744725227355957
9.090873718261719
-3.445035457611084
5.798837661743164
3.623831272125244
17.53403091430664
-9.95382022857666
-3.4191877841949463
-29.223329544067383
-23.061920166015625
-4.646183013916016
3.2815096378326416
-3.3079869747161865
9.267656326293945
-3.4913666248321533
5.887498378753662
3.3863744735717773
17.636154174804688
-10.294145584106445
-3.6405129432678223
-30.080394744873047
-23.529830932617188
-4.799260139465332
3.3601698875427246
-3.656771421432495
9.435909271240234
-3.5495193004608154
5.969588279724121
3.1254680156707764
17.72600746154785
-10.64057731628418
-3.859830379486084
-30.959270477294922
-23.995990753173828
-4.96044921875
3.4334537982940674
-4.021368503570557
9.595653533935547
-3.6197285652160645
6.045098781585693
2.8409154415130615
17.80375862121582
-10.993475914001465
-4.0772385597229
-31.8608455657959
-24.460634231567383
-5.129992961883545
3.5013911724090576
-4.402323246002197
9.746877670288086
-3.702219247817993
6.114130020141602
2.5325491428375244
17.869781494140625
-11.353204727172852
-4.292838096618652
-32.7860221862793
-24.92400550842285
-5.308150291442871
3.5640814304351807
-4.800285816192627
9.889728546142578
-3.797232151031494
6.176731109619141
2.200174570083618
17.924362182617188
-11.720213890075684
-4.506806373596191
-33.73590850830078
-25.3865966796875
-5.495123386383057
3.6214892864227295
-5.215970039367676
10.023842811584473
-3.9049811363220215
6.232951641082764
1.843552589416504
17.967708587646484
-12.094858169555664
-4.719232559204102
-34.71140670776367
-25.848615646362305
-5.6911516189575195
3.6736319065093994
-5.649989604949951
10.149063110351562
-4.0257391929626465
6.282806396484375
1.4624645709991455
18.000080108642578
-12.477486610412598
-4.930204391479492
-35.713409423828125
-26.310256958007812
