2
3
6.032715797424316
8.811724662780762
-5.795056343078613
8.191160202026367
-6.299497604370117
-5.220395088195801
7.617096900939941
-2.840769052505493
-8.661291122436523
-0.316228449344635
2.575538396835327
-2.570765495300293
5.5080718994140625
8.551653861999512
-6.9188337326049805
7.63008975982666
-5.930453300476074
-4.936581134796143
8.200109481811523
-2.309549331665039
-8.26012897491455
-0.32300594449043274
3.316535472869873
-2.603612184524536
4.984755516052246
8.28916072845459
-8.01028823852539
7.080967426300049
-5.57033109664917
-4.656790733337402
8.775927543640137
-1.7846264839172363
-7.868479251861572
-0.33121100068092346
4.049588203430176
-2.634720802307129
4.464498043060303
8.02570629119873
-9.069709777832031
6.5456929206848145
-5.218991279602051
-4.381847381591797
9.34488582611084
-1.266703486442566
-7.485648155212402
-0.3411944806575775
4.775498867034912
-2.6646065711975098
3.949206590652466
7.762485504150391
-10.098017692565918
6.024610996246338
-4.8758625984191895
-4.1119585037231445
9.907211303710938
-0.7562503218650818
-7.111053466796875
-0.35340645909309387
5.495141983032227
-2.6937415599823
3.4407544136047363
7.500831127166748
-11.09647274017334
5.5180511474609375
-4.540097713470459
-3.8474783897399902
10.463557243347168
-0.25415414571762085
-6.743869781494141
-0.3681740462779999
6.209446430206299
-2.722653865814209
2.940800666809082
7.242324352264404
-12.06692123413086
5.0268964767456055
-4.210690021514893
-3.588557243347168
11.014486312866211
0.23922589421272278
-6.383121013641357
-0.38574573397636414
6.919379711151123
-2.7519454956054688
2.4507975578308105
6.988338947296143
-13.01142692565918
4.551532745361328
-3.8865554332733154
-3.334954023361206
11.560297966003418
0.7238181233406067
-6.0277252197265625
-0.4062406122684479
7.626026153564453
-2.7819244861602783
1.9719414710998535
6.740034103393555
-13.932113647460938
4.09218692779541
-3.5660221576690674
-3.085705041885376
12.10129451751709
1.1995699405670166
-5.676513195037842
-0.4296897053718567
8.330541610717773
-2.8127670288085938
1.5051443576812744
6.498271942138672
-14.83105182647705
3.6489362716674805
-3.2480621337890625
-2.840313196182251
12.6378173828125
1.6664878129959106
-5.328265190124512
-0.45606204867362976
9.034114837646484
-2.8445987701416016
1.0510563850402832
6.2635393142700195
-15.710127830505371
3.2215828895568848
-2.9320759773254395
-2.598875045776367
13.170299530029297
2.1243603229522705
-4.981738090515137
-0.4852903187274933
9.737878799438477
-2.877537965774536
0.610773503780365
6.035161972045898
-16.570199966430664
2.8089613914489746
-2.6173787117004395
-2.361527681350708
13.69947624206543
2.572878122329712
-4.635696887969971
-0.5172814726829529
10.442956924438477
-2.9116687774658203
0.1855425238609314
5.812805652618408
-17.412050247192383
2.409900188446045
-2.3034744262695312
-2.128326654434204
14.225857734680176
3.0119245052337646
-4.288849353790283
-0.5519777536392212
11.150711059570312
-2.947225570678711
-0.2239021360874176
5.596538066864014
-18.236717224121094
2.0233571529388428
-1.9897446632385254
-1.89938223361969
14.750114440917969
3.441488265991211
-3.93998646736145
-0.5892375707626343
11.862360000610352
-2.984231948852539
-0.6176928281784058
5.386596202850342
-19.045713424682617
1.6486048698425293
-1.6749746799468994
-1.6748939752578735
15.273340225219727
3.861520290374756
-3.587921142578125
-0.6289966106414795
12.579171180725098
-3.0228683948516846
-0.9978848695755005
5.183313369750977
-19.84115982055664
1.2850348949432373
-1.3564295768737793
-1.4543464183807373
15.796806335449219
4.271780967712402
-3.231566905975342
-0.6706444621086121
13.302218437194824
-3.06315016746521
-1.3641465902328491
4.985746383666992
-20.622547149658203
0.9307094216346741
-1.0334746837615967
-1.2372592687606812
16.320682525634766
4.672450065612793
-2.870068311691284
-0.7142636179924011
14.032719612121582
-3.105283260345459
-1.7160708904266357
4.793022632598877
-21.38924789428711
0.5838892459869385
-0.7061197757720947
-1.0233725309371948
16.84450912475586
5.063459396362305
-2.5026819705963135
-0.7597621083259583
14.771610260009766
-3.149146795272827
-2.053394317626953
4.604563236236572
-22.141090393066406
0.24327164888381958
-0.37408626079559326
-0.8124799728393555
17.368148803710938
5.444752216339111
-2.1278328895568848
-0.8073782920837402
15.520285606384277
-3.195078134536743
-2.3758444786071777
4.419902801513672
-22.877788543701172
-0.09230691194534302
-0.037584543228149414
-0.604415774345398
17.890474319458008
5.815921306610107
-1.7442753314971924
-0.8572579622268677
16.279869079589844
-3.24334979057312
-2.6831085681915283
4.238626956939697
-23.59859848022461
-0.42397361993789673
0.30291691422462463
-0.3990515470504761
18.41008949279785
6.176502227783203
-1.3511083126068115
-0.909489095211029
17.05141830444336
-3.294227123260498
-2.9747087955474854
4.060297966003418
-24.301769256591797
-0.7529144287109375
0.647009015083313
-0.19665956497192383
18.926069259643555
6.525850296020508
-0.9481222629547119
-0.9637684226036072
17.83522605895996
-3.3475522994995117
-3.2502801418304443
3.8844847679138184
-24.985654830932617
-1.080161690711975
0.9942561388015747
0.0020253360271453857
19.43752098083496
6.862987518310547
-0.535115122795105
-1.0197958946228027
18.631309509277344
-3.4033350944519043
-3.509448528289795
3.7108142375946045
-25.647302627563477
-1.4065231084823608
1.3444172143936157
0.19660291075706482
19.94365692138672
7.1871209144592285
-0.11203616857528687
-1.077237844467163
19.43853187561035
-3.4614667892456055
-3.7519681453704834
3.538914680480957
-26.284961700439453
-1.732686996459961
1.6973004341125488
0.3867086172103882
20.444700241088867
7.497694969177246
0.3214274048805237
-1.1361896991729736
20.257055282592773
-3.5222325325012207
-3.9776246547698975
3.3684773445129395
-26.896358489990234
-2.0591647624969482
2.0527119636535645
0.5719767212867737
20.940963745117188
7.7942986488342285
0.7656189203262329
-1.196736454963684
21.086973190307617
-3.58575177192688
-4.186281681060791
3.1992292404174805
-27.47978401184082
-2.386305332183838
2.411017417907715
0.7519717216491699
21.433565139770508
8.07638168334961
1.220510482788086
-1.2587919235229492
21.92751693725586
-3.6521143913269043
-4.378020763397217
3.030933380126953
-28.03458595275879
-2.714395523071289
2.772275447845459
0.9262603521347046
21.923389434814453
8.343497276306152
1.6864542961120605
-1.3226618766784668
22.77910804748535
-3.721831798553467
-4.552704811096191
2.8634414672851562
-28.560680389404297
-3.043628454208374
3.1362173557281494
1.0942442417144775
22.411243438720703
8.595104217529297
2.1634304523468018
-1.3886042833328247
23.642250061035156
-3.7953124046325684
-4.710317611694336
2.6965010166168213
-29.057220458984375
-3.374220609664917
3.5031819343566895
1.255662441253662
22.897441864013672
8.83055591583252
2.6519057750701904
-1.456976294517517
24.518146514892578
-3.8731529712677
-4.850976943969727
2.529845714569092
-29.5236873626709
-3.706481456756592
3.8739402294158936
1.410417914390564
23.3824520111084
9.049242973327637
3.15236759185791
-1.5280996561050415
25.4077205657959
-3.9559261798858643
-4.9749345779418945
2.363288640975952
-29.95999526977539
-4.040584087371826
4.248768329620361
1.5582234859466553
23.866567611694336
9.250532150268555
3.665156364440918
-1.6022460460662842
26.311426162719727
-4.0441741943359375
-5.082250118255615
2.1966888904571533
-30.366121292114258
-4.376760005950928
4.627773284912109
1.698632836341858
24.35138702392578
9.434354782104492
4.190814971923828
-1.6797677278518677
27.230192184448242
-4.138569355010986
-5.172845363616943
2.029956817626953
-30.74304962158203
-4.715497016906738
5.011331081390381
1.831305980682373
24.83855628967285
9.600569725036621
4.729746341705322
-1.761003851890564
28.164566040039062
-4.239700794219971
-5.246782302856445
1.8627218008041382
-31.090742111206055
-5.057462692260742
5.400058746337891
1.9560257196426392
25.329919815063477
9.74906063079834
5.282365798950195
-1.8463302850723267
29.115079879760742
-4.3481974601745605
-5.304055690765381
1.6946024894714355
-31.409360885620117
-5.40339469909668
5.79449987411499
2.072507858276367
25.8268985748291
9.879534721374512
5.849277973175049
-1.9361693859100342
30.083053588867188
-4.46480131149292
-5.344850063323975
1.5252773761749268
-31.699655532836914
-5.75398063659668
6.1952595710754395
2.180459976196289
26.330930709838867
9.99166202545166
6.431131839752197
-2.0309267044067383
31.06963539123535
-4.590251445770264
-5.369051456451416
1.3543816804885864
-31.96080207824707
-6.109931945800781
6.602939605712891
2.27964448928833
26.843385696411133
10.085258483886719
7.028573036193848
-2.13100266456604
32.075801849365234
-4.725294589996338
-5.376750946044922
1.1815080642700195
-32.192176818847656
-6.472143173217773
7.018157958984375
2.3697993755340576
27.365781784057617
10.160087585449219
7.642280578613281
-2.236828327178955
33.10262680053711
-4.870730876922607
-5.367974281311035
1.0062439441680908
-32.39324188232422
-6.8413987159729
7.441520690917969
2.450637102127075
27.899677276611328
10.215856552124023
8.272991180419922
-2.348893880844116
34.151390075683594
-5.027449131011963
