2
3
-4.8920369148254395
-8.084724426269531
1.7877634763717651
9.600932121276855
3.583611249923706
0.5689206123352051
-3.130410671234131
5.25059700012207
-4.566259860992432
4.049311637878418
0.38842421770095825
0.37012016773223877
-4.680181980133057
-7.4646477699279785
1.9789543151855469
10.736137390136719
3.2252585887908936
0.5655708312988281
-3.892331600189209
5.257487773895264
-4.402927398681641
3.650135040283203
0.8370698690414429
-0.36892563104629517
-4.4765729904174805
-6.853631973266602
2.157358169555664
11.855094909667969
2.8715620040893555
0.5719166398048401
-4.641427993774414
5.282373905181885
-4.241951942443848
3.274963617324829
1.2757002115249634
-1.0652947425842285
-4.281233787536621
-6.251286506652832
2.322972297668457
12.958333969116211
2.5228610038757324
0.588133692741394
-5.378098011016846
5.325303554534912
-4.083302974700928
2.923213243484497
1.7046164274215698
-1.72047758102417
-4.094237804412842
-5.657183647155762
2.475688934326172
14.046451568603516
2.1793909072875977
0.614398717880249
-6.1029052734375
5.386421203613281
-3.926579236984253
2.5934202671051025
2.124955415725708
-2.3374290466308594
-3.9155681133270264
-5.070871353149414
2.615520477294922
15.120102882385254
1.8413177728652954
0.6507669687271118
-6.816619873046875
5.465551853179932
-3.771559476852417
2.2839181423187256
2.537374973297119
-2.919107437133789
-3.7452492713928223
-4.491776466369629
2.7423863410949707
16.180160522460938
1.5087671279907227
0.6973483562469482
-7.5201096534729
5.5624799728393555
-3.617960214614868
1.9931488037109375
2.9426331520080566
-3.4676618576049805
-3.5831573009490967
-3.9192206859588623
2.8563332557678223
17.227590560913086
1.1817245483398438
0.7542212009429932
-8.214303016662598
5.677031993865967
-3.465470552444458
1.719321608543396
3.341439723968506
-3.9853551387786865
-3.428290367126465
-3.3512158393859863
2.95704984664917
18.26359748840332
0.8599642515182495
0.8214325904846191
-8.9003324508667
5.809398651123047
-3.313861846923828
1.4604887962341309
3.7346110343933105
-4.474261283874512
-3.2795753479003906
-2.7857747077941895
3.0441243648529053
19.289451599121094
0.5432267189025879
0.8989567756652832
-9.579305648803711
5.959613800048828
-3.1630685329437256
1.2146462202072144
4.122966289520264
-4.936298847198486
-3.1359853744506836
-2.221186876296997
3.117234706878662
20.30609893798828
0.23131823539733887
0.986583948135376
-10.252107620239258
6.127320766448975
-3.012601137161255
0.9801079630851746
4.507505416870117
-5.373240947723389
-2.996861219406128
-1.6559401750564575
3.175999402999878
21.31527328491211
-0.07590800523757935
1.084147334098816
-10.91951847076416
6.312320709228516
-2.861875057220459
0.7554990649223328
4.889186859130859
-5.7865400314331055
-2.861682415008545
-1.0884463787078857
3.2199020385742188
22.31922721862793
-0.37861892580986023
1.1914563179016113
-11.582199096679688
6.514419078826904
-2.710447072982788
0.539701521396637
5.268816947937012
-6.177228927612305
-2.7301924228668213
-0.5181907415390015
3.2488765716552734
23.318540573120117
-0.6769551038742065
1.3081719875335693
-12.240605354309082
6.73324728012085
-2.5578532218933105
0.3320010006427765
5.647334575653076
-6.546131610870361
-2.602170944213867
0.055276691913604736
3.262835741043091
24.313615798950195
-0.971500039100647
1.433884859085083
-12.895530700683594
6.968729496002197
-2.4036521911621094
0.13196679949760437
6.025679588317871
-6.89432430267334
-2.4774770736694336
0.6322280168533325
3.261659622192383
25.30455207824707
-1.2626241445541382
1.5682662725448608
-13.547820091247559
7.2212066650390625
-2.247649669647217
-0.06047631800174713
6.40416955947876
-7.221704483032227
-2.3563010692596436
1.2074120044708252
3.2464025020599365
26.285154342651367
-1.5504740476608276
1.710827350616455
-14.197896003723145
7.490601062774658
-2.0904977321624756
-0.2436596304178238
6.781240940093994
-7.5257954597473145
-2.2386224269866943
1.7770987749099731
3.217714786529541
27.25106430053711
-1.8350379467010498
1.8610384464263916
-14.846016883850098
7.776799201965332
-1.9321703910827637
-0.4168679714202881
7.156337261199951
-7.805721282958984
-2.124382734298706
2.339052200317383
3.1760079860687256
28.198471069335938
-2.1149182319641113
2.017136335372925
-15.490097045898438
8.07763957977295
-1.7725343704223633
-0.5799068212509155
7.529345989227295
-8.061238288879395
-2.013751268386841
2.8896474838256836
3.121992349624634
29.121551513671875
-2.3890769481658936
2.177910804748535
-16.128503799438477
8.391654014587402
-1.6114346981048584
-0.7328022718429565
7.900355815887451
-8.29258918762207
-1.9069880247116089
3.4269680976867676
3.0560896396636963
30.01689910888672
-2.6565403938293457
2.3425521850585938
-16.758724212646484
8.717371940612793
-1.4488098621368408
-0.8754391670227051
8.26936149597168
-8.499761581420898
-1.8040647506713867
3.9503283500671387
2.978756904602051
30.883914947509766
-2.916673421859741
2.5104033946990967
-17.37908172607422
9.053668975830078
-1.2844663858413696
-1.0078556537628174
8.636747360229492
-8.683345794677734
-1.7049757242202759
4.459090232849121
2.8905179500579834
31.722179412841797
-3.1690874099731445
2.6809046268463135
-17.98866081237793
9.39959716796875
-1.1184275150299072
-1.129875898361206
9.002239227294922
-8.843396186828613
-1.6097075939178467
4.9530134201049805
2.7918875217437744
32.531673431396484
-3.4135117530822754
2.853665828704834
-18.586904525756836
9.754627227783203
-0.9506934285163879
-1.241475224494934
9.365728378295898
-8.980120658874512
-1.51810884475708
5.432176113128662
2.6833393573760986
33.31261444091797
-3.649864912033081
3.0284619331359863
-19.1739559173584
10.118596076965332
-0.7812448143959045
-1.3426777124404907
9.727209091186523
-9.093847274780273
-1.4300466775894165
5.896806716918945
2.5653116703033447
34.065433502197266
-3.878126859664917
3.205085039138794
-19.7498722076416
10.491286277770996
-0.610088586807251
-1.4334501028060913
10.086576461791992
-9.184825897216797
-1.3453483581542969
6.347517490386963
2.4381797313690186
34.79084777832031
-4.098198890686035
3.3833189010620117
-20.31439971923828
10.87241268157959
-0.4372861981391907
-1.513721227645874
10.443607330322266
-9.253162384033203
-1.2638221979141235
6.7850823402404785
2.3022961616516113
35.48969268798828
-4.310046195983887
3.563028335571289
-20.86737823486328
11.26181411743164
-0.262874960899353
-1.5834623575210571
10.798186302185059
-9.299003601074219
-1.1852625608444214
7.210304260253906
2.1580123901367188
36.162872314453125
-4.5137104988098145
3.7441585063934326
-21.408849716186523
11.659427642822266
-0.08686661720275879
-1.6426564455032349
11.150262832641602
-9.322546005249023
-1.1094828844070435
7.623942852020264
2.0056815147399902
36.81134033203125
-4.70933198928833
3.926751136779785
-21.939170837402344
12.06533145904541
0.09072184562683105
-1.691206693649292
11.499699592590332
-9.323822975158691
-1.0363147258758545
8.026714324951172
1.8456426858901978
37.436073303222656
-4.897038459777832
4.110721588134766
-22.457931518554688
12.479287147521973
0.26991966366767883
-1.729179859161377
11.846322059631348
-9.30285930633545
-0.965604305267334
8.419289588928223
1.6782351732254028
38.03805923461914
-5.076801300048828
4.296056747436523
-22.965003967285156
12.901262283325195
0.4507633447647095
-1.7566014528274536
12.190042495727539
-9.259675979614258
-0.8972100615501404
8.802308082580566
1.503808617591858
38.618316650390625
-5.248815536499023
4.482898235321045
-23.46051788330078
13.331401824951172
0.633224368095398
-1.7733638286590576
12.530685424804688
-9.19417953491211
-0.8310068845748901
9.17638874053955
1.3227052688598633
39.17790222167969
-5.413151264190674
4.671333312988281
-23.944515228271484
13.769817352294922
0.8172564506530762
-1.7793140411376953
12.868011474609375
-9.10618782043457
-0.7668836116790771
9.542129516601562
1.1352624893188477
39.71791458129883
-5.57001256942749
4.861574172973633
-24.417320251464844
14.216763496398926
1.0027951002120972
-1.7742583751678467
13.201713562011719
-8.995429992675781
-0.704742968082428
9.900117874145508
0.9418004751205444
40.239471435546875
-5.719618797302246
5.053826332092285
-24.87915802001953
14.672524452209473
1.189786434173584
-1.7579777240753174
13.531488418579102
-8.861618041992188
-0.6445016264915466
10.250903129577637
0.7426341772079468
40.74365997314453
-5.862187385559082
5.248307704925537
-25.33024024963379
15.137413024902344
1.3777923583984375
-1.730097770690918
13.856771469116211
-8.704289436340332
-0.5860896706581116
10.595046997070312
0.5380382537841797
41.23162841796875
-5.997950077056885
5.445263862609863
-25.77081298828125
15.611790657043457
1.5666043758392334
-1.690237045288086
14.177080154418945
-8.523008346557617
-0.5294474363327026
10.933116912841797
0.3282545208930969
41.704566955566406
-6.127147197723389
5.644965648651123
-26.201143264770508
16.096065521240234
1.7560420036315918
-1.6380277872085571
14.491890907287598
-8.317315101623535
-0.4745742082595825
11.265911102294922
0.11350753903388977
42.164100646972656
-6.250024795532227
5.847705841064453
-26.621511459350586
16.590686798095703
1.9458842277526855
-1.5730375051498413
14.800585746765137
-8.08657455444336
