2
3
1.7346646785736084
-8.668998718261719
-10.124079704284668
10.597298622131348
-5.41222620010376
9.491650581359863
3.8908233642578125
5.492990493774414
-8.139711380004883
-10.29321575164795
1.7576963901519775
-0.1364690065383911
0.8961915969848633
-7.893197059631348
-11.030513763427734
11.458841323852539
-5.0150957107543945
9.074576377868652
4.415113925933838
3.781412124633789
-7.633904457092285
-10.472966194152832
2.159186840057373
0.9474273920059204
0.05344802141189575
-7.0591535568237305
-11.890668869018555
12.216571807861328
-4.587602615356445
8.507370948791504
4.9024577140808105
2.2665810585021973
-7.085973262786865
-10.553176879882812
2.3659720420837402
2.039140224456787
-0.7884204387664795
-6.182461261749268
-12.675591468811035
12.863813400268555
-4.1281819343566895
7.857494354248047
5.352739334106445
0.8929888010025024
-6.529078483581543
-10.536081314086914
2.4408133029937744
3.134464979171753
-1.645632266998291
-5.30143404006958
-13.317087173461914
13.42932415008545
-3.6357932090759277
7.121510028839111
5.752732753753662
-0.3159140348434448
-5.975699424743652
-10.449864387512207
2.3891422748565674
4.265935897827148
-2.5226144790649414
-4.420085430145264
-13.77438735961914
13.87003231048584
-3.109450101852417
6.305702209472656
6.081471920013428
-1.3513211011886597
-5.440728664398193
-10.301129341125488
2.241332769393921
5.436617374420166
-3.4147987365722656
-3.5421876907348633
-14.026762962341309
14.149679183959961
-2.5543665885925293
5.43187141418457
6.321114540100098
-2.2162017822265625
-4.926133632659912
-10.09229850769043
1.9913127422332764
6.6259446144104
-4.307499885559082
-2.6776862144470215
-14.072067260742188
14.258612632751465
-1.9784424304962158
4.514307975769043
6.447134017944336
-2.908017873764038
-4.436483383178711
-9.819302558898926
1.6249722242355347
7.818140983581543
-5.178945064544678
-1.8412989377975464
-13.923847198486328
14.207645416259766
-1.3949310779571533
3.5652740001678467
6.447731018066406
-3.4249231815338135
-3.983031988143921
-9.473464012145996
1.1545827388763428
8.987010955810547
-6.014068603515625
-1.0421645641326904
-13.586437225341797
14.0112886428833
-0.818008542060852
2.59861421585083
6.318914413452148
-3.7690482139587402
-3.57590913772583
-9.050802230834961
0.5996842980384827
10.108715057373047
-6.799807071685791
-0.29018092155456543
-13.068243980407715
13.6838960647583
-0.2607695460319519
1.6284611225128174
6.0612006187438965
-3.945000410079956
-3.221998691558838
-8.549598693847656
-0.020512104034423828
11.161373138427734
-7.523554801940918
0.40363097190856934
-12.381488800048828
13.238003730773926
0.2633509635925293
0.669287383556366
5.680243492126465
-3.960456132888794
-2.9277055263519287
-7.972034454345703
-0.6833871603012085
12.12885570526123
-8.175408363342285
1.0301541090011597
-11.540688514709473
12.689623832702637
0.7447995543479919
-0.2640780806541443
5.182861328125
-3.8211960792541504
-2.697648048400879
-7.3235554695129395
-1.3651766777038574
12.997419357299805
-8.735269546508789
1.5749534368515015
-10.572047233581543
12.054742813110352
1.1767096519470215
-1.1588683128356934
4.573668479919434
-3.53188157081604
-2.5300772190093994
-6.6117658615112305
-2.04357647895813
13.753774642944336
-9.186790466308594
2.0234954357147217
-9.510512351989746
11.362722396850586
1.5545897483825684
-2.004626750946045
3.8571231365203857
-3.098184585571289
-2.4316937923431396
-5.839714527130127
-2.681579351425171
14.37762451171875
-9.509990692138672
2.3641748428344727
-8.385053634643555
10.630109786987305
1.8757832050323486
-2.790839195251465
3.036578893661499
-2.5270802974700928
-2.4178178310394287
-5.010861396789551
-3.227125406265259
14.84813117980957
-9.703652381896973
2.5954463481903076
-7.2302422523498535
9.889081954956055
2.1368517875671387
-3.50724458694458
2.115628480911255
-1.825869083404541
-2.4883692264556885
-4.138836860656738
-3.6474692821502686
15.155303955078125
-9.776948928833008
2.7267587184906006
-6.074355125427246
9.165274620056152
2.3335742950439453
-4.144604206085205
1.1022188663482666
-0.9974362850189209
-2.6196236610412598
-3.2465314865112305
-3.953253746032715
15.306358337402344
-9.738842010498047
2.770885467529297
-4.953670501708984
8.488968849182129
2.455995798110962
-4.688382625579834
0.032422542572021484
-0.053436994552612305
-2.776870012283325
-2.3602986335754395
-4.189912796020508
15.321195602416992
-9.591978073120117
2.7423338890075684
-3.9445605278015137
7.905261993408203
2.4996769428253174
-5.127885818481445
-1.0695017576217651
0.9897284507751465
-2.9398789405822754
-1.5036795139312744
-4.393125534057617
15.229909896850586
-9.349897384643555
2.647545337677002
-3.0823256969451904
7.439233303070068
2.4646735191345215
-5.452835559844971
-2.2080507278442383
2.1161537170410156
-3.09847354888916
-0.6864705681800842
-4.615365982055664
15.070833206176758
-9.030618667602539
2.4885647296905518
-2.3094136714935303
7.083370208740234
2.332728624343872
-5.646823406219482
-3.3399219512939453
3.293863296508789
-3.2434842586517334
0.0884818434715271
-4.931194305419922
14.878035545349121
-8.646773338317871
2.2794530391693115
-1.5968542098999023
6.816661834716797
2.0988454818725586
-5.705285549163818
-4.4188079833984375
4.490096092224121
-3.383044719696045
0.8195645213127136
-5.2526984214782715
14.619154930114746
-8.209729194641113
2.042686700820923
-0.9520076513290405
6.616201877593994
1.77911376953125
-5.643313407897949
-5.448290824890137
5.692307472229004
-3.5212197303771973
1.500026822090149
-5.516463756561279
14.279834747314453
-7.729008197784424
1.7990416288375854
-0.3936910033226013
6.463240623474121
1.3858656883239746
-5.4693098068237305
-6.423394203186035
6.878094673156738
-3.6557986736297607
2.1170642375946045
-5.715780258178711
13.884966850280762
-7.21636438369751
1.5570552349090576
0.06866222620010376
6.3566670417785645
0.9313482046127319
-5.19274377822876
-7.335451602935791
8.027724266052246
-3.7817134857177734
2.6631627082824707
-5.856982707977295
13.455597877502441
-6.686136245727539
1.3151929378509521
0.43196022510528564
6.31339168548584
0.42690902948379517
-4.828128337860107
-8.171609878540039
9.129961013793945
-3.900858163833618
3.1369423866271973
-5.949578762054443
13.01857852935791
-6.145522594451904
1.073595643043518
0.6891052722930908
6.340288162231445
-0.11715596914291382
-4.38536262512207
-8.922237396240234
10.169456481933594
-4.0154595375061035
3.537357807159424
-6.000216960906982
12.595703125
-5.603018760681152
0.8357406258583069
0.8278684616088867
6.446488857269287
-0.6916523575782776
-3.8758134841918945
-9.581340789794922
11.136415481567383
-4.12763786315918
3.867398738861084
-6.011957168579102
12.201152801513672
-5.066344261169434
0.6068155765533447
0.8353675603866577
6.642762184143066
-1.2893729209899902
-3.3122682571411133
-10.143535614013672
12.027575492858887
-4.232684135437012
4.13424825668335
-5.994951248168945
11.834240913391113
-4.541654109954834
0.3935023844242096
0.700214147567749
6.933461666107178
-1.902481198310852
-2.7071845531463623
-10.605206489562988
12.84239387512207
-4.329253673553467
4.343924522399902
-5.959558486938477
11.503792762756348
-4.033171653747559
0.20055580139160156
0.4143843948841095
7.317563533782959
-2.5228567123413086
-2.071497917175293
-10.964659690856934
13.580734252929688
-4.413687229156494
4.500102996826172
-5.9160075187683105
11.216996192932129
-3.5509958267211914
0.0351538360118866
-0.024083435535430908
7.795511722564697
-3.1409645080566406
-1.4157164096832275
-11.224424362182617
14.243266105651855
-4.482851982116699
4.606027603149414
-5.87661600112915
10.983488082885742
-3.105243682861328
-0.09564632177352905
-0.610889732837677
8.364798545837402
-3.7444491386413574
-0.7518985867500305
-11.397970199584961
14.83708667755127
-4.5341033935546875
4.665469169616699
-5.859578609466553
10.816591262817383
-2.705981731414795
-0.18354591727256775
-1.334552526473999
9.020577430725098
-4.32396125793457
-0.08961313962936401
-11.496955871582031
15.370516777038574
-4.564497470855713
4.682833671569824
-5.894076347351074
10.7357816696167
-2.362422227859497
-0.22125612199306488
-2.1773886680603027
9.756078720092773
-4.869418144226074
0.5629730820655823
-11.537027359008789
15.850680351257324
-4.571284770965576
4.663238048553467
-6.022863864898682
10.764373779296875
-2.080451488494873
-0.2037077695131302
-3.1184322834014893
10.55956745147705
-5.371720314025879
1.1969243288040161
-11.540048599243164
16.2890682220459
-4.558647155761719
4.6156206130981445
-6.265435218811035
10.912548065185547
-1.8642961978912354
-0.12721410393714905
-4.135572910308838
11.418519973754883
-5.823387622833252
1.8066680431365967
-11.538544654846191
16.70481300354004
-4.538785457611084
4.554181098937988
-6.603835105895996
11.170207977294922
-1.71671724319458
0.009952843189239502
-5.207958221435547
12.321344375610352
-6.218043327331543
2.392397165298462
-11.574186325073242
17.113346099853516
-4.520273208618164
4.490259170532227
-7.031405925750732
11.532955169677734
-1.6373977661132812
0.2058090716600418
-6.318585395812988
13.2588529586792
-6.553874969482422
2.957183361053467
-11.685791969299316
17.52509117126465
-4.5092644691467285
4.432351589202881
-7.541006565093994
11.995147705078125
