2
3
-0.12744763493537903
3.743358612060547
-7.450323581695557
-5.170225143432617
2.716953992843628
-2.8045601844787598
6.414055824279785
5.08632230758667
-4.4204277992248535
-2.9788739681243896
6.8392791748046875
-4.637800216674805
-0.2722955048084259
3.3707549571990967
-7.662581920623779
-5.8912458419799805
2.662726402282715
-2.5386769771575928
6.1840410232543945
5.566073417663574
-4.075247764587402
-3.0140979290008545
7.554443836212158
-4.661604881286621
-0.4117511212825775
3.005344867706299
-7.868012428283691
-6.603209495544434
2.609835624694824
-2.2816574573516846
5.957103252410889
6.027825355529785
-3.7312514781951904
-3.0530149936676025
8.268146514892578
-4.689997673034668
-0.5460156798362732
2.645658016204834
-8.066760063171387
-7.308385848999023
2.558755397796631
-2.0335874557495117
5.733972549438477
6.4709320068359375
-3.3876960277557373
-3.0958328247070312
8.98147964477539
-4.7234344482421875
-0.6752469539642334
2.2901816368103027
-8.258885383605957
-8.008991241455078
2.5096373558044434
-1.7946200370788574
5.514922142028809
6.89475154876709
-3.0438132286071777
-3.14288330078125
9.695682525634766
-4.762575149536133
-0.7994515895843506
1.9373890161514282
-8.444214820861816
-8.70720100402832
2.4626669883728027
-1.5651057958602905
5.300414085388184
7.298514366149902
-2.6989126205444336
-3.1942498683929443
10.411795616149902
-4.807799816131592
-0.919478714466095
1.5854003429412842
-8.622502326965332
-9.405088424682617
2.4179983139038086
-1.346022605895996
5.091314315795898
7.681305408477783
-2.3523802757263184
-3.24987530708313
11.130657196044922
-4.859285354614258
-1.035276174545288
1.2327024936676025
-8.793188095092773
-10.104586601257324
2.3758676052093506
-1.1376569271087646
4.888432025909424
8.042680740356445
-2.0036168098449707
-3.309985637664795
11.853151321411133
-4.917524814605713
-1.1470314264297485
0.8778301477432251
-8.956280708312988
-10.807682991027832
2.33650541305542
-0.9403260946273804
4.69240140914917
8.381987571716309
-1.6519439220428467
-3.375020742416382
12.58033561706543
-4.9834303855896
-1.2546440362930298
0.519507110118866
-9.111257553100586
-11.516108512878418
2.300163507461548
-0.7543848156929016
4.503962993621826
8.698524475097656
-1.29685378074646
-3.445333957672119
13.312997817993164
-5.057574272155762
-1.3579063415527344
0.15657258033752441
-9.25753402709961
-12.231553077697754
2.2670369148254395
-0.5803227424621582
4.323700428009033
8.991211891174316
-0.9369257688522339
-3.5219709873199463
14.052778244018555
-5.141265869140625
-1.4567005634307861
-0.21213871240615845
-9.394686698913574
-12.955938339233398
2.2374110221862793
-0.41861069202423096
4.152420520782471
9.259143829345703
-0.5713468194007874
-3.6053097248077393
14.800810813903809
-5.235522747039795
-1.550646424293518
-0.5876186490058899
-9.521844863891602
-13.691021919250488
2.2115678787231445
-0.2695615589618683
3.9911131858825684
9.501919746398926
-0.1993260383605957
-3.695782423019409
15.55810546875
-5.3412981033325195
-1.638813853263855
-0.970172643661499
-9.637664794921875
-14.437661170959473
2.1894357204437256
-0.1339183747768402
3.840853691101074
9.718914031982422
0.1797448992729187
-3.793684482574463
16.3253116607666
-5.459522724151611
-1.7209458351135254
-1.3602724075317383
-9.74071216583252
-15.196435928344727
2.170868158340454
-0.012603431940078735
3.70261287689209
9.909409523010254
0.5661318302154541
-3.8991804122924805
17.10240936279297
-5.591151237487793
-1.7967994213104248
-1.7583520412445068
-9.829955101013184
-15.96827220916748
2.156097412109375
0.09375691413879395
3.5773022174835205
10.072551727294922
0.9603184461593628
-4.012767791748047
17.889720916748047
-5.737302780151367
-1.8660894632339478
-2.1649255752563477
-9.90403938293457
-16.754009246826172
2.1454975605010986
0.18448591232299805
3.4658761024475098
10.207186698913574
1.362681269645691
-4.134958267211914
18.687103271484375
-5.898984909057617
-1.9286059141159058
-2.580754518508911
-9.962008476257324
-17.555070877075195
2.1395230293273926
0.2589581310749054
3.3694446086883545
10.312047004699707
1.7733513116836548
-4.266098976135254
19.494359970092773
-6.077201843261719
-1.9840768575668335
-3.0065720081329346
-10.002784729003906
-18.372756958007812
2.1386592388153076
0.31663382053375244
3.2891345024108887
10.386058807373047
2.1924681663513184
-4.406518459320068
20.311250686645508
-6.272994041442871
-2.032344102859497
-3.44339919090271
-10.02541446685791
-19.2089900970459
2.143310070037842
0.3570774793624878
3.226057529449463
10.42842960357666
2.6204984188079834
-4.556970596313477
21.13851547241211
-6.487893104553223
-2.0731663703918457
-3.892148017883301
-10.028814315795898
-20.06551742553711
2.153960943222046
0.3799780607223511
3.181337356567383
10.438674926757812
3.0580224990844727
-4.718332290649414
21.977359771728516
-6.7236785888671875
-2.106266498565674
-4.353793144226074
-10.011868476867676
-20.944246292114258
2.170943260192871
0.384872168302536
3.1559457778930664
10.415902137756348
3.505497455596924
-4.8914713859558105
22.82819175720215
-6.982093334197998
-2.131286859512329
-4.829357147216797
-9.973372459411621
-21.847192764282227
2.194694995880127
0.37155264616012573
3.1512012481689453
10.359801292419434
3.963524341583252
-5.077309608459473
23.692346572875977
-7.265013217926025
-2.1475281715393066
-5.319573402404785
-9.911880493164062
-22.776180267333984
2.2256810665130615
0.33960244059562683
3.1681764125823975
10.269521713256836
4.432397842407227
-5.276706695556641
24.57036590576172
-7.574117660522461
-2.1545801162719727
-5.825558662414551
-9.826056480407715
-23.73357391357422
2.2643795013427734
0.28849467635154724
3.2080423831939697
10.144129753112793
4.912864685058594
-5.49044942855835
25.463228225708008
-7.911059379577637
-2.1515872478485107
-6.347999095916748
-9.714437484741211
-24.721431732177734
2.3113436698913574
0.21775639057159424
3.2720818519592285
9.982673645019531
5.405672550201416
-5.719458103179932
26.371837615966797
-8.277597427368164
-2.1375839710235596
-6.887561321258545
-9.575556755065918
-25.741979598999023
2.366905450820923
0.1267671287059784
3.3615589141845703
9.78424072265625
5.911635875701904
-5.96487283706665
27.2967586517334
-8.675894737243652
-2.1120667457580566
-7.445655822753906
-9.407974243164062
-26.7982120513916
2.431652069091797
0.015146560966968536
3.4777629375457764
9.548089027404785
6.431558609008789
-6.227781295776367
28.239206314086914
-9.107948303222656
-2.074411630630493
-8.023811340332031
-9.210294723510742
-27.893712997436523
2.5061769485473633
-0.11760183423757553
3.622051477432251
9.273259162902832
6.966220855712891
-6.509272575378418
29.200422286987305
-9.575921058654785
-2.023977041244507
-8.623498916625977
-8.980688095092773
-29.031646728515625
2.591076374053955
-0.2720889449119568
3.795830249786377
8.958513259887695
7.516480445861816
-6.8105034828186035
30.181947708129883
-10.082052230834961
-1.9605309963226318
-9.246761322021484
-8.717860221862793
-30.21640968322754
2.686993360519409
-0.4488222002983093
4.000565052032471
8.602829933166504
8.083224296569824
-7.132687091827393
31.185405731201172
-10.628769874572754
-1.8835580348968506
-9.89561939239502
-8.42013931274414
-31.45245933532715
2.7946386337280273
-0.6482864022254944
4.237682819366455
8.205158233642578
8.66739273071289
-7.477120876312256
32.21255111694336
-11.218667984008789
-1.7923400402069092
-10.571988105773926
-8.085335731506348
-32.74390411376953
2.914726734161377
-0.8710870742797852
4.508738040924072
7.764139175415039
9.269842147827148
-7.845115661621094
33.2648811340332
-11.854371070861816
-1.686084270477295
-11.277827262878418
-7.711097240447998
-34.09492492675781
3.0480127334594727
-1.1176908016204834
4.815422534942627
7.27876091003418
9.891650199890137
-8.238103866577148
34.344512939453125
-12.538750648498535
-1.563918113708496
-12.015172004699707
-7.294836044311523
-35.509883880615234
3.1952407360076904
-1.3888121843338013
5.159440517425537
6.74752140045166
10.533842086791992
-8.657556533813477
35.45354080200195
-13.274709701538086
-1.4248957633972168
-12.786288261413574
-6.8337721824646
-36.993690490722656
3.3571555614471436
-1.685248851776123
5.542522430419922
6.168730735778809
11.197507858276367
-9.105024337768555
36.59423828125
-14.065326690673828
-1.2679715156555176
-13.593570709228516
-6.32488489151001
-38.55156707763672
3.5345051288604736
-2.0078766345977783
5.96640682220459
5.5405354499816895
11.883821487426758
-9.582161903381348
37.76911163330078
-14.913926124572754
-1.0920747518539429
-14.439862251281738
-5.765068531036377
-40.18968963623047
3.7281267642974854
-2.357672929763794
6.43313455581665
4.860915184020996
12.594128608703613
-10.09075927734375
38.98136901855469
-15.824151992797852
-0.8960589170455933
-15.328432083129883
-5.1510233879089355
-41.91514587402344
3.938833475112915
-2.7357265949249268
6.944458961486816
4.127467155456543
13.329839706420898
-10.632710456848145
40.234375
-16.799884796142578
-0.678521990776062
-16.262163162231445
-4.478835582733154
-43.73435592651367
4.1674485206604
-3.1432394981384277
7.502105712890625
3.3375115394592285
14.09233283996582
-11.209981918334961
41.53123092651367
-17.845123291015625
