2
3
8.084565162658691
3.0415451526641846
7.6987223625183105
1.5081409215927124
-2.7145769596099854
-7.6161909103393555
6.401700973510742
10.718299865722656
8.312606811523438
1.1169960498809814
-2.268587112426758
1.2044286727905273
8.335325241088867
2.6902542114257812
7.190633296966553
1.0383260250091553
-2.139840841293335
-7.025481224060059
7.0685834884643555
11.402324676513672
7.841222763061523
1.0664030313491821
-2.6817164421081543
0.9211714267730713
8.566733360290527
2.327437162399292
6.65264368057251
0.6519871950149536
-1.5204098224639893
-6.399598121643066
7.620716094970703
12.009469985961914
7.363654613494873
0.9937607645988464
-2.997525215148926
0.6641799807548523
8.774311065673828
1.9576921463012695
6.0881123542785645
0.3507964313030243
-0.8614360094070435
-5.742068290710449
8.059793472290039
12.536879539489746
6.885965347290039
0.8988756537437439
-3.2123804092407227
0.4390384554862976
8.955533981323242
1.5874850749969482
5.5041399002075195
0.13545244932174683
-0.1673780083656311
-5.05557918548584
8.384601593017578
12.97852897644043
6.415428161621094
0.7818276286125183
-3.3250744342803955
0.24918928742408752
9.1073637008667
1.2224559783935547
4.9065470695495605
0.004538595676422119
0.5545240044593811
-4.3433403968811035
8.595314025878906
13.32922077178955
5.958878517150879
0.6419153213500977
-3.3341434001922607
0.1009381115436554
9.225091934204102
0.8669124841690063
4.300992012023926
-0.04574800282716751
1.2948417663574219
-3.609516143798828
8.691883087158203
13.582715034484863
5.523390769958496
0.4783287048339844
-3.239518404006958
0.0018798410892486572
9.305187225341797
0.5261762142181396
3.6951544284820557
-0.01902087777853012
2.045912504196167
-2.8568978309631348
8.667447090148926
13.726051330566406
5.1167988777160645
0.29129984974861145
-3.045680284500122
-0.04318758100271225
9.345849990844727
0.2037765383720398
3.1010851860046387
0.08304282277822495
2.793989658355713
-2.0927348136901855
8.530893325805664
13.756050109863281
4.747798919677734
0.08245730400085449
-2.760745048522949
-0.02841765433549881
9.345221519470215
-0.09693858027458191
2.5328543186187744
0.25883015990257263
3.5306668281555176
-1.3208684921264648
8.28065299987793
13.661471366882324
4.4249491691589355
-0.14705562591552734
-2.398590564727783
0.051748067140579224
9.301614761352539
-0.3725428283214569
2.0043768882751465
0.5060560703277588
4.247300624847412
-0.5475285649299622
7.921172142028809
13.434350967407227
4.156700134277344
-0.394101083278656
-1.976945161819458
0.2036881446838379
9.215734481811523
-0.6191051006317139
1.5285266637802124
0.8214403986930847
4.934001922607422
0.21861159801483154
7.463751792907715
13.071938514709473
3.9504611492156982
-0.6498131155967712
-1.5156375169754028
0.4273979961872101
9.091623306274414
-0.8328990936279297
1.110590934753418
1.2000539302825928
5.5793280601501465
0.962883472442627
6.9245476722717285
12.586945533752441
3.810218334197998
-0.9052330851554871
-1.026718258857727
0.7199621200561523
8.935824394226074
-1.0099776983261108
0.7539351582527161
1.6314268112182617
6.157350540161133
1.6578266620635986
6.374492645263672
12.02731704711914
3.7374730110168457
-1.1533803939819336
-0.5179531574249268
1.0772082805633545
8.75705337524414
-1.1451189517974854
0.457441508769989
2.0992023944854736
6.661513805389404
2.28974986076355
5.848161697387695
11.416664123535156
3.729936361312866
-1.3864576816558838
-0.002449333667755127
1.4918936491012573
8.562760353088379
-1.2378660440444946
0.21891938149929047
2.593686580657959
7.096207618713379
2.8538782596588135
5.355187892913818
10.762598991394043
3.78208065032959
-1.5973273515701294
0.5048764944076538
1.9573678970336914
8.359102249145508
-1.288514256477356
0.0337802916765213
3.1062545776367188
7.4673919677734375
3.3451364040374756
4.9002685546875
10.07857894897461
3.887139320373535
-1.7793543338775635
0.993433952331543
2.4653005599975586
8.150318145751953
-1.2967227697372437
-0.10005971789360046
3.6259446144104004
7.78101921081543
3.759589672088623
4.487869739532471
9.381241798400879
4.036860466003418
-1.9266042709350586
1.453813076019287
3.007608413696289
7.938364028930664
-1.2627428770065308
-0.1836397349834442
4.141793251037598
8.04262638092041
4.09454345703125
4.120816230773926
8.690683364868164
4.22315788269043
-2.0336005687713623
1.8778274059295654
3.574678421020508
7.725603103637695
-1.1880494356155396
-0.2187480330467224
4.6455793380737305
8.256991386413574
4.348263740539551
3.801457643508911
8.030477523803711
4.4391632080078125
-2.0958640575408936
2.2557718753814697
4.156623363494873
7.516475677490234
-1.0748100280761719
-0.21276138722896576
5.1306376457214355
8.428370475769043
4.524626731872559
3.5295045375823975
7.416491508483887
4.68072509765625
-2.1097965240478516
2.5698904991149902
4.741863250732422
7.319344520568848
-0.9232672452926636
-0.18018658459186554
5.586901664733887
8.560513496398926
4.6254563331604
3.3087093830108643
6.866945266723633
4.950943946838379
-2.067214012145996
2.7832746505737305
5.302846431732178
7.14181661605835
-0.7364747524261475
-0.12860891222953796
6.0066094398498535
8.658708572387695
4.656085014343262
3.1380608081817627
6.396579742431641
5.244251728057861
-1.9687572717666626
2.8901400566101074
5.827080726623535
6.983723163604736
-0.5264664888381958
-0.050612568855285645
6.400087356567383
8.735257148742676
4.626523494720459
2.999452829360962
6.0084333419799805
5.541537284851074
-1.8272823095321655
2.9213929176330566
6.333296775817871
6.84531307220459
-0.30414891242980957
0.05767244100570679
6.77908182144165
8.79880142211914
4.54892635345459
2.877922534942627
5.69985294342041
5.829528331756592
-1.6504912376403809
2.9030702114105225
6.832679748535156
6.728438854217529
-0.07457590103149414
0.19408845901489258
7.147207260131836
8.855193138122559
4.435923099517822
2.763437509536743
5.463250637054443
6.102907180786133
-1.4411563873291016
2.8464841842651367
7.324192523956299
6.634786605834961
0.15934276580810547
0.354974627494812
7.506171703338623
8.908106803894043
4.297845840454102
2.6484899520874023
5.291500568389893
6.358487606048584
-1.2013700008392334
2.7611570358276367
7.804739952087402
6.565577030181885
0.3958921432495117
0.5364125967025757
7.857456207275391
8.95862102508545
4.142228126525879
2.529776096343994
5.181065559387207
6.594438076019287
-0.9326649308204651
2.6560845375061035
8.270195007324219
6.521621227264404
0.6341910362243652
0.7337156534194946
8.201900482177734
9.006365776062012
3.975282907485962
2.4065165519714355
5.131013870239258
6.809778690338135
-0.6371699571609497
2.539222002029419
8.717081069946289
6.503303527832031
0.8738296031951904
0.941665768623352
8.538704872131348
9.049973487854004
3.8020718097686768
2.2793021202087402
5.140110969543457
7.004249572753906
-0.3177902102470398
2.4175028800964355
9.14259147644043
6.511251926422119
1.114666223526001
1.152815818786621
8.867307662963867
9.088679313659668
3.6273999214172363
2.148271322250366
5.208591938018799
7.178256988525391
0.021145552396774292
2.2962045669555664
9.547351837158203
6.546760559082031
1.3569344282150269
1.3581486940383911
9.18647575378418
9.122115135192871
3.4560303688049316
2.013676643371582
5.33774471282959
7.3330230712890625
0.3753531873226166
2.1795897483825684
9.932600021362305
6.609374523162842
1.6006066799163818
1.5503312349319458
9.49737548828125
9.149797439575195
3.29229736328125
1.8760383129119873
5.5281195640563965
7.47027587890625
0.7408039569854736
2.070763111114502
10.299764633178711
6.6975836753845215
1.8453397750854492
1.723461627960205
9.801748275756836
9.171191215515137
3.140230178833008
1.7359892129898071
5.779568195343018
7.592381000518799
1.1140803098678589
1.9710075855255127
10.650016784667969
6.809819221496582
2.091139078140259
1.8716695308685303
10.10080337524414
9.185675621032715
3.003368854522705
1.5944714546203613
6.091073989868164
7.702293872833252
1.4921061992645264
1.8799537420272827
10.984562873840332
6.943242073059082
2.3380041122436523
1.990639090538025
10.397189140319824
9.192850112915039
2.885042667388916
1.4530632495880127
6.461233139038086
7.803092956542969
1.87212336063385
1.796202540397644
11.303669929504395
7.093837738037109
2.585887908935547
2.079899311065674
10.693514823913574
9.192598342895508
2.7886693477630615
1.3135079145431519
6.888472080230713
7.896899700164795
2.2515652179718018
1.7184659242630005
11.609692573547363
7.2581706047058105
2.834510326385498
2.1386666297912598
10.992650032043457
9.184778213500977
2.7171993255615234
1.177444338798523
7.370325088500977
7.985436916351318
2.628138303756714
1.6454575061798096
11.905657768249512
7.4328532218933105
3.0838441848754883
2.166266679763794
11.29766845703125
9.169771194458008
2.673001289367676
1.0462368726730347
7.903365612030029
8.070542335510254
3.000007390975952
1.5753421783447266
12.194173812866211
7.6144328117370605
3.3338382244110107
2.162717819213867
11.612054824829102
9.148193359375
2.6584184169769287
0.9211748242378235
8.483987808227539
8.154308319091797
3.3658087253570557
1.5059176683425903
12.477206230163574
