2
3
-2.1007232666015625
-5.603222370147705
8.19680404663086
10.040231704711914
-7.470703125
-5.36133337020874
-3.8309872150421143
-2.8296685218811035
4.541057109832764
3.589791774749756
-5.499402046203613
-2.978090524673462
-1.911456823348999
-5.196934223175049
8.4005765914917
10.775266647338867
-7.188512802124023
-5.256998538970947
-3.3578460216522217
-2.66013765335083
4.122196197509766
3.2081656455993652
-6.272627353668213
-3.7224912643432617
-1.7283122539520264
-4.7970757484436035
8.593961715698242
11.497072219848633
-6.915688991546631
-5.153483867645264
-2.894252300262451
-2.487163782119751
3.7094476222991943
2.8363943099975586
-7.026947021484375
-4.443941593170166
-1.551112174987793
-4.403378486633301
8.776728630065918
12.205588340759277
-6.6517791748046875
-5.05059814453125
-2.4400887489318848
-2.31070613861084
3.303727149963379
2.4746909141540527
-7.764022350311279
-5.143824100494385
-1.3796571493148804
-4.015556335449219
8.9488525390625
12.90091323852539
-6.396365642547607
-4.948124885559082
-1.9951626062393188
-2.1306207180023193
2.905532121658325
2.1230924129486084
-8.485790252685547
-5.823645114898682
-1.2135236263275146
-3.633183717727661
9.110154151916504
13.583040237426758
-6.148983478546143
-4.845874786376953
-1.5594134330749512
-1.9469407796859741
2.5157852172851562
1.781736135482788
-9.19419002532959
-6.484984874725342
-1.0506914854049683
-3.254699945449829
9.26020336151123
14.251917839050293
-5.90903377532959
-4.743522644042969
-1.132584810256958
-1.7593607902526855
2.135039806365967
1.4504672288894653
-9.891300201416016
-7.1295881271362305
-0.8907070755958557
-2.880169630050659
9.399008750915527
14.907495498657227
-5.675976276397705
-4.640693187713623
-0.7144895195960999
-1.567605972290039
1.7630337476730347
1.1286901235580444
-10.579339981079102
-7.759304523468018
-0.7332563996315002
-2.5094919204711914
9.526375770568848
15.54968547821045
-5.4493536949157715
-4.537074089050293
-0.30515629053115845
-1.3717114925384521
1.3989241123199463
0.8153694868087769
-11.260513305664062
-8.376092910766602
-0.5780733227729797
-2.1423280239105225
9.642233848571777
16.17860984802246
-5.22874641418457
-4.43234920501709
0.0954236388206482
-1.171616554260254
1.0421826839447021
0.5095864534378052
-11.936838150024414
-8.981797218322754
-0.42505747079849243
-1.7785818576812744
9.746119499206543
16.793859481811523
-5.013685703277588
-4.3261399269104
0.48716676235198975
-0.967254638671875
0.6919742226600647
0.2102770209312439
-12.610273361206055
-9.578176498413086
-0.27438241243362427
-1.418317198753357
9.837469100952148
17.395111083984375
-4.803647041320801
-4.218048572540283
0.8699080348014832
-0.758683979511261
0.3469903767108917
-0.0838458240032196
-13.282722473144531
-10.16692066192627
-0.12611356377601624
-1.061401128768921
9.91546630859375
17.98233985900879
-4.598596096038818
-4.108133792877197
1.2432811260223389
-0.5463402271270752
0.006655603647232056
-0.37358275055885315
-13.955872535705566
-10.749454498291016
0.019286692142486572
-0.7085446119308472
9.978697776794434
18.553646087646484
-4.398343563079834
-3.9963467121124268
1.6071932315826416
-0.33041802048683167
-0.3295450508594513
-0.6596068143844604
-14.631292343139648
-11.327038764953613
0.1612025797367096
-0.36059534549713135
10.026310920715332
19.107202529907227
-4.202709197998047
-3.882620096206665
1.9617364406585693
-0.11096565425395966
-0.6621381640434265
-0.9424858689308167
-15.310111045837402
-11.900671005249023
0.29875293374061584
-0.0199415385723114
10.057223320007324
19.63889503479004
-4.011561870574951
-3.7669405937194824
2.306966781616211
0.11191897094249725
-0.9899486303329468
-1.2211849689483643
-15.990988731384277
-12.468769073486328
0.4313417971134186
0.31231358647346497
10.07130241394043
20.147878646850586
-3.8247857093811035
-3.6493537425994873
2.6429755687713623
0.3380858302116394
-1.313077449798584
-1.4955542087554932
-16.67425537109375
-13.031179428100586
0.5586276054382324
0.635623574256897
10.068360328674316
20.633665084838867
-3.6422319412231445
-3.529890298843384
2.969830274581909
0.5673536658287048
-1.63188636302948
-1.76572585105896
-17.360504150390625
-13.588081359863281
0.6801989078521729
0.9495124816894531
10.048269271850586
21.095922470092773
-3.4637019634246826
-3.408477306365967
3.287511110305786
0.7995458841323853
-1.9468448162078857
-2.0319156646728516
-18.050703048706055
-14.139921188354492
0.7954163551330566
1.2533271312713623
10.011021614074707
21.53443145751953
-3.289191722869873
-3.2853150367736816
3.5960161685943604
1.03440523147583
-2.2584609985351562
-2.294369697570801
-18.74567985534668
-14.687084197998047
0.9040878415107727
1.5468659400939941
9.956571578979492
21.949138641357422
-3.1187448501586914
-3.160653829574585
3.8953709602355957
1.2716628313064575
-2.567291021347046
-2.5531773567199707
-19.44561195373535
-15.229204177856445
1.0060218572616577
1.8299707174301147
9.884893417358398
22.340084075927734
-2.952291250228882
-3.0345852375030518
4.185561180114746
1.5111314058303833
-2.8738105297088623
-2.8083415031433105
-20.150249481201172
-15.76561164855957
1.1010373830795288
2.1025593280792236
9.795995712280273
22.707435607910156
-2.789616346359253
-2.906921625137329
4.466449737548828
1.752793788909912
-3.1790876388549805
-3.060236930847168
-20.860994338989258
-16.296823501586914
1.1889430284500122
2.3647232055664062
9.690024375915527
23.051759719848633
-2.631368637084961
-2.778090476989746
4.736607074737549
1.995589017868042
-3.4829020500183105
-3.3085100650787354
-21.57657241821289
-16.821805953979492
1.2695516347885132
2.6166818141937256
9.567207336425781
23.373899459838867
-2.4782259464263916
-2.6489179134368896
4.994839191436768
2.2382121086120605
-3.7852814197540283
-3.552950620651245
-22.296497344970703
-17.339935302734375
1.3427146673202515
2.8585379123687744
9.427515029907227
23.6741943359375
-2.3303966522216797
-2.519836187362671
5.240723133087158
2.4799084663391113
-4.086486339569092
-3.7935078144073486
-23.020923614501953
-17.85090446472168
1.4082850217819214
3.090418815612793
9.270927429199219
23.953054428100586
-2.188051700592041
-2.3911571502685547
5.474168300628662
2.720240831375122
-4.38669490814209
-4.030181407928467
-23.750076293945312
-18.35459327697754
1.4661188125610352
3.3125534057617188
9.097482681274414
24.21111297607422
-2.0513815879821777
-2.263129472732544
5.6950531005859375
2.958956003189087
-4.686184406280518
-4.263191223144531
-24.484851837158203
-18.85154151916504
1.5160695314407349
3.525084972381592
8.90715503692627
24.448820114135742
-1.920588731765747
-2.1359457969665527
5.9030961990356445
3.195943832397461
-4.985309600830078
-4.492642879486084
-25.22575569152832
-19.34185218811035
1.5579876899719238
3.7281599044799805
8.699911117553711
24.666635513305664
-1.795906662940979
-2.0098583698272705
6.097879886627197
3.430853843688965
-5.284509181976318
-4.71868371963501
-25.973478317260742
-19.82573699951172
1.591721773147583
3.9221277236938477
8.475874900817871
24.865724563598633
-1.6776704788208008
-1.8851633071899414
6.278913974761963
3.6632626056671143
-5.584331512451172
-4.941565990447998
-26.729042053222656
-20.30384635925293
1.6171492338180542
4.1072869300842285
8.235092163085938
25.04696273803711
-1.5662734508514404
-1.762127161026001
6.445701599121094
3.8928370475769043
-5.88511848449707
-5.161389350891113
-27.493003845214844
-20.77631378173828
1.6340994834899902
4.2837629318237305
7.977437496185303
25.210739135742188
-1.461938500404358
-1.6409567594528198
6.5977888107299805
4.119284152984619
-6.187202453613281
-5.378246784210205
-28.265920639038086
-21.243270874023438
1.6424736976623535
4.451771259307861
7.702865123748779
25.357616424560547
-1.364897608757019
-1.5218466520309448
6.734707832336426
4.34233283996582
-6.490904331207275
-5.592225074768066
-29.048370361328125
-21.704853057861328
1.6418875455856323
4.611346244812012
7.41132116317749
25.488025665283203
-1.2753851413726807
-1.4049713611602783
6.855982780456543
4.561747074127197
-6.796616077423096
-5.803459167480469
-29.841083526611328
-22.161293029785156
1.6317769289016724
4.762478351593018
7.102807998657227
25.60247230529785
-1.1936120986938477
-1.2904456853866577
6.961135387420654
4.777385711669922
-7.104790687561035
-6.012112617492676
-30.644901275634766
-22.612878799438477
1.6118577718734741
4.905148029327393
6.777248382568359
25.701295852661133
-1.1199935674667358
-1.178544521331787
7.049373626708984
4.988705635070801
-7.415030002593994
-6.217763423919678
-31.460376739501953
-23.059558868408203
1.5819902420043945
5.039465427398682
6.434556007385254
25.78487777709961
-1.0548992156982422
-1.0694856643676758
7.120121955871582
5.1953840255737305
-7.727181911468506
-6.420156955718994
-32.28813171386719
-23.501361846923828
1.5420444011688232
5.165552139282227
6.074657917022705
25.853622436523438
-0.9985990524291992
-0.9633736610412598
7.173022747039795
5.397379398345947
-8.041600227355957
-6.619400501251221
-33.12898254394531
-23.938526153564453
1.4918888807296753
5.283535003662109
5.697489261627197
25.907957077026367
-0.9513459205627441
-0.860295295715332
7.207572937011719
5.594534873962402
-8.358611106872559
-6.815572738647461
-33.98365020751953
-24.371212005615234
