2
3
-1.7836687564849854
-5.586888313293457
-9.314764976501465
-4.686792373657227
-6.121119022369385
-0.5512277483940125
2.011402130126953
-5.195206165313721
8.1258544921875
9.039703369140625
2.012876510620117
-6.252647399902344
-1.8148201704025269
-5.249825477600098
-9.62922477722168
-4.134666919708252
-5.708779335021973
-0.6162167191505432
2.7977819442749023
-5.340214252471924
7.790152072906494
8.483771324157715
1.3707016706466675
-7.366674423217773
-1.8504385948181152
-4.921595573425293
-9.942660331726074
-3.5975759029388428
-5.307564735412598
-0.6869840621948242
3.5733742713928223
-5.490803241729736
7.454356670379639
7.930448532104492
0.7500676512718201
-8.466163635253906
-1.8903570175170898
-4.603577136993408
-10.254654884338379
-3.077237844467163
-4.916740894317627
-0.7644861936569214
4.33910608291626
-5.648314476013184
7.119728088378906
7.378629684448242
0.1512993574142456
-9.553659439086914
-1.934640884399414
-4.297268867492676
-10.564959526062012
-2.575610399246216
-4.535524368286133
-0.8497081398963928
5.095961570739746
-5.814215183258057
6.786113262176514
6.826386451721191
-0.425865113735199
-10.632186889648438
-1.9831483364105225
-4.003988742828369
-10.872934341430664
-2.0943140983581543
-4.163070201873779
-0.9436429738998413
5.844837188720703
-5.990163326263428
6.453418731689453
6.272220611572266
-0.9819439053535461
-11.704517364501953
-2.0361082553863525
-3.7258684635162354
-11.178244590759277
-1.6352311372756958
-3.798471450805664
-1.0472657680511475
6.586781978607178
-6.177865028381348
6.123546600341797
5.715087413787842
-1.5168533325195312
-12.77357006072998
-2.0935251712799072
-3.464017391204834
-11.48064136505127
-1.2000062465667725
-3.440751791000366
-1.1614307165145874
7.323168754577637
-6.378713130950928
5.7981367111206055
5.1539716720581055
-2.030707359313965
-13.842339515686035
-2.1551685333251953
-3.2189245223999023
-11.780014991760254
-0.7901909351348877
-3.088881731033325
-1.2869763374328613
8.055442810058594
-6.594229698181152
5.478705883026123
4.587943077087402
-2.5235443115234375
-14.913898468017578
-2.2206780910491943
-2.9910404682159424
-12.076240539550781
-0.4073602557182312
-2.74169921875
-1.4247398376464844
8.785369873046875
-6.826174259185791
5.1665472984313965
4.01618766784668
-2.995481014251709
-15.991374015808105
-2.289555072784424
-2.780729055404663
-12.368870735168457
-0.05288192629814148
-2.3980438709259033
-1.5756020545959473
9.5147123336792
-7.076415061950684
4.862906455993652
3.4377217292785645
-3.4463510513305664
-17.078344345092773
-2.3613951206207275
-2.588547468185425
-12.657318115234375
0.2717641294002533
-2.0569868087768555
-1.740285873413086
10.244749069213867
-7.3466949462890625
4.5689897537231445
2.851166248321533
-3.875643491744995
-18.179288864135742
-2.435762405395508
-2.415114164352417
-12.940962791442871
0.5650589466094971
-1.7173839807510376
-1.9194227457046509
10.977054595947266
-7.638529300689697
4.285623550415039
2.25512957572937
-4.283353328704834
-19.298664093017578
-2.512075662612915
-2.2610762119293213
-13.218880653381348
0.8254656791687012
-1.3782649040222168
-2.1135733127593994
11.712874412536621
-7.953361988067627
4.01318883895874
1.6472645998001099
-4.669078826904297
-20.441740036010742
-2.589991569519043
-2.127044677734375
-13.490653038024902
1.051530361175537
-1.038502812385559
-2.3232600688934326
12.45385456085205
-8.292688369750977
3.7510013580322266
1.0234454870224
-5.032040119171143
-21.614561080932617
-2.6687843799591064
-2.0143916606903076
-13.754940032958984
1.241075873374939
-0.6973167657852173
-2.548685073852539
13.200904846191406
-8.6575927734375
3.498883008956909
0.38050389289855957
-5.371690273284912
-22.824310302734375
-2.7480318546295166
-1.9239732027053833
-14.0110502243042
1.392212986946106
-0.3538988530635834
-2.790370225906372
13.955252647399902
-9.04952335357666
3.2567009925842285
-0.2840770483016968
-5.687821388244629
-24.076810836791992
-2.827305316925049
-1.8566439151763916
-14.258315086364746
1.5032572746276855
-0.006984800100326538
-3.0493717193603516
14.718988418579102
-9.471052169799805
3.0243706703186035
-0.9729481935501099
-5.980084419250488
-25.378154754638672
-2.905606508255005
-1.8133686780929565
-14.495290756225586
1.5721237659454346
0.3455737829208374
-3.32749080657959
15.495061874389648
-9.925389289855957
2.8018112182617188
-1.6888172626495361
-6.248008728027344
-26.73438262939453
-2.981353759765625
-1.7956328392028809
-14.718867301940918
1.5960396528244019
0.7057604789733887
-3.6262662410736084
16.286027908325195
-10.415691375732422
2.588892936706543
-2.433485746383667
-6.490912914276123
-28.14922332763672
-3.053297519683838
-1.8046752214431763
-14.926551818847656
1.5722657442092896
1.0745627880096436
-3.9464259147644043
17.092660903930664
-10.944372177124023
2.3859739303588867
-3.208557605743408
-6.707889556884766
-29.62713050842285
-3.119689702987671
-1.841484785079956
-15.115906715393066
1.4982497692108154
1.4531325101852417
-4.2889723777771
17.916297912597656
-11.51404857635498
2.1936898231506348
-4.01597261428833
-6.8979082107543945
-31.1738338470459
-3.1792795658111572
-1.9070255756378174
-15.286186218261719
1.3716918230056763
1.8428601026535034
-4.65516996383667
18.75899887084961
-12.12768268585205
2.0124807357788086
-4.858160018920898
-7.05936861038208
-32.79478454589844
-3.231401205062866
-2.002098321914673
-15.437217712402344
1.1906343698501587
2.244722604751587
-5.046156883239746
19.621562957763672
-12.787779808044434
1.8429558277130127
-5.7370100021362305
-7.190348148345947
-34.494361877441406
-3.2751922607421875
-2.1276040077209473
-15.56721019744873
0.9528830051422119
2.658182382583618
-5.462149143218994
20.50145149230957
-13.494977951049805
1.686705231666565
-6.652061462402344
-7.288705825805664
-36.27256774902344
-3.3100433349609375
-2.2842631340026855
-15.675167083740234
0.6563897132873535
3.0836713314056396
-5.90443229675293
21.399538040161133
-14.252053260803223
1.5445255041122437
-7.605240821838379
-7.3522820472717285
-38.13344955444336
-3.335663318634033
-2.472707509994507
-15.760995864868164
0.2991575598716736
3.5213255882263184
-6.3742804527282715
22.317041397094727
-15.061912536621094
1.4173132181167603
-8.599380493164062
-7.378210544586182
-40.08320617675781
-3.3513715267181396
-2.6937239170074463
-15.82326889038086
-0.12119752168655396
3.9724326133728027
-6.873682975769043
23.258455276489258
-15.92910099029541
1.3058539628982544
-9.636983871459961
-7.3636627197265625
-42.12700271606445
-3.3566789627075195
-2.948075771331787
-15.860960006713867
-0.6070218682289124
4.438185214996338
-7.404628276824951
24.22650718688965
-16.857614517211914
1.21120023727417
-10.720983505249023
-7.3052592277526855
-44.27105712890625
-3.350771188735962
-3.2367327213287354
-15.8721284866333
-1.1609749794006348
4.919576644897461
-7.9690423011779785
25.223962783813477
-17.851505279541016
1.134501338005066
-11.8549222946167
-7.199123859405518
-46.522979736328125
-3.3332555294036865
-3.5606353282928467
-15.855939865112305
-1.7855892181396484
5.4178056716918945
-8.56904125213623
26.25390625
-18.915145874023438
1.0770657062530518
-13.042562484741211
-7.040945053100586
-48.89098358154297
-3.303459644317627
-3.9210245609283447
-15.810924530029297
-2.4841227531433105
5.934143543243408
-9.206847190856934
27.319644927978516
-20.05314826965332
1.0403414964675903
-14.287732124328613
-6.826166152954102
-51.38334655761719
-3.261086940765381
-4.318735122680664
-15.736383438110352
-3.2590532302856445
6.469964027404785
-9.884790420532227
28.424732208251953
-21.270383834838867
1.0259473323822021
-15.594585418701172
-6.549765586853027
-54.009132385253906
-3.2055323123931885
-4.754918575286865
-15.630670547485352
-4.113399505615234
7.026652812957764
-10.605270385742188
29.572803497314453
-22.571924209594727
1.0356626510620117
-16.967506408691406
-6.20636510848999
-56.77793884277344
-3.1366987228393555
-5.230520725250244
-15.492522239685059
-5.0502424240112305
7.605712413787842
-11.370864868164062
30.767601013183594
-23.96295738220215
1.0715773105621338
-18.411245346069336
-5.789734363555908
-59.70038604736328
-3.054029703140259
-5.747123718261719
-15.319703102111816
-6.073465347290039
8.2085599899292
-12.184175491333008
32.0133171081543
-25.449214935302734
1.1360485553741455
-19.93091583251953
-5.292958736419678
-62.78802490234375
-2.9564313888549805
-6.306629180908203
-15.10953426361084
-7.187525749206543
8.836835861206055
-13.047971725463867
33.31438064575195
-27.036605834960938
1.2317283153533936
-21.531993865966797
-4.708444595336914
-66.0533676147461
-2.843029260635376
-6.910894870758057
-14.859807968139648
-8.396598815917969
9.492250442504883
-13.965105056762695
34.675132751464844
-28.731225967407227
1.361581802368164
-23.22029685974121
-4.027792930603027
-69.50975036621094
-2.712678909301758
-7.561939716339111
-14.567671775817871
-9.705196380615234
10.17680835723877
-14.938806533813477
36.100868225097656
-30.539390563964844
1.5289115905761719
-25.001985549926758
-3.2417144775390625
-73.17132568359375
-2.5640556812286377
-8.261923789978027
-14.229541778564453
-11.118185043334961
10.892524719238281
-15.972338676452637
37.5970573425293
-32.4680061340332
1.7373889684677124
-26.88357925415039
-2.3399386405944824
-77.05308532714844
