2
3
6.190246105194092
-3.076741933822632
2.502765417098999
-4.7461981773376465
6.035854816436768
-0.39170774817466736
-6.778877258300781
6.264842510223389
7.361274719238281
-3.1447885036468506
3.182342529296875
4.734936714172363
6.263233661651611
-3.1585395336151123
2.6779346466064453
-4.880521774291992
5.942049026489258
-0.3752048909664154
-6.984131336212158
6.304362773895264
7.380520343780518
-2.9721503257751465
3.151341676712036
5.052180767059326
6.3361921310424805
-3.2377986907958984
2.8517770767211914
-5.007980823516846
5.850135803222656
-0.35667791962623596
-7.187086582183838
6.3480353355407715
7.3983306884765625
-2.801081895828247
3.116959810256958
5.365394115447998
6.409153938293457
-3.3142616748809814
3.0242578983306885
-5.128401756286621
5.760056972503662
-0.33618953824043274
-7.387755393981934
6.395737648010254
7.414760589599609
-2.631802797317505
3.079312801361084
5.6744065284729
6.482135772705078
-3.3878135681152344
3.1953747272491455
-5.241687297821045
5.671693325042725
-0.313701331615448
-7.586256980895996
6.4474358558654785
7.429844379425049
-2.464550733566284
3.038461685180664
5.97907018661499
6.555140495300293
-3.4583680629730225
3.365084171295166
-5.347668170928955
5.5850067138671875
-0.28927552700042725
-7.782680034637451
6.503100395202637
7.443614482879639
-2.2993323802948
2.9944193363189697
6.2793803215026855
6.62817907333374
-3.5258820056915283
3.533383846282959
-5.446285724639893
5.499996662139893
-0.2630033791065216
-7.97694206237793
6.562602519989014
7.4561052322387695
-2.136166572570801
2.9471805095672607
6.575295448303223
6.701232433319092
-3.59026837348938
3.7001852989196777
-5.537379264831543
5.41666316986084
-0.23496785759925842
-8.169001579284668
6.625851631164551
7.467363357543945
-1.975057601928711
2.8968067169189453
6.866835117340088
6.774293899536133
-3.6514172554016113
3.8653953075408936
-5.620841026306152
5.335002899169922
-0.20528174936771393
-8.358784675598145
6.69270658493042
7.477437496185303
-1.8160040378570557
2.843379497528076
7.154033660888672
6.847377777099609
-3.7093162536621094
4.028989315032959
-5.6966962814331055
5.254976272583008
-0.1739685833454132
-8.546409606933594
6.763210773468018
7.486375331878662
-1.6590001583099365
2.7869813442230225
7.436934471130371
6.920461177825928
-3.763885259628296
4.190856456756592
-5.764828681945801
5.176579475402832
-0.14112119376659393
-8.731935501098633
6.837366104125977
7.494221210479736
-1.5040349960327148
2.727707624435425
7.7155985832214355
6.9935173988342285
-3.8150229454040527
4.350899696350098
-5.825088024139404
5.099797248840332
-0.10676595568656921
-8.91539478302002
6.915183067321777
7.501011371612549
-1.3511250019073486
2.6656439304351807
7.990020751953125
7.066536903381348
-3.8626651763916016
4.50907039642334
-5.877424240112305
5.0246171951293945
-0.07091838866472244
-9.096819877624512
6.996690273284912
7.506782054901123
-1.200268268585205
2.6008641719818115
8.260207176208496
7.139503002166748
-3.906733274459839
4.6652960777282715
-5.921760082244873
4.951024055480957
-0.03357626497745514
-9.2762451171875
7.081941604614258
7.5115885734558105
-1.0514168739318848
2.5334606170654297
8.52627944946289
7.21237850189209
-3.9471163749694824
4.819450855255127
-5.95793342590332
4.87896728515625
0.005310960114002228
-9.453775405883789
7.171084403991699
7.515484809875488
-0.9045236110687256
2.4635262489318848
8.788361549377441
7.285133361816406
-3.98371958732605
4.971434116363525
-5.985829830169678
4.808422565460205
0.045759353786706924
-9.629476547241211
7.264194011688232
7.518508434295654
-0.7594667673110962
2.3911561965942383
9.046738624572754
7.35774040222168
-4.01645040512085
5.121161937713623
-6.005356788635254
4.739327430725098
0.08781814575195312
-9.803445816040039
7.361372947692871
7.520698070526123
-0.6161421537399292
2.316413402557373
9.30164909362793
7.430180549621582
-4.045218467712402
5.2685770988464355
-6.016455173492432
4.671631336212158
0.131534606218338
-9.975764274597168
7.462721824645996
7.522075176239014
-0.474470317363739
2.239349126815796
9.553282737731934
7.502413749694824
-4.069891452789307
5.413535118103027
-6.018954277038574
4.605319976806641
0.1769200563430786
-10.146454811096191
7.568276882171631
7.522663593292236
-0.33436277508735657
2.1600027084350586
9.801834106445312
7.574386119842529
-4.090325355529785
5.555865287780762
-6.012683391571045
4.540392875671387
0.2239849716424942
-10.315472602844238
7.6780524253845215
7.522478103637695
-0.19570370018482208
2.0784058570861816
10.047598838806152
7.646047115325928
-4.106382369995117
5.695412635803223
-5.99749231338501
4.4768385887146
0.2727698087692261
-10.482839584350586
7.7921223640441895
7.521492004394531
-0.05849073827266693
1.994606614112854
10.29073715209961
7.717358589172363
-4.117948055267334
5.832059860229492
-5.973270893096924
4.414669513702393
0.32330986857414246
-10.648557662963867
7.910590171813965
7.5196943283081055
0.07735282182693481
1.9086177349090576
10.531462669372559
7.788270473480225
-4.124892711639404
5.965663909912109
-5.9398722648620605
4.353860855102539
0.37569713592529297
-10.812726974487305
8.033623695373535
7.517075538635254
0.21193337440490723
1.8204615116119385
10.770033836364746
7.85872220993042
-4.127075672149658
6.096060752868652
-5.897126197814941
4.29439640045166
0.4300173819065094
-10.97543716430664
8.16139030456543
7.513631820678711
0.34538739919662476
1.730155110359192
11.006752014160156
7.928648471832275
-4.124347686767578
6.223076343536377
-5.844851493835449
4.236233711242676
0.48636412620544434
-11.136794090270996
8.294075012207031
7.509377479553223
0.4779128432273865
1.6377143859863281
11.242005348205566
7.997979164123535
-4.116550445556641
6.346524715423584
-5.782852649688721
4.179330825805664
0.5448389053344727
-11.296903610229492
8.431873321533203
7.504318714141846
0.6096968650817871
1.5431467294692993
11.476173400878906
8.066638946533203
-4.103515625
6.466207981109619
-5.710921287536621
4.123651027679443
0.6055468916893005
-11.455863952636719
8.574984550476074
7.498462677001953
0.7409244775772095
1.4464354515075684
11.709600448608398
8.134541511535645
-4.085058689117432
6.581875324249268
-5.628812313079834
4.069163799285889
0.6685916185379028
-11.613753318786621
8.723608016967773
7.491812229156494
0.8717713952064514
1.3475613594055176
11.942611694335938
8.201597213745117
-4.060988903045654
6.693284034729004
-5.536282539367676
4.0158162117004395
0.734108567237854
-11.770689964294434
8.877978324890137
7.48436164855957
1.0024367570877075
1.2464836835861206
12.175579071044922
8.267712593078613
-4.031106472015381
6.8001909255981445
-5.4330830574035645
3.96354341506958
0.8022496104240417
-11.92683219909668
9.038373947143555
7.476107597351074
1.133129358291626
1.1431548595428467
12.408882141113281
8.33278751373291
-3.9951963424682617
6.902331352233887
-5.318941593170166
3.9122862815856934
0.8731697201728821
-12.0823335647583
9.20508098602295
7.467014789581299
1.2640537023544312
1.0374995470046997
12.642900466918945
8.396713256835938
-3.9530296325683594
6.999421119689941
-5.193568706512451
3.861981153488159
0.9470342397689819
-12.237359046936035
9.378403663635254
7.457062244415283
1.395426869392395
0.9294466972351074
12.87802791595459
8.45937442779541
-3.9043688774108887
7.09116268157959
-5.056666851043701
3.8125646114349365
1.024016261100769
-12.392077445983887
9.558660507202148
7.446232318878174
1.5274789333343506
0.8189128637313843
13.114680290222168
8.52064323425293
-3.848963737487793
7.177231788635254
-4.907920837402344
3.7639846801757812
1.104294776916504
-12.546639442443848
9.746160507202148
7.434503078460693
1.6604498624801636
0.7057929635047913
13.353287696838379
8.580297470092773
-3.786512613296509
7.257232189178467
-4.746969223022461
3.716174840927124
1.1880640983581543
-12.701224327087402
9.941247940063477
7.421846389770508
1.7945969104766846
0.5899738669395447
13.594313621520996
8.63814926147461
-3.7167630195617676
7.330811977386475
-4.573483943939209
3.6690566539764404
1.2755353450775146
-12.856036186218262
10.144302368164062
7.4082255363464355
1.9301961660385132
0.4713249206542969
13.838263511657715
8.694106101989746
-3.6394944190979004
7.397669792175293
-4.387164115905762
3.622547149658203
1.3669323921203613
-13.011295318603516
10.355729103088379
7.3935956954956055
2.067538261413574
0.34969818592071533
14.085661888122559
8.748008728027344
-3.5544114112854004
7.457427024841309
-4.187653541564941
3.576558828353882
1.4624896049499512
-13.167235374450684
10.57595157623291
7.377910614013672
2.2069170475006104
0.22493287920951843
14.337035179138184
8.799690246582031
-3.4612085819244385
7.509693145751953
-3.9745755195617676
3.5309953689575195
1.5624549388885498
-13.324111938476562
10.805416107177734
7.361119747161865
2.3486359119415283
0.09685419499874115
14.592926979064941
8.849002838134766
-3.3595902919769287
7.554133892059326
-3.7475709915161133
3.48575496673584
1.6670899391174316
-13.482194900512695
11.044590950012207
7.343166351318359
2.4930098056793213
-0.034730687737464905
14.853901863098145
