2
3
-10.143054962158203
-0.32835766673088074
-2.7213315963745117
2.356515884399414
-2.563588857650757
3.000340461730957
-3.4068593978881836
-3.2166643142700195
8.07650375366211
-6.8528242111206055
3.717045545578003
11.685589790344238
-9.897932052612305
-0.4998738765716553
-1.3283970355987549
2.0105645656585693
-2.656449556350708
2.4941625595092773
-2.855602741241455
-3.8684957027435303
8.115909576416016
-5.921624183654785
1.5634267330169678
12.40882682800293
-9.548101425170898
-0.717104971408844
0.052822113037109375
1.701505422592163
-2.6880381107330322
1.9385724067687988
-2.236999034881592
-4.450466632843018
8.01371955871582
-4.939927101135254
-0.503411054611206
13.02983283996582
-9.095637321472168
-0.980907678604126
1.367114782333374
1.472297191619873
-2.656419038772583
1.3378727436065674
-1.6038157939910889
-4.924821853637695
7.76652193069458
-3.9233667850494385
-2.4512417316436768
13.546526908874512
-8.549092292785645
-1.2602797746658325
2.5606284141540527
1.3136318922042847
-2.5620412826538086
0.7144938111305237
-1.0050221681594849
-5.27842903137207
7.374647617340088
-2.889949321746826
-4.221977233886719
13.968438148498535
-7.915370464324951
-1.5296896696090698
3.583524703979492
1.194643497467041
-2.3877627849578857
0.09933233261108398
-0.509371280670166
-5.5256266593933105
6.856302738189697
-1.864071249961853
-5.79569149017334
14.290413856506348
-7.210748672485352
-1.811586856842041
4.459017753601074
1.151563286781311
-2.1546366214752197
-0.5145848989486694
-0.09756118059158325
-5.652538299560547
6.2331767082214355
-0.850515604019165
-7.178095817565918
14.480255126953125
-6.4496049880981445
-2.1070494651794434
5.18889045715332
1.1997781991958618
-1.8838145732879639
-1.131150484085083
0.25451362133026123
-5.6472649574279785
5.5207438468933105
0.14187735319137573
-8.353212356567383
14.527388572692871
-5.642495632171631
-2.4088056087493896
5.761189937591553
1.342207670211792
-1.5848314762115479
-1.7456791400909424
0.5454290509223938
-5.504429340362549
4.744076728820801
1.1134847402572632
-9.33062744140625
14.400598526000977
-4.803563117980957
-2.7048227787017822
6.167037010192871
1.576792597770691
-1.2646760940551758
-2.3500096797943115
0.7672746181488037
-5.222867488861084
3.925807237625122
2.064169406890869
-10.11557388305664
14.072835922241211
-3.946290969848633
-2.981586456298828
6.398703575134277
1.897132158279419
-0.9303666353225708
-2.934121608734131
0.9124791622161865
-4.8047099113464355
3.0799834728240967
2.9794387817382812
-10.704261779785156
13.55005931854248
-3.083238124847412
-3.2251906394958496
6.447789669036865
2.2928411960601807
-0.5895721912384033
-3.487328052520752
0.9744971394538879
-4.2535929679870605
2.21916127204895
3.845195770263672
-11.09022045135498
12.836146354675293
-2.229567050933838
-3.421358346939087
6.315362930297852
2.7510995864868164
-0.2515057921409607
-3.998568058013916
0.9497612714767456
-3.5756802558898926
1.359926700592041
4.640942573547363
-11.273950576782227
11.959148406982422
-1.401906967163086
-3.5573885440826416
6.006905555725098
3.2557713985443115
0.07324311137199402
-4.45817232131958
0.8396488428115845
-2.776992082595825
0.5192615985870361
5.354345798492432
-11.2633695602417
10.935077667236328
-0.6178358793258667
-3.6250762939453125
5.535322666168213
3.7893104553222656
0.3704018294811249
-4.858466625213623
0.6523965001106262
-1.86106538772583
-0.2821069359779358
5.969545841217041
-11.079364776611328
9.795682907104492
0.1082305908203125
-3.6223831176757812
4.914823532104492
4.336100101470947
0.6283992528915405
-5.188144683837891
0.3984032869338989
-0.8440525531768799
-1.024827003479004
6.467497825622559
-10.745280265808105
8.589070320129395
0.7619881629943848
-3.5523064136505127
4.1690754890441895
4.888897895812988
0.8527812361717224
-5.42472505569458
0.07352912425994873
0.21918809413909912
-1.6941488981246948
6.819095134735107
-10.286405563354492
7.393238544464111
1.3305613994598389
-3.422797203063965
3.3315303325653076
5.452398300170898
1.042189359664917
-5.5626115798950195
-0.320282518863678
1.3024853467941284
-2.288825750350952
7.017291069030762
-9.722346305847168
6.265415668487549
1.810581922531128
-3.237987756729126
2.418231964111328
6.017982482910156
1.1943690776824951
-5.601388931274414
-0.7807034850120544
2.390312671661377
-2.8115885257720947
7.08414888381958
-9.081901550292969
5.214982509613037
2.196378707885742
-3.005535125732422
1.4514987468719482
6.586896896362305
1.3055450916290283
-5.546232223510742
-1.2944138050079346
3.471680164337158
-3.255228042602539
7.048698425292969
-8.418719291687012
4.24090576171875
2.4863126277923584
-2.7224442958831787
0.4594053626060486
7.143275737762451
1.364944338798523
-5.399609088897705
-1.8249425888061523
4.530647277832031
-3.6078760623931885
6.926253795623779
-7.821069717407227
3.3486745357513428
2.682332754135132
-2.3883419036865234
-0.5231520533561707
7.65812349319458
1.3695343732833862
-5.169353008270264
-2.347057342529297
5.554750442504883
-3.8659486770629883
6.718703746795654
-7.263308048248291
2.5224483013153076
2.7963080406188965
-2.0106301307678223
-1.4966089725494385
8.1249418258667
1.3376368284225464
-4.869004249572754
-2.8848071098327637
6.539407253265381
-4.037348747253418
6.430572032928467
-6.690513610839844
1.7497175931930542
2.8411152362823486
-1.6000059843063354
-2.484358072280884
8.561809539794922
1.287329912185669
-4.499654769897461
-3.498379707336426
7.481943130493164
-4.125715255737305
6.074345111846924
-6.098694324493408
1.0291367769241333
2.8175883293151855
-1.169640064239502
-3.4672577381134033
8.984088897705078
1.2235476970672607
-4.065584659576416
-4.187968730926514
8.364847183227539
-4.139607906341553
5.664069652557373
-5.488099575042725
0.3643995523452759
2.7289535999298096
-0.7255196571350098
-4.424016952514648
9.388252258300781
1.1387513875961304
-3.5737860202789307
-4.923882961273193
9.182500839233398
-4.085423946380615
5.205370903015137
-4.868727207183838
-0.2328321933746338
2.582357883453369
-0.2691419720649719
-5.342536449432373
9.76781177520752
1.0254546403884888
-3.0331294536590576
-5.675783157348633
9.932472229003906
-3.9694266319274902
4.700331211090088
-4.255148887634277
-0.742029070854187
2.3855812549591064
0.19579532742500305
-6.2149810791015625
10.113561630249023
0.878330409526825
-2.45218563079834
-6.419644832611084
10.613219261169434
-3.7969093322753906
4.150304794311523
-3.661198616027832
-1.145316481590271
2.144496440887451
0.6649028062820435
-7.030600547790527
10.420944213867188
0.6950700283050537
-1.8400535583496094
-7.135916709899902
11.22316837310791
-3.5731778144836426
3.5596776008605957
-3.1030826568603516
-1.4251363277435303
1.8649942874908447
1.1359529495239258
-7.785054683685303
10.684107780456543
0.47793903946876526
-1.2033286094665527
-7.814483642578125
11.754914283752441
-3.3035597801208496
2.9352152347564697
-2.598546028137207
-1.567110300064087
1.5531249046325684
1.6062085628509521
-8.474783897399902
10.896751403808594
0.2298649251461029
-0.5490111708641052
-8.445563316345215
12.201613426208496
-2.992466688156128
2.285529375076294
-2.1648595333099365
-1.5605765581130981
1.2144107818603516
2.0712387561798096
-9.095596313476562
11.053535461425781
-0.045448362827301025
0.1142072081565857
-9.01740837097168
12.556617736816406
-2.6464285850524902
1.6222953796386719
-1.8223284482955933
-1.3978047370910645
0.8556443452835083
2.524827241897583
-9.64433479309082
11.150544166564941
-0.3436209559440613
0.7777079343795776
-9.521669387817383
12.816332817077637
-2.2728118896484375
0.9605841040611267
-1.591460943222046
-1.0752495527267456
0.48290127515792847
2.9616713523864746
-10.119382858276367
11.186846733093262
-0.6593273282051086
1.432811975479126
-9.952534675598145
12.978669166564941
-1.8802900314331055
0.3172032833099365
-1.490969181060791
-0.5941344499588013
0.10192680358886719
3.377592086791992
-10.521966934204102
11.163717269897461
-0.9865224957466125
2.070903778076172
-10.308082580566406
13.045188903808594
-1.4791990518569946
-0.290297269821167
-1.5362904071807861
0.03926438093185425
-0.281374990940094
3.7695116996765137
-10.857865333557129
11.08554458618164
-1.3186285495758057
2.683572769165039
-10.591371536254883
13.020330429077148
-1.0822806358337402
-0.8460606932640076
-1.7362008094787598
0.8188948035240173
-0.6610002517700195
4.137363433837891
-11.135222434997559
10.956341743469238
-1.649085521697998
3.262723445892334
-10.81052017211914
12.917590141296387
-0.7035080194473267
-1.3330188989639282
-2.089782953262329
1.7304493188858032
-1.0330119132995605
4.476803779602051
-11.361908912658691
10.789898872375488
-1.9720686674118042
3.800649404525757
-10.974920272827148
12.755270004272461
-0.35531625151634216
-1.7387630939483643
-2.5908021926879883
2.759638547897339
-1.3961372375488281
4.779345512390137
-11.544130325317383
10.608550071716309
-2.282776355743408
4.288334369659424
-11.093027114868164
12.557887077331543
-0.046547144651412964
-2.048882484436035
-3.2333552837371826
3.8797190189361572
-1.750037431716919
5.036350727081299
-11.692726135253906
10.443099975585938
-2.5779011249542236
4.719815254211426
-11.179865837097168
12.351214408874512
0.21721354126930237
-2.246276617050171
-4.011452674865723
5.049365997314453
