2
3
-4.068882942199707
-0.4740872383117676
6.868139743804932
0.8380396962165833
-6.254931449890137
-1.7722325325012207
-9.029770851135254
-2.473327159881592
-3.982875347137451
8.355104446411133
9.617319107055664
-12.011597633361816
-3.6342477798461914
-0.04684346914291382
6.333979606628418
0.8971968293190002
-6.941149711608887
-1.4378584623336792
-8.863676071166992
-2.068314790725708
-3.374544382095337
7.3719000816345215
9.854948043823242
-12.703099250793457
-3.242784023284912
0.3881527781486511
5.748437404632568
0.8770454525947571
-7.599867343902588
-1.0946403741836548
-8.529397010803223
-1.7622461318969727
-2.752211570739746
6.3487324714660645
9.977590560913086
-13.239815711975098
-2.90047550201416
0.8275659680366516
5.131638526916504
0.7662540674209595
-8.221491813659668
-0.7460562586784363
-8.022333145141602
-1.5661922693252563
-2.1253323554992676
5.298742771148682
9.978690147399902
-13.622007369995117
-2.6128146648406982
1.2677829265594482
4.504836082458496
0.5611498355865479
-8.795256614685059
-0.39665672183036804
-7.342144966125488
-1.4867957830429077
-1.505098581314087
4.2363481521606445
9.849345207214355
-13.846478462219238
-2.3837990760803223
1.7019661664962769
3.8942596912384033
0.25987735390663147
-9.310159683227539
-0.05156305432319641
-6.495847702026367
-1.526105523109436
-0.9030351042747498
3.1779537200927734
9.585433959960938
-13.91441535949707
-2.217621326446533
2.1157402992248535
3.336787223815918
-0.13288047909736633
-9.752791404724121
0.2819332182407379
-5.4976911544799805
-1.6825288534164429
-0.3299357295036316
2.1412644386291504
9.184284210205078
-13.833428382873535
-2.114956855773926
2.4972341060638428
2.862565040588379
-0.6130996942520142
-10.102478981018066
0.5917632579803467
-4.383362293243408
-1.9515328407287598
0.20149332284927368
1.1471799612045288
8.655191421508789
-13.620361328125
-2.074192523956299
2.839501142501831
2.493558883666992
-1.180245280265808
-10.351430892944336
0.8734709024429321
-3.1772682666778564
-2.3323373794555664
0.6798790097236633
0.21613848209381104
8.011314392089844
-13.295571327209473
-2.094143867492676
3.138453722000122
2.2534642219543457
-1.8340733051300049
-10.49563217163086
1.1241374015808105
-1.9090934991836548
-2.823275566101074
1.0883078575134277
-0.6296027898788452
7.3068766593933105
-12.896105766296387
-2.1671454906463623
3.3908944129943848
2.1594161987304688
-2.5717194080352783
-10.530631065368652
1.340356707572937
-0.6192220449447632
-3.422013998031616
1.420718789100647
-1.3703516721725464
6.566158294677734
-12.46505069732666
-2.2730133533477783
3.5920796394348145
2.2013044357299805
-3.3833956718444824
-10.461612701416016
1.5057579278945923
0.6722463369369507
-4.10029935836792
1.6689085960388184
-1.983081340789795
5.8419413566589355
-12.070391654968262
-2.3918890953063965
3.733696460723877
2.3501529693603516
-4.239652156829834
-10.295368194580078
1.6096370220184326
1.9392346143722534
-4.8252177238464355
1.8261783123016357
-2.4627745151519775
5.193489074707031
-11.760759353637695
-2.508206844329834
3.8132259845733643
2.5603461265563965
-5.110600471496582
-10.0418701171875
1.648881196975708
3.150695323944092
-5.565986633300781
1.908529281616211
-2.8328795433044434
4.576107501983643
-11.510174751281738
-2.6099703311920166
3.8401355743408203
2.765726327896118
-5.98069953918457
-9.708638191223145
1.6223385334014893
4.278195381164551
-6.297538757324219
1.9218167066574097
-3.1101608276367188
3.980485439300537
-11.306910514831543
-2.691135883331299
3.821652889251709
2.966088056564331
-6.849546432495117
-9.312519073486328
1.5409358739852905
5.353405952453613
-7.030986309051514
1.866335153579712
-3.3043668270111084
3.415008306503296
-11.153707504272461
-2.752950429916382
3.7594499588012695
3.2000885009765625
-7.7237138748168945
-8.862053871154785
1.4109933376312256
6.382019996643066
-7.764957427978516
1.7519584894180298
-3.4316537380218506
2.8736886978149414
-11.043930053710938
-2.79508376121521
3.6546132564544678
3.484144926071167
-8.60610580444336
-8.362251281738281
1.2358671426773071
7.353818416595459
-8.494010925292969
1.589306354522705
-3.510984182357788
2.347498893737793
-10.965810775756836
-2.815803289413452
3.507220506668091
3.8210926055908203
-9.49401569366455
-7.818381309509277
1.0186818838119507
8.26028060913086
-9.212794303894043
1.381138801574707
-3.5525448322296143
1.8472145795822144
-10.917840957641602
-2.8143038749694824
3.3167967796325684
4.209763526916504
-10.381674766540527
-7.235602855682373
0.762177586555481
9.092306137084961
-9.915359497070312
1.1295087337493896
-3.5629096031188965
1.389163613319397
-10.907876014709473
-2.7883076667785645
3.0835256576538086
4.649420261383057
-11.26460075378418
-6.619571685791016
0.47022897005081177
9.841829299926758
-10.597899436950684
0.8414382934570312
-3.547997236251831
0.9856623411178589
-10.946362495422363
-2.7343733310699463
2.8086626529693604
5.137399673461914
-12.141010284423828
-5.976701259613037
0.14805132150650024
10.503336906433105
-11.259817123413086
0.5223262310028076
-3.512481451034546
0.6487421989440918
-11.041770935058594
-2.648859739303589
2.493354082107544
5.670200824737549
-13.009333610534668
-5.314107418060303
-0.19835934042930603
11.07373332977295
-11.903238296508789
0.17797228693962097
-3.460827350616455
0.3900814354419708
-11.201759338378906
-2.529938220977783
2.1380531787872314
6.243078708648682
-13.867323875427246
-4.639431953430176
-0.5619536638259888
11.553199768066406
-12.534212112426758
-0.1850515902042389
-3.398205041885376
0.22052370011806488
-11.433929443359375
-2.3768868446350098
1.7431954145431519
6.850351810455322
-14.712182998657227
-3.960235595703125
-0.9354119300842285
11.944379806518555
-13.160428047180176
-0.5597635507583618
-3.3292269706726074
0.14974728226661682
-11.742941856384277
-2.1897923946380615
1.3092150688171387
7.485320568084717
-15.540501594543457
-3.286395788192749
-1.3101164102554321
12.259236335754395
-13.791491508483887
-0.9389891624450684
-3.2595958709716797
0.1870458871126175
-12.132796287536621
-1.9693843126296997
0.8369243144989014
8.139639854431152
-16.34891128540039
-2.6265993118286133
-1.6780951023101807
12.508699417114258
-14.43540096282959
-1.3152897357940674
-3.1957755088806152
0.34079670906066895
-12.607181549072266
-1.7170331478118896
0.32793939113616943
8.803862571716309
-17.137374877929688
-1.987531065940857
-2.037078857421875
12.70573616027832
-15.100598335266113
-1.6809691190719604
-3.144258737564087
0.6165786981582642
-13.168240547180176
-1.4351269006729126
-0.21484357118606567
9.471807479858398
-17.906740188598633
-1.3741450309753418
-2.3870508670806885
12.86463451385498
-15.7946195602417
-2.02809476852417
-3.111278772354126
1.0176165103912354
-13.817052841186523
-1.1272164583206177
-0.7866904139518738
10.140752792358398
-18.661832809448242
-0.7900638580322266
-2.7290353775024414
13.001944541931152
-16.52418327331543
-2.349454879760742
-3.1024303436279297
1.5458242893218994
-14.55305290222168
-0.7974728345870972
-1.3817665576934814
10.811761856079102
-19.412803649902344
-0.23998546600341797
-3.0645546913146973
13.14083480834961
-17.299312591552734
-2.6384925842285156
-3.1223549842834473
2.2019176483154297
-15.375028610229492
-0.4508538842201233
-1.992422342300415
11.490157127380371
-20.17519760131836
0.270790696144104
-3.3944735527038574
13.312545776367188
-18.133756637573242
-2.8895931243896484
-3.1747872829437256
2.9855093955993652
-16.28219985961914
-0.09375715255737305
-2.608330488204956
12.19249439239502
-20.974802017211914
0.7357537746429443
-3.7191624641418457
13.560266494750977
-19.04783821105957
-3.098256826400757
-3.261826753616333
3.894757032394409
-17.274267196655273
0.26667505502700806
-3.217438220977783
12.943910598754883
-21.843368530273438
1.1529569625854492
-4.042585849761963
13.928367614746094
-20.059814453125
-3.2615482807159424
-3.3829379081726074
4.9272260665893555
-18.352439880371094
0.6248510479927063
-3.811722993850708
13.772794723510742
-22.80982208251953
1.5246388912200928
-4.370185852050781
14.44711971282959
-21.181644439697266
-3.377493381500244
-3.5380587577819824
6.0810441970825195
-19.519306182861328
0.9780734777450562
-4.389471530914307
14.700150489807129
-23.890697479248047
1.8591091632843018
-4.708780288696289
15.126733779907227
-22.413667678833008
-3.4454355239868164
-3.726574420928955
7.355344295501709
-20.7789306640625
1.326161503791809
-4.954814910888672
15.740232467651367
-25.088884353637695
2.1670308113098145
-5.065035820007324
15.966862678527832
-23.75175666809082
-3.465634346008301
-3.9472570419311523
8.750988006591797
-22.137168884277344
1.6712825298309326
-5.514194965362549
16.899639129638672
-26.400915145874023
2.458367109298706
-5.445080757141113
16.966217041015625
-25.190763473510742
-3.4384777545928955
-4.199678421020508
10.270940780639648
-23.600919723510742
2.0171737670898438
-6.0737624168396
18.180360794067383
-27.82274055480957
2.742534875869751
-5.853641510009766
18.118236541748047
-26.724353790283203
-3.364023208618164
-4.48527193069458
11.920458793640137
-25.174884796142578
2.3681578636169434
-6.63938570022583
19.58308219909668
-29.35067367553711
3.025938034057617
-6.2924485206604
19.424314498901367
-28.353281021118164
-3.2423815727233887
-4.806424140930176
13.707452774047852
-26.86254119873047
