2
3
-8.393880844116211
6.764505386352539
5.082938194274902
-1.628630518913269
8.252514839172363
1.6649270057678223
-2.7654271125793457
-5.608668804168701
-9.160579681396484
-1.5611943006515503
-9.019525527954102
-5.494466781616211
-7.966331958770752
6.377221584320068
6.031223773956299
-2.358916997909546
7.641395092010498
1.6473437547683716
-4.072825908660889
-5.620197772979736
-8.947772979736328
-1.475325345993042
-8.692648887634277
-5.3408403396606445
-7.552570819854736
5.998593807220459
6.956978797912598
-3.0758094787597656
7.030979156494141
1.626777172088623
-5.363409042358398
-5.641846179962158
-8.7442626953125
-1.3955676555633545
-8.37603759765625
-5.198114395141602
-7.1505327224731445
5.6268391609191895
7.864103317260742
-3.782132863998413
6.423467636108398
1.602793574333191
-6.636604309082031
-5.674454689025879
-8.549962997436523
-1.3220131397247314
-8.069790840148926
-5.06641149520874
-6.758611679077148
5.260059356689453
8.754999160766602
-4.480409145355225
5.819969177246094
1.5746163129806519
-7.8923492431640625
-5.718955993652344
-8.364726066589355
-1.2547566890716553
-7.773874282836914
-4.945873260498047
-6.374995231628418
4.896134853363037
9.632477760314941
-5.173255920410156
5.221500873565674
1.5417757034301758
-9.130988121032715
-5.7761101722717285
-8.18832778930664
-1.1939587593078613
-7.488105297088623
-4.836758613586426
-5.997798442840576
4.532763481140137
10.499507904052734
-5.863402843475342
4.629096984863281
1.5039047002792358
-10.353143692016602
-5.846648216247559
-8.020440101623535
-1.1398791074752808
-7.2122344970703125
-4.73960542678833
-5.624948978424072
4.167576313018799
11.359090805053711
-6.553631782531738
4.043540000915527
1.4606547355651855
-11.559819221496582
-5.931297302246094
-7.860689163208008
-1.0927846431732178
-6.945674419403076
-4.654885768890381
-5.254481792449951
3.798236846923828
12.214146614074707
-7.246669292449951
3.4654059410095215
1.4117097854614258
-12.752326965332031
-6.030770301818848
-7.708682537078857
-1.0529848337173462
-6.687901973724365
-4.583192825317383
-4.88449764251709
3.422583818435669
13.067538261413574
-7.945155620574951
2.8951187133789062
1.3567538261413574
-13.932211875915527
-6.145875453948975
-7.563967704772949
-1.0208684206008911
-6.438183784484863
-4.525249004364014
-4.512994766235352
3.0386250019073486
13.922589302062988
-8.651888847351074
2.332427978515625
1.2950377464294434
-15.101154327392578
-6.277521133422852
-7.4260454177856445
-0.9969020485877991
-6.195672035217285
-4.481932163238525
-4.137765884399414
2.6444172859191895
14.78338623046875
-9.370142936706543
1.7770330905914307
1.225993275642395
-16.26081657409668
-6.426440238952637
-7.2943854331970215
-0.9816069602966309
-5.9594316482543945
-4.454236030578613
-3.7568349838256836
2.2382020950317383
15.653610229492188
-10.103167533874512
1.2289464473724365
1.1492388248443604
-17.4127140045166
-6.593401908874512
-7.168332576751709
-0.9755258560180664
-5.728429794311523
-4.4432597160339355
-3.3684704303741455
1.8185737133026123
16.536500930786133
-10.854037284851074
0.68817138671875
1.0642874240875244
-18.558303833007812
-6.779390335083008
-7.047250747680664
-0.9792625308036804
-5.501556396484375
-4.4501953125
-2.9711735248565674
1.384351134300232
17.435001373291016
-11.626105308532715
0.15465641021728516
0.9706016778945923
-19.698978424072266
-6.985464096069336
-6.930566310882568
-0.9934959411621094
-5.277637004852295
-4.476317882537842
-2.5632898807525635
0.9343000650405884
18.352113723754883
-12.422491073608398
-0.3716926574707031
0.8675951957702637
-20.8360538482666
-7.212738990783691
-6.817698001861572
-1.0189622640609741
-5.055520534515381
-4.523041248321533
-2.1433026790618896
0.4672461152076721
19.290712356567383
-13.246350288391113
-0.8908220529556274
0.7546354532241821
-21.9705867767334
-7.4624433517456055
-6.708276271820068
-1.056548833847046
-4.834303855895996
-4.592081546783447
-1.710288643836975
-0.017637789249420166
20.252073287963867
-14.100030899047852
-1.4023926258087158
0.6311848759651184
-23.102933883666992
-7.735673904418945
-6.601659774780273
-1.1070762872695923
-4.612578868865967
-4.684988021850586
-1.2638800144195557
-0.520842432975769
21.23596954345703
-14.985057830810547
-1.9055685997009277
0.49657750129699707
-24.232559204101562
-8.033756256103516
-6.497159481048584
-1.1713721752166748
-4.389002799987793
-4.8034257888793945
-0.8039200305938721
-1.0421767234802246
22.242109298706055
-15.901825904846191
-2.3985729217529297
0.34971749782562256
-25.356407165527344
-8.358260154724121
-6.393688678741455
-1.2499542236328125
-4.1616363525390625
-4.948802471160889
-0.33019718527793884
-1.5816562175750732
23.269636154174805
-16.850502014160156
-2.8801262378692627
0.18957723677158356
-26.471508026123047
-8.710714340209961
-6.290215492248535
-1.3436598777770996
-3.9282748699188232
-5.122443675994873
0.15802571177482605
-2.140150785446167
24.320270538330078
-17.832901000976562
-3.349228620529175
0.015087530016899109
-27.575685501098633
-9.092829704284668
-6.185887813568115
-1.453486442565918
-3.687107563018799
-5.32602071762085
0.6621520519256592
-2.7190933227539062
25.397594451904297
-18.852197647094727
-3.8048999309539795
-0.17481274902820587
-28.66677474975586
-9.506351470947266
-6.079790115356445
-1.5804556608200073
-3.436460494995117
-5.561379432678223
1.1830404996871948
-3.3197476863861084
26.503835678100586
-19.910961151123047
-4.2449822425842285
-0.3814839720726013
-29.740753173828125
-9.953577995300293
-5.9704508781433105
-1.7255206108093262
-3.174337863922119
-5.830616474151611
1.7219691276550293
-3.9437060356140137
27.64236068725586
-21.012571334838867
-4.668513774871826
-0.6061434745788574
-30.795711517333984
-10.436729431152344
-5.8565802574157715
-1.8898448944091797
-2.8984949588775635
-6.135928630828857
2.2804079055786133
-4.59273099899292
28.81702995300293
-22.1608943939209
-5.074848175048828
-0.8500537276268005
-31.830575942993164
-10.958272933959961
-5.7368879318237305
-2.0746498107910156
-2.60657000541687
-6.47958517074585
2.8592746257781982
-5.2682061195373535
30.030929565429688
-23.359420776367188
-5.463217258453369
-1.1144880056381226
-32.843482971191406
-11.520580291748047
-5.610175132751465
-2.281158208847046
-2.2963433265686035
-6.863900661468506
3.460178852081299
-5.972219467163086
31.28807830810547
-24.61280059814453
-5.832706451416016
-1.4006211757659912
-33.831634521484375
-12.125907897949219
-5.475183486938477
-2.5105180740356445
-1.965163230895996
-7.2909674644470215
4.084792137145996
-6.706817150115967
32.592529296875
-25.92552375793457
-6.182598114013672
-1.7095094919204712
-34.79282760620117
-12.776450157165527
-5.330802917480469
-2.76387619972229
-1.6105151176452637
-7.762998104095459
4.7349090576171875
-7.474185943603516
33.94863510131836
-27.30240821838379
-6.512705326080322
-2.042161226272583
-35.7257194519043
-13.474435806274414
-5.1758270263671875
-3.042105197906494
-1.2301386594772339
-8.281895637512207
5.412452697753906
-8.2766695022583
35.36104965209961
-28.748638153076172
-6.822366714477539
-2.399552822113037
-36.62790298461914
-14.222012519836426
-5.00916862487793
-3.346290111541748
-0.8217753767967224
-8.8496675491333
6.119574069976807
-9.116912841796875
36.83492660522461
-30.270076751708984
-7.111068248748779
-2.7827508449554443
-37.49779510498047
-15.02164363861084
-4.829683303833008
-3.677699089050293
-0.38293683528900146
-9.468899726867676
6.8585357666015625
-9.997675895690918
38.37572479248047
-31.87290382385254
-7.378304481506348
-3.192824125289917
-38.3338508605957
-15.875847816467285
-4.636111259460449
-4.037623405456543
0.08928388357162476
-10.142265319824219
7.6316070556640625
-10.921839714050293
39.98876190185547
-33.56293487548828
-7.623621940612793
-3.6308906078338623
-39.13466262817383
-16.7873477935791
-4.427181720733643
-4.427432537078857
0.5978264808654785
-10.872661590576172
8.44100284576416
-11.892441749572754
41.67892837524414
-35.34535217285156
-7.846499919891357
-4.098124980926514
-39.89867401123047
-17.759014129638672
-4.2015862464904785
-4.8485517501831055
1.1457743644714355
-11.663143157958984
9.289063453674316
-12.912506103515625
43.451751708984375
-37.226463317871094
-8.04648494720459
-4.595771789550781
-40.6246337890625
-18.793880462646484
-3.9579997062683105
-5.30246639251709
1.736129641532898
-12.516925811767578
10.17817497253418
-13.98517894744873
45.3128547668457
-39.21276092529297
-8.222989082336426
-5.12498664855957
-41.31141662597656
-19.895090103149414
-3.6950109004974365
-5.790748596191406
2.3721182346343994
-13.437429428100586
11.110941886901855
-15.113799095153809
47.26845169067383
-41.311405181884766
-8.375128746032715
-5.687185287475586
-41.956520080566406
-21.066272735595703
-3.411130905151367
-6.31508731842041
3.0574450492858887
-14.428328514099121
12.090365409851074
-16.301977157592773
49.32598114013672
-43.530982971191406
-8.50281047821045
-6.283843040466309
-42.56005096435547
-22.311288833618164
-3.1049277782440186
-6.877222537994385
3.7955288887023926
-15.493470191955566
13.11963939666748
-17.55362319946289
51.493221282958984
-45.88042449951172
-8.605432510375977
-6.916489601135254
-43.12025451660156
-23.633983612060547
-2.7748725414276123
-7.478959083557129
4.589990139007568
-16.636878967285156
