2
3
-4.191646099090576
2.3658528327941895
-8.660368919372559
0.8623723983764648
-6.990960597991943
-0.2594352066516876
2.06878662109375
2.752365827560425
5.421271800994873
-1.4925463199615479
6.318894386291504
1.9552407264709473
-4.777385711669922
2.407205581665039
-8.11894416809082
0.5107847452163696
-6.4676055908203125
-0.2427442967891693
2.4507923126220703
2.8025400638580322
5.6310882568359375
-1.3848196268081665
4.7539567947387695
2.365170955657959
-5.26509428024292
2.409773111343384
-7.544698715209961
0.15688151121139526
-5.9145827293396
-0.21974457800388336
2.6590094566345215
2.8571364879608154
5.710080146789551
-1.2137600183486938
3.2841694355010986
2.7631683349609375
-5.66037130355835
2.373641014099121
-6.915452003479004
-0.19223976135253906
-5.358132362365723
-0.19528234004974365
2.7565226554870605
2.925827741622925
5.6715407371521
-0.9940776824951172
1.8994431495666504
3.152808427810669
-5.9652018547058105
2.2971386909484863
-6.227701663970947
-0.5280131101608276
-4.8119354248046875
-0.16280822455883026
2.7777233123779297
2.9987118244171143
5.5270466804504395
-0.7321261763572693
0.5902061462402344
3.520190715789795
-6.180628776550293
2.1795156002044678
-5.480851173400879
-0.8464930653572083
-4.290773391723633
-0.11528175324201584
2.7655880451202393
3.0587968826293945
5.2803802490234375
-0.4289456605911255
-0.6245524883270264
3.844822883605957
-6.303250312805176
2.019037961959839
-4.694393157958984
-1.1363766193389893
-3.80058217048645
-0.04987748712301254
2.745722770690918
3.095327138900757
4.9514079093933105
-0.09162431955337524
-1.7565624713897705
4.11666202545166
-6.340230464935303
1.8181370496749878
-3.895092010498047
-1.3810538053512573
-3.3341822624206543
0.02852073311805725
2.6935861110687256
3.1186678409576416
4.558314800262451
0.2683681845664978
-2.818180561065674
4.336190223693848
-6.301499843597412
1.5802712440490723
-3.093536376953125
-1.5674054622650146
-2.884232521057129
0.1163761243224144
2.579538345336914
3.1387174129486084
4.112927436828613
0.642737090587616
-3.8118269443511963
4.502979278564453
-6.19404411315918
1.3073647022247314
-2.295773506164551
-1.6813652515411377
-2.4524295330047607
0.21348533034324646
2.3955299854278564
3.159313917160034
3.6211462020874023
1.024144172668457
-4.733545780181885
4.617640018463135
-6.023091793060303
1.00270414352417
-1.5133651494979858
-1.7102278470993042
-2.048265218734741
0.3244456350803375
2.150714159011841
3.1747143268585205
3.086625576019287
1.4051257371902466
-5.573326110839844
4.679069519042969
-5.792396545410156
0.6717146635055542
-0.762113094329834
-1.643761157989502
-1.6792094707489014
0.4508703947067261
1.8607568740844727
3.180459499359131
2.512965679168701
1.779956340789795
-6.317509651184082
4.686777114868164
-5.506423473358154
0.3222825527191162
-0.06273245811462402
-1.4755544662475586
-1.34992253780365
0.586724579334259
1.542693853378296
3.18280029296875
1.9040229320526123
2.1420133113861084
-6.951231479644775
4.641425609588623
-5.169158458709717
-0.0325181782245636
0.5565668940544128
-1.2082149982452393
-1.0602245330810547
0.7243911623954773
1.2006793022155762
3.1902084350585938
1.2659127712249756
2.4846580028533936
-7.463332176208496
4.545053005218506
-4.783514976501465
-0.3770357668399811
1.062390923500061
-0.8522834777832031
-0.8084187507629395
0.8603307008743286
0.8301374912261963
3.2062127590179443
0.609370231628418
2.8031094074249268
-7.849488258361816
4.398916721343994
-4.353944301605225
-0.692116379737854
1.4192862510681152
-0.43029266595840454
-0.5948139429092407
0.991624116897583
0.434378445148468
3.234607696533203
-0.05256509780883789
3.093204975128174
-8.112988471984863
4.206440448760986
-3.8897855281829834
-0.958289384841919
1.605825424194336
0.02947789430618286
-0.42309585213661194
1.1199088096618652
0.023751139640808105
3.275628089904785
-0.7050983905792236
3.35353422164917
-8.261124610900879
3.967374086380005
-3.4109132289886475
-1.1687408685684204
1.6270647048950195
0.5204089283943176
-0.2947264313697815
1.2448424100875854
-0.38853323459625244
3.330411672592163
-1.3337321281433105
3.5805463790893555
-8.302517890930176
3.6854472160339355
-2.9360227584838867
-1.3221571445465088
1.4945942163467407
1.0417695045471191
-0.20655368268489838
1.3654251098632812
-0.7988677024841309
3.399318218231201
-1.928113341331482
3.7692370414733887
-8.242597579956055
3.368933916091919
-2.4807679653167725
-1.4181625843048096
1.2223725318908691
1.5898072719573975
-0.15537093579769135
1.4833921194076538
-1.2039453983306885
3.4774277210235596
-2.4790384769439697
3.9146173000335693
-8.088316917419434
3.026505947113037
-2.058159589767456
-1.4551278352737427
0.8262801170349121
2.155196189880371
-0.13684013485908508
1.600069284439087
-1.6072287559509277
3.5593090057373047
-2.977964401245117
4.01381778717041
-7.854001998901367
2.6708061695098877
-1.6800384521484375
-1.4314944744110107
0.32780784368515015
2.726280689239502
-0.14771825075149536
1.715688943862915
-2.0111987590789795
3.6432526111602783
-3.4165077209472656
4.064509391784668
-7.565954685211182
2.3205862045288086
-1.3561632633209229
-1.346861720085144
-0.24786865711212158
3.2901360988616943
-0.18532110750675201
1.8301631212234497
-2.4188175201416016
3.731170415878296
-3.7900893688201904
4.0661115646362305
-7.254367828369141
1.9954731464385986
-1.0935332775115967
-1.2023996114730835
-0.8752428889274597
3.835954189300537
-0.24703046679496765
1.9449247121810913
-2.8344435691833496
3.825767755508423
-4.097016334533691
4.020435333251953
-6.95451021194458
1.7113112211227417
-0.895830512046814
-1.0006637573242188
-1.531076192855835
4.3545732498168945
-0.3314023017883301
2.0616610050201416
-3.2594008445739746
3.927053689956665
-4.341568470001221
3.9316835403442383
-6.673693656921387
1.475050449371338
-0.7628856897354126
-0.747024655342102
-2.198537588119507
4.839372634887695
-0.43681007623672485
2.1816892623901367
-3.6937739849090576
4.034326076507568
-4.530849933624268
3.8046047687530518
-6.3935112953186035
1.286123514175415
-0.692194938659668
-0.4482862949371338
-2.867856502532959
5.287168979644775
-0.5623871684074402
2.3055858612060547
-4.1297783851623535
4.1433916091918945
-4.669734001159668
3.6450889110565186
-6.1090826988220215
1.1459144353866577
-0.6803297400474548
-0.11243629455566406
-3.5375375747680664
5.699067115783691
-0.7054095268249512
2.4325127601623535
-4.5624775886535645
4.251473903656006
-4.760887622833252
3.4582324028015137
-5.82833194732666
1.0614148378372192
-0.7210838794708252
0.25131529569625854
-4.20550012588501
6.0755109786987305
-0.8626833558082581
2.56079363822937
-4.990533351898193
4.358614444732666
-4.807268142700195
3.2489771842956543
-5.5581231117248535
1.0363386869430542
-0.809513509273529
0.6357707381248474
-4.864867210388184
6.414071083068848
-1.0319843292236328
2.6886868476867676
-5.4127349853515625
4.465775012969971
-4.813068389892578
3.022766590118408
-5.309203624725342
1.0752530097961426
-0.9416905641555786
1.034320592880249
-5.50646448135376
6.713195323944092
-1.2116831541061401
2.8147339820861816
-5.828546047210693
4.574824333190918
-4.782198429107666
2.786147356033325
-5.093510627746582
1.1815094947814941
-1.1131471395492554
1.4407222270965576
-6.122320652008057
6.9722418785095215
-1.4004559516906738
2.938145875930786
-6.238502502441406
4.6881184577941895
-4.718547821044922
2.547226667404175
-4.923529624938965
1.3569577932357788
-1.3193504810333252
1.8491699695587158
-6.706756591796875
7.191323280334473
-1.5973906517028809
3.0580556392669678
-6.643065929412842
4.808172225952148
-4.626157283782959
2.3144469261169434
-4.812136173248291
1.6000573635101318
-1.5546925067901611
2.253933906555176
-7.256012916564941
7.371429920196533
-1.8015068769454956
3.1739730834960938
-7.043572425842285
4.93785285949707
-4.510354995727539
2.0970840454101562
-4.771794319152832
1.9064736366271973
-1.8135473728179932
2.649587631225586
-7.7693681716918945
7.515498638153076
-2.0114150047302246
3.286766529083252
-7.442659378051758
5.078541278839111
-4.3778510093688965
1.904255986213684
-4.8122053146362305
2.269646644592285
-2.0896620750427246
3.0314650535583496
-8.248466491699219
7.628106117248535
-2.2266221046447754
3.3981101512908936
-7.842678546905518
5.231204032897949
-4.2362895011901855
1.7408387660980225
-4.937381267547607
2.6861932277679443
-2.3774027824401855
3.394770622253418
-8.696619033813477
7.716902256011963
-2.4475698471069336
3.507812023162842
-8.245138168334961
5.4002275466918945
-4.093088626861572
1.6118345260620117
-5.149846076965332
3.151134967803955
-2.671903371810913
3.7361316680908203
-9.119828224182129
7.790310382843018
-2.674198865890503
3.6158945560455322
-8.654281616210938
5.590117931365967
-3.955244302749634
1.5215818881988525
-5.450386047363281
3.658212661743164
-2.9684529304504395
4.052978515625
-9.528305053710938
7.858407974243164
-2.906003475189209
3.723021984100342
-9.077272415161133
5.8050971031188965
-3.8301429748535156
1.4742956161499023
-5.8380842208862305
4.199981689453125
-3.262726306915283
4.344285488128662
-9.938365936279297
7.932300090789795
-3.1420021057128906
3.8304810523986816
-9.523058891296387
6.048410892486572
-3.724141836166382
1.4719330072402954
-6.3101019859313965
4.7708258628845215
