2
3
-9.51226806640625
3.3047146797180176
-5.296263694763184
4.9759321212768555
4.078398704528809
8.657309532165527
-7.450411319732666
1.7023934125900269
8.413492202758789
8.425753593444824
-10.359851837158203
0.41300612688064575
-9.128349304199219
3.55029034614563
-4.320356845855713
5.313714504241943
3.85738468170166
8.667189598083496
-8.298998832702637
1.4848979711532593
7.7685675621032715
8.470511436462402
-11.79824447631836
0.3679080009460449
-8.687850952148438
3.799043655395508
-3.397803783416748
5.65355110168457
3.621478319168091
8.676667213439941
-9.15007209777832
1.2751343250274658
7.063439846038818
8.527149200439453
-13.160173416137695
0.3264046907424927
-8.19328784942627
4.049310684204102
-2.5518884658813477
6.003440856933594
3.3700931072235107
8.686685562133789
-10.00533390045166
1.0747336149215698
6.30423641204834
8.592409133911133
-14.440126419067383
0.2889113128185272
-7.647763729095459
4.3023200035095215
-1.8088164329528809
6.366273403167725
3.1030263900756836
8.69767951965332
-10.865309715270996
0.8853457570075989
5.4972686767578125
8.662640571594238
-15.632025718688965
0.2561781406402588
-7.055141448974609
4.560066223144531
-1.18989896774292
6.742514133453369
2.81852650642395
8.708430290222168
-11.72977066040039
0.7106872797012329
4.650463104248047
8.734495162963867
-16.72814178466797
0.2286382019519806
-6.423353672027588
4.8271284103393555
-0.7093772888183594
7.128662586212158
2.514796018600464
8.717276573181152
-12.596539497375488
0.5542941689491272
3.7763919830322266
8.806158065795898
-17.720703125
0.2039734125137329
-5.760563850402832
5.106315612792969
-0.3838813304901123
7.522928237915039
2.1909666061401367
8.723067283630371
-13.46166706085205
0.4200725853443146
2.88638973236084
8.875930786132812
-18.6071720123291
0.18113762140274048
-5.069832801818848
5.40122127532959
-0.24229256808757782
7.917054653167725
1.8463869094848633
8.725019454956055
-14.32125473022461
0.3118060231208801
1.9917032718658447
8.944162368774414
-19.390403747558594
0.15582694113254547
-4.365649700164795
5.7153730392456055
-0.28439751267433167
8.311300277709961
1.4810806512832642
8.722945213317871
-15.171441078186035
0.23276236653327942
1.1023542881011963
9.007981300354004
-20.073530197143555
0.13003438711166382
-3.6600570678710938
6.0518035888671875
-0.5146510601043701
8.701953887939453
1.0959200859069824
8.717390060424805
-16.007911682128906
0.18521152436733246
0.22801482677459717
9.064621925354004
-20.66144371032715
0.106467105448246
-2.9651753902435303
6.413442611694336
-0.9342366456985474
9.083732604980469
0.6909040212631226
8.708657264709473
-16.830177307128906
0.17181208729743958
-0.6223767995834351
9.110597610473633
-21.16522216796875
0.09003853797912598
-2.281162977218628
6.804177761077881
-1.5736770629882812
9.436410903930664
0.266396701335907
8.697282791137695
-17.643098831176758
0.19588406383991241
-1.439179539680481
9.141551971435547
-21.606109619140625
0.08832152187824249
-1.632503867149353
7.221409320831299
-2.3961124420166016
9.765512466430664
-0.17564907670021057
8.683165550231934
-18.4608211517334
0.2619542181491852
-2.216085195541382
9.153360366821289
-22.021425247192383
0.11192591488361359
-1.0340304374694824
7.661941051483154
-3.382486343383789
10.069781303405762
-0.6330857872962952
8.666766166687012
-19.308494567871094
0.3746545612812042
-2.9476916790008545
9.144975662231445
-22.47316551208496
0.17458266019821167
-0.4954075217247009
8.122288703918457
-4.518522262573242
10.347258567810059
-1.1034529209136963
8.649921417236328
-20.208078384399414
0.5368028879165649
-3.634444236755371
9.12032699584961
-23.003387451171875
0.2848806381225586
-0.0226132869720459
8.599064826965332
-5.791844367980957
10.596297264099121
-1.583987832069397
8.635189056396484
-21.1666202545166
0.7495518326759338
-4.279397010803223
9.08458137512207
-23.607799530029297
0.4451027512550354
0.3798213601112366
9.087041854858398
-7.1900153160095215
10.817699432373047
-2.074014902114868
8.625556945800781
-22.176984786987305
1.0121068954467773
-4.887171745300293
9.041970252990723
-24.265827178955078
0.654887318611145
0.709477424621582
9.580877304077148
-8.701713562011719
11.012907981872559
-2.574066400527954
8.623779296875
-23.22735595703125
1.323150873184204
-5.461292266845703
8.995386123657227
-24.96261215209961
0.9141866564750671
0.965692400932312
10.077256202697754
-10.31722354888916
11.18125057220459
-3.084091901779175
8.632218360900879
-24.30841827392578
1.6814664602279663
-6.003708839416504
8.946900367736816
-25.691287994384766
1.223129153251648
1.1483397483825684
10.57395076751709
-12.028312683105469
11.324054718017578
-3.604133129119873
8.653246879577637
-25.41655731201172
2.086622714996338
-6.517088890075684
8.900545120239258
-26.457019805908203
1.5824453830718994
1.2585973739624023
11.066574096679688
-13.832032203674316
11.447101593017578
-4.132779598236084
8.689343452453613
-26.55594253540039
2.5379159450531006
-7.002851486206055
8.860076904296875
-27.267793655395508
1.9934782981872559
1.298193097114563
11.550860404968262
-15.728143692016602
11.557337760925293
-4.667181968688965
8.742095947265625
-27.73160743713379
3.033824920654297
-7.4637556076049805
8.829425811767578
-28.134803771972656
2.4572317600250244
1.2698017358779907
12.022056579589844
-17.720914840698242
11.664472579956055
-5.2050299644470215
8.812551498413086
-28.951894760131836
3.573432445526123
-7.902596473693848
8.812261581420898
-29.06952476501465
2.9745469093322754
1.175543189048767
12.476902961730957
-19.813671112060547
11.776765823364258
-5.745047569274902
8.901909828186035
-30.225772857666016
4.1568989753723145
-8.322153091430664
8.812210083007812
-30.083152770996094
3.5458977222442627
1.0169768333435059
12.913498878479004
-22.01000213623047
11.9022216796875
-6.286318302154541
9.011981964111328
-31.564659118652344
4.784139633178711
-8.725858688354492
8.834260940551758
-31.188533782958984
4.170651435852051
0.7963511943817139
13.331077575683594
-24.31650161743164
12.049199104309082
-6.8269548416137695
9.147928237915039
-32.98933410644531
5.453312873840332
-9.109872817993164
8.890233993530273
-32.426937103271484
4.842990875244141
0.5161086916923523
13.730016708374023
-26.741230010986328
12.22654914855957
-7.340041160583496
9.33229923248291
-34.600894927978516
6.146044731140137
-9.436187744140625
9.02154541015625
-33.95438766479492
5.525262355804443
0.18113714456558228
14.113229751586914
-29.292919158935547
12.446039199829102
-7.80257511138916
9.589402198791504
-36.50040054321289
6.838665008544922
-9.72443675994873
9.223647117614746
-35.7696647644043
6.219559669494629
-0.20229530334472656
14.485201835632324
-31.983083724975586
12.718381881713867
-8.242236137390137
9.902047157287598
-38.65054702758789
7.546170711517334
-10.006543159484863
9.475425720214844
-37.81920623779297
6.946600914001465
-0.6291338801383972
14.850140571594238
-34.825382232666016
13.04979133605957
-8.685144424438477
10.253331184387207
-41.01008224487305
8.286354064941406
-10.302431106567383
9.764309883117676
-40.07086181640625
7.720005512237549
-1.0978338718414307
15.2121000289917
-37.834938049316406
13.446098327636719
-9.146394729614258
10.63492202758789
-43.56240463256836
9.070296287536621
-10.619656562805176
10.087830543518066
-42.524559020996094
8.54404067993164
-1.6086890697479248
15.57503890991211
-41.027557373046875
13.913064002990723
-9.632195472717285
11.044922828674316
-46.311866760253906
9.903514862060547
-10.963557243347168
10.445268630981445
-45.187740325927734
9.422534942626953
-2.1625163555145264
15.943504333496094
-44.4210205078125
14.455065727233887
-10.146173477172852
11.482967376708984
-49.26917266845703
10.790742874145508
-11.338165283203125
10.836661338806152
-48.071983337402344
10.359335899353027
-2.760746717453003
16.32244873046875
-48.03470230102539
15.075488090515137
-10.690605163574219
11.94929027557373
-52.44866943359375
11.736482620239258
-11.746816635131836
11.26232624053955
-51.19119644165039
11.358464241027832
-3.405734062194824
16.716175079345703
-51.88762283325195
15.778979301452637
-11.26750659942627
12.444398880004883
-55.866943359375
12.745659828186035
-12.192636489868164
11.722633361816406
-54.560752868652344
12.424474716186523
-4.100346088409424
17.128650665283203
-55.99898910522461
16.570743560791016
-11.877191543579102
12.96881103515625
-59.54286575317383
13.822256088256836
-12.67796802520752
12.2179594039917
-58.19770050048828
13.561887741088867
-4.8464202880859375
17.564210891723633
-60.3876838684082
17.455039978027344
-12.519392013549805
13.523130416870117
-63.49705505371094
14.969989776611328
-13.202857971191406
12.748971939086914
-62.12161636352539
14.77340030670166
-5.645226001739502
18.027599334716797
-65.07241821289062
18.434900283813477
-13.196599006652832
14.108356475830078
-67.75016784667969
16.195146560668945
-13.770320892333984
13.316841125488281
-66.35211181640625
16.064395904541016
-6.497771263122559
18.522977828979492
-70.07264709472656
19.513235092163086
-13.911165237426758
14.725958824157715
-72.3240966796875
17.504201889038086
-14.382694244384766
13.922508239746094
-70.91058349609375
17.440919876098633
