2
3
8.060722351074219
1.8938262462615967
-11.401875495910645
-8.640800476074219
9.138945579528809
3.3557446002960205
-5.644079208374023
-2.1285500526428223
-8.911299705505371
-6.6039581298828125
1.6989517211914062
-1.1957653760910034
7.439576148986816
1.7320293188095093
-12.541592597961426
-9.194860458374023
8.769548416137695
3.476205587387085
-6.952387809753418
-2.9312477111816406
-8.189571380615234
-6.495652198791504
2.9200878143310547
-0.7744786739349365
6.776986122131348
1.56642484664917
-13.597752571105957
-9.7406005859375
8.372469902038574
3.5830154418945312
-8.22099494934082
-3.7805581092834473
-7.391054153442383
-6.373704433441162
3.974381446838379
-0.3117559552192688
6.077338695526123
1.3929165601730347
-14.56135082244873
-10.271916389465332
7.9495391845703125
3.6736226081848145
-9.44213581085205
-4.672205448150635
-6.53141975402832
-6.228854656219482
4.850513458251953
0.186937153339386
5.346602439880371
1.2074103355407715
-15.424649238586426
-10.78174114227295
7.500081539154053
3.742004632949829
-10.611037254333496
-5.595726013183594
-5.620896816253662
-6.054467678070068
5.52615213394165
0.7157121300697327
4.594199180603027
1.0052543878555298
-16.18389320373535
-11.260865211486816
7.025721549987793
3.782971143722534
-11.723299026489258
-6.540833473205566
-4.663697242736816
-5.841292381286621
5.964846611022949
1.2601726055145264
3.8283562660217285
0.7833884954452515
-16.834163665771484
-11.700911521911621
6.528006553649902
3.790782928466797
-12.772712707519531
-7.496916770935059
-3.6707265377044678
-5.581857681274414
6.140158176422119
1.8023269176483154
3.0586864948272705
0.5404917001724243
-17.37385368347168
-12.096898078918457
6.0087056159973145
3.7598252296447754
-13.752042770385742
-8.451271057128906
-2.6748337745666504
-5.281373023986816
6.089798450469971
2.3536081314086914
2.2974774837493896
0.2791984975337982
-17.81037139892578
-12.454948425292969
5.471047878265381
3.6857104301452637
-14.65680980682373
-9.391280174255371
-1.6938320398330688
-4.935635566711426
5.822957515716553
2.901242733001709
1.5609620809555054
0.009041368961334229
-18.163599014282227
-12.79749584197998
4.917494773864746
3.5651180744171143
-15.485201835632324
-10.305717468261719
-0.7440398931503296
-4.542073726654053
5.3530497550964355
3.429378032684326
0.8588501811027527
-0.2680939733982086
-18.45285987854004
-13.134206771850586
4.349519729614258
3.3945860862731934
-16.23682975769043
-11.183906555175781
0.16522645950317383
-4.091452121734619
4.681990146636963
3.9039459228515625
0.19470268487930298
-0.5557982921600342
-18.71394920349121
-13.471646308898926
3.7681467533111572
3.170159339904785
-16.920806884765625
-12.014089584350586
1.0270018577575684
-3.5728564262390137
3.808089256286621
4.282406806945801
-0.43381941318511963
-0.8604182600975037
-18.99298095703125
-13.8091402053833
3.1751549243927
2.887284278869629
-17.569164276123047
-12.789134979248047
1.8130924701690674
-3.0076398849487305
2.794940710067749
4.587831020355225
-1.0277702808380127
-1.1821658611297607
-19.296655654907227
-14.134809494018555
2.5742924213409424
2.545374631881714
-18.227205276489258
-13.512167930603027
2.5155014991760254
-2.4016127586364746
1.6599576473236084
4.812285423278809
-1.5876950025558472
-1.5178911685943604
-19.601116180419922
-14.43875789642334
1.9705326557159424
2.1529862880706787
-18.89386749267578
-14.178361892700195
3.1315906047821045
-1.7620384693145752
0.4164595603942871
4.944757461547852
-2.11399507522583
-1.8654446601867676
-19.89333152770996
-14.716434478759766
1.3653203248977661
1.718672513961792
-19.541812896728516
-14.78159236907959
3.6588544845581055
-1.0967628955841064
-0.9205498695373535
4.97637939453125
-2.6068978309631348
-2.2279882431030273
-20.170297622680664
-14.961767196655273
0.7605394124984741
1.249690294265747
-20.15665626525879
-15.316978454589844
4.090280532836914
-0.4166998863220215
-2.3314452171325684
4.904038429260254
-3.066148281097412
-2.604666233062744
-20.436464309692383
-15.172039031982422
0.15906476974487305
0.7528093457221985
-20.735002517700195
-15.781015396118164
4.420360565185547
0.2664167881011963
-3.7969017028808594
4.727565288543701
-3.4886555671691895
-2.993044853210449
-20.69809341430664
-15.347172737121582
-0.4356297254562378
0.23446500301361084
-21.280879974365234
-16.173095703125
4.653519153594971
0.9413833022117615
-5.311585426330566
4.439300060272217
-3.8737618923187256
-3.389157295227051
-20.967592239379883
-15.4888334274292
-1.0155951976776123
-0.29877781867980957
-21.797027587890625
-16.49587059020996
4.798098564147949
1.596848726272583
-6.867717742919922
4.041324138641357
-4.226993560791016
-3.787745475769043
-21.256528854370117
-15.599103927612305
-1.5773471593856812
-0.8408591747283936
-22.297269821166992
-16.753089904785156
4.858480930328369
2.2243967056274414
-8.452025413513184
3.536705255508423
-4.5523762702941895
-4.18223762512207
-21.574235916137695
-15.681446075439453
-2.115682363510132
-1.3845043182373047
-22.79329490661621
-16.953475952148438
4.838455677032471
2.81715989112854
-10.051025390625
2.9273476600646973
-4.854795932769775
-4.567028999328613
-21.930810928344727
-15.741135597229004
-2.6315083503723145
-1.9240261316299438
-23.29518699645996
-17.102590560913086
4.742222309112549
3.3700342178344727
-11.652247428894043
2.215803861618042
-5.139705657958984
-4.937733173370361
-22.336275100708008
-15.784919738769531
-3.1284055709838867
-2.453894853591919
-23.81490707397461
-17.21038055419922
4.5750508308410645
3.879866600036621
-13.2463960647583
1.4047784805297852
-5.414295196533203
-5.290643692016602
-22.797197341918945
-15.820713996887207
-3.610959053039551
-2.968822956085205
-24.36387062072754
-17.287670135498047
4.3421711921691895
4.344221115112305
-14.827839851379395
0.49903666973114014
-5.684754848480225
-5.622008800506592
-23.321434020996094
-15.859614372253418
-4.085127353668213
-3.4640166759490967
-24.94994354248047
-17.34547233581543
4.048637390136719
4.762045383453369
-16.396554946899414
-0.49526238441467285
-5.95792293548584
-5.925909996032715
-23.918519973754883
-15.91739273071289
-4.555883884429932
-3.935058832168579
-25.583232879638672
-17.39830207824707
3.697641611099243
5.130364418029785
-17.951570510864258
-1.5660825967788696
-6.224969387054443
-6.176648139953613
-24.639236450195312
-16.031728744506836
-5.0282392501831055
-4.376544952392578
-26.274871826171875
-17.46434211730957
3.2965166568756104
5.4499287605285645
-19.507671356201172
-2.705939292907715
-6.422685146331787
-6.289647102355957
-25.662738800048828
-16.346866607666016
-5.499150276184082
-4.772630214691162
-27.054397583007812
-17.569490432739258
2.8535165786743164
5.723327159881592
-21.087665557861328
-3.9050323963165283
-6.607648849487305
-6.332817077636719
-26.888612747192383
-16.782163619995117
-5.890982151031494
-5.02468729019165
-28.12199592590332
-17.873729705810547
2.3787994384765625
5.955063343048096
-22.72055435180664
-5.147401809692383
-6.804078102111816
-6.335036277770996
-28.269664764404297
-17.30511474609375
-6.232222557067871
-5.168331146240234
-29.448213577270508
-18.342885971069336
1.882444143295288
6.150930881500244
-24.430688858032227
-6.422821044921875
-7.020529270172119
-6.3074564933776855
-29.790498733520508
-17.905147552490234
-6.570417404174805
-5.258763790130615
-30.945581436157227
-18.908184051513672
1.37009596824646
6.314713478088379
-26.23059844970703
-7.728067398071289
-7.262553691864014
-6.256999492645264
-31.445894241333008
-18.57661247253418
-6.920176982879639
-5.312239646911621
-32.59131622314453
-19.554595947265625
0.8419859409332275
6.448312759399414
-28.12881851196289
-9.06080150604248
-7.533905982971191
-6.187883377075195
-33.23675537109375
-19.316936492919922
-7.293581485748291
-5.339660167694092
-34.37574768066406
-20.2702579498291
0.2969730496406555
6.5539703369140625
-30.13078498840332
-10.421703338623047
-7.837194442749023
-6.103161334991455
-35.167320251464844
-20.125102996826172
-7.694886207580566
-5.345487594604492
-36.299320220947266
-21.05375099182129
-0.2663419842720032
6.633533000946045
-32.24375534057617
-11.81119155883789
-8.17442512512207
-6.0048604011535645
-37.24429702758789
-21.002470016479492
-8.126514434814453
-5.332073211669922
-38.367549896240234
-21.906986236572266
-0.8494932055473328
6.689360618591309
-34.47932815551758
-13.231252670288086
-8.547455787658691
-5.894351959228516
-39.47580337524414
-21.95186996459961
-8.591267585754395
-5.301496982574463
-40.58990478515625
-22.835325241088867
-1.4534461498260498
6.725149631500244
-36.85396194458008
-14.68771743774414
-8.959456443786621
-5.773378372192383
-41.872867584228516
-22.97930908203125
-9.0892915725708
-5.254291534423828
-42.97786331176758
-23.84619140625
-2.080197811126709
6.743912696838379
-39.38420867919922
-16.185945510864258
-9.413225173950195
-5.6435041427612305
-44.44710159301758
-24.089691162109375
-9.621004104614258
-5.191229343414307
-45.54393005371094
-24.94719886779785
-2.7323427200317383
6.7483062744140625
-42.08598709106445
-17.731578826904297
-9.911456108093262
-5.506278991699219
-47.2104606628418
-25.28782081604004
-10.189447402954102
-5.114543914794922
-48.29925537109375
-26.142250061035156
-3.412691354751587
6.740939140319824
-44.97508239746094
-19.331172943115234
