2
3
-2.438265323638916
9.080284118652344
-8.970702171325684
-1.5930376052856445
0.1937955617904663
-0.10441362857818604
-8.710397720336914
-2.0186328887939453
3.1851727962493896
3.1970863342285156
1.2636020183563232
-2.158393144607544
-2.414332628250122
8.701376914978027
-8.846236228942871
-2.3120412826538086
0.040020525455474854
0.14395633339881897
-9.12584400177002
-1.5735946893692017
3.0493783950805664
3.2111239433288574
0.9740486145019531
-2.1292548179626465
-2.397700786590576
8.33523941040039
-8.741189002990723
-3.010712146759033
-0.11727884411811829
0.38546204566955566
-9.547118186950684
-1.14024817943573
2.9101030826568604
3.2246761322021484
0.6781862378120422
-2.102034330368042
-2.388389825820923
7.981072425842285
-8.65517520904541
-3.6910312175750732
-0.2784712314605713
0.6198909282684326
-9.974853515625
-0.7188042402267456
2.7672431468963623
3.2376749515533447
0.3758290410041809
-2.076789379119873
-2.3864457607269287
7.637887954711914
-8.587913513183594
-4.3550028800964355
-0.4438668489456177
0.8473631143569946
-10.409974098205566
-0.30922794342041016
2.620661973953247
3.2500245571136475
0.06670564413070679
-2.0535311698913574
-2.3922226428985596
7.304703235626221
-8.53947639465332
-5.004286766052246
-0.6135592460632324
1.0680599212646484
-10.852753639221191
0.08870640397071838
2.4701995849609375
3.261655807495117
-0.24952736496925354
-2.0323030948638916
-2.4062976837158203
6.980289936065674
-8.509696960449219
-5.640652179718018
-0.7877473831176758
1.2821178436279297
-11.30370044708252
0.4751741588115692
2.3156661987304688
3.2725272178649902
-0.5732958316802979
-2.0130839347839355
-2.4287922382354736
6.663410186767578
-8.498333930969238
-6.2657856941223145
-0.9665506482124329
1.4897487163543701
-11.763211250305176
0.8504859805107117
2.1568706035614014
3.2825112342834473
-0.9049738645553589
-1.9959920644760132
-2.4598968029022217
6.352778911590576
-8.505555152893066
-6.881298065185547
-1.1501398086547852
1.6910388469696045
-12.23194408416748
1.2146613597869873
1.9936532974243164
3.2914459705352783
-1.2448722124099731
-1.9812146425247192
-2.4997475147247314
6.047061443328857
-8.531330108642578
-7.48879861831665
-1.3387759923934937
1.8860540390014648
-12.710472106933594
1.5678086280822754
1.8258237838745117
3.299252986907959
-1.5934206247329712
-1.9688479900360107
-2.5484619140625
5.744924068450928
-8.575618743896484
-8.089844703674316
-1.5327714681625366
2.0748043060302734
-13.199227333068848
1.9100205898284912
1.653180718421936
3.305842638015747
-1.9510917663574219
-1.9590531587600708
-2.606109380722046
5.4450812339782715
-8.63835334777832
-8.685935020446777
-1.7322577238082886
2.2573680877685547
-13.698616027832031
2.2414019107818604
1.4755061864852905
3.311129093170166
-2.318398952484131
-1.9519902467727661
-2.672748565673828
5.146310806274414
-8.7196044921875
-9.278543472290039
-1.9374816417694092
2.433784246444702
-14.209282875061035
2.561999559402466
1.292578101158142
3.314997434616089
-2.6958534717559814
-1.9478615522384644
-2.7484359741210938
4.847497463226318
-8.819436073303223
-9.86906623840332
-2.1488044261932373
2.604138135910034
-14.732288360595703
2.872016429901123
1.1041779518127441
3.3172967433929443
-3.0839571952819824
-1.9469537734985352
-2.833235025405884
4.547658920288086
-8.937963485717773
-10.458785057067871
-2.3664300441741943
2.7684450149536133
-15.2682466506958
3.1715126037597656
0.9100867509841919
3.3178458213806152
-3.48321533203125
-1.9496259689331055
-2.927186965942383
4.245945930480957
-9.075311660766602
-11.048919677734375
-2.5900323390960693
2.926600933074951
-15.817584991455078
3.4604339599609375
0.7100816965103149
3.316450357437134
-3.894153594970703
-1.9562714099884033
-3.0303354263305664
3.9416236877441406
-9.23164176940918
-11.640643119812012
-2.819844961166382
3.078468084335327
-16.38113021850586
3.738860607147217
0.5038728713989258
3.312849760055542
-4.317288398742676
-1.9673067331314087
-3.142857074737549
3.6338887214660645
-9.407346725463867
-12.23543930053711
-3.0560195446014404
3.2239625453948975
-16.959505081176758
4.0067362785339355
0.29119041562080383
3.3068509101867676
-4.753171920776367
-1.983140468597412
-3.2649247646331787
3.3219358921051025
-9.602736473083496
-12.834893226623535
-3.2987585067749023
3.363020420074463
-17.553394317626953
4.264039993286133
0.07176153361797333
3.29827880859375
-5.202380180358887
-2.0041329860687256
-3.396214723587036
3.005592107772827
-9.81790828704834
-13.439897537231445
-3.548083782196045
3.495448589324951
-18.163049697875977
4.51055383682251
-0.15459977090358734
3.2869908809661865
-5.665488243103027
-2.0307083129882812
-3.5364315509796143
2.6855664253234863
-10.052510261535645
-14.049418449401855
-3.8029985427856445
3.6200449466705322
-18.786670684814453
4.744861602783203
-0.38810503482818604
3.2727930545806885
-6.143064975738525
-2.063345432281494
-3.6856839656829834
2.361707925796509
-10.306833267211914
-14.66415023803711
-4.063523769378662
3.736431837081909
-19.424442291259766
4.966588973999023
-0.6289340257644653
3.255464553833008
-6.635683059692383
-2.102597236633301
-3.84407639503479
2.034001111984253
-10.581180572509766
-15.284500122070312
-4.329545021057129
3.8442275524139404
-20.076435089111328
5.175257205963135
-0.8772001266479492
3.2347562313079834
-7.143782615661621
-2.1489768028259277
-4.0117950439453125
1.702194333076477
-10.876082420349121
-15.911331176757812
-4.601131439208984
3.9431211948394775
-20.7429141998291
5.370534420013428
-1.1330506801605225
3.2103207111358643
-7.667849063873291
-2.203054904937744
-4.189051151275635
1.365984320640564
-11.192105293273926
-16.54556655883789
-4.878437042236328
4.0328593254089355
-21.424419403076172
5.552185535430908
-1.3966493606567383
3.1818013191223145
-8.208405494689941
-2.265425682067871
-4.375625133514404
1.0253663063049316
-11.529791831970215
-17.187936782836914
-5.16159725189209
4.1131720542907715
-22.12143898010254
5.719942092895508
-1.668150544166565
3.148831367492676
-8.76596450805664
-2.3367135524749756
-4.571562767028809
0.680120050907135
-11.88969898223877
-17.83933448791504
-5.450751304626465
4.183818340301514
-22.83449935913086
5.873561859130859
-1.947711706161499
3.1110544204711914
-9.341083526611328
-2.4175240993499756
-4.777129173278809
0.3298819661140442
-12.272540092468262
-18.500808715820312
-5.746101379394531
4.244608402252197
-23.564298629760742
6.012895584106445
-2.2354896068573
3.0681169033050537
-9.934344291687012
-2.5084617137908936
-4.992597579956055
-0.025728940963745117
-12.679058074951172
-19.17344856262207
-6.047834396362305
4.2953691482543945
-24.31151008605957
6.137773036956787
-2.531644344329834
3.0196681022644043
-10.546358108520508
-2.6101324558258057
-5.218193531036377
-0.3870360851287842
-13.10995101928711
-19.858247756958008
-6.356164932250977
4.3359575271606445
-25.076889038085938
6.248016834259033
-2.836338758468628
2.965360403060913
-11.177772521972656
-2.7231438159942627
-5.454205513000488
-0.7544237971305847
-13.566010475158691
-20.556324005126953
-6.67127799987793
4.366233825683594
-25.861133575439453
6.343430519104004
-3.149738073348999
2.9048521518707275
-11.829266548156738
-2.848099946975708
-5.700933456420898
-1.1283265352249146
-14.048054695129395
-21.268892288208008
-6.993322849273682
4.386050701141357
-26.66486167907715
6.423740386962891
-3.472010612487793
2.8378212451934814
-12.50152587890625
-2.9855704307556152
-5.958685398101807
-1.5092010498046875
-14.556925773620605
-21.997217178344727
-7.322494029998779
4.395294189453125
-27.48879623413086
6.488724708557129
-3.803325653076172
2.763946294784546
-13.195277214050293
-3.136127471923828
-6.227792263031006
-1.8975459337234497
-15.093524932861328
-22.74265480041504
-7.659000396728516
4.393862724304199
-28.333694458007812
6.538154602050781
-4.143860340118408
2.6829028129577637
-13.911288261413574
-3.3003711700439453
-6.508598804473877
-2.2938883304595947
-15.65878677368164
-23.506620407104492
-8.00303840637207
4.381662845611572
-29.20029067993164
6.571781158447266
-4.493800163269043
2.5943691730499268
-14.65036678314209
-3.478908061981201
-6.801461219787598
-2.6987850666046143
-16.253681182861328
-24.290590286254883
-8.354827880859375
4.358603477478027
-30.089366912841797
6.589343547821045
-4.853341102600098
2.49802565574646
-15.41335678100586
-3.672351121902466
-7.106744766235352
-3.1127562522888184
-16.87915802001953
-25.095962524414062
-8.714617729187012
4.3245954513549805
-31.001766204833984
6.590571880340576
-5.2226762771606445
2.393542528152466
-16.201093673706055
-3.8813393115997314
-7.424829006195068
-3.536395788192749
-17.536226272583008
-25.92427635192871
-9.08271312713623
4.279590129852295
-31.938528060913086
6.575275421142578
-5.602011680603027
2.2805967330932617
-17.014461517333984
-4.106512546539307
-7.756069660186768
-3.970327138900757
-18.225893020629883
-26.777141571044922
-9.459379196166992
4.2234930992126465
-32.90053939819336
6.543152332305908
-5.991511821746826
2.1588311195373535
-17.854280471801758
-4.348579406738281
-8.100814819335938
-4.415196895599365
-18.94916534423828
-27.65620994567871
-9.844874382019043
4.156198978424072
-33.888633728027344
6.493871212005615
-6.391323089599609
2.0278749465942383
-18.72134780883789
-4.608282089233398
