2
3
1.7448267936706543
4.202843189239502
-7.773696422576904
8.729147911071777
-3.811307668685913
-4.008386135101318
5.9140238761901855
-6.632415294647217
-9.05444049835205
-1.6447672843933105
-5.905953884124756
-3.6050162315368652
1.3269729614257812
4.111391067504883
-8.642375946044922
8.53961181640625
-3.6548800468444824
-3.994072914123535
6.181603908538818
-6.575596809387207
-8.834677696228027
-1.670198678970337
-5.514059543609619
-3.676241397857666
0.9131038784980774
4.016185760498047
-9.492238998413086
8.35069751739502
-3.5033767223358154
-3.983067274093628
6.443896770477295
-6.522447109222412
-8.623649597167969
-1.698310136795044
-5.132822513580322
-3.749999761581421
0.5039555430412292
3.9180073738098145
-10.32435417175293
8.163019180297852
-3.3565289974212646
-3.9754464626312256
6.700934886932373
-6.473250389099121
-8.421032905578613
-1.7292369604110718
-4.761892795562744
-3.8265655040740967
0.10017025470733643
3.817575216293335
-11.139917373657227
7.9770307540893555
-3.214078903198242
-3.9712371826171875
6.952798366546631
-6.428152561187744
-8.226494789123535
-1.7630966901779175
-4.400978088378906
-3.906235694885254
-0.2977357804775238
3.715547561645508
-11.94021987915039
7.793150901794434
-3.075746774673462
-3.970468521118164
7.199641227722168
-6.387331962585449
-8.039691925048828
-1.7999885082244873
-4.049774169921875
-3.9892876148223877
-0.6893575191497803
3.612431287765503
-12.726513862609863
7.611605644226074
-2.941253900527954
-3.973114490509033
7.441625595092773
-6.350863456726074
-7.860272407531738
-1.8400001525878906
-3.7078912258148193
-4.07593297958374
-1.074315071105957
3.5085177421569824
-13.49981689453125
7.432356357574463
-2.8104279041290283
-3.9790353775024414
7.678668975830078
-6.318655014038086
-7.687881946563721
-1.883207082748413
-3.3749377727508545
-4.166366100311279
-1.4523179531097412
3.4040298461914062
-14.261114120483398
7.255424976348877
-2.6832644939422607
-3.9880378246307373
7.910399913787842
-6.2905802726745605
-7.5221662521362305
-1.9296751022338867
-3.0505244731903076
-4.260766983032227
-1.8233176469802856
3.2992069721221924
-15.01168155670166
7.080997943878174
-2.5596911907196045
-4.000135898590088
8.136855125427246
-6.266731262207031
-7.3627705574035645
-1.9794737100601196
-2.734243154525757
-4.359319686889648
-2.187156915664673
3.1939585208892822
-15.752339363098145
6.908708572387695
-2.4394845962524414
-4.015191078186035
8.358089447021484
-6.247000694274902
-7.209298133850098
-2.0326931476593018
-2.42562198638916
-4.4622344970703125
-2.543827533721924
3.0882534980773926
-16.484031677246094
6.738344669342041
-2.322378158569336
-4.0331549644470215
8.574199676513672
-6.231459617614746
-7.061404705047607
-2.0894200801849365
-2.1243221759796143
-4.569737434387207
-2.892669677734375
2.981570243835449
-17.207077026367188
6.5692458152771
-2.208129644393921
-4.054092884063721
8.785378456115723
-6.220411777496338
-6.918793678283691
-2.1497247219085693
-1.8299789428710938
-4.681997776031494
-3.2333691120147705
2.873706579208374
-17.921939849853516
6.4008026123046875
-2.0965187549591064
-4.078058242797852
8.991804122924805
-6.214082717895508
-6.78118896484375
-2.2137229442596436
-1.542217493057251
-4.799260139465332
-3.5662269592285156
2.7647032737731934
-18.629247665405273
6.23259162902832
-1.9873530864715576
-4.105101585388184
9.193589210510254
-6.212672710418701
-6.648260593414307
-2.2815310955047607
-1.260652780532837
-4.921791076660156
-3.891810417175293
2.654618740081787
-19.32974624633789
6.064191818237305
-1.8805710077285767
-4.13519811630249
9.390401840209961
-6.216202735900879
-6.519763469696045
-2.35331130027771
-0.9849187135696411
-5.049916744232178
-4.210124969482422
2.5432071685791016
-20.023868560791016
5.894967079162598
-1.7760266065597534
-4.1684250831604
9.582358360290527
-6.224903106689453
-6.395374774932861
-2.4291646480560303
-0.7145849466323853
-5.1838459968566895
-4.521271705627441
2.4303252696990967
-20.712186813354492
5.724422454833984
-1.6735066175460815
-4.204850673675537
9.769699096679688
-6.23907995223999
-6.274815082550049
-2.509246349334717
-0.449250727891922
-5.323873519897461
-4.82530403137207
2.315764904022217
-21.394969940185547
5.5518999099731445
-1.5728574991226196
-4.244431495666504
9.95242691040039
-6.258822917938232
-6.157838821411133
-2.5937259197235107
-0.1884954273700714
-5.470283031463623
-5.1221418380737305
2.199289083480835
-22.072124481201172
5.376700401306152
-1.47395658493042
-4.2873029708862305
10.130796432495117
-6.284393310546875
-6.044144630432129
-2.6826815605163574
0.06802958250045776
-5.623263835906982
-5.411676406860352
2.0806884765625
-22.743497848510742
5.198134899139404
-1.3766651153564453
-4.333640098571777
10.305041313171387
-6.316157341003418
-5.933447360992432
-2.7762184143066406
0.3207240402698517
-5.782988548278809
-5.694001197814941
1.9598283767700195
-23.409452438354492
5.015743255615234
-1.28086519241333
-4.38361120223999
10.475358009338379
-6.354459285736084
-5.82548189163208
-2.8744375705718994
0.5699834823608398
-5.949636936187744
-5.969212532043457
1.8365330696105957
-24.070152282714844
4.828868865966797
-1.1864726543426514
-4.437342643737793
10.641766548156738
-6.399520397186279
-5.719981670379639
-2.9774999618530273
0.8162218332290649
-6.123497486114502
-6.23751974105835
1.7107073068618774
-24.726083755493164
4.637094974517822
-1.093558669090271
-4.494828701019287
10.804136276245117
-6.451558589935303
-5.616663932800293
-3.0856809616088867
1.0598410367965698
-6.305183410644531
-6.4991631507873535
1.5822982788085938
-25.377878189086914
4.440164566040039
-1.0015742778778076
-4.556504726409912
10.962989807128906
-6.511167526245117
-5.515260219573975
-3.1991991996765137
1.3013489246368408
-6.495080947875977
-6.754270076751709
1.451171636581421
-26.02556800842285
4.2376017570495605
-0.9103473424911499
-4.622598171234131
11.11836051940918
-6.578588485717773
-5.415524482727051
-3.31807017326355
1.5410799980163574
-6.693508148193359
-7.002919673919678
1.317152500152588
-26.669187545776367
4.028880596160889
-0.8197905421257019
-4.693333625793457
11.270435333251953
-6.654215335845947
-5.317234516143799
-3.4425172805786133
1.7794829607009888
-6.900846481323242
-7.245152950286865
1.1800272464752197
-27.308313369750977
3.813389778137207
-0.7298333644866943
-4.7689337730407715
11.419379234313965
-6.738425254821777
-5.220160961151123
-3.5727431774139404
2.0169689655303955
-7.117490768432617
-7.481217384338379
1.039662480354309
-27.94333267211914
3.5907602310180664
-0.6403968334197998
-4.849640846252441
11.565462112426758
-6.831695079803467
-5.124098300933838
-3.708751678466797
2.253702402114868
-7.3436455726623535
-7.711495876312256
0.8959663510322571
-28.574871063232422
3.3608033657073975
-0.5514550805091858
-4.935676574707031
11.709145545959473
-6.934536933898926
-5.0288872718811035
-3.850769281387329
2.4900288581848145
-7.579621315002441
-7.936239242553711
0.7487787008285522
-29.203367233276367
3.123140573501587
-0.462924987077713
-5.027306079864502
11.850643157958984
-7.047375202178955
-4.934341907501221
-3.9990484714508057
2.726379632949829
-7.825857639312744
-8.155630111694336
0.5978803038597107
-29.82902717590332
2.8772685527801514
-0.3747115731239319
-5.1248321533203125
11.990222930908203
-7.1707353591918945
-4.840269088745117
-4.154018402099609
2.963284969329834
-8.083163261413574
-8.369821548461914
0.44303470849990845
-30.451818466186523
2.6226272583007812
-0.2866901755332947
-5.228580951690674
12.128235816955566
-7.305177688598633
-4.746483325958252
-4.316070556640625
3.201258659362793
-8.352202415466309
-8.579136848449707
0.28402435779571533
-31.071990966796875
2.3587427139282227
-0.19872836768627167
-5.338897228240967
12.265059471130371
-7.451293468475342
-4.652759552001953
-4.485554218292236
3.440819501876831
-8.633638381958008
-8.783782958984375
0.12062549591064453
-31.689891815185547
2.0851235389709473
-0.11068813502788544
-5.456142425537109
12.401093482971191
-7.609703063964844
-4.558812618255615
-4.6628546714782715
3.6826202869415283
-8.92823600769043
-8.983899116516113
-0.04741187393665314
-32.30552291870117
1.8011928796768188
-0.022421859204769135
-5.5806965827941895
12.53676700592041
-7.781059741973877
-4.464463233947754
-4.848291873931885
3.9269843101501465
-9.236501693725586
-9.179595947265625
-0.22035980224609375
-32.919029235839844
1.5063419342041016
0.06628989428281784
-5.713016986846924
12.672676086425781
-7.966188907623291
-4.369450092315674
-5.042305946350098
4.174541473388672
-9.55935287475586
-9.37094497680664
-0.3985177278518677
-33.53046798706055
1.1999001502990723
0.15567278861999512
-5.853576183319092
12.809440612792969
-8.165943145751953
-4.273530960083008
-5.2452392578125
4.425771713256836
-9.897541046142578
-9.558069229125977
-0.5821789503097534
-34.140052795410156
0.8812341690063477
0.24590910971164703
-6.002819538116455
12.947587013244629
-8.381093978881836
-4.176339149475098
-5.457488059997559
4.681339740753174
-10.25193977355957
-9.741023063659668
-0.7716666460037231
-34.74783706665039
0.5496639013290405
0.33717167377471924
-6.161202430725098
13.08762264251709
-8.61242389678955
-4.077578067779541
-5.679501056671143
4.9420166015625
-10.62342643737793
