2
3
-7.993723392486572
-2.798508644104004
9.927329063415527
4.516158103942871
-5.306443691253662
-6.7538371086120605
0.4619608223438263
1.881150245666504
5.291102886199951
2.961909770965576
9.146885871887207
-4.504091262817383
-7.515819549560547
-2.7444467544555664
10.867568016052246
4.653906345367432
-5.113804817199707
-6.416259288787842
0.6821902990341187
2.4864673614501953
5.116219520568848
2.5978341102600098
8.710748672485352
-5.261212348937988
-7.037601470947266
-2.687974214553833
11.808028221130371
4.793962001800537
-4.922420024871826
-6.0897674560546875
0.9111812710762024
3.0764694213867188
4.946696758270264
2.2336769104003906
8.303142547607422
-6.007431983947754
-6.55824613571167
-2.6295132637023926
12.749626159667969
4.935450077056885
-4.731664657592773
-5.774179458618164
1.149659276008606
3.6510071754455566
4.783137798309326
1.8685455322265625
7.924639701843262
-6.743839263916016
-6.076913356781006
-2.569481611251831
13.693299293518066
5.07749605178833
-4.541017055511475
-5.469249248504639
1.398021936416626
4.209959030151367
4.6260986328125
1.5016223192214966
7.575796604156494
-7.471622467041016
-5.592756271362305
-2.5082926750183105
14.640013694763184
5.21923828125
-4.349883556365967
-5.174731254577637
1.6568171977996826
4.7532219886779785
4.476126670837402
1.1322124004364014
7.257055759429932
-8.191914558410645
-5.104938507080078
-2.4463658332824707
15.59074878692627
5.359813690185547
-4.157811641693115
-4.89039421081543
1.9264657497406006
5.280684947967529
4.333779811859131
0.7597765922546387
6.968855381011963
-8.905797958374023
-4.61097526550293
-2.3833165168762207
16.54656410217285
5.498361587524414
-3.963894844055176
-4.61588191986084
2.207542896270752
5.792164325714111
4.200409412384033
0.3835732340812683
6.713737964630127
-9.615270614624023
-4.109316349029541
-2.319307804107666
17.50833511352539
5.633797645568848
-3.7664170265197754
-4.350808143615723
2.5011417865753174
6.28728723526001
4.077520370483398
0.0027039647102355957
6.494503498077393
-10.32277774810791
-3.598701000213623
-2.254688024520874
18.477367401123047
5.765129566192627
-3.5648956298828125
-4.095238208770752
2.808129072189331
6.765680313110352
3.964690923690796
-0.3831290304660797
6.3120269775390625
-11.029987335205078
-3.0781266689300537
-2.1898791790008545
19.454343795776367
5.891202449798584
-3.358832836151123
-3.849215030670166
3.129347324371338
7.227011203765869
3.8632705211639404
-0.7740205526351929
6.167377471923828
-11.738757133483887
-2.5466790199279785
-2.1253268718719482
20.439971923828125
6.010926723480225
-3.147648811340332
-3.6127877235412598
3.4658045768737793
7.670978546142578
3.7750391960144043
-1.1703993082046509
6.062495708465576
-12.451894760131836
-2.0037355422973633
-2.061605453491211
21.434894561767578
6.123242378234863
-2.930804491043091
-3.385998010635376
3.8184103965759277
8.097344398498535
3.701490879058838
-1.5726017951965332
5.9988226890563965
-13.172048568725586
-1.4489972591400146
-1.999467134475708
22.439306259155273
6.226914405822754
-2.707721710205078
-3.1689701080322266
4.188135623931885
8.505632400512695
3.643747568130493
-1.9808869361877441
5.977313995361328
-13.901447296142578
-0.8822622299194336
-1.9397518634796143
23.453359603881836
6.320677757263184
-2.477632999420166
-2.96178936958313
4.576218605041504
8.895820617675781
3.6027822494506836
-2.39540696144104
5.9988179206848145
-14.642081260681152
-0.3032669425010681
-1.8833054304122925
24.4775447845459
6.403290748596191
-2.23905086517334
-2.764688014984131
4.984003067016602
9.26727294921875
3.579460859298706
-2.8161001205444336
6.063945293426514
-15.39517879486084
0.28784656524658203
-1.8311219215393066
25.51223373413086
6.47344970703125
-1.9910670518875122
-2.5782272815704346
5.412837028503418
9.618917465209961
3.57505464553833
-3.243751049041748
6.1741557121276855
-16.16257667541504
0.891222357749939
-1.7841134071350098
26.558034896850586
6.529858589172363
-1.732864260673523
-2.4028844833374023
5.864036560058594
9.949921607971191
3.5906949043273926
-3.6795778274536133
6.330856800079346
-16.94635581970215
1.5062260627746582
-1.7433570623397827
27.614866256713867
6.570825576782227
-1.463735818862915
-2.2394587993621826
6.3390421867370605
10.259113311767578
3.6271021366119385
-4.124716758728027
6.535332679748535
-17.748586654663086
2.1316442489624023
-1.7099205255508423
28.680856704711914
6.594389915466309
-1.1834478378295898
-2.0891685485839844
6.839160919189453
10.545166015625
3.685065746307373
-4.581110000610352
6.789457321166992
-18.572040557861328
2.7667436599731445
-1.684922218322754
29.754215240478516
6.5985260009765625
-0.8915982246398926
-1.9529017210006714
7.365687370300293
10.807044982910156
3.7650675773620605
-5.0495781898498535
7.09447717666626
-19.4180908203125
3.4102749824523926
-1.6695407629013062
30.832611083984375
6.581198215484619
-0.587585985660553
-1.8311790227890015
7.91990852355957
11.043813705444336
3.867321729660034
-5.53026008605957
7.45030403137207
-20.286733627319336
4.062060832977295
-1.6649324893951416
31.91643714904785
6.540491104125977
-0.27081361413002014
-1.72445809841156
8.503009796142578
11.254602432250977
3.9924240112304688
-6.023069858551025
7.857283592224121
-21.178882598876953
4.722742080688477
-1.6718391180038452
33.00706481933594
6.47491455078125
0.059293925762176514
-1.6331994533538818
9.116145133972168
11.438468933105469
4.141235828399658
-6.52867317199707
8.31709098815918
-22.09688377380371
5.392818450927734
-1.6911426782608032
34.105873107910156
6.383068084716797
0.40333521366119385
-1.5578993558883667
9.760457992553711
11.594267845153809
4.314425468444824
-7.047807693481445
8.831351280212402
-23.04239273071289
6.0729804039001465
-1.7236964702606201
35.21463394165039
6.263779163360596
0.7619981169700623
-1.4991283416748047
10.436967849731445
11.720396041870117
4.512564659118652
-7.5800628662109375
9.400055885314941
-24.016151428222656
6.763857841491699
-1.770330548286438
36.33491516113281
6.115741729736328
1.1359596252441406
-1.4571962356567383
11.146838188171387
11.815967559814453
4.736328125
-8.126728057861328
10.025419235229492
-25.020751953125
7.466147422790527
-1.8318665027618408
37.4683952331543
5.937587738037109
1.5258845090866089
-1.4325504302978516
11.89118480682373
11.87965202331543
4.986423015594482
-8.689413070678711
10.709779739379883
-26.059133529663086
8.180492401123047
-1.9091506004333496
38.61668395996094
5.727817535400391
1.9324740171432495
-1.425624966621399
12.671252250671387
11.91019058227539
5.263875484466553
-9.269376754760742
11.455723762512207
-27.134611129760742
8.907772064208984
-2.002995252609253
39.78165054321289
5.484959125518799
2.3564536571502686
-1.4368574619293213
13.488389015197754
11.906386375427246
5.569826602935791
-9.868144035339355
12.26629638671875
-28.251087188720703
9.649116516113281
-2.114158868789673
40.965370178222656
5.207573890686035
2.798588991165161
-1.4668241739273071
14.343881607055664
11.866621017456055
5.905296802520752
-10.48715591430664
13.144097328186035
-29.412429809570312
10.405928611755371
-2.2431464195251465
42.167728424072266
4.893742084503174
3.2596700191497803
-1.5161035060882568
15.239173889160156
11.789395332336426
6.271392822265625
-11.127958297729492
14.091951370239258
-30.622676849365234
11.179746627807617
-2.3908238410949707
43.39067077636719
4.5414018630981445
3.7402000427246094
-1.5856388807296753
16.175870895385742
11.672883987426758
6.669216156005859
-11.791373252868652
15.111983299255371
-31.885353088378906
11.972284317016602
-2.558199644088745
44.6370849609375
4.148514270782471
4.240967273712158
-1.6761277914047241
17.155696868896484
11.515573501586914
7.0999555587768555
-12.4788818359375
16.20713233947754
-33.20452117919922
12.78454875946045
-2.746367931365967
45.909305572509766
3.7131950855255127
4.762886047363281
-1.7882449626922607
18.180532455444336
11.315988540649414
7.56489896774292
-13.19214916229248
17.38066864013672
-34.584503173828125
13.617548942565918
-2.9565491676330566
47.20969772338867
3.233279228210449
5.306982040405273
-1.9226443767547607
19.25248146057129
11.072857856750488
8.065458297729492
-13.93316650390625
18.63632583618164
-36.030311584472656
14.47275161743164
-3.1898624897003174
48.54224395751953
2.7068963050842285
5.874294757843018
-2.080110549926758
20.37371826171875
10.784586906433105
8.603135108947754
-14.705716133117676
19.979795455932617
-37.54867172241211
15.351472854614258
-3.4475326538085938
49.90992736816406
2.1318063735961914
6.4659271240234375
-2.2615580558776855
21.546579360961914
10.449348449707031
9.179564476013184
-15.512350082397461
21.41572380065918
-39.14530944824219
16.255111694335938
-3.7308566570281982
51.31573486328125
1.5055814981460571
7.083034515380859
-2.4680075645446777
22.773502349853516
10.065107345581055
9.796512603759766
-16.355480194091797
22.94877052307129
-40.826087951660156
17.185386657714844
-4.041204929351807
52.76367950439453
0.825640082359314
7.72685432434082
-2.7005302906036377
24.057140350341797
9.629792213439941
10.455889701843262
-17.237709045410156
24.58392333984375
-42.59731674194336
