2
3
6.119381427764893
1.092226505279541
5.0896196365356445
5.923436164855957
1.6071538925170898
8.742220878601074
7.858360767364502
-10.315073013305664
-8.328022003173828
5.270765781402588
6.201169967651367
9.87268352508545
5.885458946228027
1.5101714134216309
4.433591365814209
6.687466144561768
1.7069365978240967
8.257576942443848
8.154932975769043
-11.238049507141113
-7.759249687194824
5.31725549697876
7.335528373718262
10.037734985351562
5.6561431884765625
1.9184832572937012
3.7918338775634766
7.432617664337158
1.8162424564361572
7.771089553833008
8.477808952331543
-12.155187606811523
-7.19748592376709
5.373665809631348
8.453633308410645
10.21446704864502
5.433314800262451
2.317099094390869
3.166673183441162
8.157943725585938
1.9355632066726685
7.281027317047119
8.82852554321289
-13.069589614868164
-6.641481399536133
5.439156532287598
9.557433128356934
10.401183128356934
5.217695236206055
2.7056374549865723
2.5598857402801514
8.862467765808105
2.066021680831909
6.786098957061768
9.209090232849121
-13.984389305114746
-6.089306354522705
5.514543533325195
10.648154258728027
10.596761703491211
5.010153293609619
3.083754062652588
1.9735521078109741
9.545360565185547
2.208510398864746
6.28555965423584
9.621024131774902
-14.902244567871094
-5.53910493850708
5.599238872528076
11.727737426757812
10.799551963806152
4.811624050140381
3.451176643371582
1.4096680879592896
10.20585823059082
2.3642008304595947
5.778598785400391
10.066797256469727
-15.826592445373535
-4.989084720611572
5.692072868347168
12.798215866088867
11.007322311401367
4.622800827026367
3.807633399963379
0.8698962330818176
10.843186378479004
2.5342955589294434
5.264037132263184
10.549349784851074
-16.76165199279785
-4.437547206878662
5.791570663452148
13.861658096313477
11.217639923095703
4.444355010986328
4.152907371520996
0.3557758331298828
11.456704139709473
2.719498872756958
4.741495609283447
11.069812774658203
-17.710248947143555
-3.8832316398620605
5.895643711090088
14.92041015625
11.427743911743164
4.276946067810059
4.487265110015869
-0.13109901547431946
12.04703426361084
2.92079496383667
4.209491729736328
11.630569458007812
-18.676342010498047
-3.3251874446868896
6.0021185874938965
15.976555824279785
11.63469123840332
4.121015548706055
4.809942245483398
-0.5892254114151001
12.612741470336914
3.1393022537231445
3.667245626449585
12.233591079711914
-19.66217613220215
-2.762521743774414
6.109004020690918
17.031885147094727
11.836024284362793
3.977449417114258
5.116235733032227
-1.0159757137298584
13.149367332458496
3.3754191398620605
3.115623950958252
12.879562377929688
-20.66700553894043
-2.194244861602783
6.214461326599121
18.0882568359375
12.029511451721191
3.8470585346221924
5.403901100158691
-1.4092082977294922
13.655023574829102
3.629932403564453
2.5542399883270264
13.56994342803955
-21.692495346069336
-1.6194548606872559
6.31660270690918
19.147525787353516
12.21285629272461
3.730416774749756
5.670517444610596
-1.7664666175842285
14.127400398254395
3.9038212299346924
1.9810938835144043
14.306721687316895
-22.74083137512207
-1.0373913049697876
6.413481712341309
20.211471557617188
12.38341999053955
3.628187656402588
5.9141621589660645
-2.0855178833007812
14.56483268737793
4.1983466148376465
1.3952556848526
15.092514991760254
-23.815202713012695
-0.4472397565841675
6.503364086151123
21.282180786132812
12.539042472839355
3.5413873195648193
6.133639335632324
-2.364114999771118
14.966385841369629
4.514593124389648
0.7959166765213013
15.929720878601074
-24.918519973754883
0.1516316533088684
6.584300994873047
22.36139678955078
12.676841735839844
3.471261739730835
6.32729434967041
-2.5995078086853027
15.329840660095215
4.85335636138916
0.1815524697303772
16.820724487304688
-26.053348541259766
0.7600545287132263
6.654492378234863
23.451000213623047
12.79383373260498
3.4189515113830566
6.494340419769287
-2.78926420211792
15.6537446975708
5.215838432312012
-0.449786901473999
17.768543243408203
-27.223684310913086
1.378825068473816
6.71222448348999
24.552234649658203
12.886674880981445
3.3853793144226074
6.634106159210205
-2.931278944015503
15.936556816101074
5.603541851043701
-1.100189447402954
18.777206420898438
-28.434877395629883
2.0086398124694824
6.755966663360596
25.66656494140625
12.952340126037598
3.371600389480591
6.74638557434082
-3.023587226867676
16.17690086364746
6.018184185028076
-1.7721693515777588
19.851116180419922
-29.69290542602539
2.6500349044799805
6.784181118011475
26.795528411865234
12.987712860107422
3.3786182403564453
6.830826759338379
-3.0641748905181885
16.37287139892578
6.461097240447998
-2.4677162170410156
20.9935245513916
-31.002185821533203
3.303825616836548
6.795211315155029
27.94036865234375
12.988777160644531
3.407325267791748
6.887134075164795
-3.0511388778686523
16.522615432739258
6.933619022369385
-3.1886792182922363
22.207584381103516
-32.36699295043945
3.9697813987731934
6.7867608070373535
29.101755142211914
12.950754165649414
3.4584667682647705
6.9146528244018555
-2.982532501220703
16.623703002929688
7.43703031539917
-3.935298204421997
23.494873046875
-33.790748596191406
4.646036148071289
6.757225513458252
30.27729034423828
12.870190620422363
3.532867908477783
6.913046360015869
-2.8564231395721436
16.674482345581055
7.972906589508057
-4.709489822387695
24.859073638916016
-35.27846145629883
5.332767486572266
6.705629348754883
31.467876434326172
12.744892120361328
3.6312546730041504
6.881553649902344
-2.670530080795288
16.67282485961914
8.543048858642578
-5.513730049133301
26.304889678955078
-36.83635330200195
6.0304365158081055
6.63113260269165
32.675174713134766
12.572922706604004
3.7545907497406006
6.81944465637207
-2.4225335121154785
16.61602020263672
9.149362564086914
-6.350590229034424
27.83718490600586
-38.4708137512207
6.740108966827393
6.532773017883301
33.90194320678711
12.352431297302246
3.90370774269104
6.72623872756958
-2.1106181144714355
16.502290725708008
9.793869018554688
-7.2228288650512695
29.461149215698242
-40.18864822387695
7.463139057159424
6.409583568572998
35.15147018432617
12.081705093383789
4.079485893249512
6.601107597351074
-1.7326161861419678
16.329235076904297
10.478653907775879
-8.133281707763672
31.181989669799805
-41.99681854248047
8.200709342956543
6.260513782501221
36.426483154296875
11.758721351623535
4.282697677612305
6.443049430847168
-1.2863221168518066
16.094507217407227
11.206001281738281
-9.085010528564453
33.0054817199707
-43.90286636352539
8.953974723815918
6.084417343139648
37.72936248779297
11.381213188171387
4.514191150665283
6.251193523406982
-0.7696870565414429
15.795805931091309
11.978307723999023
-10.081151962280273
34.93758010864258
-45.914405822753906
9.724252700805664
5.8798604011535645
39.06284713745117
10.946198463439941
4.774839401245117
6.024599552154541
-0.18057823181152344
15.43075942993164
12.798077583312988
-11.12499713897705
36.98442077636719
-48.03923416137695
10.513559341430664
5.645800590515137
40.428592681884766
10.450053215026855
5.065550804138184
5.76228141784668
0.4832441806793213
14.99697208404541
13.66807746887207
-12.220169067382812
39.15290069580078
-50.28608322143555
11.324370384216309
5.3812432289123535
41.827362060546875
9.888139724731445
5.387274742126465
5.463186264038086
1.2241417169570923
14.492003440856934
14.591272354125977
-13.37051773071289
41.45037078857422
-52.66417694091797
12.1583251953125
5.084715843200684
43.261566162109375
9.256826400756836
5.7410125732421875
5.1262946128845215
2.0445213317871094
13.913556098937988
15.570622444152832
-14.579907417297363
43.88386917114258
-55.18250274658203
13.016684532165527
4.75437068939209
44.73348617553711
8.551708221435547
6.127841949462891
4.750455379486084
2.946990966796875
13.259040832519531
16.609371185302734
-15.852588653564453
46.461387634277344
-57.850982666015625
13.89944839477539
4.3884735107421875
46.247596740722656
7.771213054656982
6.548797607421875
4.334591865539551
3.9341650009155273
12.525946617126465
17.7110595703125
-17.193248748779297
49.191898345947266
-60.68033981323242
14.807731628417969
3.985121011734009
47.80828094482422
6.912499904632568
7.004968166351318
3.877825975418091
5.008667945861816
11.712143898010254
18.87952995300293
-18.60697364807129
52.08531188964844
-63.68203353881836
15.743535995483398
3.542618751525879
49.41995620727539
5.972390174865723
7.497650146484375
3.378889799118042
6.173560619354248
10.81478214263916
20.118783950805664
-20.099071502685547
55.15186309814453
-66.86771392822266
16.7089786529541
3.0598325729370117
51.087608337402344
4.949488639831543
8.028154373168945
2.836402654647827
7.432196617126465
9.83082103729248
21.43305015563965
-21.674713134765625
58.40207290649414
-70.24925231933594
17.707134246826172
2.5348477363586426
52.81962966918945
3.8414552211761475
8.597899436950684
2.2488627433776855
8.788278579711914
8.757030487060547
22.82700538635254
-23.339555740356445
61.84831237792969
-73.84088134765625
18.740079879760742
1.9657121896743774
54.62106704711914
2.6446261405944824
