2
3
-3.9394145011901855
6.070453643798828
-4.946293830871582
-4.871255874633789
-1.7803966999053955
2.36344051361084
6.58858585357666
-5.054038047790527
7.577127933502197
-7.902566432952881
-9.989781379699707
-3.3309168815612793
-3.891725540161133
5.80216646194458
-3.826101303100586
-6.0644211769104
-1.0320299863815308
1.967814326286316
6.9616899490356445
-5.726963520050049
6.799159526824951
-7.440539360046387
-11.203628540039062
-2.360556125640869
-3.7852895259857178
5.46600866317749
-2.684084415435791
-7.202256679534912
-0.2754318118095398
1.5402129888534546
7.1760334968566895
-6.335732460021973
5.958823204040527
-6.92404842376709
-12.2950439453125
-1.448367714881897
-3.6245083808898926
5.070206642150879
-1.5417033433914185
-8.283354759216309
0.4766673445701599
1.0955684185028076
7.2380876541137695
-6.878557205200195
5.069145679473877
-6.3655595779418945
-13.252067565917969
-0.6102468371391296
-3.4013724327087402
4.610418319702148
-0.4182159900665283
-9.301104545593262
1.221140742301941
0.637276828289032
7.137228012084961
-7.346154689788818
4.141085624694824
-5.775609970092773
-14.069083213806152
0.14434772729873657
-3.105224370956421
4.07157039642334
0.656073808670044
-10.23192310333252
1.9471564292907715
0.17677223682403564
6.866039276123047
-7.732534408569336
3.185157299041748
-5.163722515106201
-14.745787620544434
0.8084593415260315
-2.7232539653778076
3.4332127571105957
1.6244947910308838
-11.03443431854248
2.632810592651367
-0.26020318269729614
6.451928615570068
-8.053890228271484
2.2122435569763184
-4.537511348724365
-15.289473533630371
1.3767203092575073
-2.259871482849121
2.6942622661590576
2.456181049346924
-11.68242359161377
3.2669577598571777
-0.6699252724647522
5.930724143981934
-8.32052230834961
1.2323378324508667
-3.9050097465515137
-15.70349407196045
1.84513521194458
-1.728074550628662
1.8717765808105469
3.137061834335327
-12.170303344726562
3.8425657749176025
-1.0529934167861938
5.3253560066223145
-8.538061141967773
0.2510543465614319
-3.2710609436035156
-15.965069770812988
2.198715925216675
-1.140933871269226
0.9919447898864746
3.654597759246826
-12.504016876220703
4.354786396026611
-1.4106810092926025
4.642378807067871
-8.7057466506958
-0.7276579737663269
-2.6371190547943115
-16.043310165405273
2.4172446727752686
-0.5098329186439514
0.08210158348083496
3.9787631034851074
-12.694971084594727
4.797391891479492
-1.7441493272781372
3.896178722381592
-8.824671745300293
-1.6936842203140259
-2.0087547302246094
-15.925333976745605
2.4847967624664307
0.14539533853530884
-0.8312808275222778
4.099548816680908
-12.755064010620117
5.166086673736572
-2.052117347717285
3.100329637527466
-8.899672508239746
-2.633121967315674
-1.3898224830627441
-15.605952262878418
2.3825314044952393
0.7982282638549805
-1.7280490398406982
4.03271484375
-12.688448905944824
5.4608378410339355
-2.337611436843872
2.2634048461914062
-8.933063507080078
-3.531841993331909
-0.7842079997062683
-15.087780952453613
2.0954864025115967
1.4252989292144775
-2.586440324783325
3.7965028285980225
-12.509634017944336
5.680281162261963
-2.602175235748291
1.4031319618225098
-8.930480003356934
-4.373702049255371
-0.1997184157371521
-14.380284309387207
1.6142325401306152
2.0069844722747803
-3.386878252029419
3.4157917499542236
-12.237500190734863
5.822531700134277
-2.8454010486602783
0.5362210869789124
-8.898097038269043
-5.141249656677246
0.35118263959884644
-13.49748420715332
0.9388064742088318
2.527977228164673
-4.114550590515137
2.9116976261138916
-11.896242141723633
5.886711120605469
-3.0670387744903564
-0.32083839178085327
-8.842534065246582
-5.80902624130249
0.8475570678710938
-12.474974632263184
0.09102928638458252
2.979544162750244
-4.758204460144043
2.2972586154937744
-11.507609367370605
5.875857830047607
-3.2661848068237305
-1.1581971645355225
-8.776968955993652
-6.36733865737915
1.2776739597320557
-11.325958251953125
-0.9093097448348999
3.357332944869995
-5.308960914611816
1.5820688009262085
-11.094770431518555
5.794304370880127
-3.4428322315216064
-1.9719003438949585
-8.713868141174316
-6.8040032386779785
1.622902274131775
-10.080893516540527
-2.021653652191162
3.656057834625244
-5.760056018829346
0.7887592911720276
-10.689250946044922
5.64021110534668
-3.593006134033203
-2.742129325866699
-8.682975769042969
-7.1056694984436035
1.8642419576644897
-8.800546646118164
-3.1922836303710938
3.865342617034912
-6.105874061584473
-0.027198374271392822
-10.333413124084473
5.415832042694092
-3.7124106884002686
-3.4401588439941406
-8.720253944396973
-7.274621963500977
1.9955554008483887
-7.527690887451172
-4.382983684539795
3.9782450199127197
-6.345180988311768
-0.7962985634803772
-10.075349807739258
5.138968467712402
-3.8092751502990723
-4.0683393478393555
-8.834787368774414
-7.320682525634766
2.019195556640625
-6.309051036834717
-5.567525863647461
4.004486560821533
-6.49486780166626
-1.5006277561187744
-9.924211502075195
4.829982757568359
-3.8974242210388184
-4.691015720367432
-8.979898452758789
-7.259184837341309
1.9470570087432861
-5.179967880249023
-6.737943649291992
3.9697158336639404
-6.576575756072998
-2.2446892261505127
-9.809379577636719
4.496681213378906
-3.9751994609832764
-5.4085798263549805
-9.097519874572754
-7.114661693572998
1.7938979864120483
-4.079692840576172
-7.901878356933594
3.8744990825653076
-6.59604549407959
-3.0264410972595215
-9.718043327331543
4.135210990905762
-4.034441947937012
-6.201451301574707
-9.192320823669434
-6.89793062210083
1.5653080940246582
-2.9843125343322754
-9.056462287902832
3.72361159324646
-6.566131591796875
-3.842029094696045
-9.639147758483887
3.737497329711914
-4.070938587188721
-7.0086212158203125
-9.285540580749512
-6.6099958419799805
1.2632737159729004
-1.9023785591125488
-10.187768936157227
3.5226383209228516
-6.501823425292969
-4.676148891448975
-9.569581031799316
3.2998154163360596
-4.0829997062683105
-7.795330047607422
-9.393409729003906
-6.252723217010498
0.8884001970291138
-0.8497116565704346
-11.278902053833008
3.2742974758148193
-6.4071574211120605
-5.509463310241699
-9.517984390258789
2.823080062866211
-4.072808742523193
-8.540380477905273
-9.527828216552734
-5.83050537109375
0.44340842962265015
0.15624725818634033
-12.316412925720215
2.9801812171936035
-6.286149024963379
-6.3232622146606445
-9.496184349060059
2.3094520568847656
-4.044872283935547
-9.227170944213867
-9.697795867919922
-5.350686073303223
-0.06749415397644043
1.0982940196990967
-13.28891372680664
2.6418585777282715
-6.144312858581543
-7.101587295532227
-9.517874717712402
1.7626638412475586
-4.00260066986084
-9.84156608581543
-9.9116792678833
-4.820412635803223
-0.6389119029045105
1.9588507413864136
-14.187854766845703
2.2609167098999023
-5.985687255859375
-7.831293106079102
-9.593362808227539
1.1906752586364746
-3.9490597248077393
-10.370401382446289
-10.180194854736328
-4.246387481689453
-1.2634663581848145
2.7229511737823486
-15.006387710571289
1.8401840925216675
-5.814194679260254
-8.499271392822266
-9.732233047485352
0.6019653677940369
-3.8897616863250732
-10.803133964538574
-10.510520935058594
-3.635673761367798
-1.9322024583816528
3.3747761249542236
-15.741227149963379
1.3840603828430176
-5.634195804595947
-9.093289375305176
-9.94393539428711
0.00470811128616333
-3.8309524059295654
-11.132835388183594
-10.906728744506836
-2.998013973236084
-2.634200096130371
3.9027180671691895
-16.39494514465332
0.8979277014732361
-5.450784683227539
-9.602869033813477
-10.236920356750488
-0.5910282135009766
-3.7799949645996094
-11.358877182006836
-11.369175910949707
-2.3424344062805176
-3.3581337928771973
4.29589319229126
-16.966163635253906
0.3875318765640259
-5.269533157348633
-10.019914627075195
-10.616482734680176
-1.176572322845459
-3.744072437286377
-11.48312759399414
-11.89851188659668
-1.680219054222107
-4.091794490814209
4.545354843139648
-17.461259841918945
-0.139767587184906
-5.096282005310059
-10.33881664276123
-11.085552215576172
-1.7449203729629517
-3.7292940616607666
-11.508932113647461
-12.494122505187988
-1.0208419561386108
-4.824889659881592
4.638803482055664
-17.88790512084961
-0.6752314567565918
-4.937473773956299
-10.558438301086426
-11.646018981933594
-2.289949417114258
-3.74080753326416
-11.441388130187988
-13.154979705810547
-0.37739014625549316
-5.545941352844238
4.577021598815918
-18.256515502929688
-1.2095963954925537
-4.800230979919434
-10.681516647338867
-12.298046112060547
-2.8062682151794434
-3.7845914363861084
-11.28859806060791
-13.876801490783691
0.23823577165603638
-6.244697093963623
4.35951042175293
-18.579164505004883
-1.733527421951294
-4.691878318786621
-10.715201377868652
-13.039860725402832
-3.2885708808898926
-3.8648648262023926
-11.061222076416016
-14.655601501464844
0.8148848414421082
-6.911327362060547
3.990339756011963
-18.87034034729004
-2.2384560108184814
-4.618513107299805
-10.66889762878418
-13.867156028747559
-3.733339309692383
-3.9835567474365234
-10.77007007598877
-15.488837242126465
1.3423726558685303
-7.536081314086914
3.479590892791748
-19.146453857421875
-2.7176053524017334
-4.585381507873535
-10.554224967956543
-14.774246215820312
-4.137265205383301
-4.141338348388672
-10.427894592285156
-16.3758487701416
1.811842441558838
-8.111997604370117
2.8425793647766113
-19.424030303955078
