2
3
5.008522987365723
7.223134517669678
-6.670648574829102
-6.8540358543396
6.0214104652404785
-4.515646934509277
8.17685604095459
-1.8179633617401123
0.9182078838348389
8.303407669067383
10.051493644714355
3.5053675174713135
4.410651683807373
6.934776782989502
-6.687471866607666
-7.405986785888672
6.3578410148620605
-4.322137832641602
7.644346714019775
-0.5629997253417969
1.6062809228897095
8.360971450805664
10.228426933288574
2.4750280380249023
3.852004051208496
6.628364086151123
-6.625907897949219
-7.935126304626465
6.638118743896484
-4.007530212402344
7.082391738891602
0.622249960899353
2.319875717163086
8.332255363464355
10.257739067077637
1.5014902353286743
3.331942319869995
6.302694320678711
-6.457843780517578
-8.448698997497559
6.876382350921631
-3.5854012966156006
6.477459907531738
1.7165969610214233
3.0280308723449707
8.231921195983887
10.201616287231445
0.5937509536743164
2.8541364669799805
5.956423282623291
-6.173464298248291
-8.954867362976074
7.091169834136963
-3.06862735748291
5.797357559204102
2.6909005641937256
3.710242748260498
8.067806243896484
10.103585243225098
-0.22749805450439453
2.426616907119751
5.589677333831787
-5.775272846221924
-9.453760147094727
7.283851623535156
-2.473273277282715
5.048904895782471
3.532158374786377
4.366135120391846
7.854881763458252
9.960441589355469
-0.9717063307762146
2.057802677154541
5.200126647949219
-5.26775598526001
-9.939130783081055
7.443676948547363
-1.8110047578811646
4.260834217071533
4.233743190765381
4.995529651641846
7.605649948120117
9.770476341247559
-1.6553523540496826
1.7571945190429688
4.783927917480469
-4.661159515380859
-10.400053977966309
7.558546543121338
-1.092369556427002
3.468130588531494
4.7933349609375
5.596159934997559
7.330757141113281
9.540925025939941
-2.2932212352752686
1.5361603498458862
4.336828708648682
-3.9710960388183594
-10.823579788208008
7.628691673278809
-0.33213919401168823
2.6809275150299072
5.216065406799316
6.163784980773926
7.037655830383301
9.275161743164062
-2.891120433807373
1.4011443853378296
3.8544914722442627
-3.2163431644439697
-11.190130233764648
7.649709224700928
0.4558078646659851
1.9123942852020264
5.508511543273926
6.696547985076904
6.729314804077148
8.965683937072754
-3.4451661109924316
1.3539772033691406
3.331954002380371
-2.42559814453125
-11.47742748260498
7.61912202835083
1.2570390701293945
1.1784712076187134
5.67592716217041
7.193935394287109
6.4061479568481445
8.610389709472656
-3.9445371627807617
1.3894484043121338
2.767274856567383
-1.629257082939148
-11.664728164672852
7.539746284484863
2.0587034225463867
0.49242103099823
5.715571403503418
7.655123710632324
6.073888778686523
8.209712982177734
-4.387966632843018
1.5006436109542847
2.1640281677246094
-0.8513811826705933
-11.736716270446777
7.414884090423584
2.850388526916504
-0.13551098108291626
5.621291160583496
8.076922416687012
5.740711212158203
7.771143436431885
-4.781932830810547
1.6806364059448242
1.5320048332214355
-0.10929012298583984
-11.685820579528809
7.246731281280518
3.621237277984619
-0.6884205341339111
5.389581680297852
8.458573341369629
5.411549091339111
7.304403781890869
-5.132924556732178
1.92158842086792
0.8853231072425842
0.5879759788513184
-11.510934829711914
7.040229320526123
4.362468719482422
-1.1517839431762695
5.0138044357299805
8.797712326049805
5.091766357421875
6.819353103637695
-5.448981761932373
2.213493585586548
0.23789793252944946
1.2326300144195557
-11.216731071472168
6.800848484039307
5.066042423248291
-1.5105493068695068
4.488000392913818
9.096747398376465
4.783190727233887
6.321481704711914
-5.735628128051758
2.546701192855835
-0.3947804570198059
1.8175511360168457
-10.810439109802246
6.533771514892578
5.722164154052734
-1.7483623027801514
3.809659957885742
9.357298851013184
4.486807823181152
5.814488410949707
-5.996610164642334
2.9102303981781006
-0.9951604008674622
2.338392734527588
-10.305437088012695
6.243147850036621
6.314835071563721
-1.8427131175994873
2.992483139038086
9.577603340148926
4.202813148498535
5.30579948425293
-6.234516620635986
3.293928623199463
-1.5446994304656982
2.7871782779693604
-9.722787857055664
5.942343235015869
6.832653999328613
-1.7881572246551514
2.0510010719299316
9.752561569213867
3.927990198135376
4.810485363006592
-6.447035312652588
3.6947126388549805
-2.0169296264648438
3.148649215698242
-9.109976768493652
5.645199298858643
7.259940147399902
-1.5891283750534058
1.0178208351135254
9.878401756286621
3.6542773246765137
4.348673343658447
-6.625597953796387
4.100958824157715
-2.396045684814453
3.424738883972168
-8.502211570739746
5.364929676055908
7.5856757164001465
-1.2549158334732056
-0.07679522037506104
9.95689582824707
3.3787007331848145
3.936706066131592
-6.7712178230285645
4.497936725616455
-2.6726794242858887
3.633009910583496
-7.931506633758545
5.116425514221191
7.80526876449585
-0.8044353723526001
-1.2060565948486328
9.99538803100586
3.122302293777466
3.5719356536865234
-6.923367977142334
4.8741302490234375
-2.8432087898254395
3.8067941665649414
-7.439718246459961
4.912614822387695
7.921972751617432
-0.26037275791168213
-2.3475375175476074
9.995616912841797
2.8923001289367676
3.2684457302093506
-7.113037109375
5.221460342407227
-2.916886806488037
3.9677982330322266
-7.0375285148620605
4.760921955108643
7.938079357147217
0.3588261604309082
-3.4780263900756836
9.96288013458252
2.6890413761138916
3.0269010066986084
-7.352206230163574
5.536617279052734
-2.9112422466278076
4.129482746124268
-6.718798637390137
4.667078971862793
7.865117073059082
1.0284664630889893
-4.591176986694336
9.904426574707031
2.5042901039123535
2.8377902507781982
-7.635147571563721
5.8217291831970215
-2.8466289043426514
4.285145282745361
-6.457901477813721
4.632282257080078
7.713510990142822
1.7273108959197998
-5.681483745574951
9.826054573059082
2.329385757446289
2.686676263809204
-7.9465532302856445
6.080261707305908
-2.7367634773254395
4.422247886657715
-6.236997604370117
4.654552459716797
7.489098072052002
2.442734479904175
-6.740537166595459
9.73209285736084
2.1589436531066895
2.5623035430908203
-8.273161888122559
6.313159465789795
-2.5874173641204834
4.53862190246582
-6.055736064910889
4.733239650726318
7.195087432861328
3.1599462032318115
-7.755770683288574
9.625426292419434
1.9935215711593628
2.450500011444092
-8.598930358886719
6.520108222961426
-2.4022886753082275
4.639904975891113
-5.9199442863464355
4.864803314208984
6.8363447189331055
3.872269630432129
-8.719614028930664
9.505764961242676
1.8360756635665894
2.35455322265625
-8.926445960998535
6.703889846801758
-2.1904540061950684
4.732797145843506
-5.835476875305176
5.043467044830322
6.420262336730957
4.578111171722412
-9.630014419555664
9.374523162841797
1.6842432022094727
2.2855968475341797
-9.261958122253418
6.868086338043213
-1.9585498571395874
4.819234371185303
-5.805774211883545
5.2660746574401855
5.952502250671387
5.269401550292969
-10.483448028564453
9.234122276306152
1.5349483489990234
2.253770589828491
-9.61077880859375
7.015664100646973
-1.7129528522491455
4.905124664306641
-5.836394309997559
5.5293498039245605
5.438196659088135
5.939043998718262
-11.276779174804688
9.08777141571045
1.3858463764190674
2.267514944076538
-9.976807594299316
7.148512840270996
-1.4597282409667969
4.998680114746094
-5.9364752769470215
5.829392433166504
4.8824310302734375
6.579786777496338
-12.008099555969238
8.93879508972168
1.2340495586395264
2.334944009780884
-10.363983154296875
7.267470359802246
-1.2031593322753906
5.109038829803467
-6.114614486694336
6.161743640899658
4.291622161865234
7.186156272888184
-12.677390098571777
8.790336608886719
1.076856017112732
2.4628334045410156
-10.775269508361816
7.373680591583252
-0.9479970932006836
5.245142459869385
-6.378714084625244
6.521401882171631
3.672842502593994
7.753803730010986
-13.286795616149902
8.64583683013916
0.9113173484802246
2.657585620880127
-11.21439266204834
7.468805313110352
-0.6995570063591003
5.415586471557617
-6.735855579376221
6.9018073081970215
3.0349206924438477
8.285033226013184
-13.842966079711914
8.509576797485352
0.7347943782806396
2.924258232116699
-11.684859275817871
7.5548176765441895
-0.4632932245731354
5.628710746765137
-7.190857887268066
7.296223163604736
2.387155532836914
8.785721778869629
-14.355998992919922
8.38818073272705
0.5452327728271484
3.265411138534546
-12.190715789794922
7.634195327758789
-0.2439507246017456
5.892065525054932
-7.7465314865112305
7.69821834564209
1.7388261556625366
9.265007019042969
-14.839301109313965
8.286805152893066
0.34141111373901367
3.683213472366333
-12.73532772064209
7.708849906921387
-0.045772552490234375
6.212559223175049
-8.402779579162598
8.101932525634766
1.099463939666748
9.731030464172363
-15.308024406433105
8.208829879760742
0.12250199913978577
4.179627895355225
-13.321756362915039
7.7811994552612305
0.126089945435524
6.597394943237305
-9.159793853759766
8.502102851867676
0.4781285524368286
10.196492195129395
-15.784326553344727
8.156332015991211
-0.11169780790805817
4.756223678588867
-13.952820777893066
