2
3
7.7588934898376465
-2.0208349227905273
4.379079818725586
2.9943289756774902
5.011836051940918
-2.5356523990631104
9.412049293518066
-4.343532562255859
-5.424530029296875
-7.031757354736328
5.412100791931152
-2.589975118637085
7.556660175323486
-2.0397331714630127
3.886082649230957
2.9186995029449463
5.080751895904541
-2.738400459289551
9.558897018432617
-4.736213684082031
-4.895208358764648
-6.971522331237793
6.460110664367676
-2.4393110275268555
7.3602471351623535
-2.065241575241089
3.4172580242156982
2.8338611125946045
5.15837287902832
-2.9450764656066895
9.72646713256836
-5.131526470184326
-4.3697662353515625
-6.916628837585449
7.504711627960205
-2.297482967376709
7.170363903045654
-2.0975747108459473
2.9731807708740234
2.739264726638794
5.2448883056640625
-3.1560170650482178
9.915023803710938
-5.530132293701172
-3.847215175628662
-6.86738920211792
8.547502517700195
-2.165081262588501
6.987845420837402
-2.1369123458862305
2.5549814701080322
2.634572744369507
5.340578556060791
-3.371748685836792
10.125060081481934
-5.932855129241943
-3.326511859893799
-6.824120998382568
9.590116500854492
-2.04272723197937
6.8134942054748535
-2.1834399700164795
2.1637139320373535
2.5193984508514404
5.44602108001709
-3.592954158782959
10.35779857635498
-6.340822696685791
-2.8065576553344727
-6.7871503829956055
10.634243965148926
-1.9310802221298218
6.648135185241699
-2.2373454570770264
1.8005008697509766
2.3933520317077637
5.561756134033203
-3.8203041553497314
10.614457130432129
-6.755133152008057
-2.286198139190674
-6.75681734085083
11.681629180908203
-1.8308464288711548
6.492565631866455
-2.298845052719116
1.4663381576538086
2.2559285163879395
5.688498020172119
-4.054637908935547
10.89670181274414
-7.177314281463623
-1.7642242908477783
-6.733476161956787
12.734078407287598
-1.7427791357040405
6.347598075866699
-2.368182420730591
1.162249207496643
2.10654354095459
5.826388835906982
-4.296431541442871
11.204753875732422
-7.608519077301025
-1.2396410703659058
-6.717411041259766
13.793315887451172
-1.6676093339920044
6.214049816131592
-2.445631504058838
0.8892995119094849
1.9445466995239258
5.976023197174072
-4.546276092529297
11.539761543273926
-8.049901962280273
-0.711428165435791
-6.708695888519287
14.861028671264648
-1.6060402393341064
6.092745780944824
-2.531492233276367
0.6486761569976807
1.7692394256591797
6.138042449951172
-4.804812908172607
11.903142929077148
-8.502622604370117
-0.1779249906539917
-6.708259105682373
15.939632415771484
-1.5592931509017944
5.9845194816589355
-2.626065492630005
0.4416583478450775
1.5799498558044434
6.313065052032471
-5.072607517242432
12.296109199523926
-8.967850685119629
0.3622678518295288
-6.716556072235107
17.03119659423828
-1.5283294916152954
5.890172004699707
-2.729659080505371
0.26945960521698
1.3759613037109375
6.5018510818481445
-5.350376129150391
12.72037410736084
-9.447004318237305
0.9117370843887329
-6.7343950271606445
18.138450622558594
-1.5145689249038696
5.810430526733398
-2.8426449298858643
0.13323171436786652
1.1564197540283203
6.705214023590088
-5.638846397399902
13.177698135375977
-9.941534996032715
1.4724763631820679
-6.762203693389893
19.26358413696289
-1.5190871953964233
5.746097564697266
-2.965418815612793
0.034366264939308167
0.9204314947128296
6.924037456512451
-5.938784599304199
13.67002010345459
-10.453021049499512
2.0463666915893555
-6.800407409667969
20.408802032470703
-1.543055772781372
5.698051929473877
-3.098397970199585
-0.025548085570335388
0.6670865416526794
7.159280300140381
-6.250885963439941
14.199349403381348
-10.983055114746094
2.6351776123046875
-6.84941291809082
21.576213836669922
-1.587647557258606
5.667133808135986
-3.2420055866241455
-0.04495817422866821
0.39542728662490845
7.411734580993652
-6.575933456420898
14.767683982849121
-11.533260345458984
3.240609645843506
-6.909711837768555
22.76788902282715
-1.6540535688400269
5.654159069061279
-3.3966689109802246
-0.022304708138108253
0.10449773073196411
7.682126522064209
-6.91464900970459
15.376988410949707
-12.10521411895752
3.8643438816070557
-6.981929302215576
23.98603057861328
-1.7436835765838623
5.659919261932373
-3.5630064010620117
0.04420304298400879
-0.2069004476070404
7.971628189086914
-7.267924785614014
16.029865264892578
-12.700796127319336
4.508082389831543
-7.066791534423828
25.233112335205078
-1.858112096786499
5.685187816619873
-3.7411224842071533
0.15592648088932037
-0.5394403338432312
8.281469345092773
-7.636719703674316
16.728973388671875
-13.322042465209961
5.173376083374023
-7.165103435516357
26.51139259338379
-1.9989802837371826
5.730658054351807
-3.931483268737793
0.3141672611236572
-0.8942312002182007
8.61280632019043
-8.021991729736328
17.47697639465332
-13.971073150634766
5.861293315887451
-7.277555465698242
27.822690963745117
-2.167694568634033
5.797001838684082
-4.1347784996032715
0.5204784870147705
-1.2726774215698242
8.96671199798584
-8.424633979797363
18.276294708251953
-14.649801254272461
6.572747707366943
-7.404879570007324
29.16876220703125
-2.365678071975708
5.884881973266602
-4.351693153381348
0.7765092253684998
-1.6761131286621094
9.344491004943848
-8.845709800720215
19.129880905151367
-15.360514640808105
7.308707237243652
-7.547898769378662
30.55146598815918
-2.5944857597351074
5.9950079917907715
-4.582832336425781
1.0838890075683594
-2.1059112548828125
9.747249603271484
-9.28609561920166
20.041263580322266
-16.106033325195312
8.069292068481445
-7.707177639007568
31.970808029174805
-2.855726718902588
6.128219127655029
-4.828850746154785
1.4443533420562744
-2.5635151863098145
10.176261901855469
-9.74692153930664
21.013574600219727
-16.889068603515625
8.85440444946289
-7.8833417892456055
33.42620849609375
-3.151228427886963
6.285416603088379
-5.09045934677124
1.8597981929779053
-3.050419807434082
10.633018493652344
-10.229449272155762
22.050277709960938
-17.71236228942871
9.663905143737793
-8.07724666595459
34.91696548461914
-3.4828407764434814
6.467484474182129
-5.3684186935424805
2.332151174545288
-3.5681405067443848
11.11888599395752
-10.73486328125
23.154075622558594
-18.578311920166016
10.497832298278809
-8.289466857910156
36.44102096557617
-3.852353811264038
6.6753153800964355
-5.6635541915893555
2.8633999824523926
-4.1182861328125
11.635175704956055
-11.264307022094727
24.327564239501953
-19.489580154418945
11.356380462646484
-8.521069526672363
37.99834060668945
-4.261979579925537
6.909816741943359
-5.976788520812988
3.455618381500244
-4.702608585357666
12.183298110961914
-11.818976402282715
25.573627471923828
-20.449073791503906
12.23984146118164
-8.773176193237305
39.58951950073242
-4.713891983032227
7.1718950271606445
-6.309108734130859
4.11098051071167
-5.322892189025879
12.764925003051758
-12.400413513183594
26.896005630493164
-21.46024513244629
13.149045944213867
-9.047061920166016
41.216373443603516
-5.210343837738037
7.4624223709106445
-6.66165018081665
4.8317551612854
-5.981073379516602
13.381858825683594
-13.010326385498047
28.298748016357422
-22.526927947998047
14.084908485412598
-9.344019889831543
42.880828857421875
-5.753587245941162
7.782377243041992
-7.035686492919922
5.620396614074707
-6.679294109344482
14.035982131958008
-13.650537490844727
29.786090850830078
-23.653215408325195
15.048691749572754
-9.66549015045166
44.58563232421875
-6.346229553222656
8.132780075073242
-7.432624816894531
6.479493141174316
-7.419893264770508
14.729238510131836
-14.322972297668457
31.362417221069336
-24.843421936035156
16.042139053344727
-10.013008117675781
46.3344841003418
-6.991081237792969
8.51474380493164
-7.853948593139648
7.411814212799072
-8.205381393432617
15.463751792907715
-15.029770851135254
33.03251647949219
-26.102338790893555
17.067293167114258
-10.388251304626465
48.13193130493164
-7.691168785095215
8.929471015930176
-8.30126667022705
8.420351028442383
-9.038463592529297
16.241775512695312
-15.77324390411377
34.801483154296875
-27.435121536254883
18.12590789794922
-10.792850494384766
49.981571197509766
-8.449484825134277
9.378257751464844
-8.77630615234375
9.508315086364746
-9.922038078308105
17.06574249267578
-16.555946350097656
36.674903869628906
-28.847457885742188
19.219966888427734
-11.228473663330078
51.88725662231445
-9.269192695617676
9.862512588500977
-9.280919075012207
10.679170608520508
-10.85923957824707
17.93828010559082
-17.38068389892578
38.65888595581055
-30.345619201660156
20.351593017578125
-11.696911811828613
53.85314178466797
-10.153663635253906
10.38375186920166
-9.817059516906738
11.936640739440918
-11.85340690612793
18.86211395263672
-18.250362396240234
40.759666442871094
-31.936084747314453
21.522993087768555
-12.200055122375488
55.883567810058594
-11.106504440307617
10.943604469299316
-10.386781692504883
13.28471851348877
-12.908106803894043
19.840171813964844
-19.16814613342285
42.98396301269531
-33.62590026855469
22.73626708984375
-12.739875793457031
57.982418060302734
-12.13161849975586
11.543810844421387
-10.992222785949707
14.7276611328125
-14.027135848999023
20.87557601928711
-20.1374454498291
45.338966369628906
-35.422672271728516
23.9937801361084
-13.318476676940918
60.154319763183594
-13.23311710357666
