2
3
-2.696333408355713
-3.3019847869873047
-4.914945602416992
-5.610605239868164
-1.3947957754135132
-4.123485088348389
6.5402703285217285
1.1364116668701172
-0.5229255557060242
-7.478686332702637
-5.141530513763428
3.5800621509552
-2.8401858806610107
-3.6395230293273926
-4.67072057723999
-5.907830715179443
-0.7288514375686646
-4.169697284698486
5.976475715637207
0.884337842464447
-0.9381914734840393
-6.99357795715332
-5.322976589202881
3.8850908279418945
-2.9432506561279297
-4.003345489501953
-4.411590099334717
-6.143907070159912
-0.11360138654708862
-4.213198661804199
5.3026275634765625
0.6629006862640381
-1.350493311882019
-6.502051830291748
-5.411275386810303
4.109156131744385
-3.007412910461426
-4.393670558929443
-4.154797077178955
-6.308081150054932
0.4402521848678589
-4.249548435211182
4.534646987915039
0.46983376145362854
-1.7523623704910278
-6.010066986083984
-5.408233642578125
4.248136043548584
-3.036313056945801
-4.807900428771973
-3.9176816940307617
-6.390542984008789
0.9238920211791992
-4.274762153625488
3.690342426300049
0.30002427101135254
-2.135087728500366
-5.524789810180664
-5.321179389953613
4.2989726066589355
-3.0363986492156982
-5.237240314483643
-3.7059743404388428
-6.388343811035156
1.3272812366485596
-4.284272193908691
2.7965612411499023
0.14529138803482056
-2.488157272338867
-5.053260803222656
-5.166813850402832
4.259647846221924
-3.0135657787323
-5.669801712036133
-3.5155029296875
-6.303640842437744
1.642782211303711
-4.275143623352051
1.8842532634735107
-0.0040353089570999146
-2.7998316287994385
-4.598681926727295
-4.970775604248047
4.122876167297363
-2.9721062183380127
-6.095289707183838
-3.3460605144500732
-6.138575553894043
1.8668378591537476
-4.248695373535156
0.9841942191123962
-0.1531369835138321
-3.057331085205078
-4.1604743003845215
-4.769073009490967
3.8750102519989014
-2.916177988052368
-6.5044169425964355
-3.2020621299743652
-5.896697044372559
2.001518964767456
-4.209278106689453
0.11804884672164917
-0.30228614807128906
-3.2619130611419678
-3.7452635765075684
-4.573517322540283
3.5195889472961426
-2.850727081298828
-6.887299537658691
-3.085697889328003
-5.583800315856934
2.050480842590332
-4.163621425628662
-0.6959953308105469
-0.44686856865882874
-3.423633575439453
-3.3668346405029297
-4.36545991897583
3.077756643295288
-2.782119035720825
-7.233522891998291
-2.996079683303833
-5.211089611053467
2.0202505588531494
-4.114625453948975
-1.447601318359375
-0.588763952255249
-3.54843807220459
-3.0353939533233643
-4.137255668640137
2.5682411193847656
-2.716031551361084
-7.534111976623535
-2.9314568042755127
-4.7909135818481445
1.9164485931396484
-4.065310478210449
-2.1275806427001953
-0.7289373874664307
-3.638190984725952
-2.759347438812256
-3.892526865005493
2.0111069679260254
-2.6558473110198975
-7.781507968902588
-2.8927741050720215
-4.338446140289307
1.7490266561508179
-4.017831802368164
-2.736807107925415
-0.8706947565078735
-3.69348406791687
-2.5429320335388184
-3.63743257522583
1.423322319984436
-2.6006269454956055
-7.968034267425537
-2.8855183124542236
-3.875452756881714
1.530072808265686
-3.975996971130371
-3.2839624881744385
-1.0133742094039917
-3.7136354446411133
-2.3894307613372803
-3.380462646484375
0.8238088488578796
-2.5492160320281982
-8.093833923339844
-2.916205406188965
-3.409363031387329
1.270975112915039
-3.944607973098755
-3.782092571258545
-1.147627353668213
-3.697932004928589
-2.3000924587249756
-3.1348400115966797
0.23421287536621094
-2.5010457038879395
-8.158370018005371
-2.990459680557251
-2.9555823802948
0.9819837808609009
-3.924102544784546
-4.243505001068115
-1.2670649290084839
-3.6491949558258057
-2.273456573486328
-2.908156394958496
-0.3283413052558899
-2.4576303958892822
-8.164363861083984
-3.1084771156311035
-2.525311231613159
0.6715736389160156
-3.9096450805664062
-4.675593852996826
-1.3760967254638672
-3.5724973678588867
-2.304203987121582
-2.7055916786193848
-0.8557291626930237
-2.421884775161743
-8.11716079711914
-3.266308546066284
-2.1191699504852295
0.3455885648727417
-3.896751642227173
-5.079407215118408
-1.4816514253616333
-3.473914623260498
-2.383944034576416
-2.528285264968872
-1.3476667404174805
-2.398232936859131
-8.022130012512207
-3.4557034969329834
-1.738572120666504
0.007837474346160889
-3.883328676223755
-5.45166015625
-1.5888985395431519
-3.3581442832946777
-2.5043628215789795
-2.3799026012420654
-1.8035557270050049
-2.389683485031128
-7.885498046875
-3.6675469875335693
-1.3855358362197876
-0.3377888798713684
-3.8693957328796387
-5.788171768188477
-1.702927589416504
-3.2289485931396484
-2.6592142581939697
-2.26249098777771
-2.2223284244537354
-2.3976993560791016
-7.714014530181885
-3.896214008331299
-1.0611454248428345
-0.6871383190155029
-3.8572568893432617
-6.085455417633057
-1.825605869293213
-3.0902657508850098
-2.8428866863250732
-2.180147886276245
-2.600980758666992
-2.423043966293335
-7.51420259475708
-4.137392044067383
-0.7666490077972412
-1.0365533828735352
-3.8492937088012695
-6.3416314125061035
-1.9575437307357788
-2.945802688598633
-3.0501809120178223
-2.1375162601470947
-2.9374537467956543
-2.466886520385742
-7.29144811630249
-4.386783599853516
-0.5042364597320557
-1.3826014995574951
-3.8478658199310303
-6.556832790374756
-2.098007917404175
-2.7993276119232178
-3.2759740352630615
-2.138293743133545
-3.230471611022949
-2.5300018787384033
-7.050571441650391
-4.6398491859436035
-0.27683907747268677
-1.7217578887939453
-3.854813814163208
-6.733341217041016
-2.246065616607666
-2.654885768890381
-3.515501022338867
-2.1851277351379395
-3.4788126945495605
-2.6120784282684326
-6.795865058898926
-4.8922882080078125
-0.08734561502933502
-2.050812005996704
-3.871891736984253
-6.874378204345703
-2.4000062942504883
-2.51652193069458
-3.763960838317871
-2.2796030044555664
-3.681831121444702
-2.7121639251708984
-6.530978202819824
-5.140422821044922
0.061362430453300476
-2.3671085834503174
-3.900681972503662
-6.984597206115723
-2.557670831680298
-2.387854814529419
-4.016641139984131
-2.423048973083496
-3.840142011642456
-2.8285374641418457
-6.259923934936523
-5.381632328033447
0.16666239500045776
-2.6681571006774902
-3.942392349243164
-7.070125102996826
-2.7167670726776123
-2.272177219390869
-4.268702507019043
-2.616314649581909
-3.9552817344665527
-2.959040641784668
-5.986621856689453
-5.614283084869385
0.22675152122974396
-2.951932907104492
-3.9975202083587646
-7.138030529022217
-2.87494158744812
-2.1727378368377686
-4.515331745147705
-2.8593525886535645
-4.029465675354004
-3.1007235050201416
-5.714613914489746
-5.838028430938721
0.24060586094856262
-3.2176265716552734
-4.065667629241943
-7.19595193862915
-3.0296294689178467
-2.092329502105713
-4.75171422958374
-3.1509132385253906
-4.065866947174072
-3.250514268875122
-5.447702884674072
-6.05418062210083
0.2079375684261322
-3.4645183086395264
-4.146095275878906
-7.252564907073975
-3.178624391555786
-2.0338587760925293
-4.973520755767822
-3.488670587539673
-4.068285942077637
-3.4054641723632812
-5.18977689743042
-6.266507625579834
0.13002631068229675
-3.6932804584503174
-4.237216949462891
-7.31683349609375
-3.3199169635772705
-1.9998232126235962
-5.1766533851623535
-3.869473457336426
-4.041680812835693
-3.563016891479492
-4.944345951080322
-6.480190277099609
0.0092695951461792
-3.905233860015869
-4.336761474609375
-7.395933151245117
-3.452359199523926
-1.992274522781372
-5.357485771179199
-4.289495468139648
-3.9917542934417725
-3.7212257385253906
-4.7144880294799805
-6.701269626617432
-0.151006281375885
-4.102224826812744
-4.441993713378906
-7.494871139526367
-3.575714349746704
-2.012983798980713
-5.513099670410156
-4.744640827178955
-3.9252753257751465
-3.878756284713745
-4.502579689025879
-6.9351911544799805
-0.34678566455841064
-4.286177158355713
-4.54993200302124
-7.617635250091553
-3.6906771659851074
-2.0632410049438477
-5.641436576843262
-5.230653285980225
-3.849006414413452
-4.035163879394531
-4.310291290283203
-7.186606407165527
-0.5735584497451782
-4.459091663360596
-4.6576690673828125
-7.767039775848389
-3.798469066619873
-2.143805980682373
-5.741563320159912
-5.743730545043945
-3.769209861755371
-4.190587043762207
-4.138669967651367
-7.4587016105651855
-0.8266632556915283
-4.623424530029297
-4.762508392333984
-7.943753242492676
-3.901552677154541
-2.2545034885406494
-5.813477039337158
-6.281017303466797
-3.691246509552002
-4.34595251083374
-3.9880247116088867
-7.75179386138916
-1.1022334098815918
-4.781102657318115
-4.862537384033203
-8.149222373962402
-4.00161075592041
-2.3945517539978027
-5.8580322265625
-6.840364933013916
-3.6190247535705566
-4.50195837020874
-3.858516216278076
-8.067343711853027
-1.3958748579025269
-4.934358596801758
-4.957446575164795
-8.384668350219727
-4.098095893859863
-2.5629990100860596
-5.876836776733398
-7.420853137969971
-3.555448532104492
-4.659249782562256
-3.750418186187744
-8.405044555664062
-1.7035646438598633
-5.084578037261963
-5.046112537384033
-8.65246295928955
-4.191837787628174
-2.7581450939178467
-5.8716888427734375
-8.022324562072754
-3.5032565593719482
-4.818549633026123
-3.6636569499969482
-8.766698837280273
-2.021311044692993
-5.233115196228027
-5.127773761749268
-8.95375919342041
-4.283127784729004
-2.9784445762634277
-5.844996929168701
-8.644893646240234
-3.4641075134277344
