2
3
3.1812262535095215
4.301593780517578
-3.715825080871582
1.674764633178711
4.178272247314453
3.3663811683654785
-3.650456428527832
-5.989955902099609
4.58044958114624
0.21945816278457642
1.5713627338409424
-1.540992259979248
2.9675674438476562
4.566847801208496
-3.5014760494232178
1.1857125759124756
4.069454193115234
3.0461199283599854
-3.6589274406433105
-6.119256019592285
4.890791416168213
0.2594994008541107
1.0643348693847656
-1.2596060037612915
2.7969822883605957
4.780915260314941
-3.266425848007202
0.655490517616272
3.9626879692077637
2.7247560024261475
-3.663403272628784
-6.210903644561768
5.138626575469971
0.355915367603302
0.5255500674247742
-1.0156657695770264
2.670542001724243
4.9430460929870605
-3.026695966720581
0.0962376594543457
3.8561623096466064
2.407867670059204
-3.6573901176452637
-6.269290447235107
5.319716453552246
0.5047547817230225
-0.020239531993865967
-0.8213514685630798
2.586683511734009
5.054901123046875
-2.794816017150879
-0.4821387529373169
3.7515182495117188
2.099027395248413
-3.6389119625091553
-6.294613361358643
5.435298919677734
0.6985125541687012
-0.5564014315605164
-0.6857218742370605
2.5420703887939453
5.118701934814453
-2.575695037841797
-1.074314832687378
3.651111364364624
1.7997761964797974
-3.6120622158050537
-6.283614635467529
5.491866111755371
0.9256806373596191
-1.078974962234497
-0.6077422499656677
2.5332226753234863
5.137178897857666
-2.371072292327881
-1.6741251945495605
3.555694103240967
1.5117697715759277
-3.5805513858795166
-6.231355667114258
5.496968746185303
1.174370527267456
-1.5911900997161865
-0.5818060040473938
2.556429147720337
5.11187744140625
-2.1860578060150146
-2.2727890014648438
3.4663808345794678
1.2387843132019043
-3.548222780227661
-6.139444828033447
5.45609712600708
1.4358739852905273
-2.092026710510254
-0.6038399934768677
2.6072373390197754
5.043180465698242
-2.0247738361358643
-2.8593943119049072
3.3851304054260254
0.9853242635726929
-3.521688461303711
-6.011317729949951
5.374262809753418
1.7041717767715454
-2.5770514011383057
-0.6721457839012146
2.6824135780334473
4.931299686431885
-1.888798713684082
-3.422808885574341
3.3128726482391357
0.7568461894989014
-3.5071628093719482
-5.854541301727295
5.255151748657227
1.973388671875
-3.0388951301574707
-0.7846704721450806
2.7758960723876953
4.776803016662598
-1.7759764194488525
-3.9502246379852295
3.249863624572754
0.5597968101501465
-3.5105934143066406
-5.678950786590576
5.102641582489014
2.2378461360931396
-3.469972610473633
-0.9392209053039551
2.881652593612671
4.58321475982666
-1.6859164237976074
-4.433673858642578
3.196674108505249
0.40186411142349243
-3.5382425785064697
-5.499419689178467
4.920966148376465
2.4922659397125244
-3.863142967224121
-1.1343350410461426
2.9936344623565674
4.355803966522217
-1.6182770729064941
-4.868518352508545
3.1509785652160645
0.28640323877334595
-3.590548276901245
-5.32781982421875
4.714763641357422
2.7318334579467773
-4.212289333343506
-1.368446707725525
3.1081395149230957
4.1018524169921875
-1.5751746892929077
-5.2553253173828125
3.108009099960327
0.2107452154159546
-3.661208152770996
-5.1699538230896
4.488602161407471
2.9524343013763428
-4.512919902801514
-1.6391661167144775
3.222602128982544
3.8277816772460938
-1.559175968170166
-5.595727443695068
3.064314603805542
0.17118938267230988
-3.7465171813964844
-5.032176971435547
4.247766494750977
3.1513919830322266
-4.763211250305176
-1.9451676607131958
3.3350205421447754
3.5403530597686768
-1.5737473964691162
-5.892351150512695
3.017303705215454
0.1633489727973938
-3.8438427448272705
-4.919589996337891
3.9979190826416016
3.3267221450805664
-4.963440418243408
-2.2856290340423584
3.4431138038635254
3.2459397315979004
-1.6224068403244019
-6.149219036102295
2.964853048324585
0.18293072283267975
-3.9506795406341553
-4.836007595062256
3.744784355163574
3.476248264312744
-5.115883827209473
-2.6595888137817383
3.5438356399536133
2.9506959915161133
-1.7070791721343994
-6.372403621673584
2.9051005840301514
0.22517603635787964
-4.063927173614502
-4.7841291427612305
3.4938807487487793
3.597590923309326
-5.224997043609619
-3.064805507659912
3.634281873703003
2.6597068309783936
-1.8285291194915771
-6.566473960876465
2.836311101913452
0.28518146276474
-4.18049955368042
-4.765757083892822
3.2496681213378906
3.688655376434326
-5.2956647872924805
-3.4978528022766113
3.711336374282837
2.3776657581329346
-1.9862667322158813
-6.736119747161865
2.7576029300689697
0.3583921194076538
-4.298207759857178
-4.782684326171875
3.0155563354492188
3.7472243309020996
-5.333527088165283
-3.9534144401550293
3.7717936038970947
2.1086666584014893
-2.178631067276001
-6.887787342071533
2.6690433025360107
0.4402722716331482
-4.415847301483154
-4.836148262023926
2.7942795753479004
3.7714309692382812
-5.3448944091796875
-4.425652980804443
3.8129265308380127
1.855910062789917
-2.4028306007385254
-7.0280842781066895
2.5714457035064697
0.5266817212104797
-4.533186435699463
-4.926877021789551
2.5875377655029297
3.7605903148651123
-5.337018966674805
-4.9093852043151855
3.8327064514160156
1.6218345165252686
-2.6552486419677734
-7.16414737701416
2.4659018516540527
0.6140226721763611
-4.650794506072998
-5.0555500984191895
2.3961732387542725
3.7151737213134766
-5.317688941955566
-5.400341987609863
3.829904556274414
1.4076424837112427
-2.9321701526641846
-7.3025665283203125
2.353999137878418
0.699215829372406
-4.770139217376709
-5.222084045410156
2.2203481197357178
3.636449098587036
-5.294159889221191
-5.895191192626953
3.8037784099578857
1.2136837244033813
-3.229755401611328
-7.449283123016357
2.237060070037842
0.7796878218650818
-4.892486095428467
-5.425817489624023
2.0595033168792725
3.5265631675720215
-5.271920204162598
-6.391683101654053
3.754281520843506
1.0397714376449585
-3.5443644523620605
-7.610020637512207
2.116037607192993
0.8530822992324829
-5.0194091796875
-5.666296482086182
1.9126567840576172
3.3884284496307373
-5.254203796386719
-6.888733386993408
3.6816000938415527
0.8847951292991638
-3.8726348876953125
-7.789941787719727
1.9916831254959106
0.917711079120636
-5.152050495147705
-5.942938327789307
1.778161883354187
3.2251391410827637
-5.243213176727295
-7.386301040649414
3.586658000946045
0.7472712993621826
-4.212677478790283
-7.992504119873047
1.864510178565979
0.97252357006073
-5.291009902954102
-6.255829334259033
1.654089331626892
3.0399680137634277
-5.239503383636475
-7.885700702667236
3.4705564975738525
0.6257745623588562
-4.563332557678223
-8.21953296661377
1.7347400188446045
1.017028570175171
-5.4358954429626465
-6.605528831481934
1.5388877391815186
2.83603572845459
-5.243045806884766
-8.388404846191406
3.3337578773498535
0.5188273787498474
-4.921759128570557
-8.474376678466797
1.6024789810180664
1.050621747970581
-5.585961818695068
-6.992295265197754
1.431533932685852
2.6158878803253174
-5.254386901855469
-8.89587116241455
3.177419900894165
0.42482897639274597
-5.2858991622924805
-8.759883880615234
1.4676216840744019
1.0724215507507324
-5.739546298980713
-7.416524410247803
1.3311494588851929
2.381913661956787
-5.273664474487305
-9.40952205657959
3.002676486968994
0.3414875864982605
-5.653867721557617
-9.07902717590332
1.33000910282135
1.0815171003341675
-5.89479398727417
-7.878631114959717
1.237323522567749
2.1361172199249268
-5.30253791809082
-9.93089771270752
2.811025381088257
0.2666264772415161
-6.024232387542725
-9.433934211730957
1.1900813579559326
1.076756238937378
-6.051741123199463
-8.378937721252441
1.1495059728622437
1.8804447650909424
-5.343059539794922
-10.462262153625488
2.603926658630371
0.19787804782390594
-6.395379066467285
-9.827006340026855
1.048386573791504
1.0571060180664062
-6.210753917694092
-8.918105125427246
1.0669913291931152
1.6165807247161865
-5.396907329559326
-11.005915641784668
2.382571220397949
0.13265670835971832
-6.765849590301514
-10.260448455810547
0.9054887294769287
1.0218497514724731
-6.372039318084717
-9.496126174926758
0.9885576367378235
1.3458729982376099
-5.4659528732299805
-11.564216613769531
2.148329734802246
0.06855545938014984
-7.134708404541016
-10.737053871154785
0.7616370916366577
0.9698883295059204
-6.536570072174072
-10.113359451293945
0.9129265546798706
1.0694526433944702
-5.551896095275879
-12.140090942382812
1.902449607849121
0.0029972493648529053
-7.500959873199463
-11.258992195129395
0.6168901920318604
0.9002478122711182
-6.705334663391113
-10.770281791687012
0.8388216495513916
0.788413941860199
-5.65615701675415
-12.736825942993164
1.6460905075073242
-0.0665799155831337
-7.863978385925293
-11.828690528869629
0.47111526131629944
0.8121973276138306
-6.879490852355957
-11.467827796936035
0.764900267124176
0.5036877393722534
-5.77998161315918
-13.357827186584473
1.3805466890335083
-0.14221344888210297
-8.223501205444336
-12.449040412902832
0.32405704259872437
0.7051562070846558
-7.0601677894592285
-12.207365036010742
0.6897562742233276
0.21604308485984802
-5.924402236938477
-14.007368087768555
1.107055425643921
-0.22566169500350952
-8.579620361328125
-13.122846603393555
0.1754990667104721
0.5787945985794067
-7.248220920562744
-12.990479469299316
0.6121077537536621
-0.0737650990486145
-6.090109348297119
-14.690040588378906
