2
3
9.37863540649414
-5.5852861404418945
-3.281141757965088
11.298919677734375
-1.2693456411361694
8.547077178955078
1.203932523727417
5.349367141723633
3.012415885925293
3.4097275733947754
-5.018033981323242
-7.8940815925598145
9.04020881652832
-4.827732563018799
-4.219600677490234
12.685701370239258
-0.9391711950302124
8.106088638305664
2.025038242340088
4.567155838012695
2.991650104522705
3.1030375957489014
-4.9899821281433105
-8.461088180541992
8.700864791870117
-4.087726593017578
-5.153725624084473
14.040534019470215
-0.6184670329093933
7.691632270812988
2.818213939666748
3.8313889503479004
2.964907169342041
2.810399293899536
-4.976547718048096
-9.006253242492676
8.360881805419922
-3.3649508953094482
-6.082871437072754
15.363442420959473
-0.30690494179725647
7.30322790145874
3.584216594696045
3.1403746604919434
2.9321913719177246
2.52893328666687
-4.97634744644165
-9.532770156860352
8.020525932312012
-2.659184455871582
-7.0063958168029785
16.654266357421875
-0.0038264691829681396
6.939471244812012
4.3245344161987305
2.490795612335205
2.894113540649414
2.2558951377868652
-4.987304210662842
-10.04351806640625
7.68006706237793
-1.9702153205871582
-7.923585891723633
17.912883758544922
0.2914426922798157
6.5987396240234375
5.040874004364014
1.8791314363479614
2.8514420986175537
1.9888653755187988
-5.007539749145508
-10.541070938110352
7.339999198913574
-1.2972197532653809
-8.834046363830566
19.13949966430664
0.5795817375183105
6.279364585876465
5.734858989715576
1.301933765411377
2.804551601409912
1.7260329723358154
-5.036115646362305
-11.027345657348633
7.000376224517822
-0.639042854309082
-9.73807430267334
20.335723876953125
0.8611663579940796
5.97981071472168
6.407859802246094
0.7563456296920776
2.75386381149292
1.4659937620162964
-5.072033405303955
-11.50393295288086
6.6611785888671875
0.0051250457763671875
-10.63585090637207
21.502580642700195
1.1368577480316162
5.698904514312744
7.061317443847656
0.23986446857452393
2.6997053623199463
1.2079180479049683
-5.1145830154418945
-11.971562385559082
6.32241678237915
0.6356887221336365
-11.527344703674316
22.640283584594727
1.4073432683944702
5.434843063354492
7.696753978729248
-0.25012755393981934
2.6426374912261963
0.951859712600708
-5.163054943084717
-12.430391311645508
5.9839067459106445
1.2528033256530762
-12.412652969360352
23.74956512451172
1.67333984375
5.185396194458008
8.315896987915039
-0.7168810367584229
2.5829644203186035
0.6972594261169434
-5.216965675354004
-12.881848335266113
5.645569324493408
1.8563783168792725
-13.291667938232422
24.83099365234375
1.9355894327163696
4.948182106018066
8.920387268066406
-1.1636276245117188
2.521677017211914
0.44410189986228943
-5.275582790374756
-13.327062606811523
5.308191776275635
2.4428114891052246
-14.1627779006958
25.881757736206055
2.1949262619018555
4.7210373878479
9.511828422546387
-1.5930228233337402
2.45916485786438
0.19299498200416565
-5.338090419769287
-13.76551342010498
4.972314357757568
3.008626937866211
-15.025015830993652
26.900535583496094
2.451829195022583
4.501654624938965
10.091859817504883
-2.0076587200164795
2.3954944610595703
-0.0556817352771759
-5.404536247253418
-14.196577072143555
4.638103485107422
3.5535619258880615
-15.878324508666992
27.888011932373047
2.707031726837158
4.2880072593688965
10.662117004394531
-2.410022735595703
2.3306963443756104
-0.3022243082523346
-5.4748945236206055
-14.620866775512695
4.305970668792725
4.076863765716553
-16.72195816040039
28.84344482421875
2.961216449737549
4.0782270431518555
11.224629402160645
-2.8026785850524902
2.264918088912964
-0.5470331907272339
-5.548883438110352
-15.039440155029297
3.976623058319092
4.577123165130615
-17.554645538330078
29.765230178833008
3.21474027633667
3.8707823753356934
11.780248641967773
-3.187915563583374
2.1982688903808594
-0.7905243039131165
-5.6261982917785645
-15.453328132629395
3.6512610912323
5.051707744598389
-18.373844146728516
30.650283813476562
3.4672811031341553
3.6652896404266357
12.328126907348633
-3.5666747093200684
2.130859613418579
-1.0329465866088867
-5.706436634063721
-15.863221168518066
3.3310036659240723
5.498834609985352
-19.17699432373047
31.495548248291016
3.719101905822754
3.4612057209014893
12.8689603805542
-3.9402072429656982
2.062946319580078
-1.2749027013778687
-5.789251327514648
-16.27068328857422
3.016904830932617
5.917895317077637
-19.962148666381836
32.299522399902344
3.9703338146209717
3.257744550704956
13.403182983398438
-4.309912204742432
1.9946784973144531
-1.5169260501861572
-5.874217510223389
-16.677099227905273
2.7095441818237305
6.309433460235596
-20.72853660583496
33.06220245361328
4.2212042808532715
3.054016351699829
13.931269645690918
-4.677460193634033
1.926277756690979
-1.759454369544983
-5.960886478424072
-17.083667755126953
2.4096832275390625
6.674091815948486
-21.474960327148438
33.78341293334961
4.472014904022217
2.849398612976074
14.453513145446777
-5.044150352478027
1.857900857925415
-2.002983331680298
-6.048762798309326
-17.491539001464844
2.1177539825439453
7.012997150421143
-22.200960159301758
34.46385192871094
4.7231597900390625
2.643094062805176
14.97065258026123
-5.411449909210205
1.7897180318832397
-2.248080015182495
-6.13733434677124
-17.901987075805664
1.8341572284698486
7.327062606811523
-22.906118392944336
35.104156494140625
4.975075721740723
2.434295654296875
15.483599662780762
-5.7808756828308105
1.7219146490097046
-2.4953184127807617
-6.2260589599609375
-18.3162841796875
1.558973789215088
7.617577075958252
-23.590545654296875
35.705936431884766
5.228015422821045
2.2222468852996826
15.992907524108887
-6.153848171234131
1.6546920537948608
-2.745283603668213
-6.314359664916992
-18.735719680786133
1.2922236919403076
7.885704040527344
-24.254291534423828
36.27070236206055
5.482295989990234
2.0062687397003174
16.499122619628906
-6.5316057205200195
1.5882595777511597
-2.9985673427581787
-6.401642799377441
-19.161584854125977
1.0340453386306763
8.131970405578613
-24.897218704223633
36.799198150634766
5.73826265335083
1.7856581211090088
17.002912521362305
-6.915438652038574
1.5228347778320312
-3.2557692527770996
-6.487295627593994
-19.595184326171875
0.784667432308197
8.356843948364258
-25.519086837768555
37.29189682006836
5.996347427368164
1.559657335281372
17.505483627319336
-7.306730270385742
1.4586466550827026
-3.517509937286377
-6.570675373077393
-20.037857055664062
0.5442633628845215
8.560760498046875
-26.11971664428711
37.749183654785156
6.256975173950195
1.3275249004364014
18.00782012939453
-7.706812381744385
1.3959392309188843
-3.784433603286743
-6.651099681854248
-20.490983963012695
0.3129420280456543
8.744146347045898
-26.699058532714844
38.171592712402344
6.520582675933838
1.088502049446106
18.510942459106445
-8.117044448852539
1.334970235824585
-4.057211399078369
-6.727848052978516
-20.955995559692383
0.09079909324645996
8.907376289367676
-27.257102966308594
38.55965042114258
6.787565231323242
0.8419073820114136
19.01572608947754
-8.538690567016602
1.2759686708450317
-4.336616516113281
-6.8001909255981445
-21.434511184692383
-0.12208795547485352
9.050774574279785
-27.793771743774414
38.91371536254883
7.058325290679932
0.5870444178581238
19.52306365966797
-8.973029136657715
1.2192130088806152
-4.623392581939697
-6.8673319816589355
-21.928098678588867
-0.32566630840301514
9.174372673034668
-28.308773040771484
39.23347854614258
7.333267688751221
0.32321926951408386
20.03382110595703
-9.42131233215332
1.1649961471557617
-4.918315887451172
-6.928431987762451
-22.43838882446289
-0.5197981595993042
9.278301239013672
-28.801904678344727
39.518985748291016
7.612825870513916
0.04969564080238342
20.54901123046875
-9.884946823120117
1.1136144399642944
-5.222163200378418
-6.982650279998779
-22.966976165771484
-0.7045999765396118
9.363204956054688
-29.273313522338867
39.771331787109375
7.897448539733887
-0.23427829146385193
21.06969451904297
-10.365392684936523
1.065372109413147
-5.535797595977783
-7.029165267944336
-23.51565933227539
-0.8800724744796753
9.429437637329102
-29.72300910949707
39.99108123779297
8.187600135803223
-0.5294677019119263
21.59697914123535
-10.864150047302246
1.020614743232727
-5.8601484298706055
-7.06704568862915
-24.08644676208496
-1.0459765195846558
9.476862907409668
-30.150617599487305
40.17772674560547
8.483760833740234
-0.8366585969924927
22.132028579711914
-11.382774353027344
0.9796915650367737
-6.1961517333984375
-7.095282554626465
-24.681297302246094
-1.2021220922470093
9.505316734313965
-30.555797576904297
40.330604553222656
8.786434173583984
-1.1566652059555054
22.676067352294922
-11.922894477844238
0.9429685473442078
-6.544799327850342
-7.112802505493164
-25.302278518676758
-1.3483468294143677
9.514719009399414
-30.938283920288086
40.44939422607422
9.096141815185547
-1.4903295040130615
23.230375289916992
-12.486198425292969
0.9108327031135559
-6.907141208648682
-7.11846399307251
-25.95157241821289
-1.4844334125518799
9.504892349243164
-31.2977352142334
40.53363037109375
9.41349983215332
-1.8385919332504272
23.796485900878906
-13.074636459350586
0.8836925029754639
-7.284283638000488
-7.111055374145508
-26.631484985351562
