2
3
8.526100158691406
-10.220157623291016
-5.148978233337402
-8.168342590332031
6.752221584320068
-7.7758660316467285
-0.33121711015701294
-6.624026775360107
7.534974098205566
-3.9225924015045166
7.538735389709473
7.124911785125732
8.193830490112305
-10.506695747375488
-5.290305137634277
-7.775689125061035
6.867461681365967
-8.079148292541504
-0.1852002590894699
-6.6954474449157715
8.113746643066406
-3.3209969997406006
7.051765441894531
6.015039920806885
7.865477085113525
-10.745494842529297
-5.360926151275635
-7.351715564727783
7.003227710723877
-8.37437629699707
-0.050802603363990784
-6.714057922363281
8.65133285522461
-2.7967989444732666
6.502657413482666
4.814319610595703
7.544575214385986
-10.932050704956055
-5.359703063964844
-6.915247440338135
7.154641628265381
-8.656426429748535
0.07029511779546738
-6.687095642089844
9.136058807373047
-2.364109754562378
5.925371170043945
3.55820631980896
7.235930442810059
-11.062324523925781
-5.2900495529174805
-6.4918317794799805
7.31534481048584
-8.920628547668457
0.17873525619506836
-6.6249542236328125
9.566323280334473
-2.027528762817383
5.333066940307617
2.271730899810791
6.942071437835693
-11.137590408325195
-5.154310703277588
-6.098776817321777
7.479708671569824
-9.16283130645752
0.27439409494400024
-6.538658142089844
9.935625076293945
-1.7950658798217773
4.756849765777588
0.9924373626708984
6.664706230163574
-11.164592742919922
-4.952521324157715
-5.7351226806640625
7.642950057983398
-9.38178825378418
0.35497984290122986
-6.42850923538208
10.248111724853516
-1.664080262184143
4.204474449157715
-0.2588080167770386
6.4049787521362305
-11.150583267211914
-4.685112476348877
-5.3996124267578125
7.7998948097229
-9.575855255126953
0.4193163514137268
-6.30002498626709
10.50780963897705
-1.6314187049865723
3.677283525466919
-1.4618356227874756
6.165753364562988
-11.102065086364746
-4.356259822845459
-5.0905232429504395
7.947512626647949
-9.743269920349121
0.46348512172698975
-6.1538987159729
10.717582702636719
-1.6944868564605713
3.179628372192383
-2.5938541889190674
5.957694053649902
-11.017003059387207
-3.986327648162842
-4.827980995178223
8.086792945861816
-9.878572463989258
0.4752190113067627
-5.998605251312256
10.878766059875488
-1.8526555299758911
2.7210257053375244
-3.6274702548980713
5.786136627197266
-10.896967887878418
-3.5950536727905273
-4.623996734619141
8.225505828857422
-9.970763206481934
0.43214574456214905
-5.871155261993408
10.991205215454102
-2.0995397567749023
2.3112924098968506
-4.54688835144043
5.657076358795166
-10.742246627807617
-3.201507091522217
-4.497525691986084
8.354793548583984
-10.02234172821045
0.3530086576938629
-5.777591705322266
11.062835693359375
-2.4137649536132812
1.9501054286956787
-5.366580963134766
5.565160751342773
-10.569090843200684
-2.797299861907959
-4.438564777374268
8.46419906616211
-10.040694236755371
0.2625064253807068
-5.713420867919922
11.102932929992676
-2.7750961780548096
1.6349636316299438
-6.106557846069336
5.503351211547852
-10.392446517944336
-2.375392198562622
-4.434123516082764
8.548569679260254
-10.029630661010742
0.17596253752708435
-5.681017875671387
11.11956787109375
-3.167205810546875
1.3588778972625732
-6.788601875305176
5.467784881591797
-10.220998764038086
-1.9332566261291504
-4.476593494415283
8.608224868774414
-9.99688720703125
0.10088050365447998
-5.680691242218018
11.119828224182129
-3.5774786472320557
1.109375
-7.432891845703125
5.4581074714660645
-10.059988021850586
-1.475332260131836
-4.563567638397217
8.645023345947266
-9.949861526489258
0.042177874594926834
-5.712996482849121
11.106120109558105
-3.999440908432007
0.8802890777587891
-8.048796653747559
5.474447727203369
-9.912800788879395
-1.0074634552001953
-4.694732666015625
8.662016868591309
-9.893550872802734
0.0022866763174533844
-5.780812740325928
11.079791069030762
-4.429320335388184
0.6701946258544922
-8.641751289367676
5.517205238342285
-9.781131744384766
-0.5354531407356262
-4.869929313659668
8.662549018859863
-9.83166217803955
-0.017440801486372948
-5.8862504959106445
11.04196548461914
-4.865598678588867
0.479189932346344
-9.214350700378418
5.586514472961426
-9.666534423828125
-0.06560170650482178
-5.089955806732178
8.649301528930664
-9.76781940460205
-0.015502681955695152
-6.0305681228637695
10.994105339050293
-5.307455062866211
0.30753880739212036
-9.768733024597168
5.68231725692749
-9.569978713989258
0.39647772908210754
-5.354678630828857
8.624021530151367
-9.70502758026123
0.01156429760158062
-6.214515686035156
10.937633514404297
-5.754083633422852
0.1525595486164093
-10.3053560256958
5.803662300109863
-9.492144584655762
0.8455221056938171
-5.663447856903076
8.5890531539917
-9.646032333374023
0.06511729210615158
-6.4390549659729
10.873588562011719
-6.204444408416748
0.013787135481834412
-10.825430870056152
5.948906898498535
-9.433210372924805
1.277857780456543
-6.015276908874512
8.547021865844727
-9.592644691467285
0.14573736488819122
-6.707106590270996
10.802388191223145
-6.65762996673584
-0.10952211916446686
-11.328956604003906
6.115964412689209
-9.393388748168945
1.6909153461456299
-6.409401893615723
8.501087188720703
-9.546202659606934
0.25351113080978394
-7.021819591522217
10.724305152893066
-7.112049579620361
-0.2150854617357254
-11.81859302520752
6.302576541900635
-9.371566772460938
2.0831990242004395
-6.844493865966797
8.454238891601562
-9.508108139038086
0.3893798589706421
-7.385964870452881
10.638426780700684
-7.5649566650390625
-0.2993161678314209
-12.299590110778809
6.5050883293151855
-9.367180824279785
2.455059766769409
-7.3214030265808105
8.40937614440918
-9.478982925415039
0.553919792175293
-7.802877902984619
10.545023918151855
-8.014969825744629
-0.3598434329032898
-12.773414611816406
6.720582008361816
-9.380172729492188
2.8069472312927246
-7.841546535491943
8.36922836303711
-9.460103034973145
0.7478123903274536
-8.274996757507324
10.44483757019043
-8.461004257202148
-0.39289358258247375
-13.243215560913086
6.946254253387451
-9.410468101501465
3.1402945518493652
-8.406883239746094
8.336137771606445
-9.45361328125
0.9717641472816467
-8.803848266601562
10.339112281799316
-8.902077674865723
-0.3945472240447998
-13.712825775146484
7.179638385772705
-9.457575798034668
3.4570815563201904
-9.019030570983887
8.312076568603516
-9.461788177490234
1.2259600162506104
-9.391014099121094
10.229109764099121
-9.337535858154297
-0.3609428405761719
-14.186298370361328
7.418284893035889
-9.521449089050293
3.7598278522491455
-9.680294036865234
8.298813819885254
-9.486594200134277
1.5103490352630615
-10.037113189697266
10.116239547729492
-9.767041206359863
-0.2884710133075714
-14.667563438415527
7.659694194793701
-9.60251522064209
4.052165985107422
-10.392821311950684
8.298102378845215
-9.530035972595215
1.824338674545288
-10.74340534210205
10.00167465209961
-10.19102668762207
-0.17247790098190308
-15.161869049072266
7.90186882019043
-9.700874328613281
4.337573528289795
-11.158828735351562
8.311307907104492
-9.593731880187988
2.167421340942383
-11.510982513427734
9.887210845947266
-10.609482765197754
-0.009466707706451416
-15.674272537231445
8.142457008361816
-9.816719055175781
4.622040271759033
-11.980548858642578
8.339404106140137
-9.679408073425293
2.5392274856567383
-12.341081619262695
9.774798393249512
-11.022147178649902
0.20378653705120087
-16.210039138793945
8.379523277282715
-9.950215339660645
4.912111759185791
-12.861043930053711
8.383042335510254
-9.788836479187012
2.940093994140625
-13.235404968261719
9.666224479675293
-11.429024696350098
0.4706106185913086
-16.774927139282227
8.611486434936523
-10.101920127868652
5.214972496032715
-13.802918434143066
8.442604064941406
-9.923583030700684
3.371338129043579
-14.195673942565918
9.563165664672852
-11.829907417297363
0.7945370674133301
-17.375822067260742
8.83694839477539
-10.272381782531738
5.539568901062012
-14.809469223022461
8.517904281616211
-10.085512161254883
3.836076021194458
-15.222671508789062
9.467663764953613
-12.224044799804688
1.1789820194244385
-18.020536422729492
9.05506420135498
-10.462614059448242
5.89500093460083
-15.883340835571289
8.607410430908203
-10.277592658996582
4.341595649719238
-16.314502716064453
9.381665229797363
-12.610549926757812
1.6274824142456055
-18.718490600585938
9.265429496765137
-10.673528671264648
6.290952682495117
-17.027355194091797
8.711413383483887
-10.502049446105957
4.892665863037109
-17.47026252746582
9.307268142700195
-12.988183975219727
2.1423773765563965
-19.479333877563477
9.468364715576172
-10.90734577178955
6.73828649520874
-18.24309730529785
8.830025672912598
-10.761481285095215
5.495283126831055
-18.687278747558594
9.246729850769043
-13.35525894165039
2.725069046020508
-20.311735153198242
9.66533088684082
-11.168363571166992
7.248307228088379
-19.529233932495117
8.962251663208008
-11.058080673217773
6.158024311065674
-19.964523315429688
9.20250415802002
-13.71076774597168
3.377671480178833
-21.22776222229004
9.85807991027832
-11.462760925292969
7.834711074829102
-20.884231567382812
9.107545852661133
-11.393363952636719
6.890439987182617
-21.303123474121094
9.17673397064209
-14.055983543395996
4.103466510772705
-22.238296508789062
