2
3
-1.9924525022506714
5.836546421051025
-6.577835559844971
7.365416049957275
8.323469161987305
-1.5554535388946533
1.1291368007659912
9.88306999206543
-2.00374698638916
-0.8280774354934692
-7.051890850067139
8.067296028137207
-1.866426706314087
5.607748985290527
-6.280900955200195
6.965463638305664
7.99229621887207
-1.120626449584961
0.2632670998573303
10.661822319030762
-1.9035934209823608
-0.5572744011878967
-6.963194847106934
8.585165023803711
-1.7488274574279785
5.402791976928711
-6.00687313079834
6.608908653259277
7.65983247756958
-0.6870659589767456
-0.6016884446144104
11.436680793762207
-1.8124244213104248
-0.2783898115158081
-6.892463207244873
9.115135192871094
-1.6399341821670532
5.221844673156738
-5.756027698516846
6.2954254150390625
7.326205730438232
-0.2542794346809387
-1.465308666229248
12.208531379699707
-1.7297741174697876
0.008448600769042969
-6.839880466461182
9.657357215881348
-1.5397025346755981
5.064651966094971
-5.528280735015869
6.02443790435791
6.991431713104248
0.1780705451965332
-2.3276820182800293
12.977843284606934
-1.6554591655731201
0.30339711904525757
-6.805800437927246
10.212407112121582
-1.4480724334716797
4.930973529815674
-5.323574542999268
5.795436859130859
6.6556010246276855
0.6105326414108276
-3.188614845275879
13.745753288269043
-1.5896282196044922
0.6066468954086304
-6.790557384490967
10.780765533447266
-1.3649077415466309
4.8205766677856445
-5.141782283782959
5.607972621917725
6.318758964538574
1.043752908706665
-4.048101425170898
14.513605117797852
-1.5323981046676636
0.9184134602546692
-6.794464588165283
11.36295223236084
-1.2903133630752563
4.7333455085754395
-4.9831414222717285
5.46185302734375
5.980827331542969
1.4782267808914185
-4.906386852264404
15.28233528137207
-1.4837621450424194
1.2388986349105835
-6.8177595138549805
11.959505081176758
-1.2243565320968628
4.669168949127197
-4.847825050354004
5.356876373291016
5.641727447509766
1.9144128561019897
-5.763767719268799
16.05276107788086
-1.443838357925415
1.5684194564819336
-6.861075401306152
12.571354866027832
-1.167115569114685
4.627974510192871
-4.736026763916016
5.292927265167236
5.301452159881592
2.3528497219085693
-6.620627403259277
16.825756072998047
-1.4127835035324097
1.9073381423950195
-6.924808025360107
13.199180603027344
-1.1187151670455933
4.609743118286133
-4.648102283477783
5.269998073577881
4.959946632385254
2.7946598529815674
-7.477592468261719
17.60369300842285
-1.3908172845840454
2.2561755180358887
-7.009575366973877
13.844062805175781
-1.079262137413025
4.614465713500977
-4.584420204162598
5.288046836853027
4.616989612579346
3.240767002105713
-8.335479736328125
18.38857078552246
-1.3780916929244995
2.615373134613037
-7.115787029266357
14.50691032409668
-1.0488642454147339
4.642175197601318
-4.545454025268555
5.34710693359375
4.272356986999512
3.691939353942871
-9.195136070251465
19.181917190551758
-1.3747291564941406
2.9853367805480957
-7.243762016296387
15.188504219055176
-1.0275859832763672
4.692802429199219
-4.53147029876709
5.4470624923706055
3.925874710083008
4.148879528045654
-10.057373046875
19.9849796295166
-1.3808324337005615
3.366441249847412
-7.393773078918457
15.889557838439941
-1.0155826807022095
4.766307353973389
-4.542802810668945
5.587865352630615
3.57736873626709
4.612270832061768
-10.923036575317383
20.79900550842285
-1.396435022354126
3.7588536739349365
-7.565971374511719
16.61064338684082
-1.0128560066223145
4.862722396850586
-4.5797200202941895
5.769600868225098
3.2266082763671875
5.082630157470703
-11.792869567871094
21.62519073486328
-1.4217625856399536
4.163254261016846
-7.760868549346924
17.352628707885742
-1.0195244550704956
4.98205041885376
-4.642519474029541
5.9923272132873535
2.8733878135681152
5.560725688934326
-12.667823791503906
22.465116500854492
-1.4570356607437134
4.580392837524414
-7.979057312011719
18.11641502380371
-1.035674810409546
5.124271392822266
-4.7314276695251465
6.255993843078613
2.517474412918091
6.046576023101807
-13.548568725585938
23.319604873657227
-1.5023276805877686
5.010594367980957
-8.220888137817383
18.90275764465332
-1.0611389875411987
5.288833141326904
-4.846184730529785
6.560104846954346
2.158966302871704
6.5396270751953125
-14.43535041809082
24.188823699951172
-1.5577218532562256
5.454200267791748
-8.48670482635498
19.712385177612305
-1.0960294008255005
5.475141525268555
-4.9869489669799805
6.904289245605469
1.7978122234344482
7.039690017700195
-15.328744888305664
25.073909759521484
-1.6231882572174072
5.9104485511779785
-8.776349067687988
20.54496955871582
-1.1405731439590454
5.683300018310547
-5.154244422912598
7.288679122924805
1.4339101314544678
7.547081470489502
-16.229473114013672
25.976232528686523
-1.6986972093582153
6.379210948944092
-9.089677810668945
21.40027618408203
-1.1949284076690674
5.9135003089904785
-5.348549842834473
7.7135910987854
1.0671582221984863
8.061996459960938
-17.138219833374023
26.897144317626953
-1.7841938734054565
6.8603315353393555
-9.426641464233398
22.278322219848633
-1.2593095302581787
6.165945529937744
-5.570397853851318
8.17929744720459
0.6974067091941833
8.585041999816895
-18.055784225463867
27.83821678161621
-1.8797478675842285
7.3539252281188965
-9.787528991699219
23.179502487182617
-1.333970069885254
6.440911769866943
-5.8204169273376465
8.68625259399414
0.3244743049144745
9.116901397705078
-18.9830379486084
28.801244735717773
-1.9854798316955566
7.860332012176514
-10.172730445861816
24.10447120666504
-1.4191595315933228
6.738663673400879
-6.099193096160889
9.23486614227295
-0.051839858293533325
9.658248901367188
-19.92086410522461
29.788013458251953
-2.1015219688415527
8.3799409866333
-10.582671165466309
25.05396270751953
-1.5151195526123047
7.059446811676025
-6.407275676727295
9.8255033493042
-0.43180322647094727
10.209772109985352
-20.87027359008789
30.8004093170166
-2.228017807006836
8.913481712341309
-11.01796817779541
26.02886390686035
-1.6220746040344238
7.403533458709717
-6.745163440704346
10.458569526672363
-0.8156833052635193
10.772086143493652
-21.832225799560547
31.84023094177246
-2.365091562271118
9.461538314819336
-11.479135513305664
27.029935836791992
-1.740130066871643
7.771147727966309
-7.1132426261901855
11.134410858154297
-1.2034809589385986
11.345519065856934
-22.807056427001953
32.90864562988281
-2.51285719871521
10.024506568908691
-11.966556549072266
28.05779457092285
-1.869474172592163
8.16257381439209
-7.512055397033691
11.853493690490723
-1.5950162410736084
11.930152893066406
-23.794673919677734
34.00623321533203
-2.6714181900024414
10.60272216796875
-12.480598449707031
29.112977981567383
-2.010349988937378
8.578076362609863
-7.942126274108887
12.616247177124023
-1.9901244640350342
12.526076316833496
-24.79482650756836
35.13302993774414
-2.840932607650757
11.196587562561035
-13.021708488464355
30.196142196655273
-2.1630172729492188
9.017946243286133
-8.403992652893066
13.423139572143555
-2.389007091522217
13.13401985168457
-25.80834197998047
36.290828704833984
-3.0215044021606445
11.806478500366211
-13.590275764465332
31.30779266357422
-2.3277316093444824
9.482487678527832
-8.898186683654785
14.274666786193848
-2.7919178009033203
13.754768371582031
-26.83621597290039
37.4818229675293
-3.2132904529571533
12.432853698730469
-14.186787605285645
32.44864273071289
-2.5047454833984375
9.972016334533691
-9.425237655639648
15.171351432800293
-3.199108600616455
14.389486312866211
-27.879379272460938
38.70769119262695
-3.41644024848938
13.076141357421875
-14.811674118041992
33.61931610107422
-2.694307327270508
10.486869812011719
-9.98567008972168
16.113752365112305
-3.6107723712921143
15.03897762298584
-28.938552856445312
39.96996307373047
-3.6310741901397705
13.736607551574707
-15.465194702148438
34.82011413574219
-2.896646022796631
11.02737808227539
-10.57995891571045
17.1024169921875
-4.027088165283203
15.703858375549316
-30.014371871948242
41.270015716552734
-3.8573157787323
14.414581298828125
-16.147666931152344
36.051395416259766
-3.1119987964630127
11.593887329101562
-11.208602905273438
18.137924194335938
-4.448256492614746
16.384790420532227
-31.107528686523438
42.609188079833984
-4.095366954803467
15.110673904418945
-16.8597469329834
37.31410217285156
-3.3405914306640625
12.186746597290039
-11.872076034545898
19.220869064331055
-4.8744916915893555
17.0823917388916
-32.218624114990234
43.98855209350586
-4.3454179763793945
15.825411796569824
-17.601966857910156
38.60901641845703
-3.582646608352661
12.806313514709473
-12.57084846496582
20.351865768432617
-5.306076526641846
17.79732322692871
-33.34833908081055
45.40898895263672
-4.607666969299316
16.55924415588379
-18.37479591369629
39.93670654296875
-3.838383436203003
13.452946662902832
-13.305377006530762
21.531522750854492
-5.743210315704346
18.530254364013672
-34.4971923828125
46.87141799926758
-4.88227653503418
17.312606811523438
-19.17865562438965
41.29766845703125
-4.108018398284912
14.12696647644043
-14.076057434082031
22.760324478149414
-6.186206340789795
19.281902313232422
-35.66595458984375
48.37675857543945
-5.169451713562012
18.086034774780273
-20.01409339904785
42.69266891479492
