2
3
2.943821907043457
-0.5916839838027954
1.2804416418075562
1.3721730709075928
5.303300857543945
-8.959381103515625
7.592181205749512
-1.0137361288070679
5.246877193450928
8.47270393371582
-3.4355194568634033
-11.66275405883789
2.8647334575653076
-0.2680688500404358
1.766755223274231
1.137140154838562
5.799473762512207
-8.584820747375488
6.837887287139893
0.09939944744110107
5.033459186553955
7.85652494430542
-3.2024452686309814
-13.033191680908203
2.8496954441070557
0.008001387119293213
2.194796085357666
0.9347890019416809
6.2018938064575195
-8.080854415893555
6.065617561340332
1.0968163013458252
4.864340782165527
7.1690497398376465
-2.9373414516448975
-14.326553344726562
2.884284496307373
0.24532142281532288
2.5974814891815186
0.7335178852081299
6.53336763381958
-7.49120569229126
5.262046813964844
1.9899152517318726
4.736029148101807
6.418997287750244
-2.622511148452759
-15.54254150390625
2.9634716510772705
0.4543418884277344
2.994987726211548
0.5034267902374268
6.805263996124268
-6.840218544006348
4.4217424392700195
2.7908945083618164
4.645456314086914
5.609199047088623
-2.247854709625244
-16.675405502319336
3.092564582824707
0.6436014771461487
3.375981569290161
0.23192039132118225
7.021116256713867
-6.1387619972229
3.5565943717956543
3.493673801422119
4.594741344451904
4.738402366638184
-1.8249781131744385
-17.704383850097656
3.2712624073028564
0.8164604306221008
3.7251923084259033
-0.08440247178077698
7.17905855178833
-5.389636039733887
2.6863362789154053
4.085872650146484
4.587920188903809
3.8051748275756836
-1.3681164979934692
-18.609798431396484
3.4969677925109863
0.9740601778030396
4.035163402557373
-0.4515608549118042
7.270089626312256
-4.5961503982543945
1.837320327758789
4.555046081542969
4.629011631011963
2.8101325035095215
-0.8923321962356567
-19.372028350830078
3.7630558013916016
1.1189179420471191
4.299855709075928
-0.8734205365180969
7.288314342498779
-3.764552354812622
1.0373592376708984
4.888576507568359
4.71766996383667
1.760207176208496
-0.4149976372718811
-19.972755432128906
4.058529376983643
1.252555012702942
4.517810821533203
-1.3512685298919678
7.235797882080078
-2.9108493328094482
0.3174821734428406
5.079334259033203
4.851943016052246
0.6655007600784302
0.04613542556762695
-20.39744758605957
4.382999897003174
1.3680658340454102
4.687955379486084
-1.8864134550094604
7.118335247039795
-2.0493783950805664
-0.2996620535850525
5.117167949676514
5.028891563415527
-0.46065402030944824
0.47283288836479187
-20.637895584106445
4.729529857635498
1.459450364112854
4.815943717956543
-2.4720053672790527
6.946495532989502
-1.1909053325653076
-0.8012295365333557
4.990194320678711
5.2449421882629395
-1.6024770736694336
0.8468221426010132
-20.69305992126465
5.089081287384033
1.5211021900177002
4.909587383270264
-3.0976505279541016
6.7315216064453125
-0.3488016128540039
-1.1773725748062134
4.6895599365234375
5.494752407073975
-2.7423453330993652
1.1513391733169556
-20.565858840942383
5.45423698425293
1.5494238138198853
4.9741902351379395
-3.7558023929595947
6.484579086303711
0.4635545611381531
-1.420856237411499
4.207727432250977
5.771468639373779
-3.8614325523376465
1.3734030723571777
-20.264707565307617
5.819126129150391
1.5435595512390137
5.0133466720581055
-4.440413475036621
6.216658115386963
1.2314813137054443
-1.5285149812698364
3.543484926223755
6.066040515899658
-4.93990421295166
1.506713628768921
-19.80522918701172
6.1779046058654785
1.5037190914154053
5.032017707824707
-5.146457195281982
5.939822673797607
1.940873146057129
-1.503508448600769
2.701718807220459
6.365172863006592
-5.957129955291748
1.5629737377166748
-19.218339920043945
6.526110649108887
1.4322588443756104
5.033339023590088
-5.872832298278809
5.6667585372924805
2.5816407203674316
-1.351494550704956
1.68532133102417
6.6563568115234375
-6.893691539764404
1.5614904165267944
-18.544143676757812
6.8598504066467285
1.3328216075897217
5.019654750823975
-6.620089530944824
5.408641815185547
3.143955707550049
-1.0801200866699219
0.5042798519134521
6.932154178619385
-7.7313666343688965
1.5160504579544067
-17.82528305053711
7.175671100616455
1.2104216814041138
4.9944844245910645
-7.392911911010742
5.176276206970215
3.615915298461914
-0.7009178996086121
-0.8167886734008789
7.186220169067383
-8.452220916748047
1.4475446939468384
-17.105266571044922
7.470000267028809
1.066989779472351
4.966701030731201
-8.192298889160156
4.9807562828063965
3.982811212539673
-0.23061245679855347
-2.230437755584717
7.408803462982178
-9.040746688842773
1.3771337270736694
-16.427017211914062
7.741628646850586
0.9063981771469116
4.947240352630615
-9.030335426330566
4.831348896026611
4.243221759796143
0.3120684027671814
-3.7068865299224854
7.585769176483154
-9.49763298034668
1.3305186033248901
-15.823246002197266
7.994131565093994
0.7240668535232544
4.936790943145752
-9.89973258972168
4.735836982727051
4.400548934936523
0.910983681678772
-5.224461078643799
7.710237979888916
-9.832908630371094
1.3109807968139648
-15.29584789276123
8.22964859008789
0.512081503868103
4.941299915313721
-10.785432815551758
4.703293800354004
4.455419063568115
1.5477451086044312
-6.759010314941406
7.779695987701416
-10.057574272155762
1.3237313032150269
-14.836822509765625
8.44720458984375
0.26139378547668457
4.972524642944336
-11.667196273803711
4.734136581420898
4.4037556648254395
2.216615915298462
-8.276805877685547
7.801743984222412
-10.182979583740234
1.3705977201461792
-14.443317413330078
8.63984203338623
-0.03456282615661621
5.043510437011719
-12.52370834350586
4.821609973907471
4.243125915527344
2.9115943908691406
-9.746639251708984
7.7953267097473145
-10.222251892089844
1.437599778175354
-14.11998462677002
8.808834075927734
-0.3728066384792328
5.143548011779785
-13.337739944458008
4.951691627502441
3.9824929237365723
3.630152940750122
-11.161957740783691
7.771731853485107
-10.184056282043457
1.5172960758209229
-13.880758285522461
8.95786190032959
-0.7389836311340332
5.267016887664795
-14.118265151977539
5.115391254425049
3.631983757019043
4.363802433013916
-12.519031524658203
7.734665870666504
-10.079550743103027
1.6085439920425415
-13.741353988647461
9.089993476867676
-1.120241403579712
5.420594692230225
-14.885491371154785
5.313998222351074
3.2032840251922607
5.095835208892822
-13.8208589553833
7.6882734298706055
-9.922218322753906
1.7027382850646973
-13.701774597167969
9.209218978881836
-1.5075501203536987
5.610085487365723
-15.656808853149414
5.549742698669434
2.7077674865722656
5.817537784576416
-15.07377815246582
7.633835315704346
-9.729419708251953
1.7991318702697754
-13.751025199890137
9.319558143615723
-1.8989925384521484
5.8350982666015625
-16.441377639770508
5.823343753814697
2.154423236846924
6.526139259338379
-16.283329010009766
7.570708274841309
-9.517837524414062
1.914473056793213
-13.886613845825195
9.425150871276855
-2.2953438758850098
6.09698486328125
-17.246423721313477
6.134045600891113
1.5489675998687744
7.218924045562744
-17.45252227783203
7.499085426330566
-9.301384925842285
2.066894054412842
-14.114692687988281
9.529362678527832
-2.69822096824646
6.400272846221924
-18.078859329223633
6.4789204597473145
0.8958689570426941
7.894435405731201
-18.582931518554688
7.420337200164795
-9.086224555969238
2.270343542098999
-14.441554069519043
9.634661674499512
-3.1088788509368896
6.752134799957275
-18.946521759033203
6.853727340698242
0.2010933756828308
8.552721977233887
-19.67757797241211
7.336980819702148
-8.876787185668945
2.536647319793701
-14.875773429870605
9.743290901184082
-3.528881311416626
7.161061763763428
-19.858922958374023
7.25331974029541
-0.5282474160194397
9.195906639099121
-20.74197769165039
7.252415180206299
-8.677860260009766
2.8771281242370605
-15.426515579223633
9.857471466064453
-3.960752248764038
7.635865688323975
-20.822620391845703
7.67171573638916
-1.2839851379394531
9.829416275024414
-21.785051345825195
7.170331001281738
-8.493745803833008
3.3017771244049072
-16.10160255432129
9.978891372680664
-4.406403541564941
8.186664581298828
-21.845205307006836
8.102151870727539
-2.0568652153015137
10.463606834411621
-22.82036590576172
7.09461784362793
-8.327905654907227
3.818758726119995
-16.907302856445312
10.109362602233887
-4.867544174194336
8.823652267456055
-22.934932708740234
8.536469459533691
-2.836848735809326
11.119426727294922
-23.872587203979492
7.02888822555542
-8.184162139892578
4.435397624969482
-17.849287033081055
10.250221252441406
-5.345080852508545
9.557151794433594
-24.100751876831055
8.967409133911133
-3.6143877506256104
11.822538375854492
-24.97018051147461
6.976359844207764
-8.066107749938965
5.158294200897217
-18.93254852294922
10.403311729431152
-5.838902473449707
10.396096229553223
-25.351430892944336
9.389538764953613
-4.381730079650879
12.59976577758789
-26.140159606933594
6.939769744873047
-7.976585865020752
5.993669509887695
-20.160564422607422
10.570117950439453
-6.348601818084717
11.34891128540039
-26.69565773010254
9.799607276916504
-5.134428977966309
13.476662635803223
-27.406185150146484
6.921398162841797
-7.9176177978515625
6.946686267852783
-21.533775329589844
