2
3
6.751197338104248
5.8720622062683105
-2.7621147632598877
-4.352086067199707
2.4704482555389404
5.084907531738281
-0.6366079449653625
3.3136563301086426
-3.0179858207702637
1.751866340637207
4.702187538146973
0.8238024711608887
6.400411128997803
5.681451797485352
-3.4398276805877686
-4.590565204620361
2.297034978866577
5.398875713348389
-0.6210562586784363
3.0281271934509277
-2.4208192825317383
1.7586427927017212
5.195127487182617
1.0566213130950928
6.02318000793457
5.496960639953613
-4.061196327209473
-4.817322254180908
2.1482126712799072
5.685724258422852
-0.5514088869094849
2.679893970489502
-1.8030750751495361
1.7903627157211304
5.561477184295654
1.2959452867507935
5.625069618225098
5.317520618438721
-4.621108055114746
-5.032331466674805
2.0296075344085693
5.940711975097656
-0.4367509186267853
2.277710437774658
-1.1758544445037842
1.8498907089233398
5.805378437042236
1.5383226871490479
5.210611820220947
5.141415596008301
-5.1151251792907715
-5.2344560623168945
1.9438648223876953
6.160782337188721
-0.2850636839866638
1.831268072128296
-0.547797679901123
1.9424999952316284
5.9315667152404785
1.7731109857559204
4.784472942352295
4.967047214508057
-5.539551258087158
-5.421823978424072
1.8921618461608887
6.34456205368042
-0.10319244861602783
1.3512332439422607
0.07479935884475708
2.0724048614501953
5.941443920135498
1.9877465963363647
4.351728916168213
4.793313026428223
-5.891350269317627
-5.5918474197387695
1.874384880065918
6.490672588348389
0.10164472460746765
0.849313497543335
0.6850100755691528
2.239227056503296
5.8394694328308105
2.1756067276000977
3.9165191650390625
4.618969917297363
-6.168291091918945
-5.741278171539307
1.889925241470337
6.597033977508545
0.31958460807800293
0.33704859018325806
1.2771788835525513
2.4423367977142334
5.628828525543213
2.3294131755828857
3.483532667160034
4.442351341247559
-6.371228218078613
-5.865853786468506
1.9382388591766357
6.660931587219238
0.538054347038269
-0.1729854941368103
1.8448808193206787
2.6793599128723145
5.316801071166992
2.444094181060791
3.0569396018981934
4.261716842651367
-6.503165245056152
-5.961846351623535
2.019442081451416
6.679935932159424
0.7406270503997803
-0.6662694811820984
2.382044553756714
2.94842791557312
4.909772872924805
2.51178240776062
2.6411571502685547
4.075995445251465
-6.568488121032715
-6.025918960571289
2.1335179805755615
6.65168571472168
0.9069328308105469
-1.1283231973648071
2.880615234375
3.244969367980957
4.421525001525879
2.529297351837158
2.2403626441955566
3.885340452194214
-6.569277763366699
-6.056112289428711
2.276395082473755
6.579585552215576
1.0280314683914185
-1.552551031112671
3.333338975906372
3.566523551940918
3.8664052486419678
2.4904327392578125
1.8582724332809448
3.690917491912842
-6.50373649597168
-6.05174446105957
2.4400784969329834
6.472480773925781
1.1083650588989258
-1.9410512447357178
3.7335376739501953
3.908607006072998
3.2620351314544678
2.389657497406006
1.4989479780197144
3.495246648788452
-6.370375633239746
-6.013718128204346
2.6182308197021484
6.337822914123535
1.1498136520385742
-2.2951011657714844
4.074521541595459
4.263765335083008
2.628784418106079
2.2271008491516113
1.1665699481964111
3.3009591102600098
-6.169098377227783
-5.943696975708008
2.8071744441986084
6.181035041809082
1.1494659185409546
-2.615126848220825
4.355606555938721
4.621350288391113
1.9756834506988525
2.006520986557007
0.8663561940193176
3.110555648803711
-5.903055191040039
-5.844936847686768
3.002551555633545
6.007630348205566
1.1047595739364624
-2.9016661643981934
4.575116157531738
4.972302436828613
1.312855839729309
1.731473684310913
0.6036155223846436
2.926626682281494
-5.57758903503418
-5.721080303192139
3.199376106262207
5.8234124183654785
1.0135818719863892
-3.156761646270752
4.732280731201172
5.309844493865967
0.6532487869262695
1.4029648303985596
0.38160422444343567
2.7516884803771973
-5.2010369300842285
-5.576395511627197
3.39193058013916
5.6343913078308105
0.8741732835769653
-3.38413667678833
4.826543807983398
5.6280388832092285
0.013685464859008789
1.0228800773620605
0.20339468121528625
2.587761163711548
-4.7867112159729
-5.415569305419922
3.5759384632110596
5.447391033172607
0.6832840442657471
-3.5916643142700195
4.858119010925293
5.921433448791504
-0.5878270864486694
0.5952790975570679
0.07050962746143341
2.4374613761901855
-4.349752426147461
-5.243801593780518
3.746213912963867
5.2685980796813965
0.4403058886528015
-3.78764271736145
4.830195426940918
6.184825897216797
-1.136146068572998
0.1265110969543457
-0.01585547626018524
2.3062758445739746
-3.9083504676818848
-5.0712890625
3.894946813583374
5.100110054016113
0.1553325653076172
-3.9736180305480957
4.748775959014893
6.413203716278076
-1.6201938390731812
-0.3740884065628052
-0.05543428286910057
2.199460983276367
-3.482924461364746
-4.909409523010254
4.013844013214111
4.939834117889404
-0.15438824892044067
-4.143533706665039
4.62156867980957
6.600244522094727
-2.032407760620117
-0.8921465873718262
-0.04840951785445213
2.122838020324707
-3.0946249961853027
-4.774142265319824
4.096724987030029
4.783617973327637
-0.46879130601882935
-4.2881646156311035
4.458198547363281
6.742100238800049
-2.3728671073913574
-1.4161484241485596
-0.0015106238424777985
2.071336030960083
-2.7474873065948486
-4.664524555206299
4.142356872558594
4.632939338684082
-0.7777462005615234
-4.4100260734558105
4.268962860107422
6.836823463439941
-2.645796775817871
-1.9369868040084839
0.07626250386238098
2.0389020442962646
-2.438971519470215
-4.57548713684082
4.15386962890625
4.492419242858887
-1.0795096158981323
-4.519077777862549
4.062963485717773
6.884021759033203
-2.8565776348114014
-2.447087287902832
0.1776045560836792
2.0220487117767334
-2.1671950817108154
-4.5049967765808105
4.134582042694092
4.364933967590332
-1.3725444078445435
-4.622797966003418
3.849950075149536
6.887787342071533
-3.016930103302002
-2.9470832347869873
0.2954525351524353
2.018033266067505
-1.9302678108215332
-4.45167875289917
4.086856365203857
4.251633644104004
-1.6545203924179077
-4.7284979820251465
3.636967182159424
6.854032516479492
-3.1363449096679688
-3.4404802322387695
0.4240502715110779
2.0250093936920166
-1.727025032043457
-4.41472864151001
4.013105392456055
4.152830123901367
-1.9228894710540771
-4.842231750488281
3.4282026290893555
6.78701114654541
-3.2212624549865723
-3.928783655166626
0.5593301057815552
2.0418171882629395
-1.5566246509552002
-4.392651557922363
3.915830135345459
4.066716194152832
-2.1748299598693848
-4.967682361602783
3.2261829376220703
6.689528465270996
-3.276359796524048
-4.4123406410217285
0.697437047958374
2.0674540996551514
-1.4182219505310059
-4.385873794555664
3.7982914447784424
3.9910154342651367
-2.4094948768615723
-5.107517242431641
3.0326309204101562
6.5634846687316895
-3.305037260055542
-4.88979434967041
0.8354149460792542
2.101362466812134
-1.3110804557800293
-4.39586877822876
3.6637625694274902
3.923495292663574
-2.6268391609191895
-5.263489246368408
2.849073886871338
6.410609722137451
-3.3099777698516846
-5.359548091888428
0.9706884622573853
2.142606496810913
-1.2348861694335938
-4.425112247467041
3.5155246257781982
3.8617281913757324
-2.8273234367370605
-5.435844898223877
2.676609754562378
6.232363224029541
-3.29453444480896
-5.819908618927002
1.1010892391204834
2.190375566482544
-1.1892943382263184
-4.476972579956055
3.35627818107605
3.803511381149292
-3.010605573654175
-5.626018047332764
2.516103982925415
6.030183792114258
-3.261716604232788
-6.269181728363037
1.224320650100708
2.2436532974243164
-1.1729413270950317
-4.554502964019775
3.188722848892212
3.746652841567993
-3.17683482170105
-5.834672451019287
2.3680810928344727
5.805880546569824
-3.214250087738037
-6.706157684326172
1.338556170463562
2.3012354373931885
-1.1844596862792969
-4.660672187805176
3.0149877071380615
3.6892170906066895
-3.325756072998047
-6.062088966369629
2.232463836669922
5.5612311363220215
-3.1545958518981934
-7.129698276519775
1.4420530796051025
2.361999988555908
-1.2216651439666748
-4.798068523406982
2.8368079662323
3.629641056060791
-3.456470251083374
-6.3089118003845215
2.109147548675537
5.298404693603516
-3.084933280944824
-7.539309978485107
1.5330630540847778
2.424654006958008
-1.281247854232788
-4.969531059265137
2.6557998657226562
3.5667452812194824
-3.568105936050415
-6.575712203979492
1.997908353805542
5.019879341125488
-3.0077250003814697
-7.935293197631836
1.6100873947143555
2.4876773357391357
-1.3593275547027588
-5.1781792640686035
2.473327159881592
3.499086856842041
-3.6601386070251465
-6.863532543182373
1.8984123468399048
4.728341579437256
-2.9252469539642334
-8.318549156188965
1.6720986366271973
2.549454689025879
-1.4520676136016846
-5.426083564758301
2.290675163269043
3.4252734184265137
-3.7323129177093506
-7.173431396484375
1.8100192546844482
4.426506519317627
-2.840006113052368
-8.690542221069336
1.7184792757034302
2.608170509338379
-1.5557045936584473
-5.71506929397583
2.109210729598999
3.3441102504730225
-3.784841537475586
-7.506638526916504
1.732006311416626
4.117193222045898
-2.754978656768799
-9.054221153259277
