2
3
5.820657730102539
3.4444620609283447
-0.483309805393219
5.5634050369262695
-3.1069393157958984
-0.4696425199508667
-8.341870307922363
9.152098655700684
8.976726531982422
2.0131003856658936
6.579006671905518
-0.5924369692802429
5.7037034034729
3.456066608428955
-0.7542736530303955
5.572575569152832
-2.8332700729370117
-0.17592960596084595
-7.9142045974731445
9.699525833129883
8.838846206665039
2.0003557205200195
6.228789329528809
-0.6375601887702942
5.588800430297852
3.4734668731689453
-1.0203837156295776
5.594029426574707
-2.5689289569854736
0.11734563112258911
-7.500556945800781
10.246212005615234
8.699949264526367
1.9933810234069824
5.881347179412842
-0.6695250272750854
5.475818634033203
3.4968371391296387
-1.2822167873382568
5.628026962280273
-2.313591718673706
0.41040146350860596
-7.102105617523193
10.792837142944336
8.560212135314941
1.992423176765442
5.536533355712891
-0.6881307363510132
5.36460542678833
3.5263800621032715
-1.5403592586517334
5.674891471862793
-2.0661919116973877
0.7031974196434021
-6.718235015869141
11.339513778686523
8.419683456420898
1.9977307319641113
5.193990707397461
-0.6931123733520508
5.255019664764404
3.562239646911621
-1.7953664064407349
5.734818458557129
-1.8261497020721436
0.9957265853881836
-6.348705291748047
11.886529922485352
8.278380393981934
2.0095572471618652
4.853260040283203
-0.684191107749939
5.146933555603027
3.6045522689819336
-2.047769546508789
5.807974815368652
-1.5935724973678589
1.288140058517456
-5.993595123291016
12.434324264526367
8.136320114135742
2.0281667709350586
4.513897895812988
-0.6610910296440125
5.040238857269287
3.653487205505371
-2.298023223876953
5.894586086273193
-1.3683147430419922
1.5804226398468018
-5.6525468826293945
12.98303508758545
7.993610858917236
2.0537898540496826
4.175690650939941
-0.6235617995262146
4.934829235076904
3.709247350692749
-2.546596050262451
5.994937419891357
-1.15035080909729
1.8727054595947266
-5.325353622436523
13.533021926879883
7.850271701812744
2.0866854190826416
3.838258743286133
-0.5712893009185791
4.830537796020508
3.771991014480591
-2.7940173149108887
6.1092610359191895
-0.939824104309082
2.1652634143829346
-5.0124101638793945
14.084944725036621
7.706272602081299
2.127115249633789
3.501131534576416
-0.5039467215538025
4.727177143096924
3.841909885406494
-3.040862560272217
6.237874984741211
-0.7369042634963989
2.4584264755249023
-4.714237689971924
14.6395902633667
7.561635494232178
2.17531681060791
3.163928747177124
-0.42123550176620483
4.624562740325928
3.91918683052063
-3.287700891494751
6.381048679351807
-0.5417367219924927
2.7528536319732666
-4.43145751953125
15.197981834411621
7.4164042472839355
2.2315337657928467
2.8263375759124756
-0.32285016775131226
4.5224738121032715
4.004022598266602
-3.5351338386535645
6.53919792175293
-0.3543936610221863
3.049227714538574
-4.164638996124268
15.761161804199219
7.270609378814697
2.296011209487915
2.4880290031433105
-0.20846806466579437
4.420722961425781
4.096583843231201
-3.783677577972412
6.712588310241699
-0.17479732632637024
3.347705841064453
-3.913731098175049
16.329666137695312
7.124298095703125
2.3689804077148438
2.1487064361572266
-0.07776743173599243
4.319127082824707
4.197033882141113
-4.033851146697998
6.901505470275879
-0.0028190016746520996
3.6483559608459473
-3.6786277294158936
16.903972625732422
6.977417945861816
2.4506571292877197
1.8080421686172485
0.06960073113441467
4.217495918273926
4.305601596832275
-4.286228179931641
7.1062822341918945
0.1612836867570877
3.9533259868621826
-3.4604759216308594
17.485422134399414
6.829959869384766
2.5412821769714355
1.465615153312683
0.23399589955806732
4.115612983703613
4.422571659088135
-4.5414862632751465
7.327396869659424
0.3177473247051239
4.2633442878723145
-3.2595372200012207
18.074613571166992
6.681960582733154
2.6411101818084717
1.121117115020752
0.4158008098602295
4.013253211975098
4.548273086547852
-4.800249099731445
7.565436840057373
0.46683818101882935
4.57877779006958
-3.0759212970733643
18.671993255615234
6.533594131469727
2.750152111053467
0.7744448184967041
0.6152443885803223
3.9102091789245605
4.6829986572265625
-5.063110828399658
7.820878982543945
0.6087890863418579
4.899889945983887
-2.9096550941467285
19.277847290039062
6.384842872619629
2.8686697483062744
0.4251590967178345
0.8327870965003967
3.806281805038452
4.8270673751831055
-5.3306355476379395
8.094264030456543
0.7437841892242432
5.227065563201904
-2.760904312133789
19.892675399780273
6.235652923583984
2.996983051300049
0.07279461622238159
1.0689512491226196
3.7012550830841064
4.980776786804199
-5.603359699249268
8.386134147644043
0.8719475269317627
5.5607075691223145
-2.629913568496704
20.517107009887695
6.086061000823975
3.1353657245635986
-0.2829115688800812
1.3242051601409912
3.594943046569824
5.1444010734558105
-5.881781578063965
8.696966171264648
0.9933929443359375
5.901131629943848
-2.5168709754943848
21.151561737060547
5.936073303222656
3.2841219902038574
-0.6423264145851135
1.5990512371063232
3.4871904850006104
5.318273544311523
-6.166375160217285
9.027315139770508
1.108223795890808
6.24867582321167
-2.421976089477539
21.796445846557617
5.785576343536377
3.443591833114624
-1.0059611797332764
1.8940608501434326
3.377845048904419
5.502748012542725
-6.457611083984375
9.3778076171875
1.216572642326355
6.603612422943115
-2.3453004360198975
22.451963424682617
5.634424686431885
3.614119529724121
-1.374341368675232
2.2098309993743896
3.2666964530944824
5.698307991027832
-6.756077766418457
9.749144554138184
1.3184881210327148
6.966291427612305
-2.287102699279785
23.118562698364258
5.482570171356201
3.7960762977600098
-1.7479918003082275
2.546952724456787
3.15350341796875
5.905527114868164
-7.062469005584717
10.142107009887695
1.4139907360076904
7.337044715881348
-2.247673511505127
23.796653747558594
5.329784393310547
3.9898338317871094
-2.1275150775909424
2.9060566425323486
3.0380921363830566
6.124708652496338
-7.377231121063232
10.557242393493652
1.503095030784607
7.716164588928223
-2.2273004055023193
24.486522674560547
5.175826549530029
4.1957831382751465
-2.513535976409912
3.2878074645996094
2.920379161834717
6.356090545654297
-7.700819492340088
10.995205879211426
1.5857445001602173
8.104037284851074
-2.2263877391815186
25.188770294189453
5.020457744598389
4.414319038391113
-2.906684637069702
3.692870616912842
2.8002359867095947
6.599942684173584
-8.033618927001953
11.456525802612305
1.6618903875350952
8.50096321105957
-2.245339870452881
25.903728485107422
4.8634352684021
4.645844459533691
-3.307590961456299
4.121927738189697
2.677450656890869
6.856653213500977
-8.37620735168457
11.941893577575684
1.7315711975097656
8.907005310058594
-2.2844345569610596
26.630931854248047
4.704509735107422
4.890776634216309
-3.716897964477539
4.575695037841797
2.5518128871917725
7.126626968383789
-8.729164123535156
12.452052116394043
1.7947547435760498
9.322304725646973
-2.3440701961517334
27.370162963867188
4.543434143066406
5.149534702301025
-4.135242938995361
5.054896354675293
2.423153877258301
7.410235404968262
-9.092930793762207
12.987643241882324
1.8513609170913696
9.747118949890137
-2.4246904850006104
28.121623992919922
4.379970073699951
5.422529697418213
-4.563233375549316
5.560216426849365
2.291309356689453
7.707812786102295
-9.467884063720703
13.549247741699219
1.9011534452438354
10.181442260742188
-2.5266194343566895
28.885147094726562
4.213875770568848
5.710190773010254
-5.001496315002441
6.0923871994018555
2.156111717224121
8.01973819732666
-9.854449272155762
14.137483596801758
1.9439252614974976
10.625564575195312
-2.6503827571868896
29.661149978637695
4.044907093048096
6.012942790985107
-5.450645446777344
6.652136325836182
2.0173590183258057
8.346442222595215
-10.253172874450684
14.753105163574219
1.9793617725372314
11.079544067382812
-2.7963266372680664
30.449783325195312
3.8728232383728027
6.331202507019043
-5.911283016204834
7.240171432495117
1.8748388290405273
8.688349723815918
-10.6646146774292
15.39686107635498
2.0071613788604736
11.543524742126465
-2.9648571014404297
31.25128936767578
3.6973676681518555
6.665399551391602
-6.384045600891113
7.857239246368408
1.7283436059951782
9.04587459564209
-11.089325904846191
16.069456100463867
2.0271482467651367
12.017739295959473
-3.1563973426818848
32.065826416015625
3.5182886123657227
7.015964984893799
-6.869534492492676
8.504096031188965
1.577648401260376
9.419447898864746
-11.527887344360352
16.771638870239258
2.0392837524414062
12.50319766998291
-3.371811866760254
32.894432067871094
3.3353497982025146
7.383332252502441
-7.368382453918457
9.181490898132324
1.4225212335586548
9.809524536132812
-11.98089599609375
17.504213333129883
2.0429863929748535
12.999382972717285
-3.6111063957214355
33.7370491027832
3.1483027935028076
7.767946243286133
-7.881221294403076
9.890199661254883
1.2627257108688354
10.216543197631836
-12.448951721191406
18.267948150634766
2.0380184650421143
13.506753921508789
-3.874810218811035
34.59449768066406
2.95693302154541
8.170247077941895
-8.408668518066406
10.63097858428955
