2
3
8.631970405578613
-5.542156219482422
-6.292486667633057
2.831024408340454
-4.671040058135986
2.2439515590667725
9.38882064819336
7.010372638702393
4.10122537612915
-4.053596019744873
8.375908851623535
4.295664310455322
8.204438209533691
-5.222745895385742
-7.272985458374023
3.4250078201293945
-4.100630760192871
1.9662206172943115
10.64826774597168
6.533101558685303
4.213423728942871
-3.872556686401367
8.502303123474121
4.634432315826416
7.785821437835693
-4.907291412353516
-8.233712196350098
4.011383056640625
-3.53486967086792
1.7108886241912842
11.886907577514648
6.092525482177734
4.3256402015686035
-3.687459707260132
8.6254301071167
4.97717809677124
7.376230239868164
-4.595248222351074
-9.174786567687988
4.591225624084473
-2.9721670150756836
1.4769824743270874
13.107097625732422
5.686861038208008
4.438127517700195
-3.498190402984619
8.74566650390625
5.32423210144043
6.975670337677002
-4.285985469818115
-10.096609115600586
5.165792465209961
-2.410932779312134
1.2635239362716675
14.311197280883789
5.314359188079834
4.5512614250183105
-3.304682970046997
8.863592147827148
5.675838470458984
6.584100723266602
-3.9788260459899902
-10.99971866607666
5.73643684387207
-1.849591851234436
1.0695362091064453
15.50155258178711
4.973311424255371
4.665277481079102
-3.106800079345703
8.979357719421387
6.032364845275879
6.201459884643555
-3.6730990409851074
-11.884702682495117
6.304514408111572
-1.286603569984436
0.894055187702179
16.68047332763672
4.662073612213135
4.780508995056152
-2.9044065475463867
9.093428611755371
6.394146919250488
5.827846527099609
-3.3682117462158203
-12.751919746398926
6.871267318725586
-0.7204751968383789
0.7361324429512024
17.850196838378906
4.379060745239258
4.8973164558410645
-2.6974005699157715
9.20634651184082
6.7613983154296875
5.463390827178955
-3.0636215209960938
-13.601570129394531
7.437864780426025
-0.14979618787765503
0.5948060750961304
19.01276397705078
4.122647285461426
5.016034126281738
-2.485692024230957
9.318410873413086
7.134261608123779
5.108227729797363
-2.758826494216919
-14.433745384216309
8.00542163848877
0.42672020196914673
0.46922075748443604
20.169883728027344
3.891294002532959
5.136986255645752
-2.26920223236084
9.430057525634766
7.5128655433654785
4.762701511383057
-2.4534881114959717
-15.24775218963623
8.574658393859863
1.0106408596038818
0.3589886724948883
21.32328224182129
3.683668613433838
5.260705947875977
-2.048020601272583
9.542428970336914
7.897080421447754
4.427175998687744
-2.1472983360290527
-16.043169021606445
9.146607398986816
1.6033375263214111
0.26326245069503784
22.474828720092773
3.4985744953155518
5.387427806854248
-1.8222917318344116
9.656039237976074
8.28664493560791
4.101879596710205
-1.8398174047470093
-16.81979751586914
9.722443580627441
2.2066807746887207
0.18116793036460876
23.628005981445312
3.335075855255127
5.5174078941345215
-1.5919685363769531
9.771344184875488
8.681718826293945
3.7871577739715576
-1.5307403802871704
-17.576997756958008
10.303006172180176
2.8222031593322754
0.11171363294124603
24.785381317138672
3.191895008087158
5.650912284851074
-1.3570746183395386
9.888917922973633
9.082464218139648
3.4841084480285645
-1.2205266952514648
-18.312183380126953
10.887701988220215
3.4513659477233887
0.05375397205352783
25.94934844970703
3.067587375640869
5.788042068481445
-1.1176671981811523
10.009496688842773
9.489089965820312
3.1945958137512207
-0.9098398685455322
-19.02117347717285
11.475249290466309
4.095143795013428
0.006232421845197678
27.12080192565918
2.9601669311523438
5.929243087768555
-0.8735615015029907
10.13416862487793
9.901960372924805
2.920037031173706
-0.5992212295532227
-19.701026916503906
12.064783096313477
4.752919673919678
-0.03178376704454422
28.29790496826172
2.867901086807251
6.074923038482666
-0.6246803998947144
10.263775825500488
10.321136474609375
2.661388874053955
-0.28876179456710815
-20.349916458129883
12.65615177154541
5.423285961151123
-0.06092207878828049
29.478378295898438
2.789497137069702
6.225551605224609
-0.37097638845443726
10.399327278137207
10.74663257598877
2.419405460357666
0.020837515592575073
-20.967090606689453
13.249138832092285
6.104719161987305
-0.08150242269039154
30.659679412841797
2.72450590133667
6.381702899932861
-0.11228698492050171
10.541943550109863
11.178640365600586
2.195401668548584
0.32817986607551575
-21.550214767456055
13.842389106750488
6.796074867248535
-0.09365531802177429
31.838794708251953
2.6728081703186035
6.543698310852051
0.15132662653923035
10.692258834838867
11.616942405700684
1.9901736974716187
0.6329168677330017
-22.097606658935547
14.435495376586914
7.495708465576172
-0.09736000001430511
33.01251220703125
2.634640693664551
6.7116804122924805
0.41890132427215576
10.851181983947754
12.060599327087402
1.8046616315841675
0.9347813129425049
-22.607797622680664
15.028268814086914
8.202537536621094
-0.0926530659198761
34.17843246459961
2.610039710998535
6.886029243469238
0.6892586946487427
11.019654273986816
12.508127212524414
1.6396498680114746
1.2335522174835205
-23.07952117919922
15.62044906616211
8.916694641113281
-0.07979501783847809
35.33686447143555
2.5990607738494873
7.067355632781982
0.9619682431221008
11.198843955993652
12.95897102355957
1.4955534934997559
1.529181718826294
-23.512004852294922
16.211992263793945
9.638299942016602
-0.0589594691991806
36.48785400390625
2.6017303466796875
7.256323337554932
1.2366522550582886
11.38996410369873
13.41264533996582
1.372711181640625
1.8216372728347778
-23.90451431274414
16.802860260009766
10.367780685424805
-0.03041442669928074
37.63245391845703
2.6179697513580322
7.453646659851074
1.5129663944244385
11.59431266784668
13.868724822998047
1.271386981010437
2.110931634902954
-24.256425857543945
17.39307403564453
11.10542106628418
0.0056788381189107895
38.77109909057617
2.6478259563446045
7.660029411315918
1.7905738353729248
11.813274383544922
14.326831817626953
1.1918809413909912
2.3971400260925293
-24.567148208618164
17.982736587524414
11.8515043258667
0.049221500754356384
39.904258728027344
2.691270112991333
7.876157283782959
2.06913423538208
12.047926902770996
14.786463737487793
1.134408950805664
2.6804535388946533
-24.836334228515625
18.572175979614258
12.606263160705566
0.10014213621616364
41.03241729736328
2.748249053955078
8.102629661560059
2.34836745262146
12.299464225769043
15.247307777404785
1.09911048412323
2.9610095024108887
-25.063570022583008
19.161556243896484
13.36988639831543
0.1583937555551529
42.156089782714844
2.8187098503112793
8.34006404876709
2.6280503273010254
12.569096565246582
15.709139823913574
1.086116909980774
3.2389864921569824
-25.248449325561523
19.75109100341797
14.142536163330078
0.22395038604736328
43.27579879760742
2.902590751647949
8.589202880859375
2.908053159713745
12.858133316040039
16.171884536743164
1.095565915107727
3.5145835876464844
-25.390544891357422
20.341022491455078
14.924382209777832
0.2968011200428009
44.39219284057617
2.9998104572296143
8.850672721862793
3.188223361968994
13.16776180267334
16.63539695739746
1.1276054382324219
3.7879889011383057
-25.489397048950195
20.93161964416504
15.715812683105469
0.3768765926361084
45.50672149658203
3.110229015350342
9.125086784362793
3.4684524536132812
13.499139785766602
17.099580764770508
1.182421326637268
4.05937385559082
-25.544477462768555
21.52317237854004
16.51697540283203
0.464185506105423
46.61996841430664
3.2337162494659424
9.413044929504395
3.748666286468506
13.853401184082031
17.56438636779785
1.2604013681411743
4.328804969787598
-25.55470085144043
22.115787506103516
17.328025817871094
0.558743953704834
47.732566833496094
3.3701419830322266
9.715134620666504
4.0288310050964355
14.231636047363281
18.02980613708496
1.3611865043640137
4.597075939178467
-25.52121925354004
22.710893630981445
18.149137496948242
0.6605706810951233
48.8452033996582
3.5193755626678467
10.031909942626953
4.308951377868652
14.634864807128906
18.495868682861328
1.4848244190216064
4.864625453948975
-25.444108963012695
23.309085845947266
18.98049545288086
0.7696954011917114
49.95860290527344
3.6813178062438965
10.36386489868164
4.589077949523926
15.063986778259277
18.962669372558594
1.6315112113952637
5.131677627563477
-25.322826385498047
23.910558700561523
19.822301864624023
0.8861575126647949
51.073524475097656
3.855884075164795
10.711479187011719
4.869283676147461
15.519868850708008
19.430328369140625
1.801513910293579
5.398373603820801
-25.15672492980957
24.515398025512695
20.674776077270508
1.0100011825561523
52.19076156616211
4.042996883392334
11.075287818908691
5.149647235870361
16.003456115722656
19.898948669433594
1.9952911138534546
5.664665222167969
-24.944808959960938
25.12340545654297
21.538156509399414
1.141273021697998
53.31113815307617
4.242578983306885
11.455811500549316
5.430288314819336
16.515653610229492
20.36869239807129
2.213191032409668
5.930661201477051
-24.686195373535156
25.734643936157227
22.412736892700195
1.280046820640564
54.435081481933594
4.45444917678833
11.853511810302734
5.711359977722168
17.057262420654297
20.839754104614258
