2
3
-2.2794747352600098
-7.842177391052246
-3.0036041736602783
6.26664400100708
8.684381484985352
-2.1671135425567627
-9.31364631652832
-6.415351390838623
-1.2907917499542236
-5.107356548309326
5.115016937255859
-8.891587257385254
-2.0794286727905273
-7.539431571960449
-2.7346267700195312
6.824472904205322
8.153095245361328
-2.4057199954986572
-10.342281341552734
-6.8736066818237305
-1.0016112327575684
-5.36264181137085
5.745882511138916
-9.36500358581543
-1.8905253410339355
-7.249013423919678
-2.4774200916290283
7.361465930938721
7.630301475524902
-2.644336223602295
-11.354310035705566
-7.333416938781738
-0.7176457643508911
-5.625105857849121
6.3742547035217285
-9.843794822692871
-1.7121657133102417
-6.970903396606445
-2.231912136077881
7.877359867095947
7.116476535797119
-2.8833394050598145
-12.35204792022705
-7.796520233154297
-0.4379062056541443
-5.895618915557861
7.0017242431640625
-10.3300199508667
-1.543049693107605
-6.704728126525879
-1.9978398084640503
8.372063636779785
6.611429214477539
-3.123417377471924
-13.337964057922363
-8.264727592468262
-0.16132646799087524
-6.174766540527344
7.630324363708496
-10.824872970581055
-1.3823902606964111
-6.450436115264893
-1.774430751800537
8.84525203704834
6.114126205444336
-3.36568021774292
-14.314553260803223
-8.739888191223145
0.11315792798995972
-6.46299409866333
8.261698722839355
-11.329602241516113
-1.230081558227539
-6.208706378936768
-1.561097264289856
9.296092987060547
5.6238274574279785
-3.610936164855957
-15.284120559692383
-9.22362995147705
0.38644081354141235
-6.760439395904541
8.897130966186523
-11.845152854919434
-1.0856457948684692
-5.981364727020264
-1.3564622402191162
9.722614288330078
5.140049934387207
-3.859839677810669
-16.248743057250977
-9.717462539672852
0.6588932275772095
-7.066987037658691
9.537079811096191
-12.371835708618164
-0.9485405087471008
-5.768835544586182
-1.1596468687057495
10.124297142028809
4.662341117858887
-4.113069534301758
-17.210298538208008
-10.222902297973633
0.9314413070678711
-7.383170127868652
10.183046340942383
-12.911376953125
-0.8181092739105225
-5.571647644042969
-0.9696184992790222
10.500285148620605
4.190276145935059
-4.371324062347412
-18.170448303222656
-10.74146842956543
1.205066442489624
-7.709707260131836
10.83664321899414
-13.465731620788574
-0.6936967968940735
-5.3904948234558105
-0.7854077816009521
10.84947681427002
3.7234792709350586
-4.635339260101318
-19.130558013916016
-11.274715423583984
1.4807324409484863
-8.047199249267578
11.499433517456055
-14.036646842956543
-0.5746187567710876
-5.226088047027588
-0.6060051918029785
11.170835494995117
3.2616043090820312
-4.905797958374023
-20.09189796447754
-11.824224472045898
1.7593302726745605
-8.396231651306152
12.172849655151367
-14.625814437866211
-0.46002987027168274
-5.0780158042907715
-0.43079525232315063
11.463706016540527
2.804285764694214
-5.183357238769531
-21.055593490600586
-12.391557693481445
2.041659355163574
-8.757585525512695
12.858077049255371
-15.234875679016113
-0.3491193652153015
-4.946460723876953
-0.2588648796081543
11.726859092712402
2.3514652252197266
-5.468718528747559
-22.02187728881836
-12.978009223937988
2.328767776489258
-9.131383895874023
13.556707382202148
-15.865849494934082
-0.24115759134292603
-4.8319902420043945
-0.08910839259624481
11.958831787109375
1.9038740396499634
-5.762434959411621
-22.990610122680664
-13.585088729858398
2.621278762817383
-9.518112182617188
14.269925117492676
-16.520360946655273
-0.1354098916053772
-4.735316276550293
0.07966195046901703
12.157597541809082
1.4630210399627686
-6.06510066986084
-23.960437774658203
-14.21441650390625
2.919828414916992
-9.917975425720215
14.998777389526367
-17.20016098022461
-0.03129987418651581
-4.657242774963379
0.2486952543258667
12.321433067321777
1.029538631439209
-6.3774309158325195
-24.930334091186523
-14.867358207702637
3.225296974182129
-10.331700325012207
15.745406150817871
-17.907772064208984
0.07183825969696045
-4.598848819732666
0.4194188117980957
12.447799682617188
0.6038691997528076
-6.699946403503418
-25.898677825927734
-15.54466438293457
3.53796648979187
-10.759410858154297
16.509735107421875
-18.64438247680664
0.17470869421958923
-4.560839653015137
0.5929723978042603
12.534465789794922
0.18665611743927002
-7.033037185668945
-26.862953186035156
-16.24687957763672
3.8586058616638184
-11.202351570129395
17.29334259033203
-19.41239356994629
0.2776726484298706
-4.543942928314209
0.7702601552009583
12.579682350158691
-0.22216534614562988
-7.377178192138672
-27.82186508178711
-16.974708557128906
4.188333988189697
-11.662273406982422
18.098203659057617
-20.21451759338379
0.3811623454093933
-4.548951625823975
0.952409029006958
12.581790924072266
-0.6220572590827942
-7.73302698135376
-28.773344039916992
-17.729373931884766
4.527984142303467
-12.140438079833984
18.926353454589844
-21.053638458251953
0.48561403155326843
-4.576298713684082
1.1402499675750732
12.539815902709961
-1.0126283168792725
-8.10136890411377
-29.716201782226562
-18.512422561645508
4.878411293029785
-12.638223648071289
19.77985382080078
-21.932510375976562
0.5913145542144775
-4.62648868560791
1.3346447944641113
12.45283317565918
-1.3934409618377686
-8.483036994934082
-30.64911460876465
-19.325519561767578
5.240704536437988
-13.157262802124023
20.6613826751709
-22.854543685913086
0.698686957359314
-4.700087547302246
1.5365716218948364
12.319587707519531
-1.7648861408233643
-8.878974914550781
-31.572128295898438
-20.170591354370117
5.616020202636719
-13.699213027954102
21.573772430419922
-23.823253631591797
0.8081321716308594
-4.797691345214844
1.7470779418945312
12.138824462890625
-2.126943349838257
-9.290270805358887
-32.4849739074707
-21.049962997436523
6.005568504333496
-14.265795707702637
22.519989013671875
-24.84231948852539
0.9200881719589233
-4.919607639312744
1.9672648906707764
11.910238265991211
-2.479393243789673
-9.718001365661621
-33.38685607910156
-21.965879440307617
6.410520076751709
-14.858541488647461
23.502958297729492
-25.915401458740234
1.0350844860076904
-5.066095352172852
2.198479175567627
11.63348388671875
-2.8219783306121826
-10.163265228271484
-34.27688217163086
-22.9206485748291
6.832174301147461
-15.47909927368164
24.52557373046875
-27.04597282409668
1.1537367105484009
-5.237639904022217
2.4421308040618896
11.307705879211426
-3.154357671737671
-10.627185821533203
-35.153953552246094
-23.91661834716797
7.271965980529785
-16.129480361938477
25.591005325317383
-28.23784065246582
1.276727318763733
-5.434907913208008
2.6998205184936523
10.931622505187988
-3.476442813873291
-11.110973358154297
-36.01740264892578
-24.95635414123535
7.731375694274902
-16.81171226501465
26.702728271484375
-29.495264053344727
1.4047882556915283
-5.658679485321045
2.973275899887085
10.503731727600098
-3.787933826446533
-11.615873336791992
-36.866268157958984
-26.04253387451172
8.212034225463867
-17.527935028076172
27.864843368530273
-30.823362350463867
1.538692593574524
-5.909807205200195
3.26434326171875
10.022404670715332
-4.088693141937256
-12.14322566986084
-37.69991683959961
-27.178070068359375
8.715675354003906
-18.28045654296875
29.081472396850586
-32.22714614868164
1.6792491674423218
-6.189131259918213
3.575045585632324
9.486132621765137
-4.378392219543457
-12.694421768188477
-38.517364501953125
-28.365982055664062
9.244098663330078
-19.071645736694336
30.357358932495117
-33.71259307861328
1.8273917436599731
-6.4973554611206055
3.907440185546875
8.893540382385254
-4.65658712387085
-13.270916938781738
-39.31740188598633
-29.609434127807617
9.799300193786621
-19.904138565063477
31.697412490844727
-35.28574752807617
1.9840143918991089
-6.8354315757751465
4.26375675201416
8.242839813232422
-4.923172950744629
-13.874404907226562
-40.09941864013672
-30.912031173706055
10.383404731750488
-20.78074073791504
33.106834411621094
-36.95294189453125
2.1500539779663086
-7.204380512237549
4.646338939666748
7.532132625579834
-5.177617073059082
-14.506512641906738
-40.862060546875
-32.277313232421875
10.998676300048828
-21.70444107055664
34.59116744995117
-38.72093200683594
2.3265349864959717
-7.605202674865723
5.057553768157959
6.759276866912842
-5.419766426086426
-15.169143676757812
-41.6046028137207
-33.70934295654297
11.64753532409668
-22.678422927856445
36.15635299682617
-40.59693145751953
2.514540672302246
-8.039079666137695
5.49994421005249
5.9218220710754395
-5.649077892303467
-15.86415958404541
-42.32563018798828
-35.21216583251953
12.332529067993164
-23.706056594848633
37.808509826660156
-42.588531494140625
2.7151806354522705
-8.507397651672363
5.976426601409912
5.017125129699707
-5.8648810386657715
-16.593502044677734
-43.023475646972656
-36.78999710083008
13.056313514709473
-24.7908878326416
39.55378723144531
-44.70362854003906
2.929917812347412
-9.012145042419434
6.4907026290893555
4.041173934936523
-6.066442012786865
-17.359220504760742
-43.69633102416992
-38.447296142578125
13.821783065795898
-25.936752319335938
41.39923095703125
-46.95085144042969
3.1605045795440674
-9.55539321899414
7.046817302703857
2.989503860473633
-6.252963542938232
-18.163484573364258
-44.34224319458008
-40.18876647949219
14.632013320922852
-27.147729873657227
43.35231018066406
-49.339351654052734
