2
3
-5.414055824279785
0.8778917789459229
11.366678237915039
5.460289001464844
6.983614444732666
-9.559370040893555
7.490669250488281
-2.6787633895874023
7.624732971191406
2.2440178394317627
-10.110681533813477
-4.270742416381836
-4.764902591705322
0.6289353370666504
12.783975601196289
5.08474588394165
6.948624610900879
-9.18220329284668
7.262755870819092
-1.9496911764144897
7.23458194732666
1.8903474807739258
-10.845555305480957
-4.907026767730713
-4.12204122543335
0.3930487036705017
14.182808876037598
4.728700160980225
6.908280372619629
-8.804462432861328
7.029642105102539
-1.2282410860061646
6.854796886444092
1.5445690155029297
-11.563423156738281
-5.533533096313477
-3.482720375061035
0.17114517092704773
15.564884185791016
4.391237735748291
6.863454341888428
-8.427711486816406
6.792745590209961
-0.5159560441970825
6.485390663146973
1.2072319984436035
-12.266921997070312
-6.150990009307861
-2.8447070121765137
-0.03726443648338318
16.932598114013672
4.071010112762451
6.815540790557861
-8.053192138671875
6.553839206695557
0.18537509441375732
6.125401020050049
0.8784032464027405
-12.958803176879883
-6.760298252105713
-2.2057669162750244
-0.23278188705444336
18.288532257080078
3.7666451930999756
6.765931129455566
-7.6823554039001465
6.31459903717041
0.8742008805274963
5.774319171905518
0.5576449632644653
-13.64086627960205
-7.362949371337891
-1.5637614727020264
-0.41592636704444885
19.63503074645996
3.4766876697540283
6.715595722198486
-7.3168439865112305
6.077084064483643
1.5486719608306885
5.430644989013672
0.24407249689102173
-14.315237998962402
-7.960236549377441
-0.91648930311203
-0.5871797800064087
20.974586486816406
3.199462652206421
6.66610050201416
-6.959676742553711
5.844418525695801
2.2062909603118896
5.093908309936523
-0.06320744752883911
-14.983322143554688
-8.553590774536133
-0.2620571255683899
-0.7477220296859741
22.309417724609375
2.932511806488037
6.6183624267578125
-6.612165451049805
5.618249893188477
2.846238136291504
4.763810157775879
-0.36527037620544434
-15.646059036254883
-9.144601821899414
0.4014456868171692
-0.8988632559776306
23.642147064208984
2.6736297607421875
6.5726470947265625
-6.274235725402832
5.399028778076172
3.4686567783355713
4.440106391906738
-0.6633379459381104
-16.304271697998047
-9.73497486114502
1.0758492946624756
-1.0420347452163696
24.975521087646484
2.4206717014312744
6.529714584350586
-5.946084976196289
5.188342571258545
4.0731940269470215
4.122918128967285
-0.958734393119812
-16.958026885986328
-10.326519012451172
1.7627609968185425
-1.1788023710250854
26.311979293823242
2.1715075969696045
6.490479469299316
-5.62769889831543
4.987193584442139
4.659649848937988
3.812267303466797
-1.2526228427886963
-17.607208251953125
-10.920731544494629
2.463517189025879
-1.3108935356140137
27.65358543395996
1.9237537384033203
6.455878257751465
-5.318994522094727
4.796492099761963
5.227659702301025
3.5080904960632324
-1.545912504196167
-18.25177001953125
-11.518545150756836
3.178997278213501
-1.4402509927749634
29.002429962158203
1.6750884056091309
6.426407814025879
-5.0200347900390625
4.617328643798828
5.776734352111816
3.210679531097412
-1.839572548866272
-18.891450881958008
-12.12136459350586
3.9102070331573486
-1.5685913562774658
30.359994888305664
1.423142433166504
6.40267276763916
-4.730937957763672
4.4509429931640625
6.306257724761963
2.920720338821411
-2.1341030597686768
-19.523935317993164
-12.72937297821045
4.6537699699401855
-1.696982502937317
31.716630935668945
1.165130376815796
6.385153293609619
-4.4518632888793945
4.298471927642822
6.815581321716309
2.6404175758361816
-2.429075241088867
-20.14252281188965
-13.340482711791992
5.408044338226318
-1.826741099357605
33.07009506225586
0.8989458680152893
6.374205112457275
-4.183047294616699
4.16098690032959
7.304009437561035
2.370515823364258
-2.724914073944092
-20.745271682739258
-13.955137252807617
6.17153787612915
-1.959030270576477
34.417842864990234
0.6227478981018066
6.369822025299072
-3.925079822540283
4.039456367492676
7.770533561706543
2.111755132675171
-3.022204875946045
-21.330101013183594
-14.57387638092041
6.942904472351074
-2.095170021057129
35.757850646972656
0.3347511291503906
6.372640609741211
-3.6782686710357666
3.9356093406677246
8.214510917663574
1.8647189140319824
-3.321505308151245
-21.895227432250977
-15.19729232788086
7.722533702850342
-2.2365288734436035
37.09132766723633
0.033470332622528076
6.383261203765869
-3.4430670738220215
3.8508996963500977
8.634991645812988
1.6298216581344604
-3.6233389377593994
-22.439353942871094
-15.826083183288574
8.510597229003906
-2.384059429168701
38.418758392333984
-0.2823641896247864
6.402285575866699
-3.2202160358428955
3.7869997024536133
9.03069019317627
1.407870888710022
-3.928107738494873
-22.961462020874023
-16.46129035949707
9.307971954345703
-2.538804292678833
39.741973876953125
-0.6139254570007324
6.430419445037842
-3.010171413421631
3.745225667953491
9.400809288024902
1.1993736028671265
-4.236284255981445
-23.459522247314453
-17.103368759155273
10.115471839904785
-2.7016682624816895
41.06264877319336
-0.9621943235397339
6.46789026260376
-2.8141448497772217
3.7261321544647217
9.743502616882324
1.0052497386932373
-4.548182964324951
-23.930604934692383
-17.75246810913086
10.932723999023438
-2.87311053276062
42.380558013916016
-1.3274646997451782
6.515280723571777
-2.634629487991333
3.7315211296081543
10.056385040283203
0.8261507749557495
-4.86422872543335
-24.372833251953125
-18.40937042236328
11.759807586669922
-3.053835153579712
43.696414947509766
-1.7103261947631836
6.573563575744629
-2.4726953506469727
3.7634506225585938
10.338093757629395
0.6622908115386963
-5.185287952423096
-24.785959243774414
-19.075899124145508
12.596624374389648
-3.2443881034851074
45.01152038574219
-2.1113057136535645
6.643623352050781
-2.3290600776672363
3.823639392852783
10.587510108947754
0.5138595700263977
-5.512399673461914
-25.170495986938477
-19.754459381103516
13.443802833557129
-3.4455854892730713
46.328125
-2.5316617488861084
6.726419448852539
-2.204218626022339
3.913872241973877
10.804043769836426
0.38106662034988403
-5.846510410308838
-25.526662826538086
-20.447261810302734
14.302021026611328
-3.6582932472229004
47.64855194091797
-2.9727225303649902
6.822798728942871
-2.0987370014190674
4.035821437835693
10.986708641052246
0.2641103267669678
-6.188516616821289
-25.85391616821289
-21.156225204467773
15.171833992004395
-3.883188247680664
48.973323822021484
-3.4359664916992188
6.933534622192383
-2.0130324363708496
4.191029071807861
11.134733200073242
0.1633085012435913
-6.539306163787842
-26.15127944946289
-21.883161544799805
16.053985595703125
-4.121090888977051
50.3043212890625
-3.923027753829956
7.059403419494629
-1.9474483728408813
4.381025314331055
11.247303009033203
0.07893071323633194
-6.899838924407959
-26.417804718017578
-22.63011932373047
16.949153900146484
-4.372781276702881
51.64273452758789
-4.435635566711426
7.201099395751953
-1.902036428451538
4.607226371765137
11.32411003112793
0.01138748973608017
-7.271039009094238
-26.65224838256836
-23.398929595947266
17.858121871948242
-4.639100074768066
52.990135192871094
-4.975588798522949
7.359328269958496
-1.8768715858459473
4.870987415313721
11.364740371704102
-0.03890670835971832
-7.653862953186035
-26.853347778320312
-24.191495895385742
18.7818603515625
-4.920925140380859
54.34809494018555
-5.54486083984375
7.534759521484375
-1.8719602823257446
5.173636436462402
11.368926048278809
-0.07153105735778809
-8.049308776855469
-27.01979637145996
-25.009798049926758
19.723995208740234
-5.21894645690918
55.719093322753906
-6.1459245681762695
7.727912425994873
-1.8875303268432617
5.516331672668457
11.33596134185791
-0.08605662733316422
-8.458418846130371
-27.15024185180664
-25.855897903442383
20.685916900634766
-5.5341291427612305
57.105167388916016
-6.780855178833008
7.939423561096191
-1.923840880393982
5.900433540344238
11.265090942382812
-0.08198501914739609
-8.882284164428711
-27.24318504333496
-26.73195457458496
21.668596267700195
-5.867536544799805
58.50829315185547
-7.4517621994018555
8.170063018798828
-1.9811506271362305
6.327455043792725
11.155558586120605
-0.058810487389564514
-9.32204818725586
-27.29707145690918
-27.640228271484375
22.67302131652832
-6.220286846160889
59.93045425415039
-8.160863876342773
8.42056655883789
-2.0597152709960938
6.798862934112549
11.00661849975586
-0.01615225151181221
-9.779000282287598
-27.31076431274414
-28.583356857299805
23.70027732849121
-6.59356689453125
61.373844146728516
-8.910508155822754
8.691675186157227
-2.159827470779419
7.316153526306152
10.817460060119629
0.04646006599068642
-10.25450325012207
-27.283098220825195
-29.564207077026367
24.751920700073242
-6.988777160644531
62.84247589111328
-9.703323364257812
8.984227180480957
-2.281897783279419
7.881128787994385
10.587108612060547
0.12950186431407928
-10.749982833862305
-27.212797164916992
-30.585742950439453
25.82987403869629
-7.4074811935424805
64.34169006347656
-10.542223930358887
9.299132347106934
-2.426408529281616
8.495744705200195
10.314468383789062
0.23350873589515686
-11.266831398010254
-27.09790802001953
-31.65065574645996
