2
3
-2.3105220794677734
6.353283405303955
-0.6580567359924316
-8.516268730163574
2.1791229248046875
-3.9248433113098145
-3.1046998500823975
-2.1957128047943115
9.014151573181152
-4.94580078125
-5.316835880279541
5.8364458084106445
-2.0043468475341797
5.684040069580078
0.17405593395233154
-9.791264533996582
2.1824655532836914
-3.7867796421051025
-3.161841869354248
-1.9325042963027954
8.604841232299805
-4.508331775665283
-6.295788764953613
6.641778945922852
-1.7087512016296387
5.034201145172119
0.9819502830505371
-11.034523963928223
2.1798393726348877
-3.6484463214874268
-3.2294952869415283
-1.6713714599609375
8.197032928466797
-4.082927703857422
-7.267573833465576
7.424978256225586
-1.422555923461914
4.399286270141602
1.7687277793884277
-12.252110481262207
2.171607255935669
-3.5104665756225586
-3.307103395462036
-1.4131637811660767
7.790823936462402
-3.669401168823242
-8.23194694519043
8.18637752532959
-1.1443214416503906
3.7739012241363525
2.5383777618408203
-13.450675010681152
2.1579599380493164
-3.3733866214752197
-3.394362449645996
-1.158559799194336
7.3862199783325195
-3.2675559520721436
-9.188947677612305
8.926389694213867
-0.8723374605178833
3.1526551246643066
3.295222282409668
-14.636948585510254
2.139040231704712
-3.2378835678100586
-3.490878105163574
-0.9084763526916504
6.983260154724121
-2.8772315979003906
-10.138660430908203
9.645265579223633
-0.6045642495155334
2.5313377380371094
4.043492317199707
-15.817039489746094
2.115025520324707
-3.1047630310058594
-3.596106767654419
-0.6640620231628418
6.5820136070251465
-2.4984445571899414
-11.08106517791748
10.342883110046387
-0.33907759189605713
1.9070310592651367
4.787198066711426
-16.99607276916504
2.0860073566436768
-2.975010633468628
-3.709547281265259
-0.4265221357345581
6.182545185089111
-2.131265163421631
-12.016138076782227
11.019097328186035
-0.07423236966133118
1.277662992477417
5.529793739318848
-18.178688049316406
2.0522639751434326
-2.8496501445770264
-3.830388307571411
-0.1972872018814087
5.784982204437256
-1.775923252105713
-12.943727493286133
11.673447608947754
0.19127872586250305
0.6416187882423401
6.2743330001831055
-19.369295120239258
2.0141091346740723
-2.729640483856201
-3.957996129989624
0.022282510995864868
5.389517784118652
-1.4332621097564697
-13.863523483276367
12.305365562438965
0.45923691987991333
-0.005458056926727295
7.026312351226807
-20.579086303710938
1.9715880155563354
-2.6155645847320557
-4.092121124267578
0.23107287287712097
4.995992183685303
-1.1034374237060547
-14.77637004852295
12.916003227233887
0.7314345836639404
-0.6667951941490173
7.790637493133545
-21.81621551513672
1.925207257270813
-2.5079832077026367
-4.23210334777832
0.42784982919692993
4.604437828063965
-0.7866114377975464
-15.682433128356934
13.50528335571289
1.0098035335540771
-1.3457446098327637
8.572635650634766
-23.088417053222656
1.8753578662872314
-2.407618522644043
-4.377096652984619
0.6110420227050781
4.215200901031494
-0.4834119975566864
-16.581119537353516
14.072249412536621
1.2960758209228516
-2.043384313583374
9.375991821289062
-24.399126052856445
1.8222906589508057
-2.3153774738311768
-4.526115417480469
0.7787799835205078
3.8294458389282227
-0.19612792134284973
-17.470474243164062
14.61375617980957
1.5909814834594727
-2.7604451179504395
10.203853607177734
-25.749832153320312
1.7662198543548584
-2.2322134971618652
-4.6784467697143555
0.9290053248405457
3.448822498321533
0.070384681224823
-18.346981048583984
15.124706268310547
1.895017147064209
-3.496936321258545
11.058428764343262
-27.140892028808594
1.7077144384384155
-2.1598620414733887
-4.832409381866455
1.0589513778686523
3.074035882949829
0.31418466567993164
-19.20952796936035
15.603490829467773
2.208803653717041
-4.253248691558838
11.941981315612793
-28.573259353637695
1.6475985050201416
-2.10105562210083
-4.985719203948975
1.1650489568710327
2.7059829235076904
0.5331699848175049
-20.05628776550293
16.04781150817871
2.533611536026001
-5.0308356285095215
12.858125686645508
-30.050922393798828
1.5867258310317993
-2.058223009109497
-5.135998249053955
1.2440550327301025
2.3464345932006836
0.7246814370155334
-20.88341522216797
16.454294204711914
2.871082067489624
-5.830514907836914
13.810359001159668
-31.5784969329834
1.5259324312210083
-2.033801794052124
-5.2808003425598145
1.2926223278045654
1.9967007637023926
0.8869060277938843
-21.688217163085938
16.820175170898438
3.2226901054382324
-6.654513835906982
14.802860260009766
-33.161861419677734
1.4660639762878418
-2.0300848484039307
-5.417558670043945
1.307266354560852
1.6580090522766113
1.0185798406600952
-22.468259811401367
17.142839431762695
3.5900778770446777
-7.505190849304199
15.840004920959473
-34.80729675292969
1.4082329273223877
-2.0491204261779785
-5.54360294342041
1.284588098526001
1.3315694332122803
1.1186598539352417
-23.221128463745117
17.419538497924805
3.9750733375549316
-8.38517951965332
16.926551818847656
-36.52180862426758
1.3536758422851562
-2.092926502227783
-5.6559929847717285
1.2208787202835083
1.0182719230651855
1.1865801811218262
-23.94500732421875
17.648120880126953
4.379605293273926
-9.296916961669922
18.067073822021484
-38.31262969970703
1.3037372827529907
-2.1634185314178467
-5.751423358917236
1.112347960472107
0.7188965678215027
1.221927523612976
-24.63831901550293
17.826570510864258
4.805858135223389
-10.243165016174316
19.266450881958008
-40.1879768371582
1.2598772048950195
-2.262423276901245
-5.826366901397705
0.9551456570625305
0.43438243865966797
1.2241004705429077
-25.298871994018555
17.951980590820312
5.255904674530029
-11.225933074951172
20.528797149658203
-42.155494689941406
1.2234786748886108
-2.3915085792541504
-5.877556324005127
0.7456718683242798
0.16570714116096497
1.1924382448196411
-25.92424964904785
18.021238327026367
5.731992244720459
-12.248367309570312
21.859798431396484
-44.22364044189453
1.195996880531311
-2.5522732734680176
-5.901580810546875
0.48004940152168274
-0.08630087971687317
1.126387596130371
-26.512451171875
18.03176498413086
6.236332416534424
-13.313604354858398
23.264904022216797
-46.400665283203125
1.1787370443344116
-2.7460856437683105
-5.895213603973389
0.15485712885856628
-0.3207147419452667
1.025199055671692
-27.060901641845703
17.980499267578125
6.771387100219727
-14.425049781799316
24.750234603881836
-48.695526123046875
1.1729623079299927
-2.9742414951324463
-5.855208873748779
-0.23330539464950562
-0.5368047952651978
0.8881303668022156
-27.56763458251953
17.864351272583008
7.339864253997803
-15.586362838745117
26.32258415222168
-51.11783218383789
1.1799479722976685
-3.237896203994751
-5.778474807739258
-0.6874216794967651
-0.7338740229606628
0.7145667672157288
-28.03057098388672
17.680706024169922
7.944645881652832
-16.801387786865234
27.989152908325195
-53.67755889892578
1.2010153532028198
-3.5382940769195557
-5.661763668060303
-1.2105422019958496
-0.9110689163208008
0.5036283731460571
-28.44732666015625
17.426490783691406
8.588796615600586
-18.07417106628418
29.757570266723633
-56.38501739501953
1.2372668981552124
-3.876483678817749
-5.502255916595459
-1.805253028869629
-1.0675015449523926
0.2543032467365265
-28.815458297729492
17.098405838012695
9.275581359863281
-19.408971786499023
31.635889053344727
-59.250831604003906
1.2900421619415283
-4.253754615783691
-5.296491622924805
-2.474929094314575
-1.2022044658660889
-0.03456893563270569
-29.132305145263672
16.692895889282227
10.008504867553711
-20.810382843017578
33.63272476196289
-62.286006927490234
1.3607908487319946
-4.671619415283203
-5.0407328605651855
-3.2230162620544434
-1.3138562440872192
-0.3642996549606323
-29.394763946533203
16.206085205078125
10.791291236877441
-22.283750534057617
35.75811004638672
-65.50234985351562
1.4507938623428345
-5.1313581466674805
-4.7313971519470215
-4.052394866943359
-1.400498628616333
-0.7364733219146729
-29.59969711303711
15.633713722229004
11.627958297729492
-23.83493423461914
38.02326202392578
-68.91259002685547
1.5615876913070679
-5.634664058685303
-4.364503383636475
-4.9667840003967285
-1.45919668674469
-1.1546958684921265
-29.741498947143555
14.969043731689453
12.522704124450684
-25.470001220703125
40.439788818359375
-72.52959442138672
1.694900393486023
-6.183533191680908
-3.9355292320251465
-5.970583915710449
-1.4876856803894043
-1.6213740110397339
-29.814767837524414
14.205403327941895
13.479985237121582
-27.19529914855957
43.01995849609375
-76.36673736572266
1.852500319480896
-6.780177116394043
-3.4396862983703613
-7.069004058837891
-1.4842537641525269
-2.1383590698242188
-29.815340042114258
13.337532043457031
14.504511833190918
-29.017425537109375
45.77668380737305
-80.43795776367188
2.0360171794891357
-7.4266157150268555
-2.8725810050964355
-8.26650619506836
-1.4470109939575195
-2.7077271938323975
-29.738508224487305
12.359588623046875
15.601247787475586
-30.94322967529297
48.72352600097656
-84.75772857666016
2.247325897216797
-8.12509822845459
-2.229278564453125
-9.568052291870117
-1.3741507530212402
-3.3315656185150146
-29.579612731933594
11.265666961669922
16.775358200073242
-32.97970962524414
51.87448501586914
-89.34091186523438
2.488827705383301
-8.878540992736816
-1.5033502578735352
-10.980603218078613
-1.2639424800872803
-4.012072563171387
-29.333858489990234
10.0496244430542
