2
3
1.4420278072357178
-0.7053683996200562
3.5399301052093506
-7.1707539558410645
6.220696926116943
7.747713088989258
-1.76688814163208
-1.8136441707611084
-1.0313198566436768
-1.8136329650878906
-1.9177855253219604
-6.603902339935303
1.8674817085266113
-0.9541640281677246
3.4672253131866455
-7.005873680114746
5.793027877807617
7.779411315917969
-2.089280366897583
-2.7948830127716064
-0.9719535708427429
-1.8280318975448608
-1.3630990982055664
-6.472091197967529
2.2606139183044434
-1.1543095111846924
3.3299691677093506
-6.835159778594971
5.364619731903076
7.733928203582764
-2.2991695404052734
-3.7532169818878174
-0.8777676820755005
-1.826574444770813
-0.8219398856163025
-6.372403621673584
2.614025354385376
-1.3017863035202026
3.1458873748779297
-6.6746392250061035
4.94982385635376
7.62278413772583
-2.416706085205078
-4.697795867919922
-0.7486715316772461
-1.8136308193206787
-0.3075733780860901
-6.298226356506348
2.9215714931488037
-1.3963229656219482
2.9279353618621826
-6.534599304199219
4.56005859375
7.4573588371276855
-2.463367462158203
-5.638607025146484
-0.588190495967865
-1.7907449007034302
0.1663932204246521
-6.246762752532959
3.180955171585083
-1.442098617553711
2.687918186187744
-6.422215461730957
4.202706336975098
7.245237827301025
-2.456071376800537
-6.580860137939453
-0.40240058302879333
-1.7621310949325562
0.5918005704879761
-6.206940650939941
3.3935744762420654
-1.4456782341003418
2.4379007816314697
-6.3383259773254395
3.881575584411621
6.989886283874512
-2.4039664268493652
-7.524677276611328
-0.197018101811409
-1.729796051979065
0.9663048982620239
-6.1732378005981445
3.5614047050476074
-1.4130756855010986
2.188124418258667
-6.289690971374512
3.5975379943847656
6.690906524658203
-2.312865972518921
-8.46177864074707
0.020373761653900146
-1.6909167766571045
1.2970705032348633
-6.154413223266602
3.6868484020233154
-1.349861741065979
1.9459151029586792
-6.284361839294434
3.350682497024536
6.348730087280273
-2.1873373985290527
-9.385711669921875
0.24352005124092102
-1.6424161195755005
1.5928758382797241
-6.159973621368408
3.7723796367645264
-1.2639703750610352
1.7187703847885132
-6.32200813293457
3.139836311340332
5.964174747467041
-2.030402421951294
-10.29124641418457
0.46832308173179626
-1.584343671798706
1.8590872287750244
-6.195862770080566
3.820000410079956
-1.1634750366210938
1.5143615007400513
-6.399971008300781
2.962491035461426
5.5385308265686035
-1.8426762819290161
-11.17475700378418
0.691967248916626
-1.5178231000900269
2.1006312370300293
-6.268407821655273
3.8348307609558105
-1.0548698902130127
1.334991216659546
-6.51920223236084
2.8162803649902344
5.073363304138184
-1.6245073080062866
-12.03333854675293
0.9137490391731262
-1.4440586566925049
2.31723690032959
-6.379903793334961
3.8223323822021484
-0.9428461790084839
1.180298924446106
-6.68031120300293
2.699604034423828
4.57000207901001
-1.3765485286712646
-12.862312316894531
1.132546067237854
-1.3640060424804688
2.509219169616699
-6.532582759857178
3.7875895500183105
-0.8299607634544373
1.050962209701538
-6.884757995605469
2.6121773719787598
4.030916213989258
-1.099584698677063
-13.657548904418945
1.3465633392333984
-1.2790106534957886
2.6817305088043213
-6.733200550079346
3.734772205352783
-0.7182407379150391
0.9501520395278931
-7.137678146362305
2.55424427986145
3.4597623348236084
-0.7954868674278259
-14.416374206542969
1.55562162399292
-1.1908619403839111
2.8377127647399902
-6.988246440887451
3.6679539680480957
-0.6094614267349243
0.8806999921798706
-7.44639778137207
2.5261878967285156
2.8604633808135986
-0.4670199751853943
-15.136148452758789
1.7595854997634888
-1.1021416187286377
2.9806015491485596
-7.303056716918945
3.5912578105926514
-0.5047523975372314
0.8455315828323364
-7.820021152496338
2.526898145675659
2.236342668533325
-0.11717060208320618
-15.814534187316895
1.9578261375427246
-1.0149797201156616
3.1151647567749023
-7.683933258056641
3.5076277256011963
-0.4067346751689911
0.8497686982154846
-8.264669418334961
2.5551464557647705
1.5912792682647705
0.25066351890563965
-16.449853897094727
2.1494553089141846
-0.9309606552124023
3.245699167251587
-8.134807586669922
3.4189326763153076
-0.31701844930648804
0.8992179036140442
-8.783485412597656
2.6087822914123535
0.9309406280517578
0.6327325105667114
-17.042312622070312
2.3335089683532715
-0.8528887033462524
3.3785810470581055
-8.659141540527344
3.3277623653411865
-0.238785058259964
0.9985874891281128
-9.380509376525879
2.6848185062408447
0.2611672878265381
1.027700424194336
-17.597776412963867
2.508057117462158
-0.7829661965370178
3.5210120677948
-9.259307861328125
3.2372398376464844
-0.17582827806472778
1.1513632535934448
-10.059617042541504
2.7803454399108887
-0.41231632232666016
1.4355381727218628
-18.123424530029297
2.672893762588501
-0.7248229384422302
3.6803231239318848
-9.939297676086426
3.1506173610687256
-0.13174930214881897
1.3602393865585327
-10.824151992797852
2.8922500610351562
-1.083390474319458
1.8575761318206787
-18.62875747680664
2.82820200920105
-0.6817337274551392
3.863862991333008
-10.70197868347168
3.0709662437438965
-0.10991252213716507
1.6272881031036377
-11.676486015319824
3.017490863800049
-1.7458375692367554
2.2964794635772705
-19.126054763793945
2.9743523597717285
-0.6571763157844543
4.079423904418945
-11.549844741821289
3.0015435218811035
-0.11323165148496628
1.9538837671279907
-12.61793041229248
3.1522159576416016
-2.393871784210205
2.7596073150634766
-19.631187438964844
3.111981153488159
-0.6543883085250854
4.334565162658691
-12.484395980834961
2.9446682929992676
-0.14431989192962646
2.341756582260132
-13.649093627929688
3.2936956882476807
-3.0223278999328613
3.2527973651885986
-20.159374237060547
3.2420761585235596
-0.6761564016342163
4.636519432067871
-13.50691032409668
2.9022741317749023
-0.20475909113883972
2.792842388153076
-14.769876480102539
3.438960552215576
-3.6276695728302
3.7852704524993896
-20.726409912109375
3.3662376403808594
-0.7248675227165222
4.991515159606934
-14.617589950561523
2.875084638595581
-0.2970011234283447
3.311722755432129
-15.978706359863281
3.587460994720459
-4.206244945526123
4.360348701477051
-21.346330642700195
3.4859817028045654
-0.8028390407562256
5.405522346496582
-15.815950393676758
2.8645617961883545
-0.4232419431209564
3.9026198387145996
-17.273527145385742
3.7398877143859863
-4.754200458526611
4.979553699493408
-22.034988403320312
3.6028733253479004
-0.9123247861862183
5.885246276855469
-17.101598739624023
2.8729934692382812
-0.5868680477142334
4.5690717697143555
-18.649614334106445
3.8975393772125244
-5.2681169509887695
5.643409729003906
-22.80899429321289
3.7190399169921875
-1.056208848953247
6.4370269775390625
-18.472576141357422
2.903515338897705
-0.7955446243286133
5.3167219161987305
-20.09793472290039
4.061409950256348
-5.747730255126953
6.354370594024658
-23.68219757080078
3.8378140926361084
-1.23844575881958
7.0666632652282715
-19.925630569458008
2.956561803817749
-1.0549421310424805
6.153445720672607
-21.612329483032227
4.230823516845703
-6.197437286376953
7.120139122009277
-24.66121482849121
3.9646124839782715
-1.4692716598510742
7.7816057205200195
-21.449161529541016
3.0318603515625
-1.3662327527999878
7.086442947387695
-23.193254470825195
4.4066267013549805
-6.622194766998291
7.948372840881348
-25.75491714477539
4.10163688659668
-1.7543532848358154
8.590192794799805
-23.036693572998047
3.1318156719207764
-1.7286112308502197
8.120949745178223
-24.845661163330078
4.589105129241943
-7.029086112976074
8.850728034973145
-26.970169067382812
4.249490261077881
-2.09401273727417
9.500853538513184
-24.689260482788086
3.25862717628479
-2.140903949737549
9.262859344482422
-26.57573890686035
4.778643608093262
-7.426057815551758
9.839861869812012
-28.310543060302734
4.411093711853027
-2.4852640628814697
10.519981384277344
-26.414108276367188
3.4140474796295166
-2.6008877754211426
10.517778396606445
-28.389318466186523
4.976051330566406
-7.820382118225098
10.926313400268555
-29.773984909057617
4.589188575744629
-2.9249484539031982
11.654197692871094
-28.218544006347656
3.599297285079956
-3.1066603660583496
11.893256187438965
-30.293306350708008
5.182409286499023
-8.219085693359375
12.122560501098633
-31.362178802490234
4.785903453826904
-3.4106602668762207
12.91256332397461
-30.110244750976562
3.815068244934082
-3.656712532043457
13.398618698120117
-32.29462814331055
5.39906644821167
-8.628856658935547
13.441954612731934
-33.077606201171875
5.0028910636901855
-3.9401845932006836
14.30513858795166
-32.09667205810547
4.061799049377441
-4.249765396118164
15.044116973876953
-34.39999771118164
5.627755641937256
-9.055902481079102
14.89783000946045
-34.922279357910156
5.241883277893066
-4.5121941566467285
15.842458724975586
-34.184837341308594
4.340027809143066
-4.885361671447754
16.840835571289062
-36.615726470947266
5.870236396789551
-9.505718231201172
16.50385856628418
-36.89802169799805
5.504305839538574
-5.125542640686035
17.53605842590332
-36.381378173828125
4.649993896484375
-5.563145637512207
18.80056381225586
-38.94771957397461
6.128251075744629
-9.982963562011719
18.274511337280273
-39.00703430175781
5.791115760803223
-5.7795257568359375
19.398311614990234
-38.692813873291016
