2
3
-1.041294813156128
-8.766783714294434
8.532593727111816
9.140233039855957
-7.6436333656311035
5.442990779876709
-2.188047170639038
4.060849666595459
9.134870529174805
3.860835552215576
6.206910610198975
9.794697761535645
-0.78644198179245
-8.047541618347168
8.767400741577148
10.44931411743164
-7.204408645629883
5.0532965660095215
-1.2170019149780273
3.3638367652893066
8.85163688659668
3.8447234630584717
5.393008708953857
9.696414947509766
-0.5357074737548828
-7.335951805114746
8.996709823608398
11.745842933654785
-6.7699432373046875
4.689777851104736
-0.25765591859817505
2.7177939414978027
8.567001342773438
3.837456703186035
4.592588424682617
9.61880874633789
-0.2895596921443939
-6.631737232208252
9.219908714294434
13.029994010925293
-6.340831756591797
4.352303981781006
0.6888557076454163
2.1210384368896484
8.281366348266602
3.838987112045288
3.8062918186187744
9.561567306518555
-0.04700276255607605
-5.934101581573486
9.436434745788574
14.301813125610352
-5.917160511016846
4.0401716232299805
1.6231529712677002
1.5719490051269531
7.994994640350342
3.8491036891937256
3.0347065925598145
9.524323463439941
0.19210928678512573
-5.2424492835998535
9.645997047424316
15.561315536499023
-5.498919486999512
3.7531774044036865
2.544829845428467
1.0691578388214111
7.708232879638672
3.8676886558532715
2.2787387371063232
9.50705623626709
0.4278687536716461
-4.556164264678955
9.848271369934082
16.808597564697266
-5.08561897277832
3.4905014038085938
3.454679489135742
0.6106626391410828
7.422076225280762
3.895033597946167
1.539536714553833
9.51010799407959
0.6602895855903625
-3.87467098236084
10.042643547058105
18.043699264526367
-4.676723003387451
3.251422882080078
4.353408336639404
0.19447743892669678
7.137207984924316
3.9314703941345215
0.8176872134208679
9.53392219543457
0.8894261121749878
-3.19750714302063
10.228899955749512
19.26662254333496
-4.271662712097168
3.0357182025909424
5.241601943969727
-0.18051227927207947
6.854399681091309
3.9772517681121826
0.11368006467819214
9.578603744506836
1.117069959640503
-2.5230467319488525
10.40703010559082
20.47754669189453
-3.8695831298828125
2.842409610748291
6.120578765869141
-0.5161899328231812
6.574295520782471
4.032538414001465
-0.5724846720695496
9.64407730102539
1.3448406457901
-1.84963059425354
10.576292037963867
21.676490783691406
-3.4693691730499268
2.670391321182251
6.992006778717041
-0.8143888711929321
6.297677040100098
4.097548961639404
-1.2404072284698486
9.730399131774902
1.5730466842651367
-1.176456093788147
10.736096382141113
22.863384246826172
-3.070018768310547
2.518317222595215
7.857439994812012
-1.076997995376587
6.025371551513672
4.172617435455322
-1.889692783355713
9.837996482849121
1.802013874053955
-0.5026994943618774
10.88636589050293
24.038482666015625
-2.670471429824829
2.3849239349365234
8.718422889709473
-1.3053052425384521
5.758235931396484
4.258094787597656
-2.520085096359253
9.967164993286133
2.0318472385406494
0.1721409559249878
11.026883125305176
25.20172691345215
-2.269570827484131
2.2689335346221924
9.576602935791016
-1.5005837678909302
5.497097015380859
4.354190826416016
-3.131178617477417
10.117938041687012
2.2627415657043457
0.8486337661743164
11.157540321350098
26.353195190429688
-1.866154432296753
2.1693787574768066
10.433521270751953
-1.6639469861984253
5.242737293243408
4.4609246253967285
-3.722576141357422
10.290322303771973
2.4948389530181885
1.5275599956512451
11.278481483459473
27.49423599243164
-1.4592311382293701
2.085156202316284
11.29045581817627
-1.796372413635254
4.996034622192383
4.578273296356201
-4.29386043548584
10.48448371887207
2.72798752784729
2.2093567848205566
11.389983177185059
28.625967025756836
-1.0475990772247314
2.015545129776001
12.149107933044434
-1.8987724781036377
4.757779121398926
4.706765651702881
-4.844757080078125
10.701881408691406
2.9616594314575195
2.893439531326294
11.491999626159668
29.747344970703125
-0.6306456923484802
1.959806203842163
13.010791778564453
-1.9718385934829712
4.528501987457275
4.8463263511657715
-5.37511682510376
10.942953109741211
3.19535493850708
3.578047275543213
11.584675788879395
30.85604476928711
-0.20769834518432617
1.9177119731903076
13.876253128051758
-2.015612840652466
4.308625221252441
4.996711730957031
-5.884816646575928
11.208100318908691
3.4284136295318604
4.259002685546875
11.668716430664062
31.949539184570312
0.2219524085521698
1.8896477222442627
14.745975494384766
-2.0299437046051025
4.098740577697754
5.157906532287598
-6.373893737792969
11.497657775878906
3.660581111907959
4.933127403259277
11.744071960449219
33.02495193481445
0.6587834358215332
1.8757497072219849
15.620670318603516
-2.0149285793304443
3.8992655277252197
5.330060005187988
-6.8427276611328125
11.812359809875488
3.8918352127075195
5.598405838012695
11.81056022644043
34.078678131103516
1.1034512519836426
1.8759595155715942
16.50119972229004
-1.9708678722381592
3.7105746269226074
5.5130157470703125
-7.291610240936279
12.152387619018555
4.122258186340332
6.25307559967041
11.869009971618652
35.1083984375
1.5565918684005737
1.8902419805526733
17.38833999633789
-1.8980516195297241
3.5334346294403076
5.705750465393066
-7.719721794128418
12.516190528869629
4.351596355438232
6.894327640533447
11.92013168334961
36.110198974609375
2.018843173980713
1.918561339378357
18.282835006713867
-1.7968121767044067
3.3691256046295166
5.908239841461182
-8.125571250915527
12.902220726013184
4.580150604248047
7.521938800811768
11.964997291564941
37.08415603637695
2.4908056259155273
1.960912823677063
19.18528938293457
-1.6674823760986328
3.2179300785064697
6.120404243469238
-8.50904369354248
13.310273170471191
4.808332443237305
8.136012077331543
12.004742622375488
38.03096389770508
2.972752332687378
2.0176570415496826
20.095191955566406
-1.5098763704299927
3.080336093902588
6.341598987579346
-8.869386672973633
13.739008903503418
5.036550521850586
8.736589431762695
12.040512084960938
38.95130157470703
3.4650115966796875
2.089095115661621
21.012434005737305
-1.3238729238510132
2.9569149017333984
6.5711259841918945
-9.205595016479492
14.186975479125977
5.265031814575195
9.323847770690918
12.07345962524414
39.84590148925781
3.9680304527282715
2.1753599643707275
21.93732261657715
-1.1096539497375488
2.8478777408599854
6.8084716796875
-9.517051696777344
14.653608322143555
5.494248390197754
9.898394584655762
12.104736328125
40.71602249145508
4.482174873352051
2.276655673980713
22.86985206604004
-0.8673115968704224
2.753678560256958
7.053220748901367
-9.802765846252441
15.138148307800293
5.72470235824585
10.460857391357422
12.135432243347168
41.56270217895508
5.007538318634033
2.393366575241089
23.809524536132812
-0.5967135429382324
2.6747446060180664
7.305004119873047
-10.06179428100586
15.640016555786133
5.956955432891846
11.012247085571289
12.166617393493652
42.387359619140625
5.54379940032959
2.5259721279144287
24.75494956970215
-0.2978743612766266
2.611490488052368
7.563122272491455
-10.292779922485352
16.158031463623047
6.1915507316589355
11.553644180297852
12.19931697845459
43.1915283203125
6.091108322143555
2.674739360809326
25.70551300048828
0.02907392382621765
2.5643627643585205
7.827416896820068
-10.494650840759277
16.69190216064453
6.429023265838623
12.086137771606445
12.234539031982422
43.97675323486328
6.64961051940918
2.839953899383545
26.660762786865234
0.384045273065567
2.5335965156555176
8.09807014465332
-10.667149543762207
17.242088317871094
6.66988468170166
12.610757827758789
12.273276329040527
44.74459457397461
7.219292640686035
3.0219786167144775
27.61979866027832
0.7671351432800293
2.519301414489746
8.37542724609375
-10.810381889343262
17.80914306640625
6.914623737335205
13.128490447998047
12.316497802734375
45.49663162231445
7.7993621826171875
3.22133731842041
28.58068084716797
1.1784050464630127
2.521696090698242
8.659538269042969
-10.9238862991333
18.392961502075195
7.163697242736816
13.64028263092041
12.365111351013184
46.23445129394531
8.389778137207031
3.438283920288086
29.542667388916016
1.617645025253296
2.540964365005493
8.950507164001465
-11.007277488708496
18.993492126464844
7.417444705963135
14.14697265625
12.419900894165039
46.959510803222656
8.990462303161621
3.673110246658325
30.505189895629883
2.084829568862915
2.5772407054901123
9.248538970947266
-11.06028938293457
19.610946655273438
7.676275253295898
14.649442672729492
12.48169994354248
47.67340850830078
9.60122299194336
3.9260809421539307
31.46761131286621
2.5800070762634277
2.630577564239502
9.553936958312988
-11.082818031311035
20.245769500732422
7.9405517578125
15.148453712463379
12.551321029663086
48.377559661865234
10.221843719482422
4.197487831115723
32.429195404052734
3.1033477783203125
2.701035499572754
9.867029190063477
-11.07476806640625
20.898395538330078
8.210655212402344
15.644819259643555
12.629545211791992
49.07352828979492
10.852123260498047
4.487604141235352
33.389381408691406
3.6549737453460693
2.7886509895324707
10.188178062438965
-11.03609848022461
21.569307327270508
