2
3
2.77668833732605
-8.123106002807617
6.09525203704834
12.1696195602417
2.408358097076416
-1.6756151914596558
8.247296333312988
4.7630934715271
-5.69156551361084
5.72202205657959
8.857843399047852
-1.8918726444244385
2.84507417678833
-7.248767375946045
5.141836166381836
13.127870559692383
2.512671709060669
-1.5913084745407104
7.989784240722656
4.960159778594971
-5.1993727684021
5.004167079925537
10.194016456604004
-2.8198094367980957
2.842036485671997
-6.324651718139648
4.254087448120117
13.981125831604004
2.609113931655884
-1.4973007440567017
7.738776206970215
5.176670551300049
-4.613502502441406
4.196128845214844
11.462801933288574
-3.594130516052246
2.767742156982422
-5.3584513664245605
3.4575090408325195
14.713321685791016
2.6963465213775635
-1.3962790966033936
7.5017781257629395
5.407201290130615
-3.9418933391571045
3.3054370880126953
12.642843246459961
-4.192862033843994
2.6264121532440186
-4.360577583312988
2.778864860534668
15.308086395263672
2.775653123855591
-1.2904174327850342
7.285552501678467
5.6445183753967285
-3.193441390991211
2.3432748317718506
13.71061897277832
-4.594892978668213
2.425302028656006
-3.341052532196045
2.239637851715088
15.743327140808105
2.849419355392456
-1.1809684038162231
7.094915866851807
5.876348495483398
-2.3779890537261963
1.3236178159713745
14.64002799987793
-4.783230304718018
2.1708803176879883
-2.310678482055664
1.8597564697265625
15.999699592590332
2.9178359508514404
-1.068690299987793
6.93526554107666
6.099351406097412
-1.5073604583740234
0.263242244720459
15.39813232421875
-4.74600887298584
1.8771159648895264
-1.2803657054901123
1.656076192855835
16.061744689941406
2.9812982082366943
-0.9535742998123169
6.812749862670898
6.309040069580078
-0.5930885076522827
-0.8136304616928101
15.953853607177734
-4.482480049133301
1.558663249015808
-0.26815664768218994
1.6456000804901123
15.926152229309082
3.040910005569458
-0.8344305753707886
6.73422908782959
6.499221324920654
0.3458651304244995
-1.8736172914505005
16.307682037353516
-4.009574890136719
1.235156774520874
0.7057361602783203
1.8264479637145996
15.597929000854492
3.0973105430603027
-0.706892728805542
6.706699371337891
6.6622514724731445
1.2915490865707397
-2.8907454013824463
16.456396102905273
-3.3371777534484863
0.9231942892074585
1.6265251636505127
2.191856861114502
15.078471183776855
3.1512789726257324
-0.5712909698486328
6.7375383377075195
6.793596267700195
2.2254750728607178
-3.8395462036132812
16.392799377441406
-2.478639602661133
0.6415159702301025
2.469906806945801
2.72843074798584
14.404256820678711
3.2030367851257324
-0.4323989152908325
6.834697246551514
6.893316268920898
3.130241870880127
-4.688539028167725
16.12339973449707
-1.4647729396820068
0.4062725603580475
3.2173116207122803
3.414496898651123
13.611456871032715
3.2527618408203125
-0.29801106452941895
7.008273124694824
6.9694366455078125
3.980076313018799
-5.404504776000977
15.714137077331543
-0.3510335683822632
0.22911137342453003
3.8564867973327637
4.22951078414917
12.731407165527344
3.3015153408050537
-0.16726812720298767
7.263734340667725
7.0176873207092285
4.761028289794922
-5.971471309661865
15.190938949584961
0.8266487121582031
0.11980977654457092
4.375820159912109
5.151401996612549
11.798316955566406
3.348015308380127
-0.04110923409461975
7.613057613372803
7.03983211517334
5.460064888000488
-6.380582809448242
14.585718154907227
2.0347745418548584
0.08594533801078796
4.765841960906982
6.155184268951416
10.858392715454102
3.3946080207824707
0.07790060341358185
8.064301490783691
7.039130687713623
6.064044952392578
-6.6285786628723145
13.94035816192627
3.2406506538391113
0.13423162698745728
5.026193141937256
7.212595462799072
9.947078704833984
3.4492416381835938
0.18035665154457092
8.608640670776367
7.029282093048096
6.562342166900635
-6.719851016998291
13.319409370422363
4.408988952636719
0.2612706124782562
5.166079998016357
8.2996826171875
9.092879295349121
3.526418447494507
0.2611583471298218
9.215880393981934
7.021847248077393
6.954675197601318
-6.667547702789307
12.800165176391602
5.504002094268799
0.46304070949554443
5.200827598571777
9.38726806640625
8.314257621765137
3.6409831047058105
0.3171696960926056
9.837224960327148
7.041070938110352
7.266753196716309
-6.49733829498291
12.367304801940918
6.530635833740234
0.7377707958221436
5.139350891113281
10.44550895690918
7.6101226806640625
3.8022654056549072
0.35232654213905334
10.408838272094727
7.106936931610107
7.509780406951904
-6.224460601806641
11.974559783935547
7.507277965545654
1.0756771564483643
4.994279384613037
11.481548309326172
6.964617729187012
3.9946939945220947
0.3819202482700348
10.952553749084473
7.195321559906006
7.6932196617126465
-5.862411975860596
11.620575904846191
8.434456825256348
1.4668503999710083
4.774929046630859
12.4931640625
6.386648654937744
4.211935520172119
0.4111284613609314
11.49393367767334
7.288000106811523
7.829303741455078
-5.429805278778076
11.288585662841797
9.320901870727539
1.9066290855407715
4.490284442901611
13.468592643737793
5.888372421264648
4.453881740570068
0.4397096335887909
12.032658576965332
7.385859489440918
7.9265875816345215
-4.944825172424316
10.97242546081543
10.171544075012207
2.3921008110046387
4.14942741394043
14.39693546295166
5.476881504058838
4.719903945922852
0.46700313687324524
12.56631088256836
7.4907755851745605
7.9884419441223145
-4.418043613433838
10.686873435974121
10.979959487915039
2.9193506240844727
3.7605514526367188
15.269892692565918
5.157095909118652
5.008927345275879
0.49179384112358093
13.093433380126953
7.603934288024902
8.016439437866211
-3.8564562797546387
10.448609352111816
11.737975120544434
3.4843931198120117
3.3326010704040527
16.07976531982422
4.933575630187988
5.319499492645264
0.5135570764541626
13.613733291625977
7.7275800704956055
8.014503479003906
-3.2657265663146973
10.27238941192627
12.43594741821289
4.082902431488037
2.8762431144714355
16.821590423583984
4.81036901473999
5.650106430053711
0.5314901471138
14.127928733825684
7.864474296569824
7.9872026443481445
-2.6512861251831055
10.170710563659668
13.064126968383789
4.709838390350342
2.401503562927246
17.49262046813965
4.789785385131836
5.999237537384033
0.5438131093978882
14.636529922485352
8.0178804397583
7.938811779022217
-2.0191197395324707
10.154276847839355
13.612767219543457
5.360194683074951
1.9190824031829834
18.09274673461914
4.8745222091674805
6.3649373054504395
0.5502761006355286
15.141318321228027
8.191064834594727
7.875528812408447
-1.37649667263031
10.234302520751953
14.076288223266602
6.028361797332764
1.439137578010559
18.621257781982422
5.064352989196777
6.7451910972595215
0.5496958494186401
15.644571304321289
8.387332916259766
7.803440093994141
-0.7310882806777954
10.41964340209961
14.448503494262695
6.706290245056152
0.9692418575286865
19.07533836364746
5.354990482330322
7.138110637664795
0.5423803925514221
16.145973205566406
8.608024597167969
7.727560520172119
-0.09087198972702026
10.715034484863281
14.719192504882812
7.387406349182129
0.5190379619598389
19.457242965698242
5.742931365966797
7.542635440826416
0.5294222235679626
16.64561653137207
8.855109214782715
7.655966758728027
0.5351976752281189
11.127538681030273
14.886861801147461
8.06472110748291
0.09832531213760376
19.773653030395508
6.222620487213135
7.957653999328613
0.5122679471969604
17.1446475982666
9.130549430847168
7.5975542068481445
1.136662244796753
11.659793853759766
14.956363677978516
8.731220245361328
-0.28379300236701965
20.03317642211914
6.785123825073242
8.381318092346191
0.49277758598327637
17.64491081237793
9.435044288635254
7.560229778289795
1.7035250663757324
12.309350967407227
14.932456016540527
9.37969970703125
-0.6188986301422119
20.248703002929688
7.418959617614746
8.811437606811523
0.4734073579311371
18.14932632446289
9.768163681030273
7.552209377288818
2.226076602935791
13.069966316223145
14.82461929321289
10.002503395080566
-0.8994237184524536
20.4410343170166
8.10965347290039
9.2454252243042
0.4572548568248749
18.665056228637695
10.128716468811035
7.581794738769531
2.6951630115509033
13.932425498962402
14.649173736572266
10.588714599609375
-1.117074966430664
20.644357681274414
8.836901664733887
9.6793851852417
0.44790777564048767
19.204195022583008
10.513388633728027
7.655415058135986
3.1015114784240723
14.888307571411133
14.429347038269043
11.12951374053955
-1.2673660516738892
20.897626876831055
9.580239295959473
10.110023498535156
0.44875451922416687
19.778959274291992
10.917425155639648
7.776477336883545
3.436195135116577
15.930486679077148
14.193229675292969
11.622180938720703
-1.3496757745742798
21.23005485534668
10.321279525756836
10.53672981262207
0.46071657538414
20.39727783203125
11.338237762451172
7.9474334716796875
3.695863962173462
17.049097061157227
13.963157653808594
12.075368881225586
-1.3697484731674194
21.643245697021484
11.051705360412598
10.96231746673584
0.48256832361221313
21.057334899902344
11.77563762664795
8.169154167175293
3.881495237350464
18.234447479248047
13.758414268493652
