2
3
-9.694064140319824
7.457688331604004
-3.6784443855285645
-2.6519148349761963
-5.944511413574219
-2.2203123569488525
-5.394599914550781
7.928816318511963
-6.229732036590576
-4.361319541931152
-8.491988182067871
5.147091388702393
-9.539143562316895
6.853280067443848
-3.1815457344055176
-3.486210346221924
-6.0177130699157715
-1.7024595737457275
-6.1970367431640625
8.428741455078125
-6.578561782836914
-3.943532943725586
-9.009872436523438
6.058111190795898
-9.338308334350586
6.188518524169922
-2.7151496410369873
-4.2064900398254395
-6.135697364807129
-1.1624832153320312
-6.991490364074707
8.872076034545898
-6.935941219329834
-3.489546537399292
-9.491740226745605
6.916041851043701
-9.095381736755371
5.470219135284424
-2.2922375202178955
-4.80175256729126
-6.299046516418457
-0.6060703992843628
-7.759380340576172
9.251104354858398
-7.30007791519165
-2.997147560119629
-9.938735008239746
7.709690093994141
-8.815228462219238
4.705883026123047
-1.930619478225708
-5.2581048011779785
-6.5050950050354
-0.039978861808776855
-8.48541259765625
9.557924270629883
-7.668208122253418
-2.465975761413574
-10.354418754577637
8.424278259277344
-8.503331184387207
3.9052841663360596
-1.648777961730957
-5.565110206604004
-6.749292850494385
0.530696451663971
-9.156947135925293
9.787947654724121
-8.037367820739746
-1.898944616317749
-10.73823356628418
9.045491218566895
-8.165513038635254
3.0802249908447266
-1.4629302024841309
-5.7151007652282715
-7.026169776916504
1.0989527702331543
-9.761963844299316
9.937088012695312
-8.406820297241211
-1.3035308122634888
-11.082108497619629
9.566516876220703
-7.8098344802856445
2.2439374923706055
-1.3887650966644287
-5.702350616455078
-7.3301472663879395
1.6576273441314697
-10.291035652160645
10.002229690551758
-8.774151802062988
-0.6890535354614258
-11.37326431274414
9.980337142944336
-7.446495532989502
1.4122514724731445
-1.4385915994644165
-5.526407718658447
-7.65501070022583
2.1997108459472656
-10.738324165344238
9.981576919555664
-9.139631271362305
-0.06621724367141724
-11.59912395477295
10.28478717803955
-7.086496353149414
0.6020739078521729
-1.620182991027832
-5.189853668212891
-7.994220733642578
2.718062400817871
-11.102120399475098
9.876137733459473
-9.500805854797363
0.5562837719917297
-11.754374504089355
10.477558135986328
-6.740699768066406
-0.16944551467895508
-1.9372055530548096
-4.69685697555542
-8.341242790222168
3.2050626277923584
-11.38261890411377
9.69044303894043
-9.853751182556152
1.1694227457046509
-11.83852481842041
10.558361053466797
-6.42091703414917
-0.8859835863113403
-2.389235019683838
-4.055472373962402
-8.689765930175781
3.654118537902832
-11.585992813110352
9.433638572692871
-10.193564414978027
1.7643001079559326
-11.858114242553711
10.531587600708008
-6.138332843780518
-1.5324230194091797
-2.970827102661133
-3.2766659259796143
-9.033834457397461
4.060258388519287
-11.723522186279297
9.117166519165039
-10.515643119812012
2.333155632019043
-11.823593139648438
10.405397415161133
-5.903221130371094
-2.0953352451324463
-3.6738555431365967
-2.3722424507141113
-9.36837387084961
4.419679641723633
-11.80831527709961
8.755038261413574
-10.81604290008545
2.8683438301086426
-11.748372077941895
10.192686080932617
-5.72537088394165
-2.5642189979553223
-4.488040924072266
-1.353400707244873
-9.68954086303711
4.730349540710449
-11.856133460998535
8.362117767333984
-11.091964721679688
3.3609888553619385
-11.648726463317871
9.91483211517334
-5.614133834838867
-2.931509017944336
-5.39964485168457
-0.23277294635772705
-9.993202209472656
4.989808559417725
-11.885940551757812
7.956875801086426
-11.34050178527832
3.803584098815918
-11.5420503616333
9.595674514770508
-5.577068328857422
-3.188835859298706
-6.392327308654785
0.9645603895187378
-10.274373054504395
5.19539737701416
-11.931100845336914
7.568831920623779
-11.558782577514648
4.1930670738220215
-11.458258628845215
9.262182235717773
-5.614468097686768
-3.3207333087921143
-7.452099800109863
2.1888773441314697
-10.521966934204102
5.343496322631836
-12.087393760681152
7.256664752960205
-11.738197326660156
4.529834270477295
-11.48481559753418
8.962998390197754
-5.725305080413818
-3.3201072216033936
-8.560529708862305
3.3956079483032227
-10.737600326538086
5.4385905265808105
-12.402359962463379
7.0511579513549805
-11.87637996673584
4.816937446594238
-11.694197654724121
8.730512619018555
-5.903759956359863
-3.1933929920196533
-9.704021453857422
4.5602264404296875
-10.93887710571289
5.490635395050049
-12.808658599853516
6.931963920593262
-11.988438606262207
5.055534362792969
-12.015141487121582
8.54845142364502
-6.142642021179199
-2.9574832916259766
-10.876080513000488
5.682088375091553
-11.136835098266602
5.511846542358398
-13.270491600036621
6.8809494972229
-12.087874412536621
5.2511186599731445
-12.413442611694336
8.412813186645508
-6.431972980499268
-2.632127285003662
-12.080687522888184
6.770458221435547
-11.336225509643555
5.516782283782959
-13.772553443908691
6.874216079711914
-12.181671142578125
5.4131693840026855
-12.863645553588867
8.305397033691406
-6.763413429260254
-2.231869697570801
-13.325255393981934
7.8307204246521
-11.53855037689209
5.514110088348389
-14.318881034851074
6.908090591430664
-12.27248477935791
5.5477824211120605
-13.36294937133789
8.22453784942627
-7.133073329925537
-1.7676763534545898
-14.610111236572266
8.86501693725586
-11.740645408630371
5.508878707885742
-14.92068099975586
6.985945224761963
-12.361026763916016
5.65988302230835
-13.921503067016602
8.179134368896484
-7.539772033691406
-1.249310851097107
-15.924070358276367
9.873275756835938
-11.942343711853027
5.505555629730225
-15.588224411010742
7.11312198638916
-12.44849681854248
5.753111839294434
-14.546741485595703
8.17691421508789
-7.982306480407715
-0.6853703260421753
-17.25575065612793
10.854150772094727
-12.140800476074219
5.502773761749268
-16.328811645507812
7.297556400299072
-12.536467552185059
5.830408573150635
-15.247442245483398
8.2278413772583
-8.458382606506348
-0.08333790302276611
-18.599044799804688
11.805723190307617
-12.336079597473145
5.501789093017578
-17.148611068725586
7.541869640350342
-12.6265869140625
5.89457368850708
-16.030946731567383
8.338757514953613
-8.9646577835083
0.5503535866737366
-19.95694351196289
12.727926254272461
-12.529701232910156
5.5059661865234375
-18.05752944946289
7.8508172035217285
-12.720437049865723
5.949040412902832
-16.906049728393555
8.51589298248291
-9.497302055358887
1.2101407051086426
-21.338096618652344
13.62227725982666
-12.723677635192871
5.5187458992004395
-19.065675735473633
8.228870391845703
-12.8204984664917
5.998295783996582
-17.882404327392578
8.765493392944336
-10.051896095275879
1.8914794921875
-22.756637573242188
14.49155330657959
-12.92038631439209
5.543405055999756
-20.18257713317871
8.679734230041504
-12.929258346557617
6.046595096588135
-18.968229293823242
9.092053413391113
-10.623228073120117
2.5917558670043945
-24.23165512084961
15.338024139404297
-13.121892929077148
5.582845211029053
-21.41747283935547
9.206692695617676
-13.049464225769043
6.0982208251953125
-20.17221450805664
9.500185012817383
-11.20714282989502
3.3081459999084473
-25.785877227783203
16.16718292236328
-13.330108642578125
5.6408915519714355
-22.781248092651367
9.812257766723633
-13.183063507080078
6.157237529754639
-21.504121780395508
9.994166374206543
-11.798626899719238
4.037360668182373
-27.442707061767578
16.984270095825195
-13.547052383422852
5.720330238342285
-24.2840576171875
10.499323844909668
-13.332086563110352
6.228124618530273
-22.974773406982422
10.57783317565918
-12.394092559814453
4.773073196411133
-29.220352172851562
17.79701805114746
-13.774182319641113
5.823264122009277
-25.935243606567383
11.268768310546875
-13.498119354248047
6.314733028411865
-24.594499588012695
11.254155158996582
-12.991209983825684
5.510093688964844
-31.126325607299805
18.609066009521484
-14.013687133789062
5.952401638031006
-27.745208740234375
12.122593879699707
-13.6822509765625
6.420135974884033
-26.37305450439453
12.024797439575195
-13.590001106262207
6.245711326599121
-33.16684341430664
19.4252872467041
-14.269352912902832
6.111268520355225
-29.725177764892578
13.063444137573242
-13.886666297912598
6.548198699951172
-28.3214054107666
12.892001152038574
-14.191818237304688
6.9776530265808105
-35.344383239746094
20.251237869262695
-14.545256614685059
6.30321741104126
-31.88646697998047
14.093852043151855
-14.114873886108398
6.70337438583374
-30.451284408569336
13.858360290527344
-14.797415733337402
7.703928470611572
-37.668121337890625
21.094966888427734
-14.845253944396973
6.531236171722412
-34.24044418334961
15.216017723083496
-14.370110511779785
6.889794826507568
-32.7747802734375
14.925878524780273
-15.406991958618164
8.42280101776123
-40.14994430541992
21.9653263092041
-15.17353343963623
6.798377513885498
-36.79867172241211
16.431915283203125
-14.655766487121582
7.111398696899414
-35.30441665649414
16.096311569213867
-16.02187728881836
9.133508682250977
-42.80637741088867
22.87409210205078
-15.535000801086426
7.107945919036865
-39.573081970214844
17.743518829345703
-14.97578239440918
7.372082710266113
-38.05350112915039
17.371536254882812
