2
3
7.456138610839844
4.967166900634766
5.536950588226318
-5.312858581542969
5.526341915130615
4.799761772155762
-7.1859846115112305
-10.914764404296875
-5.793874740600586
-10.363513946533203
10.539342880249023
-5.928889274597168
7.423342704772949
4.923553466796875
4.867222785949707
-6.4565582275390625
4.930984973907471
4.6073527336120605
-7.673442363739014
-12.090438842773438
-4.817111015319824
-10.365533828735352
11.07462215423584
-4.959601402282715
7.391256332397461
4.846836090087891
4.229088306427002
-7.621390342712402
4.3520379066467285
4.366589069366455
-8.041299819946289
-13.263522148132324
-3.8363547325134277
-10.278650283813477
11.437593460083008
-3.9523282051086426
7.358890533447266
4.736502647399902
3.62685489654541
-8.799859046936035
3.795787811279297
4.0742387771606445
-8.290691375732422
-14.422342300415039
-2.86814022064209
-10.096490859985352
11.639809608459473
-2.9315645694732666
7.327589988708496
4.593128681182861
3.0611116886138916
-9.98773193359375
3.2691540718078613
3.72884202003479
-8.424639701843262
-15.555387496948242
-1.9197075366973877
-9.810595512390137
11.674869537353516
-1.9348126649856567
7.299802780151367
4.41505241394043
2.5316262245178223
-11.178916931152344
2.7775726318359375
3.3290247917175293
-8.44774055480957
-16.654117584228516
-1.0058987140655518
-9.42263126373291
11.5653076171875
-0.9790846109390259
7.277469158172607
4.197852611541748
2.0333147048950195
-12.367166519165039
2.3249988555908203
2.8727149963378906
-8.365812301635742
-17.711191177368164
-0.13747745752334595
-8.937409400939941
11.332478523254395
-0.08154082298278809
7.263966083526611
3.9331724643707275
1.5521481037139893
-13.541049003601074
1.9151484966278076
2.357231855392456
-8.184576034545898
-18.71894645690918
0.6797588467597961
-8.361620903015137
10.994197845458984
0.7364301681518555
7.2626519203186035
3.6101675033569336
1.0733031034469604
-14.68777084350586
1.5469439029693604
1.7759277820587158
-7.912425994873047
-19.671979904174805
1.442594051361084
-7.701968193054199
10.573429107666016
1.4490880966186523
7.261447429656982
3.231912851333618
0.621737539768219
-15.818206787109375
1.218682050704956
1.1303801536560059
-7.554194450378418
-20.56777572631836
2.149749517440796
-6.970050811767578
10.079809188842773
2.038217306137085
7.248394966125488
2.8101375102996826
0.2186221480369568
-16.947296142578125
0.9339864253997803
0.4313478469848633
-7.109190464019775
-21.399967193603516
2.805126190185547
-6.18105411529541
9.519858360290527
2.484834671020508
7.22031307220459
2.3520989418029785
-0.1238776445388794
-18.07890510559082
0.6955397129058838
-0.3151203393936157
-6.579809188842773
-22.158409118652344
3.4124341011047363
-5.343427658081055
8.893959045410156
2.76880145072937
7.176995754241943
1.857163906097412
-0.3996342122554779
-19.204973220825195
0.5058830380439758
-1.1031397581100464
-5.971317291259766
-22.831518173217773
3.9768807888031006
-4.4570417404174805
8.174180030822754
2.8637654781341553
7.122751235961914
1.321968674659729
-0.6069892048835754
-20.31242561340332
0.3685133457183838
-1.9291374683380127
-5.2939348220825195
-23.41520881652832
4.480638027191162
-3.544416904449463
7.4131035804748535
2.7802228927612305
7.060861587524414
0.7434108853340149
-0.7432383298873901
-21.38111686706543
0.2847662568092346
-2.785677909851074
-4.559141159057617
-23.91165542602539
4.9045209884643555
-2.6303396224975586
6.661316871643066
2.53536057472229
6.997930526733398
0.11163854598999023
-0.8097507953643799
-22.37921142578125
0.2621915638446808
-3.656341552734375
-3.791348934173584
-24.345136642456055
5.246396541595459
-1.728954553604126
5.935996055603027
2.1275763511657715
6.939054489135742
-0.581719160079956
-0.8093803524971008
-23.27162742614746
0.3033613860607147
-4.524599075317383
-3.0094375610351562
-24.73677635192871
5.504722595214844
-0.8528624773025513
5.256595611572266
1.5564521551132202
6.890862941741943
-1.3288367986679077
-0.7512195110321045
-24.050792694091797
0.404832661151886
-5.378645896911621
-2.2253918647766113
-25.099687576293945
5.679078578948975
-0.015408635139465332
4.642557144165039
0.8222654461860657
6.858458042144775
-2.1165740489959717
-0.6428957581520081
-24.721887588500977
0.5610742568969727
-6.211733341217041
-1.4475998878479004
-25.439592361450195
5.775529861450195
0.7724380493164062
4.107068061828613
-0.07850736379623413
6.840002536773682
-2.928928852081299
-0.48878127336502075
-25.30350112915039
0.7650779485702515
-7.020914077758789
-0.6816918253898621
-25.76043128967285
5.802767753601074
1.5014004707336426
3.6599433422088623
-1.1471130847930908
6.832718372344971
-3.7496044635772705
-0.29274874925613403
-25.821226119995117
1.0104821920394897
-7.803770065307617
0.06945282220840454
-26.065509796142578
5.773824691772461
2.164915084838867
3.305999279022217
-2.38604474067688
6.834437370300293
-4.565996170043945
-0.05631712079048157
-26.29694938659668
1.290796160697937
-8.558381080627441
0.8069803714752197
-26.355911254882812
5.703444004058838
2.7582154273986816
3.045353412628174
-3.7967398166656494
6.845686912536621
-5.371282577514648
0.21859410405158997
-26.73464012145996
1.5978548526763916
-9.279030799865723
1.5359947681427002
-26.65216636657715
5.6045355796813965
3.2784476280212402
2.875605821609497
-5.377185821533203
6.863858699798584
-6.155892372131348
0.5326690077781677
-27.15668487548828
1.9247359037399292
-9.960869789123535
2.2632362842559814
-26.981021881103516
5.493057727813721
3.723829984664917
2.793212890625
-7.125816822052002
6.885508060455322
-6.911125659942627
0.8916977643966675
-27.59895896911621
2.263835906982422
-10.597320556640625
2.9985599517822266
-27.386503219604492
5.380144119262695
4.091196060180664
2.798208713531494
-9.033973693847656
6.905966758728027
-7.628859996795654
1.3049945831298828
-28.109134674072266
2.6098015308380127
-11.185580253601074
3.749238967895508
-27.903099060058594
5.269706726074219
4.375976085662842
2.896084785461426
-11.082972526550293
6.923387050628662
-8.305806159973145
1.780714511871338
-28.7205810546875
2.959468126296997
-11.727718353271484
4.522232532501221
-28.543943405151367
5.163490295410156
4.57408332824707
3.094783067703247
-13.250677108764648
6.939131259918213
-8.944358825683594
2.3266854286193848
-29.44465446472168
3.3073551654815674
-12.22801399230957
5.333926677703857
-29.31146240234375
5.059423923492432
4.677542686462402
3.4119553565979004
-15.505048751831055
6.955556392669678
-9.548286437988281
2.94826340675354
-30.277870178222656
3.657263994216919
-12.686089515686035
6.182621479034424
-30.22005271911621
4.961064338684082
4.688690185546875
3.849919319152832
-17.834266662597656
6.9740519523620605
-10.119061470031738
3.6507325172424316
-31.21860694885254
4.025446891784668
-13.092788696289062
7.051401138305664
-31.30990219116211
4.872157096862793
4.611683368682861
4.408830642700195
-20.231557846069336
6.99653959274292
-10.651198387145996
4.437105655670166
-32.281009674072266
4.415074348449707
-13.462779998779297
7.940641403198242
-32.56906509399414
4.797128677368164
4.450248718261719
5.0900959968566895
-22.691661834716797
7.034537315368652
-11.12735652923584
5.297111988067627
-33.51441955566406
4.814703464508057
-13.815975189208984
8.876374244689941
-33.972862243652344
4.740797996520996
4.205078125
5.898347854614258
-25.21059226989746
7.0938286781311035
-11.550529479980469
6.234215259552002
-34.93955612182617
5.217109680175781
-14.158199310302734
9.8771333694458
-35.518394470214844
4.708563327789307
3.8738601207733154
6.84020471572876
-27.785058975219727
7.172598838806152
-11.938096046447754
7.262696266174316
-36.547969818115234
5.622252464294434
-14.48470687866211
10.94863224029541
-37.220577239990234
4.701735973358154
3.4619667530059814
7.921863555908203
-30.425952911376953
7.269494533538818
-12.303622245788574
8.395622253417969
-38.32599639892578
6.0349016189575195
-14.810931205749512
12.10373592376709
-39.071651458740234
4.719790458679199
2.9759225845336914
9.151132583618164
-33.14796829223633
7.384101390838623
-12.657881736755371
9.646158218383789
-40.26921081542969
6.455735206604004
-15.143324851989746
13.349340438842773
-41.065792083740234
4.761491298675537
2.417285919189453
10.540263175964355
-35.96061706542969
7.517181396484375
-13.010504722595215
11.027198791503906
-42.377986907958984
6.88484001159668
-15.485183715820312
14.68852424621582
-43.196041107177734
4.829518795013428
1.7844712734222412
12.102815628051758
-38.87190628051758
7.670284748077393
-13.370316505432129
12.5502347946167
-44.653751373291016
7.320277214050293
-15.839275360107422
16.139957427978516
-45.47104263305664
4.930140972137451
1.0726604461669922
13.855097770690918
-41.88667678833008
7.84536600112915
-13.745153427124023
14.223427772521973
-47.09495162963867
7.759998321533203
-16.20857048034668
17.72637939453125
-47.901859283447266
5.072686672210693
0.2788578271865845
15.809514045715332
-45.00802993774414
8.04400634765625
-14.141549110412598
16.05390739440918
-49.70029830932617
8.203400611877441
-16.596662521362305
19.469640731811523
-50.499755859375
5.266008377075195
-0.5985211133956909
17.972490310668945
-48.241214752197266
