2
3
8.479301452636719
-2.138716697692871
3.5937037467956543
8.774413108825684
-1.9071428775787354
8.167831420898438
1.2925682067871094
-7.20452880859375
-2.311889886856079
1.3538818359375
8.726303100585938
-0.7934452295303345
8.185590744018555
-1.616879940032959
2.7848429679870605
9.722841262817383
-1.6664178371429443
7.609226226806641
1.9503463506698608
-8.25869369506836
-1.9207402467727661
1.3130868673324585
9.530001640319824
-0.8249763250350952
7.896590232849121
-1.108035683631897
1.9883579015731812
10.644423484802246
-1.426714539527893
7.067142009735107
2.6042168140411377
-9.286283493041992
-1.5314875841140747
1.2794080972671509
10.327815055847168
-0.8484336733818054
7.613336086273193
-0.6123581528663635
1.2067253589630127
11.538466453552246
-1.1867103576660156
6.5375075340271
3.257675886154175
-10.292447090148926
-1.143059253692627
1.2513266801834106
11.121692657470703
-0.8655734062194824
7.336341381072998
-0.12994131445884705
0.4415541887283325
12.404433250427246
-0.9448815584182739
6.015896797180176
3.9142558574676514
-11.282506942749023
-0.7543126344680786
1.2274179458618164
11.913545608520508
-0.8780890107154846
7.06599760055542
0.3390897512435913
-0.305558979511261
13.241767883300781
-0.6998025178909302
5.497983932495117
4.577615737915039
-12.261663436889648
-0.3634791970252991
1.2062103748321533
12.705536842346191
-0.8878278136253357
6.80275297164917
0.7946937680244446
-1.0331125259399414
14.050098419189453
-0.4503633975982666
4.9801177978515625
5.25102424621582
-13.234637260437012
0.030773013830184937
1.1863943338394165
13.499588012695312
-0.8965705037117004
6.5468573570251465
1.2365901470184326
-1.7397141456604004
14.829036712646484
-0.19500219821929932
4.459807872772217
5.937733173370361
-14.205412864685059
0.4299236238002777
1.1665822267532349
14.298158645629883
-0.9064306616783142
6.298596382141113
1.664389967918396
-2.424089193344116
15.577967643737793
0.06790265440940857
3.9350898265838623
6.641166687011719
-15.178075790405273
0.8353397846221924
1.145460844039917
15.103720664978027
-0.9194814562797546
6.058404922485352
2.0774879455566406
-3.084871768951416
16.29551887512207
0.3399527370929718
3.4039173126220703
7.364987373352051
-16.15777587890625
1.2480995655059814
1.1219836473464966
15.918055534362793
-0.9373492002487183
5.827002048492432
2.4760935306549072
-3.7205963134765625
16.982379913330078
0.6229021549224854
2.8639256954193115
8.113646507263184
-17.151321411132812
1.6693012714385986
1.0951166152954102
16.74295425415039
-0.961815595626831
5.604896545410156
2.858226776123047
-4.329600811004639
17.637197494506836
0.9180769920349121
2.3133251667022705
8.890722274780273
-18.16276741027832
2.099421262741089
1.0644192695617676
17.578908920288086
-0.9940730929374695
5.391940116882324
3.220564126968384
-4.909682750701904
18.257570266723633
1.2269060611724854
1.7509536743164062
9.699124336242676
-19.195035934448242
2.5392262935638428
1.0291167497634888
18.427019119262695
-1.0357190370559692
5.189236640930176
3.5598227977752686
-5.458395957946777
18.839401245117188
1.5500706434249878
1.1764484643936157
10.541034698486328
-20.248584747314453
2.989516496658325
0.9882866740226746
19.288211822509766
-1.0886214971542358
4.997852802276611
3.872739315032959
-5.973019123077393
19.38024139404297
1.8883568048477173
0.588882327079773
11.419018745422363
-21.325305938720703
3.4510321617126465
0.9409167170524597
20.163753509521484
-1.1548998355865479
4.818953037261963
4.158243179321289
-6.451364517211914
19.878625869750977
2.242654323577881
-0.012697398662567139
12.335721969604492
-22.427553176879883
3.923741340637207
0.8860808610916138
21.053396224975586
-1.2362415790557861
4.653707027435303
4.415242671966553
-6.891134262084961
20.33292007446289
2.6141231060028076
-0.6295743584632874
13.294281959533691
-23.558528900146484
4.407013416290283
0.8230767846107483
21.956228256225586
-1.3342238664627075
4.503568172454834
4.641683101654053
-7.289133071899414
20.739608764648438
3.0039491653442383
-1.2630462646484375
14.297677993774414
-24.721298217773438
4.901005268096924
0.7507080435752869
22.87286376953125
-1.45108163356781
4.370067596435547
4.836837291717529
-7.643105983734131
21.096784591674805
3.4134464263916016
-1.9135410785675049
15.348527908325195
-25.918590545654297
5.406153202056885
0.6677754521369934
23.80402374267578
-1.5891605615615845
4.2544636726379395
5.000560283660889
-7.950517654418945
21.403345108032227
3.843931198120117
-2.58225154876709
16.449970245361328
-27.154144287109375
5.922919273376465
0.5728055238723755
24.75059700012207
-1.7511368989944458
4.15797233581543
5.13260555267334
-8.20876407623291
21.65781593322754
4.296931266784668
-3.2710819244384766
17.60610580444336
-28.43297004699707
6.4519853591918945
0.4644462764263153
25.714160919189453
-1.9396440982818604
4.081908226013184
5.232701301574707
-8.415183067321777
21.858665466308594
4.774205207824707
-3.9824676513671875
18.821245193481445
-29.76099967956543
6.994008541107178
0.34154564142227173
26.695920944213867
-2.157165288925171
4.027467727661133
5.300760269165039
-8.567530632019043
22.004722595214844
5.277364253997803
-4.718461513519287
20.099538803100586
-31.143341064453125
7.549591064453125
0.2025364637374878
27.69683265686035
-2.406827688217163
3.9957756996154785
5.336620330810547
-8.663581848144531
22.095029830932617
5.8081793785095215
-5.481415748596191
21.445602416992188
-32.5858154296875
8.119559288024902
0.045923396944999695
28.718814849853516
-2.6913950443267822
3.988023519515991
5.339931011199951
-8.700948715209961
22.127971649169922
6.368578910827637
-6.27392053604126
22.86448860168457
-34.094818115234375
8.704790115356445
-0.12981073558330536
29.763959884643555
-3.013662815093994
4.005064487457275
5.3100690841674805
-8.67721176147461
22.101686477661133
6.960518836975098
-7.098424434661865
24.361221313476562
-35.67647171020508
9.306832313537598
-0.32616472244262695
30.834732055664062
-3.3765816688537598
4.047627925872803
5.246690273284912
-8.590154647827148
22.014984130859375
7.585935592651367
-7.957111358642578
25.94040298461914
-37.33616256713867
9.927152633666992
-0.5446525812149048
31.933778762817383
-3.783069610595703
4.116635799407959
5.149204254150391
-8.437456130981445
21.866168975830078
8.246888160705566
-8.852361679077148
27.606834411621094
-39.0794563293457
10.567205429077148
-0.7867907285690308
33.06431198120117
-4.235983371734619
4.21298360824585
5.0169525146484375
-8.216824531555176
21.653501510620117
8.945569038391113
-9.786840438842773
29.365890502929688
-40.9126091003418
11.22838020324707
-1.0541731119155884
34.2292366027832
-4.7384934425354
4.337460041046143
4.849396228790283
-7.926456928253174
21.375385284423828
9.684622764587402
-10.764208793640137
31.224567413330078
-42.84436798095703
11.912303924560547
-1.3485368490219116
35.43203353881836
-5.294154167175293
4.490991592407227
4.645586013793945
-7.56408166885376
21.029571533203125
10.466888427734375
-11.788128852844238
33.190242767333984
-44.88404846191406
12.620807647705078
-1.6716939210891724
36.676666259765625
-5.906652450561523
4.674357891082764
4.404059410095215
-7.126997947692871
20.613374710083008
11.295022964477539
-12.861163139343262
35.26892852783203
-47.040069580078125
13.356037139892578
-2.0255308151245117
37.96773147583008
-6.579934597015381
4.888503074645996
4.124005317687988
-6.61295747756958
20.124961853027344
12.172053337097168
-13.987066268920898
37.46819305419922
-49.321773529052734
14.119963645935059
-2.411924362182617
39.30927276611328
-7.31785774230957
5.1343889236450195
3.805191993713379
-6.020355701446533
19.56281089782715
13.101095199584961
-15.16965103149414
39.795692443847656
-51.738399505615234
14.914551734924316
-2.8328609466552734
40.7053108215332
-8.124545097351074
5.413079261779785
3.4471652507781982
-5.347284317016602
18.924833297729492
14.0853853225708
-16.412933349609375
42.259315490722656
-54.299713134765625
15.742029190063477
-3.2904348373413086
42.160430908203125
-9.004348754882812
5.725811958312988
3.048788070678711
-4.590639114379883
18.208141326904297
15.128235816955566
-17.721031188964844
44.86687469482422
-57.01545333862305
16.60482406616211
-3.7868154048919678
43.679603576660156
-9.961746215820312
6.073690891265869
2.6090087890625
-3.747751474380493
17.410232543945312
16.233346939086914
-19.098417282104492
47.627201080322266
-59.89622116088867
17.50536346435547
-4.324267864227295
45.267860412597656
-11.001374244689941
6.457881450653076
2.1266417503356934
-2.8157780170440674
16.52837371826172
17.404470443725586
-20.549646377563477
50.549129486083984
-62.952518463134766
18.446292877197266
-4.9051971435546875
46.93084716796875
-12.128164291381836
6.879695892333984
1.5997838973999023
-1.7909361124038696
15.55871295928955
18.645755767822266
-22.07982635498047
53.642662048339844
-66.1961669921875
19.430219650268555
-5.532053470611572
48.67303466796875
-13.347208976745605
7.340286731719971
1.0258238315582275
-0.6688351631164551
14.497413635253906
19.961650848388672
-23.694589614868164
56.91893768310547
-69.63977813720703
20.459699630737305
-6.207473278045654
50.499732971191406
-14.663829803466797
