2
3
4.971810817718506
6.965552806854248
-8.726743698120117
-8.305169105529785
3.3180747032165527
1.9173238277435303
7.38407039642334
-7.518495559692383
1.8258217573165894
-1.9546575546264648
-7.750097274780273
2.8708081245422363
4.539813995361328
6.6397199630737305
-8.906498908996582
-9.023564338684082
4.129776954650879
1.3930060863494873
6.921511173248291
-7.509627819061279
1.3634636402130127
-1.3043053150177002
-7.594013214111328
3.2991833686828613
4.129622936248779
6.273085594177246
-9.022294044494629
-9.702424049377441
4.89727783203125
0.8911908864974976
6.275547027587891
-7.40102481842041
0.9273951053619385
-0.6473290920257568
-7.353599548339844
3.6009011268615723
3.7424745559692383
5.8662495613098145
-9.082770347595215
-10.334165573120117
5.603456497192383
0.42740195989608765
5.4741926193237305
-7.207916736602783
0.5346001386642456
0.00980287790298462
-7.054953575134277
3.7657740116119385
3.3793482780456543
5.420342445373535
-9.096396446228027
-10.911916732788086
6.235632419586182
0.01296454668045044
4.534703254699707
-6.939347267150879
0.19665303826332092
0.6587120294570923
-6.724148273468018
3.789276361465454
3.041609525680542
4.93617582321167
-9.074774742126465
-11.428608894348145
6.783048629760742
-0.3413066565990448
3.4791855812072754
-6.606966972351074
-0.08665749430656433
1.2903132438659668
-6.355114459991455
3.6785049438476562
2.7277941703796387
4.4149065017700195
-9.034221649169922
-11.880950927734375
7.231164932250977
-0.6283944845199585
2.348130226135254
-6.217870235443115
-0.31581389904022217
1.8954508304595947
-5.947329044342041
3.4408695697784424
2.434145450592041
3.859898328781128
-8.999747276306152
-12.273147583007812
7.563133239746094
-0.8510732054710388
1.2036000490188599
-5.773910045623779
-0.48808398842811584
2.4639596939086914
-5.510586738586426
3.0845186710357666
2.1559805870056152
3.2815427780151367
-8.981660842895508
-12.612972259521484
7.781405448913574
-0.9991250038146973
0.0712209939956665
-5.308985710144043
-0.5986422300338745
2.982665538787842
-5.075605869293213
2.6268491744995117
1.8913401365280151
2.691688299179077
-8.958724975585938
-12.906037330627441
7.892122268676758
-1.0620604753494263
-1.0270936489105225
-4.86933708190918
-0.6481980681419373
3.444314956665039
-4.672417163848877
2.086899757385254
1.643061876296997
2.0975897312164307
-8.918078422546387
-13.153400421142578
7.903718948364258
-1.0399229526519775
-2.0767805576324463
-4.489514350891113
-0.6428641676902771
3.8506624698638916
-4.31834602355957
1.4710657596588135
1.4127581119537354
1.5028951168060303
-8.859989166259766
-13.348255157470703
7.828421115875244
-0.9423109292984009
-3.0822079181671143
-4.183042526245117
-0.5922811031341553
4.2067742347717285
-4.00496244430542
0.7733553051948547
1.1983592510223389
0.9137526750564575
-8.780719757080078
-13.494023323059082
7.6828131675720215
-0.7890170216560364
-4.069231986999512
-3.9430150985717773
-0.5071579813957214
4.512688159942627
-3.7042343616485596
-0.009077727794647217
0.9976621270179749
0.3353886604309082
-8.672388076782227
-13.596221923828125
7.472562313079834
-0.5917544960975647
-5.040384292602539
-3.7678298950195312
-0.390444278717041
4.765525817871094
-3.408372402191162
-0.8699927926063538
0.8125483989715576
-0.22986531257629395
-8.538920402526855
-13.654994010925293
7.202183723449707
-0.35814857482910156
-5.9899468421936035
-3.6609556674957275
-0.2451072633266449
4.960906028747559
-3.125127077102661
-1.7922661304473877
0.6447537541389465
-0.7810944318771362
-8.38727855682373
-13.665668487548828
6.8760294914245605
-0.09617507457733154
-6.9101433753967285
-3.6251697540283203
-0.07305769622325897
5.0962605476379395
-2.865550994873047
-2.759084701538086
0.49520349502563477
-1.3165647983551025
-8.228068351745605
-13.624351501464844
6.498762607574463
0.18692556023597717
-7.792273044586182
-3.661172389984131
0.12357701361179352
5.170854568481445
-2.638439655303955
-3.754621982574463
0.36382901668548584
-1.8328876495361328
-8.071673393249512
-13.530762672424316
6.074942588806152
0.4838660657405853
-8.628274917602539
-3.7682230472564697
0.3426339030265808
5.182912826538086
-2.4497454166412354
-4.762997627258301
0.2502378821372986
-2.3254315853118896
-7.9273600578308105
-13.386552810668945
5.609508037567139
0.7872346639633179
-9.41055965423584
-3.944925546646118
0.5805301666259766
5.132691383361816
-2.306185007095337
-5.770157814025879
0.15405431389808655
-2.7871718406677246
-7.802435874938965
-13.196257591247559
5.10807991027832
1.090469479560852
-10.13184928894043
-4.190919399261475
0.8327895998954773
5.0216779708862305
-2.210308790206909
-6.7647385597229
0.07377740740776062
-3.2081100940704346
-7.704679489135742
-12.970549583435059
4.576947212219238
1.3880584239959717
-10.78524112701416
-4.50675106048584
1.09437894821167
4.852564334869385
-2.1645865440368652
-7.736964225769043
0.008751697838306427
-3.5778181552886963
-7.644390106201172
-12.72319221496582
4.022372245788574
1.6744227409362793
-11.365226745605469
-4.894007682800293
1.360084891319275
4.628269195556641
-2.17116379737854
-8.677096366882324
-0.03760896623134613
-3.8845481872558594
-7.640712738037109
-12.47429370880127
3.450629949569702
1.9442282915115356
-11.867773056030273
-5.351715087890625
1.6239194869995117
4.3509345054626465
-2.231062889099121
-9.574003219604492
-0.05735716596245766
-4.109742164611816
-7.7202863693237305
-12.270160675048828
2.868217706680298
2.1921889781951904
-12.290104866027832
-5.876490592956543
1.8804988861083984
4.019628524780273
-2.3429362773895264
-10.409171104431152
-0.06058131158351898
-4.260213851928711
-7.875339508056641
-12.118075370788574
2.2822446823120117
2.412703275680542
-12.631855010986328
-6.461677074432373
2.121859073638916
3.6370415687561035
-2.5034031867980957
-11.166803359985352
-0.060742028057575226
-4.348824977874756
-8.088485717773438
-12.01723575592041
1.6995595693588257
2.600877046585083
-12.894614219665527
-7.100476264953613
2.340172290802002
3.213575601577759
-2.7114057540893555
-11.848313331604004
-0.06646440178155899
-4.386472225189209
-8.350160598754883
-11.969138145446777
1.128453254699707
2.753782033920288
-13.085042953491211
-7.790578842163086
2.5321342945098877
2.762226104736328
-2.9694621562957764
-12.46578311920166
-0.08538632839918137
-4.382812976837158
-8.651171684265137
-11.975748062133789
0.576467752456665
2.870913505554199
-13.21387004852295
-8.53326416015625
2.6965348720550537
2.2952499389648438
-3.2800354957580566
-13.033400535583496
-0.1235785037279129
-4.344935894012451
-8.983752250671387
-12.04379940032959
0.05001223087310791
2.9518892765045166
-13.292980194091797
-9.32877254486084
2.832268714904785
1.8235167264938354
-3.6451053619384766
-13.565206527709961
-0.1853356659412384
-4.279244422912598
-9.34128475189209
-12.180285453796387
-0.4453333616256714
2.9952404499053955
-13.337384223937988
-10.176040649414062
2.9368648529052734
1.356542706489563
-4.0642924308776855
-14.078107833862305
-0.27474331855773926
-4.192227840423584
-9.71717643737793
-12.391846656799316
-0.9079729318618774
2.998565196990967
-13.358048439025879
-11.071466445922852
3.0081114768981934
0.901688814163208
-4.5351738929748535
-14.587838172912598
-0.39409130811691284
-4.090782642364502
-10.106853485107422
-12.684407234191895
-1.337809443473816
2.9601550102233887
-13.371295928955078
-12.012822151184082
3.044222116470337
0.4637538194656372
-5.05399227142334
-15.107216835021973
-0.5431913137435913
-3.9819507598876953
-10.509047508239746
-13.061098098754883
-1.7357542514801025
2.8781938552856445
-13.394000053405762
-12.99921989440918
3.0437588691711426
0.04618924856185913
-5.616743564605713
-15.64944839477539
-0.7195248007774353
-3.8724772930145264
-10.92668342590332
-13.525904655456543
-2.104130983352661
2.7517144680023193
-13.445552825927734
-14.029218673706055
3.006096601486206
-0.34909477829933167
-6.219418525695801
-16.22709083557129
-0.9202994108200073
-3.769059181213379
-11.364678382873535
-14.080179214477539
-2.446725368499756
2.58117938041687
-13.537778854370117
-15.100712776184082
2.932199478149414
-0.7209963202476501
-6.858603477478027
-16.850852966308594
-1.1424636840820312
-3.676985740661621
-11.828466415405273
-14.724408149719238
-2.7677741050720215
2.3686649799346924
-13.673540115356445
-16.213396072387695
2.8229336738586426
-1.07023024559021
-7.531696319580078
-17.53084373474121
-1.3833658695220947
-3.600106954574585
-12.323015213012695
-15.458022117614746
-3.070643424987793
2.1168763637542725
-13.84920883178711
-17.36798095703125
2.6793859004974365
-1.3988690376281738
-8.236861228942871
-18.276180267333984
-1.6410861015319824
-3.540527820587158
-12.851266860961914
-16.28199577331543
-3.35927677154541
1.8282994031906128
-14.061604499816895
-18.566059112548828
2.503028154373169
-1.710045337677002
-8.973311424255371
-19.094627380371094
-1.914789080619812
-3.5000436305999756
-13.415297508239746
-17.195993423461914
-3.636914014816284
1.505573034286499
-14.308323860168457
-19.81131362915039
2.295360803604126
-2.0073790550231934
-9.74073314666748
-19.992868423461914
-2.202726364135742
-3.4775524139404297
-14.017248153686523
-18.203786849975586
-3.906311511993408
1.1514267921447754
-14.58810043334961
-21.10909652709961
2.0584325790405273
-2.2943062782287598
-10.540124893188477
-20.975990295410156
