2
3
3.720444917678833
-4.8153181076049805
-0.9751374125480652
10.33759880065918
6.489187717437744
7.266560077667236
-6.829720497131348
5.851533889770508
4.4905829429626465
-7.989553451538086
1.2780418395996094
-8.667996406555176
3.7806904315948486
-4.431400775909424
-1.0053116083145142
11.059595108032227
6.308460235595703
6.771499156951904
-7.047800540924072
4.906963348388672
4.559034824371338
-7.871720314025879
1.339971899986267
-8.408088684082031
3.8356966972351074
-4.059751033782959
-1.0409010648727417
11.762535095214844
6.12908411026001
6.291106224060059
-7.264848232269287
3.9968533515930176
4.622252941131592
-7.752815246582031
1.395002007484436
-8.14307689666748
3.885608196258545
-3.699559450149536
-1.0819823741912842
12.447453498840332
5.9514851570129395
5.825547218322754
-7.48141622543335
3.119926691055298
4.68035888671875
-7.63254451751709
1.4428834915161133
-7.873152732849121
3.930575132369995
-3.3501570224761963
-1.1286897659301758
13.115142822265625
5.775879859924316
5.375087738037109
-7.698394298553467
2.275393486022949
4.733473777770996
-7.510586261749268
1.4833483695983887
-7.598419666290283
3.9707438945770264
-3.0108225345611572
-1.1811515092849731
13.766585350036621
5.602499961853027
4.93961763381958
-7.916325569152832
1.4617267847061157
4.78170108795166
-7.386539936065674
1.5161186456680298
-7.318734169006348
4.006237030029297
-2.6808698177337646
-1.2394609451293945
14.402691841125488
5.431525707244873
4.518888473510742
-8.135766983032227
0.6772866249084473
4.825113296508789
-7.259952545166016
1.540863275527954
-7.033835411071777
4.037190914154053
-2.359544277191162
-1.3038227558135986
15.024460792541504
5.263268947601318
4.112664222717285
-8.357210159301758
-0.07916915416717529
4.863781452178955
-7.130447864532471
1.5572781562805176
-6.743574619293213
4.063705921173096
-2.046114444732666
-1.3744680881500244
15.632853507995605
5.097825050354004
3.7203409671783447
-8.581043243408203
-0.809176504611969
4.8981428146362305
-6.997048854827881
1.5648964643478394
-6.447621822357178
4.085887908935547
-1.7399423122406006
-1.451553463935852
16.228689193725586
4.935161590576172
3.34195876121521
-8.80811882019043
-1.51353120803833
4.928157329559326
-6.859577655792236
1.5634758472442627
-6.1459784507751465
4.103857040405273
-1.4405019283294678
-1.5352320671081543
16.812498092651367
4.775030612945557
2.97762393951416
-9.039521217346191
-2.1928765773773193
4.953792572021484
-6.717921733856201
1.55283784866333
-5.838778495788574
4.117627143859863
-1.1473584175109863
-1.625596046447754
17.38481903076172
4.61665153503418
2.6276683807373047
-9.276664733886719
-2.8479809761047363
4.974991321563721
-6.571903228759766
1.532726526260376
-5.525989532470703
4.127679824829102
-0.8585582971572876
-1.7235198020935059
17.94723129272461
4.459262847900391
2.2918519973754883
-9.52050495147705
-3.4801764488220215
4.991692066192627
-6.421372890472412
1.5028865337371826
-5.2075934410095215
4.134178638458252
-0.5729117393493652
-1.8296992778778076
18.501115798950195
4.302574157714844
1.9694095849990845
-9.77153205871582
-4.091395854949951
5.003824710845947
-6.26616096496582
1.4630486965179443
-4.8834967613220215
4.13722562789917
-0.2897168695926666
-1.9445229768753052
19.047208786010742
4.146242141723633
1.6597455739974976
-10.030384063720703
-4.682939052581787
5.011307239532471
-6.106119155883789
1.4129459857940674
-4.553600311279297
4.136862277984619
-0.008549720048904419
-2.0682709217071533
19.58574676513672
3.989961624145508
1.3622016906738281
-10.297674179077148
-5.256054401397705
5.0140380859375
-5.941192626953125
1.352358102798462
-4.217904090881348
4.133157253265381
0.2707676589488983
-2.2012248039245605
20.11655044555664
3.8333277702331543
1.0758788585662842
-10.573824882507324
-5.812220096588135
5.011932849884033
-5.7713422775268555
1.281043291091919
-3.8763909339904785
4.12610387802124
0.5483981966972351
-2.343703508377075
20.639461517333984
3.6755852699279785
0.7997664213180542
-10.859097480773926
-6.352986812591553
5.004917621612549
-5.596578598022461
1.1987824440002441
-3.529086112976074
4.115549564361572
0.8244237899780273
-2.4960153102874756
21.154346466064453
3.516464948654175
0.5332657098770142
-11.153670310974121
-6.87893009185791
4.992920398712158
-5.416967868804932
1.1053739786148071
-3.1761090755462646
4.101278781890869
1.0985065698623657
-2.658369779586792
21.66037940979004
3.3559303283691406
0.27626538276672363
-11.457759857177734
-7.38975191116333
4.975834846496582
-5.232595443725586
1.0005828142166138
-2.8175230026245117
4.083065986633301
1.3704540729522705
-2.831047534942627
22.15717887878418
3.1938157081604004
0.028902053833007812
-11.771665573120117
-7.885250568389893
4.953561782836914
-5.0435791015625
0.8841750621795654
-2.453450918197632
4.060499668121338
1.6397910118103027
-3.0142033100128174
22.644533157348633
3.0295863151550293
-0.20934346318244934
-12.096019744873047
-8.365839004516602
4.9259796142578125
-4.850003719329834
0.7558811902999878
-2.0838379859924316
4.0331339836120605
1.905661940574646
-3.207735776901245
23.121549606323242
2.862959146499634
-0.43908262252807617
-12.43129825592041
-8.83215618133545
4.892965316772461
-4.65198278427124
0.6153796315193176
-1.7087727785110474
4.000849723815918
2.1679041385650635
-3.4117233753204346
23.587806701660156
2.6938235759735107
-0.6608763933181763
-12.777496337890625
-9.284772872924805
4.854345321655273
-4.449704647064209
0.46235132217407227
-1.3283647298812866
3.9634339809417725
2.4264848232269287
-3.626436471939087
24.04340171813965
2.521841049194336
-0.8751192092895508
-13.135211944580078
-9.72395133972168
4.809995174407959
-4.243463516235352
0.2966512441635132
-0.9429265260696411
3.9206736087799072
2.6813623905181885
-3.8521530628204346
24.488414764404297
2.346637487411499
-1.0820789337158203
-13.504915237426758
-10.149606704711914
4.759740829467773
-4.033572673797607
0.11802227795124054
-0.5527918338775635
3.872354030609131
2.9324846267700195
-4.089147090911865
24.92293357849121
2.1677401065826416
-1.2821468114852905
-13.887552261352539
-10.562186241149902
4.7035040855407715
-3.8203210830688477
-0.07376633584499359
-0.1583910584449768
3.818206548690796
3.180032730102539
-4.337800979614258
25.3477725982666
1.9848206043243408
-1.4755586385726929
-14.283459663391113
-10.961790084838867
4.641183376312256
-3.6040420532226562
-0.2790314555168152
0.23970478773117065
3.757993221282959
3.4240472316741943
-4.598438262939453
25.763349533081055
1.7975883483886719
-1.6624565124511719
-14.693195343017578
-11.348381042480469
4.5726799964904785
-3.386232376098633
-0.4975714683532715
0.6400904655456543
3.6915132999420166
3.664433002471924
-4.871328353881836
26.169740676879883
1.6057324409484863
-1.8429487943649292
-15.117445945739746
-11.721930503845215
4.49784517288208
-3.1673078536987305
-0.7295799255371094
1.042177677154541
3.618568181991577
3.9011030197143555
-5.156728744506836
26.56705093383789
1.4089235067367554
-2.017141580581665
-15.556869506835938
-12.082460403442383
4.416406154632568
-2.9474079608917236
-0.9754780530929565
1.4458431005477905
3.538985252380371
4.133957862854004
-5.454914093017578
26.955265045166016
1.2068305015563965
-2.1849544048309326
-16.0119686126709
-12.42958927154541
4.328134536743164
-2.7264978885650635
-1.2357065677642822
1.8511667251586914
3.452558994293213
4.362971305847168
-5.766186714172363
27.334583282470703
0.9991205334663391
-2.3463363647460938
-16.483375549316406
-12.763115882873535
4.232832908630371
-2.5044126510620117
-1.5107111930847168
2.2584383487701416
3.3590996265411377
4.588123321533203
-6.090801239013672
27.7051944732666
0.7856313586235046
-2.501295566558838
-16.971899032592773
-13.083186149597168
4.130227088928223
-2.281216621398926
-1.800919532775879
2.667510986328125
3.258441925048828
4.80932092666626
-6.429018020629883
28.06708335876465
0.5661618709564209
-2.6498754024505615
-17.47841453552246
-13.390096664428711
4.020013332366943
-2.0570638179779053
-2.106719493865967
3.0780842304229736
3.1503875255584717
5.026553630828857
-6.781131744384766
28.420495986938477
0.34047621488571167
-2.7919702529907227
-18.00348472595215
-13.683777809143066
3.9019925594329834
-1.8320482969284058
-2.428571939468384
3.4898009300231934
3.0347328186035156
5.239858150482178
-7.147459983825684
28.765737533569336
0.1084299385547638
-2.9273557662963867
-18.547571182250977
-13.964004516601562
3.7760696411132812
-1.6063932180404663
-2.766960859298706
3.9022603034973145
2.9112610816955566
5.449312686920166
-7.528340816497803
29.10321807861328
-0.13024872541427612
-3.0558300018310547
-19.111438751220703
-14.230574607849121
3.6419782638549805
-1.380838394165039
-3.1222167015075684
4.315110206604004
2.779750108718872
5.655007839202881
-7.924123287200928
29.433364868164062
-0.375862717628479
-3.17722487449646
-19.69588851928711
-14.483306884765625
3.4995203018188477
-1.1555219888687134
-3.494750738143921
4.728309631347656
2.6399648189544678
5.857067108154297
-8.335183143615723
29.756685256958008
-0.6286656260490417
-3.2912280559539795
-20.30164337158203
-14.72165298461914
3.3485004901885986
-0.9305436611175537
-3.8849847316741943
5.141861915588379
