2
3
-3.5818519592285156
5.08156156539917
-5.024115085601807
-8.127701759338379
2.777799367904663
-4.148846626281738
-4.652469635009766
-4.159178733825684
6.401546001434326
8.71630573272705
4.525264263153076
2.3041346073150635
-3.338540554046631
4.744094371795654
-4.4901556968688965
-8.796549797058105
2.6541261672973633
-3.7743282318115234
-5.070042610168457
-3.4778270721435547
6.276232719421387
8.401256561279297
4.265556812286377
1.6810333728790283
-3.1042628288269043
4.410863876342773
-3.9694223403930664
-9.458253860473633
2.528494119644165
-3.4033327102661133
-5.489583492279053
-2.809368848800659
6.147202491760254
8.09014892578125
4.008783340454102
1.069340467453003
-2.8787548542022705
4.079684257507324
-3.4606473445892334
-10.115062713623047
2.400984764099121
-3.037595272064209
-5.91062593460083
-2.1554741859436035
6.014826774597168
7.783102512359619
3.7550368309020996
0.4684857130050659
-2.6613998413085938
3.748440742492676
-2.9627017974853516
-10.769299507141113
2.2718617916107178
-2.678795576095581
-6.33247184753418
-1.517827033996582
5.879565238952637
7.480452537536621
3.504424571990967
-0.12199687957763672
-2.451726198196411
3.414944887161255
-2.4745731353759766
-11.42357063293457
2.1412463188171387
-2.3288564682006836
-6.754372596740723
-0.8981413245201111
5.74191427230835
7.182333469390869
3.2573862075805664
-0.7023926377296448
-2.2490015029907227
3.077300786972046
-1.9947940111160278
-12.08018684387207
2.0088634490966797
-1.9911879301071167
-7.175779342651367
-0.2987530827522278
5.602842330932617
6.8885416984558105
3.013943910598755
-1.274300217628479
-2.052396297454834
2.7338943481445312
-1.521780014038086
-12.741344451904297
1.874836802482605
-1.666517972946167
-7.596311092376709
0.27908849716186523
5.462954998016357
6.598410129547119
2.7743263244628906
-1.8395005464553833
-1.8611797094345093
2.383336067199707
-1.054144263267517
-13.409235000610352
1.7391843795776367
-1.3552677631378174
-8.015971183776855
0.8342481851577759
5.3226094245910645
6.311005115509033
2.53888201713562
-2.399794578552246
-1.6745946407318115
2.024509906768799
-0.5905362963676453
-14.08595085144043
1.602140188217163
-1.0577332973480225
-8.434226989746094
1.3658382892608643
5.1821722984313965
6.025359153747559
2.308051109313965
-2.956785202026367
-1.4919207096099854
1.6564534902572632
-0.1295900046825409
-14.77354907989502
1.4634339809417725
-0.7745616436004639
-8.850870132446289
1.872559666633606
5.041981220245361
5.740375995635986
2.082369565963745
-3.5121936798095703
-1.3124758005142212
1.2782293558120728
0.3300451636314392
-15.474222183227539
1.3229155540466309
-0.5061792135238647
-9.26604175567627
2.3532068729400635
4.902385234832764
5.45485258102417
1.8626700639724731
-4.0678019523620605
-1.135655164718628
0.888136625289917
0.7899600267410278
-16.192228317260742
1.180749773979187
-0.2529774308204651
-9.679327011108398
2.8067235946655273
4.76367712020874
5.1674652099609375
1.64945387840271
-4.625606536865234
-0.9607179164886475
0.48473358154296875
1.2519851922988892
-16.93108558654785
1.0369555950164795
-0.01536870002746582
-10.090779304504395
3.232038736343384
4.626132488250732
4.876838207244873
1.4433783292770386
-5.187628746032715
-0.7869598269462585
0.06721729040145874
1.718186855316162
-17.69274139404297
0.8913856744766235
0.2062000036239624
-10.500727653503418
3.6281955242156982
4.489795207977295
4.581524848937988
1.2450309991836548
-5.755931854248047
-0.6136548519134521
-0.3654259443283081
2.190371513366699
-18.47977638244629
0.7442291975021362
0.41118741035461426
-10.908547401428223
3.9940664768218994
4.354581832885742
4.280309677124023
1.054692029953003
-6.332463264465332
-0.4402236342430115
-0.8132477402687073
2.669820785522461
-19.292705535888672
0.5958819389343262
0.59775710105896
-11.313092231750488
4.327454090118408
4.220978260040283
3.972043514251709
0.8729929327964783
-6.919277667999268
-0.26594340801239014
-1.2769386768341064
3.1582159996032715
-20.133316040039062
0.4467494487762451
0.7643154263496399
-11.713312149047852
4.626805782318115
4.089439392089844
3.6555891036987305
0.7005836963653564
-7.5185065269470215
-0.09005099534988403
-1.757697582244873
3.657449722290039
-21.00453758239746
0.29739969968795776
0.9098201990127563
-12.107897758483887
4.89078950881958
3.960326671600342
3.3298964500427246
0.5379823446273804
-8.132231712341309
0.08822239935398102
-2.256662130355835
4.169426918029785
-21.909332275390625
0.14819030463695526
1.0330901145935059
-12.496198654174805
5.117761135101318
3.8341891765594482
2.9937744140625
0.38619357347488403
-8.762980461120605
0.26967787742614746
-2.775017499923706
4.696218490600586
-22.850698471069336
-0.0005069375038146973
1.1330550909042358
-12.877547264099121
5.306316375732422
3.711448907852173
2.6460680961608887
0.24597015976905823
-9.413238525390625
0.4554612636566162
-3.3136863708496094
5.239978313446045
-23.831758499145508
-0.14792101085186005
1.2085561752319336
-13.250539779663086
5.454555988311768
3.59252667427063
2.2855384349823
0.11817796528339386
-10.085793495178223
0.6468417048454285
-3.8736841678619385
5.80303955078125
-24.856098175048828
-0.29335451126098633
1.2586501836776733
-13.613905906677246
5.5607380867004395
3.4777724742889404
1.9110126495361328
0.0035810545086860657
-10.7832612991333
0.8447719216346741
-4.456507682800293
6.38778018951416
-25.92755889892578
-0.4360191524028778
1.2825599908828735
-13.966211318969727
5.622918128967285
3.367604970932007
1.520857810974121
-0.0966411605477333
-11.50859260559082
1.0502092838287354
-5.063869953155518
6.996895790100098
-27.050256729125977
-0.5750488638877869
1.2797166109085083
-14.305785179138184
5.63934326171875
3.262303590774536
1.11405611038208
-0.18155759572982788
-12.264156341552734
1.2641106843948364
-5.697378158569336
7.633162498474121
-28.228168487548828
-0.7096107006072998
1.2493665218353271
-14.630815505981445
5.607903957366943
3.1622276306152344
0.6894305944442749
-0.25006937980651855
-13.052383422851562
1.4876246452331543
-6.358941078186035
8.2997407913208
-29.4659481048584
-0.839107096195221
1.1911888122558594
-14.940279006958008
5.527278423309326
3.0678744316101074
0.2457135021686554
-0.30090272426605225
-13.87610149383545
1.7220220565795898
-7.050650596618652
9.000080108642578
-30.768667221069336
-0.9628121256828308
1.1046342849731445
-15.232629776000977
5.395652770996094
2.9797756671905518
-0.21833881735801697
-0.3327246308326721
-14.738082885742188
1.9686853885650635
-7.774781703948975
9.737935066223145
-32.141815185546875
-1.0801112651824951
0.9890397191047668
-15.506636619567871
5.211147308349609
2.898536443710327
-0.7043052911758423
-0.3438352644443512
-15.641682624816895
2.2290725708007812
-8.533489227294922
10.517110824584961
-33.59101104736328
-1.19038724899292
0.8436853289604187
-15.761075973510742
4.971778392791748
2.8248441219329834
-1.2138385772705078
-0.33235448598861694
-16.590412139892578
2.5048160552978516
-9.329109191894531
11.341623306274414
-35.12232208251953
-1.29296875
0.6678339242935181
-15.99443244934082
4.67548942565918
2.759458541870117
-1.748676061630249
-0.2962123453617096
-17.587961196899414
2.7975993156433105
-10.164115905761719
12.215909957885742
-36.741939544677734
-1.3871347904205322
0.4607185125350952
-16.205089569091797
4.320174217224121
2.703195333480835
-2.3106300830841064
-0.23318612575531006
-18.638164520263672
3.109257698059082
-11.041120529174805
13.144769668579102
-38.4564208984375
-1.472074031829834
0.2215086817741394
-16.391189575195312
3.903597831726074
2.6569275856018066
-2.901566505432129
-0.14088940620422363
-19.744970321655273
3.441784143447876
-11.963566780090332
14.134092330932617
-40.273399353027344
-1.5470526218414307
-0.050699979066848755
-16.551027297973633
3.423344612121582
2.6216275691986084
-3.5234813690185547
-0.016666322946548462
-20.91263198852539
3.797306537628174
-12.935794830322266
15.19091796875
-42.20137405395508
-1.6114873886108398
-0.3567848801612854
-16.683298110961914
2.877098798751831
2.5983543395996094
-4.178490161895752
0.14238329231739044
-22.14566421508789
4.178129196166992
-13.961163520812988
16.321430206298828
-44.24835968017578
-1.6644468307495117
-0.6979841589927673
-16.785715103149414
2.261826992034912
2.5882580280303955
-4.8688435554504395
0.3394208550453186
-23.448863983154297
4.586799144744873
-15.042816162109375
17.531965255737305
-46.4232292175293
-1.705043911933899
-1.0756127834320068
-16.85624885559082
1.5745878219604492
2.5925843715667725
-5.596885681152344
0.5778875350952148
-24.827207565307617
5.0261054039001465
-16.184560775756836
18.829952239990234
-48.73567581176758
-1.7327516078948975
-1.4907214641571045
-16.893510818481445
0.8127466440200806
2.6126880645751953
-6.365078926086426
0.861530601978302
-26.28592300415039
5.498937606811523
-17.390186309814453
20.222929000854492
-51.1956672668457
-1.7473385334014893
-1.9444551467895508
-16.89574432373047
-0.026703715324401855
2.650022268295288
-7.1760358810424805
1.1943939924240112
-27.830547332763672
6.008283615112305
-18.66320037841797
21.718292236328125
-53.81367492675781
-1.7475465536117554
-2.438693046569824
-16.860050201416016
-0.9481793642044067
2.7060718536376953
-8.032426834106445
1.5805991888046265
-29.46661949157715
