2
3
-4.169707775115967
4.745872974395752
-6.386676788330078
-5.0166473388671875
-9.809406280517578
7.409921169281006
-5.613053321838379
8.589117050170898
-7.938597202301025
-6.846477031707764
-7.090156078338623
-1.9258486032485962
-4.446127414703369
4.44155216217041
-6.870742321014404
-5.581490516662598
-9.745105743408203
7.102848052978516
-5.395083427429199
8.05711555480957
-8.028164863586426
-6.331570625305176
-7.472475051879883
-1.0075478553771973
-4.723045349121094
4.149361610412598
-7.36090087890625
-6.128286838531494
-9.688619613647461
6.81282377243042
-5.197419166564941
7.555592060089111
-8.124878883361816
-5.825127601623535
-7.864996910095215
-0.10111492872238159
-5.00071382522583
3.868535280227661
-7.858132362365723
-6.658688545227051
-9.640007972717285
6.53938627243042
-5.020042896270752
7.083353519439697
-8.228804588317871
-5.328836917877197
-8.26752758026123
0.7912866473197937
-5.279422760009766
3.598140001296997
-8.363422393798828
-7.174403190612793
-9.599322319030762
6.28206205368042
-4.862974166870117
6.6391401290893555
-8.339902877807617
-4.842752456665039
-8.680089950561523
1.6691491603851318
-5.559482097625732
3.3371593952178955
-8.877785682678223
-7.6770734786987305
-9.566621780395508
6.040311336517334
-4.726232528686523
6.221563339233398
-8.458929061889648
-4.367059230804443
-9.103248596191406
2.532057285308838
-5.841222763061523
3.0844979286193848
-9.402318954467773
-8.168383598327637
-9.542020797729492
5.813610553741455
-4.609956741333008
5.8293938636779785
-8.586264610290527
-3.9016592502593994
-9.537674903869629
3.379605531692505
-6.124968528747559
2.8391001224517822
-9.938108444213867
-8.64985179901123
-9.525674819946289
5.601492404937744
-4.514374732971191
5.461463928222656
-8.722010612487793
-3.4463095664978027
-9.98364543914795
4.211718559265137
-6.411134719848633
2.5998892784118652
-10.486248970031738
-9.122904777526855
-9.517722129821777
5.403418064117432
-4.439671516418457
5.116601943969727
-8.866313934326172
-3.0007691383361816
-10.441595077514648
5.028346061706543
-6.701102256774902
2.365182876586914
-11.0479097366333
-9.589028358459473
-9.518356323242188
5.218788146972656
-4.38616418838501
4.793755054473877
-9.01926326751709
-2.564730644226074
-10.911846160888672
5.829592704772949
-6.9953155517578125
2.134103775024414
-11.62421989440918
-10.0493803024292
-9.527777671813965
5.046933650970459
-4.354074478149414
4.4917426109313965
-9.180920600891113
-2.137880563735962
-11.394654273986816
6.615602493286133
-7.294224262237549
1.9059544801712036
-12.216361045837402
-10.504870414733887
-9.546231269836426
4.887266159057617
-4.343854904174805
4.2095489501953125
-9.351461410522461
-1.7198805809020996
-11.890605926513672
7.386587142944336
-7.598296165466309
1.6802380084991455
-12.825493812561035
-10.956082344055176
-9.573945999145508
4.739185810089111
-4.355965614318848
3.9462287425994873
-9.531201362609863
-1.3103148937225342
-12.400700569152832
8.142987251281738
-7.9080047607421875
1.4565638303756714
-13.452849388122559
-11.403563499450684
-9.611156463623047
4.601917743682861
-4.390679836273193
3.70058012008667
-9.72027587890625
-0.9088045954704285
-12.925487518310547
8.885224342346191
-8.223814010620117
1.2346651554107666
-14.0996732711792
-11.847755432128906
-9.658166885375977
4.474464416503906
-4.448205947875977
3.4713006019592285
-9.918926239013672
-0.5149238109588623
-13.465807914733887
9.613972663879395
-8.546226501464844
1.0143389701843262
-14.767173767089844
-12.289012908935547
-9.715209007263184
4.356086254119873
-4.528905391693115
3.2572929859161377
-10.126978874206543
-0.12838703393936157
-14.021995544433594
10.329669952392578
-8.875839233398438
0.7955055236816406
-15.456607818603516
-12.727448463439941
-9.782526016235352
4.2461018562316895
-4.6331706047058105
3.0575923919677734
-10.344233512878418
0.25120896100997925
-14.595004081726074
11.033177375793457
-9.213200569152832
0.5781792402267456
-16.169031143188477
-13.162874221801758
-9.860342025756836
4.143805503845215
-4.761369705200195
2.8713154792785645
-10.570708274841309
0.6240979433059692
-15.185199737548828
11.724946975708008
-9.558685302734375
0.36249738931655884
-16.90534210205078
-13.595297813415527
-9.948915481567383
4.048582553863525
-4.913951873779297
2.697620391845703
-10.805992126464844
0.989575982093811
-15.792576789855957
12.404828071594238
-9.912078857421875
0.14920379221439362
-17.66592788696289
-14.023882865905762
-10.048494338989258
3.959850788116455
-5.091360092163086
2.535702705383301
-11.049628257751465
1.3456459045410156
-16.41681671142578
13.07194709777832
-10.273582458496094
-0.061165645718574524
-18.4512996673584
-14.447457313537598
-10.159320831298828
3.8770413398742676
-5.2940287590026855
2.3847756385803223
-11.301589012145996
1.6918076276779175
-17.058000564575195
13.726236343383789
-10.643596649169922
-0.26838845014572144
-19.26211166381836
-14.865558624267578
-10.281599998474121
3.799590587615967
-5.522316932678223
2.2440102100372314
-11.5618314743042
2.027717351913452
-17.71602439880371
14.367515563964844
-11.022015571594238
-0.4719447195529938
-20.099287033081055
-15.277887344360352
-10.415555000305176
3.727065086364746
-5.77669620513916
2.11276912689209
-11.830477714538574
2.353118896484375
-18.391029357910156
14.995840072631836
-11.408949851989746
-0.6715034246444702
-20.963834762573242
-15.684256553649902
-10.561454772949219
3.6591694355010986
-6.0577545166015625
1.9905704259872437
-12.107545852661133
2.667776584625244
-19.08281898498535
15.611159324645996
-11.80485725402832
-0.8670162558555603
-21.856897354125977
-16.084671020507812
-10.71957015991211
3.5957045555114746
-6.366051197052002
1.876865267753601
-12.393144607543945
2.9714765548706055
-19.79172706604004
16.213417053222656
-12.210112571716309
-1.0584088563919067
-22.77948760986328
-16.479076385498047
-10.890054702758789
3.536072254180908
-6.701882362365723
1.7707828283309937
-12.687211036682129
3.263887882232666
-20.517627716064453
16.802139282226562
-12.625136375427246
-1.2456507682800293
-23.732696533203125
-16.867496490478516
-11.073216438293457
3.4801130294799805
-7.065944671630859
1.67201828956604
-12.989970207214355
3.5451738834381104
-21.26104736328125
17.378034591674805
-13.050376892089844
-1.4287362098693848
-24.717674255371094
-17.24999237060547
-11.269270896911621
3.427804470062256
-7.458793640136719
1.5803112983703613
-13.301359176635742
3.815192222595215
-22.021926879882812
17.941089630126953
-13.486140251159668
-1.6076335906982422
-25.735353469848633
-17.62656593322754
-11.478368759155273
3.3790111541748047
-7.880975723266602
1.4953086376190186
-13.621368408203125
4.074104309082031
-22.800806045532227
18.49173355102539
-13.932856559753418
-1.7823398113250732
-26.78684425354004
-17.99726104736328
-11.70070743560791
3.3336689472198486
-8.33315658569336
1.4167752265930176
-13.949999809265137
4.322159290313721
-23.598037719726562
19.030290603637695
-14.390950202941895
-1.9528051614761353
-27.873138427734375
-18.361984252929688
-11.936553001403809
3.291712999343872
-8.816117286682129
1.3445329666137695
-14.287506103515625
4.559746742248535
-24.414262771606445
19.557172775268555
-14.86085319519043
-2.119006395339966
-28.995319366455078
-18.720703125
-12.186161041259766
3.2530839443206787
-9.330639839172363
1.278396487236023
-14.634355545043945
4.787532329559326
-25.250398635864258
20.07309341430664
-15.34314250946045
-2.2810475826263428
-30.154834747314453
-19.073780059814453
-12.449775695800781
3.2176976203918457
-9.87755012512207
1.218139410018921
-14.990791320800781
5.006082534790039
-26.107330322265625
20.57900047302246
-15.838269233703613
-2.438915252685547
-31.352840423583984
-19.421188354492188
-12.727693557739258
3.1855485439300537
-10.457794189453125
1.1637146472930908
-15.35707950592041
5.215950012207031
-26.9859619140625
21.07579803466797
-16.34667205810547
-2.5925815105438232
-32.590476989746094
-19.762853622436523
-13.020184516906738
3.1566274166107178
-11.072291374206543
1.1150312423706055
-15.733502388000488
5.417668342590332
-27.887205123901367
21.56435775756836
-16.868791580200195
-2.7420144081115723
-33.868896484375
-20.09868621826172
-13.327521324157715
3.130936622619629
-11.721981048583984
1.072038173675537
-16.120328903198242
5.611744403839111
-28.81193733215332
22.045520782470703
-17.405029296875
-2.887185573577881
-35.189231872558594
-20.42859649658203
-13.649994850158691
3.1084842681884766
-12.407828330993652
1.0347124338150024
-16.517871856689453
5.798704624176025
-29.761133193969727
22.520214080810547
-17.955665588378906
-3.0280158519744873
-36.552364349365234
-20.752361297607422
-13.987908363342285
3.0892937183380127
-13.130837440490723
1.0030816793441772
-16.926448822021484
5.979064464569092
-30.73578643798828
22.989364624023438
-18.521095275878906
-3.1644294261932373
-37.95934295654297
-21.069753646850586
-14.341530799865723
3.0734031200408936
-13.8920259475708
0.9772095084190369
-17.346410751342773
6.153346538543701
-31.73697280883789
23.453943252563477
-19.10170555114746
-3.2963380813598633
-39.41120147705078
-21.38051414489746
-14.711129188537598
3.0608627796173096
-14.692441940307617
0.9572006464004517
-17.77815055847168
6.322091579437256
-32.76591110229492
23.914993286132812
