2
3
-7.605526447296143
-9.946417808532715
8.822897911071777
-3.493898868560791
-5.267345905303955
2.200296401977539
8.692756652832031
1.7786844968795776
1.3539674282073975
0.8200684189796448
-12.062588691711426
-0.846085786819458
-6.809937477111816
-10.122696876525879
9.131203651428223
-2.42526912689209
-4.742839336395264
2.129074811935425
9.058260917663574
0.8094491362571716
0.24329102039337158
0.9436841011047363
-12.675541877746582
-1.3473353385925293
-5.9800615310668945
-10.17044734954834
9.152447700500488
-1.391257405281067
-4.2118000984191895
1.9710471630096436
9.380436897277832
-0.05291563272476196
-0.8420413732528687
1.072710633277893
-13.155814170837402
-1.9588470458984375
-5.157686233520508
-10.081028938293457
8.951997756958008
-0.4034841060638428
-3.6468496322631836
1.72800612449646
9.556232452392578
-0.7932989001274109
-1.8945841789245605
1.1855502128601074
-13.499897956848145
-2.636176824569702
-4.366518497467041
-9.871269226074219
8.573531150817871
0.535254955291748
-3.0418810844421387
1.4179030656814575
9.543320655822754
-1.4050874710083008
-2.909848690032959
1.2661032676696777
-13.702561378479004
-3.339266777038574
-3.619001626968384
-9.560563087463379
8.039416313171387
1.4299821853637695
-2.418428659439087
1.060788631439209
9.372010231018066
-1.880422830581665
-3.885241746902466
1.30623459815979
-13.751029968261719
-4.047938823699951
-2.924741744995117
-9.160785675048828
7.374793529510498
2.270136833190918
-1.8038232326507568
0.6817178130149841
9.084894180297852
-2.2390105724334717
-4.818087577819824
1.3009154796600342
-13.630471229553223
-4.75836181640625
-2.2915267944335938
-8.67939281463623
6.602575778961182
3.0370371341705322
-1.2093346118927002
0.2940822243690491
8.684860229492188
-2.49341082572937
-5.700227737426758
1.2457678318023682
-13.337164878845215
-5.468342304229736
-1.721426010131836
-8.13060474395752
5.7311506271362305
3.727780818939209
-0.6441200971603394
-0.0903262197971344
8.169339179992676
-2.6577186584472656
-6.522292613983154
1.1359553337097168
-12.873839378356934
-6.175540447235107
-1.2164428234100342
-7.529540061950684
4.774323463439941
4.34075403213501
-0.1168108582496643
-0.4592284858226776
7.542049407958984
-2.75203275680542
-7.27022123336792
0.9698415994644165
-12.2537260055542
-6.8747711181640625
-0.7770927548408508
-6.886768817901611
3.7476677894592285
4.867593288421631
0.36468952894210815
-0.8048361539840698
6.823564529418945
-2.793031692504883
-7.930102348327637
0.7440747022628784
-11.492071151733398
-7.555993556976318
-0.4077598750591278
-6.211016654968262
2.6746201515197754
5.300987720489502
0.7955818176269531
-1.1222341060638428
6.030498504638672
-2.793062448501587
-8.48369026184082
0.4530634880065918
-10.62728500366211
-8.204379081726074
-0.11920866370201111
-5.507922172546387
1.5877043008804321
5.633633613586426
1.171871542930603
-1.4068175554275513
5.180291175842285
-2.761455774307251
-8.928868293762207
0.09661954641342163
-9.688337326049805
-8.81148910522461
0.06570562720298767
-4.77997350692749
0.531388521194458
5.860174179077148
1.4874615669250488
-1.6546432971954346
4.291196823120117
-2.70283842086792
-9.265155792236328
-0.3235819339752197
-8.72283935546875
-9.371153831481934
0.14243680238723755
-4.036031723022461
-0.49182963371276855
5.986936569213867
1.7347426414489746
-1.8622056245803833
3.3570663928985596
-2.619368553161621
-9.48159408569336
-0.8036400079727173
-7.737734317779541
-9.873546600341797
0.13619549572467804
-3.294196605682373
-1.5455467700958252
6.0266828536987305
1.9038474559783936
-2.018832206726074
2.3988864421844482
-2.5271875858306885
-9.582778930664062
-1.3390636444091797
-6.730143070220947
-10.295923233032227
0.05363790690898895
-2.5609171390533447
-2.614642858505249
5.972249507904053
1.9992773532867432
-2.1230084896087646
1.4462459087371826
-2.4424502849578857
-9.582084655761719
-1.9256863594055176
-5.702413082122803
-10.619549751281738
-0.10622711479663849
-1.8418402671813965
-3.635341167449951
5.80850887298584
2.0377273559570312
-2.186800956726074
0.4878641366958618
-2.3608932495117188
-9.494439125061035
-2.556565046310425
-4.669365882873535
-10.830924034118652
-0.33925861120224
-1.1447304487228394
-4.567251205444336
5.527493000030518
2.0294718742370605
-2.220719337463379
-0.48697763681411743
-2.2796666622161865
-9.327805519104004
-3.22314715385437
-3.6517367362976074
-10.920025825500488
-0.6388953924179077
-0.47859370708465576
-5.388960361480713
5.126296043395996
1.974496603012085
-2.2268424034118652
-1.4693219661712646
-2.2082178592681885
-9.086755752563477
-3.915675163269043
-2.6717076301574707
-10.88082218170166
-0.9974485039710999
0.14586299657821655
-6.088102340698242
4.607482433319092
1.8699376583099365
-2.2044026851654053
-2.4462532997131348
-2.159700870513916
-8.776144027709961
-4.619428634643555
-1.7507997751235962
-10.71174430847168
-1.4043159484863281
0.7169304490089417
-6.652763843536377
3.9788994789123535
1.7143731117248535
-2.151794195175171
-3.4053378105163574
-2.148747444152832
-8.40422248840332
-5.309271335601807
-0.9108384251594543
-10.430642127990723
-1.847283959388733
1.225847601890564
-7.073460578918457
3.2477974891662598
1.4994666576385498
-2.0689468383789062
-4.328005790710449
-2.1857433319091797
-7.973103046417236
-5.950139999389648
-0.18235594034194946
-10.082890510559082
-2.309087038040161
1.6688215732574463
-7.352518081665039
2.420609712600708
1.2207083702087402
-1.9520245790481567
-5.1966376304626465
-2.2870633602142334
-7.496113300323486
-6.544067859649658
0.4307101368904114
-9.659727096557617
-2.7653770446777344
2.0487968921661377
-7.5020952224731445
1.4987938404083252
0.8761817216873169
-1.7976106405258179
-5.996068000793457
-2.471893787384033
-6.987764358520508
-7.087141990661621
0.9306764602661133
-9.16135025024414
-3.200094223022461
2.356097459793091
-7.528071880340576
0.5070858001708984
0.4658874273300171
-1.6258225440979004
-6.699470520019531
-2.7324559688568115
-6.459092140197754
-7.569964408874512
1.3096442222595215
-8.591259956359863
-3.6007204055786133
2.5768063068389893
-7.4475531578063965
-0.5166113376617432
0.002726733684539795
-1.4610702991485596
-7.292628765106201
-3.0497212409973145
-5.914241790771484
-7.974985122680664
1.5447646379470825
-7.980254173278809
-3.9506561756134033
2.7047462463378906
-7.293316841125488
-1.546207070350647
-0.49571964144706726
-1.3179494142532349
-7.779886245727539
-3.4077324867248535
-5.3634514808654785
-8.295029640197754
1.6197810173034668
-7.343767166137695
-4.245936393737793
2.747861623764038
-7.089864730834961
-2.5720601081848145
-1.0130796432495117
-1.1995141506195068
-8.172811508178711
-3.8011136054992676
-4.822423934936523
-8.529960632324219
1.527621865272522
-6.685412883758545
-4.4906110763549805
2.7156643867492676
-6.852869033813477
-3.5881004333496094
-1.5358860492706299
-1.105481743812561
-8.479012489318848
-4.231601715087891
-4.30348014831543
-8.684122085571289
1.2722694873809814
-5.9991936683654785
-4.690332889556885
2.611077070236206
-6.594970703125
-4.576598644256592
-2.0533337593078613
-1.0367298126220703
-8.707262992858887
-4.695317268371582
-3.8216392993927
-8.756488800048828
0.8764544725418091
-5.296616554260254
-4.850505352020264
2.438716411590576
-6.329464435577393
-5.529587745666504
-2.5570268630981445
-0.9961889982223511
-8.867271423339844
-5.185796737670898
-3.390669345855713
-8.745427131652832
0.3668692111968994
-4.592044353485107
-4.976024627685547
2.2009851932525635
-6.079699516296387
-6.434505939483643
-3.0406432151794434
-0.9868775010108948
-8.973262786865234
-5.6899895668029785
-3.019650459289551
-8.651680946350098
-0.23869061470031738
-3.8935608863830566
-5.072380542755127
1.9031494855880737
-5.863419532775879
-7.281456470489502
-3.4985413551330566
-1.0114320516586304
-9.04959487915039
-6.195979595184326
-2.716200351715088
-8.477334976196289
-0.9167121648788452
-3.217438220977783
-5.1467108726501465
1.553436279296875
-5.6618757247924805
-8.072019577026367
-3.9270341396331787
-1.071066975593567
-9.12241268157959
-6.68972110748291
-2.486316680908203
-8.223219871520996
-1.6452312469482422
-2.581599235534668
-5.203154563903809
1.158109426498413
-5.457581043243408
-8.808087348937988
-4.32840633392334
-1.1632080078125
-9.182600975036621
-7.168025016784668
-2.3346874713897705
-7.892934322357178
-2.3991589546203613
-2.000545024871826
-5.2442545890808105
0.7216392159461975
-5.246486663818359
-9.489829063415527
-4.705394268035889
-1.2863411903381348
-9.211069107055664
-7.635809421539307
-2.257061719894409
-7.502557754516602
-3.175015926361084
-1.474719762802124
-5.271130561828613
0.24750417470932007
-5.026498794555664
-10.11984634399414
-5.05875825881958
-1.4401384592056274
-9.200430870056152
-8.096141815185547
-2.251444101333618
-7.065191268920898
-3.963547706604004
-1.0076570510864258
-5.283689498901367
-0.2615102529525757
-4.800426483154297
-10.695398330688477
-5.386874198913574
-1.6244815587997437
-9.147382736206055
-8.548887252807617
-2.3173537254333496
-6.588758945465088
-4.74761962890625
-0.6087769269943237
-5.2797441482543945
-0.8025473356246948
-4.575589179992676
-11.21291446685791
-5.68324613571167
-1.840375542640686
-9.05833625793457
-8.991909980773926
-2.4518978595733643
-6.081242084503174
-5.512901306152344
-0.28714245557785034
