2
3
-5.761094093322754
2.3264389038085938
-0.20685994625091553
6.485147476196289
6.888744831085205
4.138888835906982
1.9015178680419922
-3.0462822914123535
8.047586441040039
3.2564289569854736
6.434244155883789
-0.03357003629207611
-5.647493362426758
2.7177014350891113
1.1758365631103516
6.283031940460205
6.816019058227539
3.8615736961364746
1.3588725328445435
-3.0570223331451416
8.196410179138184
3.121694803237915
5.448889255523682
0.1445007473230362
-5.411534309387207
3.0665645599365234
2.4828789234161377
6.031698703765869
6.70750617980957
3.6051132678985596
0.8451070785522461
-3.0494861602783203
8.245573043823242
3.042525053024292
4.582808017730713
0.3199405074119568
-5.065370082855225
3.3742520809173584
3.7030019760131836
5.736721038818359
6.568679332733154
3.370851516723633
0.3056255578994751
-3.0060040950775146
8.228920936584473
3.0190911293029785
3.75197696685791
0.47582557797431946
-4.621942043304443
3.641669511795044
4.835793495178223
5.400107383728027
6.391626834869385
3.1712799072265625
-0.24614715576171875
-2.93389892578125
8.156235694885254
3.0512349605560303
2.9210925102233887
0.6067495942115784
-4.090871334075928
3.8677945137023926
5.864580154418945
5.036616325378418
6.178399562835693
3.0064125061035156
-0.7764662504196167
-2.8392128944396973
8.030451774597168
3.1291587352752686
2.1029086112976074
0.7107504606246948
-3.482999801635742
4.052923202514648
6.7772932052612305
4.6609721183776855
5.935544490814209
2.871061325073242
-1.2687599658966064
-2.7217092514038086
7.859623908996582
3.2407665252685547
1.3065869808197021
0.7893195152282715
-2.8101773262023926
4.1973347663879395
7.567589282989502
4.286163806915283
5.6683783531188965
2.7619247436523438
-1.7100600004196167
-2.583098888397217
7.64870023727417
3.3781752586364746
0.5453455448150635
0.840347945690155
-2.0831594467163086
4.302641868591309
8.22654914855957
3.920961856842041
5.381731986999512
2.6767992973327637
-2.0901033878326416
-2.4259285926818848
7.4011054039001465
3.5348238945007324
-0.16786855459213257
0.8624159097671509
-1.3130316734313965
4.371845722198486
8.744543075561523
3.573418617248535
5.080527305603027
2.6136057376861572
-2.39967679977417
-2.2533950805664062
7.119307518005371
3.704362630844116
-0.8197892904281616
0.8546796441078186
-0.51065993309021
4.40975284576416
9.112687110900879
3.247994899749756
4.769362449645996
2.5703206062316895
-2.6344802379608154
-2.067452907562256
6.806628704071045
3.8802685737609863
-1.3982625007629395
0.8180248737335205
0.3136242628097534
4.422791481018066
9.320231437683105
2.9458885192871094
4.456105709075928
2.5437731742858887
-2.7923479080200195
-1.8704626560211182
6.468064308166504
4.05621337890625
-1.8925608396530151
0.7547672390937805
1.1469827890396118
4.417200088500977
9.365562438964844
2.6688992977142334
4.145742893218994
2.5317039489746094
-2.869870185852051
-1.6644871234893799
6.109223365783691
4.226099014282227
-2.294299840927124
0.6683256030082703
1.9777982234954834
4.4011921882629395
9.247570037841797
2.413294792175293
3.8452045917510986
2.5324416160583496
-2.8670926094055176
-1.4539297819137573
5.736469268798828
4.383762836456299
-2.598066568374634
0.5635518431663513
2.791304349899292
4.381061553955078
8.975937843322754
2.177779197692871
3.5605785846710205
2.5451037883758545
-2.7869887351989746
-1.2443547248840332
5.357937812805176
4.524209976196289
-2.8010246753692627
0.445466011762619
3.5737085342407227
4.362771511077881
8.5633544921875
1.9595712423324585
3.2985708713531494
2.5688538551330566
-2.635266065597534
-1.041536569595337
4.981584548950195
4.644038200378418
-2.90256667137146
0.3180831968784332
4.311676025390625
4.350772857666016
8.027099609375
1.7572733163833618
3.064157009124756
2.60194730758667
-2.4167957305908203
-0.8485413193702698
4.6147918701171875
4.74110746383667
-2.9045660495758057
0.18447354435920715
4.989735126495361
4.344959259033203
7.395055294036865
1.57718026638031
2.8606600761413574
2.6425271034240723
-2.137765884399414
-0.6670182943344116
4.26498556137085
4.81432580947876
-2.8122096061706543
0.04646214842796326
5.595105171203613
4.345982074737549
6.694674491882324
1.422754168510437
2.6904985904693604
2.6883480548858643
-1.8063420057296753
-0.4973676800727844
3.9392330646514893
4.862880229949951
-2.6331253051757812
-0.0941632091999054
6.118552207946777
4.3556389808654785
5.9502081871032715
1.293128252029419
2.555511951446533
2.7368826866149902
-1.4333226680755615
-0.3388735353946686
3.6441431045532227
4.886056423187256
-2.3777518272399902
-0.23473310470581055
6.552911281585693
4.375392436981201
5.186123847961426
1.1855928897857666
2.4571142196655273
2.7852981090545654
-1.0328619480133057
-0.18920457363128662
3.3851966857910156
4.883113861083984
-2.0591964721679688
-0.3713573217391968
6.89471435546875
4.4071574211120605
4.423083782196045
1.0940890312194824
2.3961479663848877
2.8302977085113525
-0.6222565174102783
-0.044466763734817505
3.167173147201538
4.853636741638184
-1.695042610168457
-0.4993686079978943
7.1427001953125
4.451379299163818
3.6826415061950684
1.0123594999313354
2.374650239944458
2.8706865310668945
-0.22268003225326538
0.0987224280834198
2.9939236640930176
4.797656536102295
-1.30624520778656
-0.6131945848464966
7.2986884117126465
4.5066609382629395
2.9847989082336426
0.9352201223373413
2.3946444988250732
2.9093313217163086
0.1438371241092682
0.2376684695482254
2.868704319000244
4.717822074890137
-0.9122990369796753
-0.7101411819458008
7.367720603942871
4.570642471313477
2.3431668281555176
0.8587983250617981
2.455889940261841
2.953890800476074
0.46191588044166565
0.3596322536468506
2.7933497428894043
4.620355606079102
-0.5287671089172363
-0.7919396162033081
7.357614517211914
4.641480922698975
1.7676286697387695
0.7810567021369934
2.5533995628356934
3.010437488555908
0.7277413606643677
0.4528818726539612
2.7662875652313232
4.512404918670654
-0.15908962488174438
-0.8616458177566528
7.280459403991699
4.7146382331848145
1.2642796039581299
0.7048144936561584
2.6754097938537598
3.075268507003784
0.9520574808120728
0.5252013206481934
2.7820303440093994
4.396720886230469
0.19426679611206055
-0.915878176689148
7.150557994842529
4.784110069274902
0.8313487768173218
0.6337544918060303
2.811572313308716
3.144012928009033
1.151419997215271
0.5835793614387512
2.832564353942871
4.274138927459717
0.5344871878623962
-0.950234591960907
6.981314659118652
4.848213195800781
0.4609099328517914
0.5647087693214417
2.957564353942871
3.2146854400634766
1.3291819095611572
0.6304724216461182
2.9124627113342285
4.145339012145996
0.8589203357696533
-0.9605749845504761
6.78388786315918
4.906815528869629
0.1463344395160675
0.4914454221725464
3.110538959503174
3.286668300628662
1.4853814840316772
0.6660476922988892
3.0180742740631104
4.0129194259643555
1.1616675853729248
-0.9457321166992188
6.56686544418335
4.959224700927734
-0.11542823910713196
0.410250723361969
3.2683141231536865
3.3592660427093506
1.6203477382659912
0.6905904412269592
3.1460328102111816
3.8803558349609375
1.436802864074707
-0.906374454498291
6.337162971496582
5.004427909851074
-0.3249446749687195
0.31897133588790894
3.428459644317627
3.431889772415161
1.7340103387832642
0.704575777053833
3.2927329540252686
3.751582622528076
1.6792988777160645
-0.8444308042526245
6.100905418395996
5.041196823120117
-0.4819473922252655
0.21703946590423584
3.5885400772094727
3.5033369064331055
1.828260898590088
0.7095168828964233
3.4542136192321777
3.630859851837158
1.8849081993103027
-0.763791561126709
5.863305568695068
5.06815767288208
-0.5862859487533569
0.10486480593681335
3.7466847896575928
3.5729470252990723
1.9042305946350098
0.7064006924629211
3.626422166824341
3.5220227241516113
2.050485134124756
-0.6686052680015564
5.6291937828063965
5.084057331085205
-0.6387402415275574
-0.016643330454826355
3.9012725353240967
3.6402790546417236
1.9628777503967285
0.6959408521652222
3.8049967288970947
3.428260087966919
2.1750550270080566
-0.5631982088088989
5.403085231781006
5.087841033935547
-0.6409542560577393
-0.1459350734949112
4.050932884216309
3.705106496810913
2.00533127784729
0.6785970330238342
3.9854063987731934
3.351815938949585
2.259836196899414
-0.45152878761291504
5.189158916473389
5.078610897064209
-0.5954064726829529
-0.28078973293304443
4.194337844848633
3.767279863357544
2.0332303047180176
0.6548706293106079
4.163311004638672
3.2940573692321777
2.3080031871795654
-0.33708375692367554
4.991161346435547
5.055601596832275
-0.5054064989089966
-0.4184739887714386
4.330199718475342
3.826702833175659
2.048887014389038
0.6253610849380493
4.334658145904541
3.255681037902832
2.3245882987976074
-0.22340582311153412
4.812434196472168
5.018307685852051
-0.37522968649864197
-0.5559381246566772
4.457563877105713
3.8834195137023926
2.054513931274414
0.5901392698287964
4.496092796325684
3.2366604804992676
2.3148465156555176
-0.11361391842365265
4.6557745933532715
4.966465473175049
-0.20997492969036102
-0.6898330450057983
4.575589656829834
3.9374494552612305
2.0528624057769775
0.5492348074913025
4.644958019256592
3.236337184906006
2.2845585346221924
-0.01071736216545105
