2
3
-1.689251184463501
3.2268505096435547
4.061895370483398
0.2178487777709961
-0.2069181501865387
-0.6333142518997192
-4.703831195831299
3.8172569274902344
-7.699802875518799
9.468401908874512
9.850006103515625
3.868619918823242
-1.6868243217468262
3.265606641769409
4.041897296905518
0.3057785630226135
-0.4505223035812378
-0.21417510509490967
-5.3414459228515625
4.589885234832764
-7.268059253692627
9.113344192504883
10.839563369750977
3.2158586978912354
-1.6825578212738037
3.3095242977142334
4.024884223937988
0.4003509283065796
-0.6897729635238647
0.19701159000396729
-5.967910289764404
5.348437309265137
-6.8368330001831055
8.776843070983887
11.817424774169922
2.5946812629699707
-1.6762213706970215
3.35829758644104
4.011348724365234
0.5013087391853333
-0.9244268536567688
0.6006376147270203
-6.582780361175537
6.093393802642822
-6.405108451843262
8.457961082458496
12.785457611083984
2.0032083988189697
-1.6675238609313965
3.411590814590454
4.001888275146484
0.608337938785553
-1.1542621850967407
0.997086763381958
-7.185670852661133
6.825240135192871
-5.971667289733887
8.156211853027344
13.745668411254883
1.439799427986145
-1.656192421913147
3.469167947769165
3.9969911575317383
0.7213340401649475
-1.379093050956726
1.3867957592010498
-7.7762980461120605
7.544635772705078
-5.535275459289551
7.870520114898682
14.700187683105469
0.9025290608406067
-1.6418499946594238
3.5308215618133545
3.997202157974243
0.8401975631713867
-1.5987385511398315
1.7702025175094604
-8.35443115234375
8.252291679382324
-5.094560146331787
7.599588394165039
15.651402473449707
0.38934123516082764
-1.624220371246338
3.5963449478149414
4.003030300140381
0.9648503661155701
-1.8130282163619995
2.147780179977417
-8.919879913330078
8.949049949645996
-4.64820671081543
7.3418707847595215
16.601303100585938
-0.1020364761352539
-1.6030114889144897
3.6655614376068115
4.014980316162109
1.0952627658843994
-2.0216917991638184
2.5199167728424072
-9.472214698791504
9.635533332824707
-4.194820880889893
7.095724105834961
17.55202865600586
-0.5737425088882446
-1.577919363975525
3.7382755279541016
4.0336198806762695
1.2313168048858643
-2.2243635654449463
2.8868677616119385
-10.010777473449707
10.312129020690918
-3.7330565452575684
6.859424114227295
18.505550384521484
-1.0278394222259521
-1.5485992431640625
3.8142571449279785
4.059691905975342
1.372786521911621
-2.4205424785614014
3.248660087585449
-10.534463882446289
10.978814125061035
-3.2615020275115967
6.631173610687256
19.464101791381836
-1.466352939605713
-1.5145723819732666
3.8932700157165527
4.094253063201904
1.5194361209869385
-2.6098620891571045
3.6053967475891113
-11.042533874511719
11.635896682739258
-2.778765916824341
6.409148216247559
20.43026351928711
-1.891528844833374
-1.4753305912017822
3.975059986114502
4.138272285461426
1.6709792613983154
-2.7919178009033203
3.9571919441223145
-11.534375190734863
12.283735275268555
-2.2841217517852783
6.191693305969238
21.405385971069336
-2.3054862022399902
-1.4304091930389404
4.059165000915527
4.19279670715332
1.826961874961853
-2.9660205841064453
4.303543567657471
-12.008882522583008
12.922348976135254
-1.776419997215271
5.977441310882568
22.390701293945312
-2.710303783416748
-1.3794832229614258
4.145429611206055
4.2584710121154785
1.9870903491973877
-3.1308791637420654
4.643373966217041
-12.463650703430176
13.550546646118164
-1.2551512718200684
5.765183925628662
23.38703727722168
-3.107945680618286
-1.3221818208694458
4.233620643615723
4.33612060546875
2.150935411453247
-3.2855520248413086
4.975912094116211
-12.896698951721191
14.16740608215332
-0.7205554246902466
5.554036617279053
24.393901824951172
-3.4996798038482666
-1.2579562664031982
4.323446750640869
4.426968097686768
2.3179125785827637
-3.4293599128723145
5.300887584686279
-13.306660652160645
14.77258014678955
-0.1724071502685547
5.3431572914123535
25.41156578063965
-3.886700391769409
-1.1862413883209229
4.41455602645874
4.532237529754639
2.487312078475952
-3.560774087905884
5.615903377532959
-13.690412521362305
15.363616943359375
0.3889966607093811
5.132437705993652
26.439714431762695
-4.269424915313721
-1.106487512588501
4.506539344787598
4.65303373336792
2.6583263874053955
-3.678414821624756
5.919251918792725
-14.045012474060059
15.93831729888916
0.9635849595069885
4.9215779304504395
27.478437423706055
-4.648241996765137
-1.0181833505630493
4.598948001861572
4.790515422821045
2.8300976753234863
-3.7809834480285645
6.210008144378662
-14.36797046661377
16.495351791381836
1.5515296459197998
4.710137367248535
28.528141021728516
-5.023940086364746
-0.9206042885780334
4.69087028503418
4.946320533752441
3.0014867782592773
-3.8675730228424072
6.487549781799316
-14.65737247467041
17.033916473388672
2.152879238128662
4.49798583984375
29.588703155517578
-5.396954536437988
-0.8129999041557312
4.7815351486206055
5.122091770172119
3.1713449954986572
-3.937319040298462
6.751304626464844
-14.911408424377441
17.553293228149414
2.7678380012512207
4.284775733947754
30.660303115844727
-5.767772674560547
-0.6945965886116028
4.870133876800537
5.319507122039795
3.3385043144226074
-3.989447832107544
7.000767707824707
-15.128408432006836
18.052867889404297
3.3970093727111816
4.069835662841797
31.74468421936035
-6.137408256530762
-0.5645653605461121
4.955855846405029
5.540398597717285
3.501779556274414
-4.0235114097595215
7.236008644104004
-15.307668685913086
18.532812118530273
4.040959358215332
3.852644443511963
32.84288024902344
-6.506714344024658
-0.42213234305381775
5.037941932678223
5.786442756652832
3.660043716430664
-4.038954257965088
7.45685338973999
-15.447823524475098
18.99283218383789
4.70026969909668
3.632744073867798
33.9559440612793
-6.8763837814331055
-0.26648467779159546
5.115616321563721
6.059393882751465
3.8121285438537598
-4.035389423370361
7.6633992195129395
-15.548028945922852
19.433218002319336
5.375701427459717
3.409604787826538
35.08544158935547
-7.247411727905273
-0.09680289030075073
5.188131332397461
6.361015319824219
3.956895112991333
-4.012301921844482
7.855578422546387
-15.607099533081055
19.853723526000977
6.067958831787109
3.1827163696289062
36.23261260986328
-7.620829105377197
0.08772021532058716
5.254781246185303
6.693039417266846
4.093252658843994
-3.9691684246063232
8.033339500427246
-15.623799324035645
20.25405502319336
6.777757167816162
2.951563835144043
37.398738861083984
-7.997725486755371
0.2878913879394531
5.314891815185547
7.057199001312256
4.220130443572998
-3.9054622650146484
8.196608543395996
-15.596851348876953
20.633880615234375
7.505831718444824
2.7156190872192383
38.585174560546875
-8.379265785217285
0.5045192241668701
5.367823600769043
7.455224990844727
4.336479663848877
-3.8206655979156494
8.34532642364502
-15.5249605178833
20.99285125732422
8.252946853637695
2.474337577819824
39.79336166381836
-8.766676902770996
0.7384151220321655
5.4129719734191895
7.888846397399902
4.441272258758545
-3.7142577171325684
8.479434967041016
-15.406808853149414
21.33059310913086
9.0198974609375
2.22715425491333
41.02482223510742
-9.161243438720703
0.9903922080993652
5.44976282119751
8.359789848327637
4.533498287200928
-3.5857126712799072
8.598849296569824
-15.241040229797363
21.646696090698242
9.807506561279297
1.9734824895858765
42.28115463256836
-9.564303398132324
1.2612614631652832
5.477653503417969
8.869771957397461
4.612168312072754
-3.4345028400421143
8.703452110290527
-15.026268005371094
21.940719604492188
10.616629600524902
1.7127084732055664
43.56403732299805
-9.977252006530762
1.5518162250518799
5.496138572692871
9.420454025268555
4.676337242126465
-3.259995937347412
8.793007850646973
-14.760860443115234
22.212039947509766
11.448156356811523
1.444188117980957
44.87521743774414
-10.401545524597168
1.8628439903259277
5.504755973815918
10.013439178466797
4.725143909454346
-3.0613012313842773
8.867356300354004
-14.442917823791504
22.45963478088379
12.303016662597656
1.1672462224960327
46.216522216796875
-10.838712692260742
2.1951777935028076
5.503040790557861
10.650449752807617
4.757645130157471
-2.838164806365967
8.926924705505371
-14.071619987487793
22.683183670043945
13.182180404663086
0.8811708688735962
47.58987045288086
-11.290351867675781
2.5496697425842285
5.490563869476318
11.333227157592773
4.772939682006836
-2.590101957321167
8.971714973449707
-13.645858764648438
22.8824520111084
14.086709022521973
0.5852048397064209
48.99742889404297
-11.758149147033691
2.9271810054779053
5.466886520385742
12.06352710723877
4.770068645477295
-2.316513776779175
9.001501083374023
-13.164041519165039
23.056644439697266
15.017751693725586
0.27853721380233765
50.441612243652344
-12.243898391723633
3.3285932540893555
5.43157958984375
12.843172073364258
4.748093605041504
-2.0168182849884033
9.01603889465332
-12.62460994720459
23.20499610900879
15.976421356201172
-0.039658576250076294
51.92459487915039
-12.749424934387207
3.754795789718628
5.384216785430908
13.673948287963867
4.706052780151367
-1.6904200315475464
9.015031814575195
-12.025934219360352
23.326696395874023
16.963890075683594
-0.3702574372291565
53.448665618896484
-13.27664852142334
