2
3
-3.368175745010376
-4.480202674865723
-7.311714172363281
-3.1905574798583984
-4.755630016326904
-4.087928295135498
-2.185577392578125
0.12335094809532166
9.086268424987793
0.7235342860221863
-6.766508102416992
-2.188828945159912
-3.395639419555664
-4.516222953796387
-6.915605545043945
-3.0854742527008057
-4.4042582511901855
-3.983267307281494
-1.674724817276001
0.11915219575166702
8.47559928894043
0.6897140741348267
-8.086457252502441
-2.4925715923309326
-3.3942480087280273
-4.546924591064453
-6.51198148727417
-2.9756011962890625
-4.037662506103516
-3.8948280811309814
-1.194429636001587
0.12755514681339264
7.814417839050293
0.658258855342865
-9.327474594116211
-2.806366443634033
-3.3642420768737793
-4.57085657119751
-6.106788635253906
-2.856637954711914
-3.6524195671081543
-3.818819284439087
-0.7729499340057373
0.15090319514274597
7.1081743240356445
0.6287406086921692
-10.487395286560059
-3.136439800262451
-3.305111885070801
-4.586843490600586
-5.705630302429199
-2.725475549697876
-3.247443675994873
-3.7509870529174805
-0.43449005484580994
0.18940578401088715
6.360081195831299
0.5982205271720886
-11.559886932373047
-3.483497142791748
-3.219648838043213
-4.5945143699646
-5.320034503936768
-2.579488754272461
-2.8242249488830566
-3.6865234375
-0.19710953533649445
0.24192610383033752
5.57511568069458
0.5629497170448303
-12.538165092468262
-3.846104145050049
-3.1097917556762695
-4.594250202178955
-4.961862087249756
-2.415712833404541
-2.385222911834717
-3.620352029800415
-0.0787171870470047
0.3044982850551605
4.759457588195801
0.5191576480865479
-13.41638469696045
-4.221647262573242
-2.977081537246704
-4.587042808532715
-4.644096851348877
-2.2310123443603516
-1.9381966590881348
-3.547818660736084
-0.08743591606616974
0.37380921840667725
3.920135736465454
0.4635203182697296
-14.190296173095703
-4.607073783874512
-2.8235795497894287
-4.573662281036377
-4.380317687988281
-2.0226657390594482
-1.4888125658035278
-3.464221715927124
-0.23300176858901978
0.4430786967277527
3.064716339111328
0.39312463998794556
-14.857945442199707
-4.998920440673828
-2.651777744293213
-4.553916931152344
-4.183749675750732
-1.7890944480895996
-1.0469443798065186
-3.36613392829895
-0.5148307085037231
0.5081571936607361
2.201371192932129
0.3053375780582428
-15.419903755187988
-5.393486976623535
-2.464158058166504
-4.525573253631592
-4.067329406738281
-1.5316133499145508
-0.620813250541687
-3.2510671615600586
-0.9335342049598694
0.5636153817176819
1.3380987644195557
0.19769763946533203
-15.879709243774414
-5.786744594573975
-2.261528491973877
-4.483863353729248
-4.046950817108154
-1.2559157609939575
-0.22101259231567383
-3.11755108833313
-1.4813804626464844
0.6039658784866333
0.4824715256690979
0.0678185522556305
-16.244037628173828
-6.174591064453125
-2.043496608734131
-4.419363498687744
-4.147577285766602
-0.9809919595718384
0.14371764659881592
-2.9648818969726562
-2.148792266845703
0.6233161687850952
-0.35762178897857666
-0.0868416577577591
-16.5255184173584
-6.552588939666748
-1.8085670471191406
-4.321321964263916
-4.396174430847168
-0.7318621277809143
0.4654228091239929
-2.7924904823303223
-2.9207000732421875
0.6167134642601013
-1.1734569072723389
-0.2685423493385315
-16.74390983581543
-6.916118144989014
-1.5670698881149292
-4.188081741333008
-4.795770168304443
-0.5188535451889038
0.7378435134887695
-2.6023342609405518
-3.783722400665283
0.5802003145217896
-1.95635986328125
-0.47774437069892883
-16.923112869262695
-7.260673999786377
-1.3363628387451172
-4.024786472320557
-5.320859432220459
-0.3357792794704437
0.9571393132209778
-2.397526502609253
-4.72455358505249
0.5119987726211548
-2.6997759342193604
-0.7126991748809814
-17.080385208129883
-7.5815253257751465
-1.1285524368286133
-3.834841251373291
-5.954075813293457
-0.18276162445545197
1.1208090782165527
-2.1817357540130615
-5.731058120727539
0.41173118352890015
-3.3953351974487305
-0.9723007678985596
-17.22745704650879
-7.87192440032959
-0.9509904980659485
-3.62105393409729
-6.682271957397461
-0.06307840347290039
1.227414846420288
-1.9575769901275635
-6.790422439575195
0.28300002217292786
-4.043106555938721
-1.2533464431762695
-17.358930587768555
-8.1278076171875
-0.8093578219413757
-3.3867831230163574
-7.4948225021362305
0.021072879433631897
1.2746505737304688
-1.728580117225647
-7.8901472091674805
0.1307758390903473
-4.644498825073242
-1.5527560710906982
-17.46919059753418
-8.344817161560059
-0.7098592519760132
-3.134443998336792
-8.380915641784668
0.07063283771276474
1.259816288948059
-1.499708652496338
-9.01686954498291
-0.040509939193725586
-5.19999361038208
-1.8680012226104736
-17.55762481689453
-8.517922401428223
-0.6569448113441467
-2.867344617843628
-9.33218002319336
0.08542238920927048
1.1828662157058716
-1.2743442058563232
-10.165153503417969
-0.2298187017440796
-5.710687160491943
-2.196658134460449
-17.632015228271484
-8.642349243164062
-0.6553958058357239
-2.589824914932251
-10.338043212890625
0.06582443416118622
1.044501543045044
-1.0542054176330566
-11.329198837280273
-0.4388105273246765
-6.177387237548828
-2.535623073577881
-17.697998046875
-8.714203834533691
-0.7083951830863953
-2.3060526847839355
-11.38726806640625
0.011014755815267563
0.8456294536590576
-0.8394103050231934
-12.500930786132812
-0.6700932383537292
-6.601789951324463
-2.8808846473693848
-17.756322860717773
-8.731155395507812
-0.8169406652450562
-2.0196549892425537
-12.470355033874512
-0.07955107092857361
0.5893216133117676
-0.6299166679382324
-13.676098823547363
-0.9254263639450073
-6.983556270599365
-3.2273058891296387
-17.822505950927734
-8.692463874816895
-0.9786431193351746
-1.7340606451034546
-13.582343101501465
-0.2053792029619217
0.2820014953613281
-0.4265947639942169
-14.858173370361328
-1.2058794498443604
-7.317638874053955
-3.5636184215545654
-17.92642593383789
-8.606755256652832
-1.188339352607727
-1.4528433084487915
-14.723687171936035
-0.36535853147506714
-0.06808176636695862
-0.23177944123744965
-16.053876876831055
-1.5103142261505127
-7.589067459106445
-3.863149642944336
-18.135215759277344
-8.50717830657959
-1.4398633241653442
-1.178201675415039
-15.898375511169434
-0.55702805519104
-0.4532521069049835
-0.046691447496414185
-17.27290916442871
-1.8361194133758545
-7.796817302703857
-4.113676071166992
-18.48663902282715
-8.410540580749512
-1.727165699005127
-0.9112955331802368
-17.112581253051758
-0.7765508890151978
-0.8669462203979492
0.1287178248167038
-18.52735137939453
-2.180936574935913
-7.96149206161499
-4.31898307800293
-18.975494384765625
-8.316997528076172
-2.0461063385009766
-0.6527575254440308
-18.375436782836914
-1.0200481414794922
-1.3052568435668945
0.2943030595779419
-19.82969856262207
-2.5406582355499268
-8.103166580200195
-4.491209506988525
-19.5811824798584
-8.212961196899414
-2.3938231468200684
-0.4032810926437378
-19.696699142456055
-1.2833794355392456
-1.7664752006530762
0.44921642541885376
-21.191587448120117
-2.9100093841552734
-8.232043266296387
-4.634545803070068
-20.298206329345703
-8.094365119934082
-2.7681658267974854
-0.16369447112083435
-21.08631706237793
-1.5615792274475098
-2.25061297416687
0.5918315649032593
-22.623538970947266
-3.2821476459503174
-8.356626510620117
-4.746303558349609
-21.128999710083008
-7.965689659118652
-3.168107032775879
0.06509086489677429
-22.554471969604492
-1.8493422269821167
-2.758300304412842
0.7207109332084656
-24.134994506835938
-3.6494123935699463
-8.482308387756348
-4.826335906982422
-22.078269958496094
-7.828958988189697
-3.592212200164795
0.2829870283603668
-24.110910415649414
-2.142695665359497
-3.289213180541992
0.8352166414260864
-25.733638763427734
-4.005532741546631
-8.613960266113281
-4.8757171630859375
-23.150253295898438
-7.68467378616333
-4.039585590362549
0.49040818214416504
-25.76496696472168
-2.438375234603882
-3.8421757221221924
0.9353204369544983
-27.42581558227539
-4.3452067375183105
-8.755270004272461
-4.893411159515381
-24.350364685058594
-7.536386489868164
-4.509713172912598
0.6884869337081909
-27.52503776550293
-2.7345521450042725
-4.415979385375977
1.0235977172851562
-29.215959548950195
-4.667544841766357
-8.909764289855957
-4.878365516662598
-25.68450355529785
-7.388056755065918
-5.00166654586792
0.8795796632766724
-29.40037727355957
-3.0319314002990723
-5.009926795959473
1.1038678884506226
-31.110374450683594
-4.972696304321289
-9.08180046081543
-4.8312811851501465
-27.160301208496094
-7.241158485412598
-5.5146074295043945
1.0665388107299805
-31.400222778320312
-3.3329498767852783
-5.624800682067871
1.1797690391540527
-33.11758804321289
-5.261378288269043
-9.275586128234863
-4.753661632537842
-28.78598403930664
-7.0957489013671875
-6.0475687980651855
1.2517797946929932
-33.53521728515625
-3.640151023864746
-6.261104583740234
1.2553373575210571
-35.24716567993164
-5.535670757293701
-9.494549751281738
-4.646895885467529
-30.57023048400879
-6.95206356048584
-6.600052833557129
1.43698251247406
-35.816261291503906
-3.9548280239105225
-6.918985366821289
1.3348267078399658
-37.50965118408203
-5.799195766448975
-9.741665840148926
-4.512567520141602
-32.52219009399414
-6.809614181518555
-7.173151016235352
1.6236631870269775
-38.25508499145508
-4.2762908935546875
-7.5982985496521
1.4220465421676636
-39.91747283935547
-6.055558681488037
-10.015871047973633
-4.35051965713501
-34.64844512939453
-6.669044494628906
