2
3
8.477726936340332
-1.7274924516677856
-3.4339847564697266
-5.261931896209717
-2.8780159950256348
7.972592830657959
6.109928131103516
-0.3362046182155609
1.420291543006897
3.228703022003174
-6.808549404144287
4.122783184051514
8.096144676208496
-1.5138955116271973
-4.291277885437012
-4.840952396392822
-2.467104911804199
7.560519218444824
7.091157913208008
-1.0779824256896973
1.3815969228744507
3.272231101989746
-6.932123184204102
4.246460914611816
7.716010570526123
-1.3016217947006226
-5.144044399261475
-4.429933071136475
-2.0638575553894043
7.164756774902344
8.051351547241211
-1.7938425540924072
1.3391038179397583
3.3165860176086426
-7.061429977416992
4.368577480316162
7.337551116943359
-1.091110110282898
-5.992284297943115
-4.028776168823242
-1.6666712760925293
6.78380823135376
8.993430137634277
-2.4867005348205566
1.2929966449737549
3.3617730140686035
-7.196248531341553
4.489236831665039
6.961023330688477
-0.8829199075698853
-6.8359222412109375
-3.637632369995117
-1.2738733291625977
6.415689945220947
9.920555114746094
-3.159982919692993
1.2434941530227661
3.4077494144439697
-7.33629035949707
4.608480930328369
6.5866875648498535
-0.6775974035263062
-7.674910545349121
-3.2566750049591064
-0.8839066028594971
6.058465957641602
10.835369110107422
-3.816257953643799
1.1907724142074585
3.454498529434204
-7.481368064880371
4.726357936859131
6.214803218841553
-0.4756331443786621
-8.509227752685547
-2.886033773422241
-0.4951297342777252
5.709894180297852
11.74062728881836
-4.4582295417785645
1.1349529027938843
3.5020394325256348
-7.631388187408447
4.8429365158081055
5.845627307891846
-0.2774297595024109
-9.33884048461914
-2.5257039070129395
-0.10568848252296448
5.367456912994385
12.639673233032227
-5.088791847229004
1.07627534866333
3.5502212047576904
-7.785924434661865
4.958011627197266
5.479484558105469
-0.08345869183540344
-10.163603782653809
-2.1758716106414795
0.2862744629383087
5.028465747833252
13.535836219787598
-5.711043357849121
1.0149812698364258
3.598844051361084
-7.944666385650635
5.071430683135986
5.116666793823242
0.10554543137550354
-10.983345031738281
-1.8369007110595703
0.6826008558273315
4.690240859985352
14.432448387145996
-6.328113555908203
0.9513230919837952
3.647697687149048
-8.107234001159668
5.182962417602539
4.7572407722473145
0.2883291244506836
-11.79792594909668
-1.5093551874160767
1.0848554372787476
4.3503828048706055
15.332213401794434
-6.942828178405762
0.8857002258300781
3.6964163780212402
-8.272801399230957
5.292088508605957
4.401553153991699
0.46485185623168945
-12.606999397277832
-1.193241000175476
1.494330644607544
4.006937026977539
16.237306594848633
-7.557779788970947
0.8186559081077576
3.744415521621704
-8.440184593200684
5.397822380065918
4.049920082092285
0.6349363327026367
-13.410385131835938
-0.8889947533607483
1.9122989177703857
3.658290147781372
17.150009155273438
-8.175384521484375
0.7507213950157166
3.7911629676818848
-8.608428955078125
5.499274730682373
3.7027313709259033
0.798412024974823
-14.207427024841309
-0.5969099402427673
2.339784860610962
3.303328037261963
18.072269439697266
-8.797638893127441
0.6825420260429382
3.835998296737671
-8.776314735412598
5.595335960388184
3.3605198860168457
0.9550692439079285
-14.997126579284668
-0.31741851568222046
2.777151107788086
2.941559314727783
19.005046844482422
-9.426216125488281
0.6150546669960022
3.87794828414917
-8.94223403930664
5.684588432312012
3.023545265197754
1.1045703887939453
-15.77920913696289
-0.051188260316848755
3.224792242050171
2.5725057125091553
19.94874382019043
-10.062768936157227
0.5492054224014282
3.9158201217651367
-9.104188919067383
5.7651495933532715
2.6923959255218506
1.2465535402297974
-16.55211067199707
0.20118895173072815
3.6823811531066895
2.1959404945373535
20.902679443359375
-10.70841121673584
0.48580020666122437
3.9486162662506104
-9.260568618774414
5.835707187652588
2.3680362701416016
1.3803274631500244
-17.313884735107422
0.4386274218559265
4.150208950042725
1.8114551305770874
21.8670597076416
-11.364480018615723
0.4256450831890106
3.9752798080444336
-9.409794807434082
5.894904613494873
2.051346778869629
1.50539231300354
-18.062711715698242
0.6601916551589966
4.629014492034912
1.418424129486084
22.843584060668945
-12.032621383666992
0.3695984482765198
3.9947168827056885
-9.55014419555664
5.941306114196777
1.7443147897720337
1.619782567024231
-18.795007705688477
0.8636185526847839
5.118920803070068
1.0168712139129639
23.83222770690918
-12.713226318359375
0.31858283281326294
4.00582218170166
-9.679794311523438
5.973444938659668
1.4491233825683594
1.721948266029358
-19.507347106933594
1.0467644929885864
5.6200947761535645
0.6064711213111877
24.833698272705078
-13.40718936920166
0.27346086502075195
4.007534503936768
-9.797178268432617
5.9899492263793945
1.1675019264221191
1.8105937242507935
-20.197006225585938
1.2077488899230957
6.132987976074219
0.18670153617858887
25.849130630493164
-14.115163803100586
0.23517782986164093
3.998778820037842
-9.900437355041504
5.989336967468262
0.9005553722381592
1.8843836784362793
-20.86170196533203
1.3447333574295044
6.6585774421691895
-0.24343514442443848
26.880544662475586
-14.838979721069336
0.20473681390285492
3.978483200073242
-9.987481117248535
5.97002649307251
0.6492898464202881
1.9420459270477295
-21.49929428100586
1.4559482336044312
7.198012351989746
-0.6851640939712524
27.930299758911133
-15.580960273742676
0.1831652820110321
3.9456121921539307
-10.056188583374023
5.9304118156433105
0.41457805037498474
1.9824120998382568
-22.108455657958984
1.5396358966827393
7.752648830413818
-1.1399418115615845
29.00150489807129
-16.34402847290039
0.17169690132141113
3.8989577293395996
-10.103891372680664
5.868479251861572
0.19742774963378906
2.0044074058532715
-22.687129974365234
1.5940135717391968
8.323610305786133
-1.6089649200439453
30.096590042114258
-17.130590438842773
0.17143583297729492
3.837488889694214
-10.128277778625488
5.782482147216797
-0.0013406574726104736
2.0071985721588135
-23.233505249023438
1.6174440383911133
8.912096977233887
-2.0935051441192627
31.218141555786133
-17.9432315826416
0.1834208369255066
3.760270595550537
-10.127166748046875
5.670755386352539
-0.18088072538375854
1.9900038242340088
-23.745609283447266
1.6081846952438354
9.51935863494873
-2.5948946475982666
32.36886215209961
-18.784706115722656
0.20857030153274536
3.666576385498047
-10.098674774169922
5.531658172607422
-0.34037524461746216
1.9521222114562988
-24.22151756286621
1.564526081085205
10.146687507629395
-3.1145405769348145
33.55155563354492
-19.657958984375
0.2478780597448349
3.5555872917175293
-10.040675163269043
5.363448619842529
-0.4791051149368286
1.8929548263549805
-24.65947151184082
1.4848616123199463
10.795441627502441
-3.653923988342285
34.76922607421875
-20.566129684448242
0.30227065086364746
3.426536798477173
-9.951045989990234
5.164453506469727
-0.5964258909225464
1.8119703531265259
-25.057981491088867
1.3676185607910156
11.467041969299316
-4.214603900909424
36.02507400512695
-21.512557983398438
0.37311747670173645
3.2783961296081543
-9.826825141906738
4.9324235916137695
-0.6917209625244141
1.7086271047592163
-25.4156551361084
1.2111308574676514
12.16299057006836
-4.798229217529297
37.322540283203125
-22.50081443786621
0.46146708726882935
3.1103076934814453
-9.665586471557617
4.665436267852783
-0.7642061710357666
1.5823181867599487
-25.730600357055664
1.0134965181350708
12.884894371032715
-5.406561374664307
38.665435791015625
-23.53476905822754
0.5683140754699707
2.921499013900757
-9.465103149414062
4.361666679382324
-0.8132256865501404
1.4324549436569214
-26.00112533569336
0.772851824760437
13.63444995880127
-6.041462421417236
40.05780792236328
-24.618545532226562
0.6946481466293335
2.7111449241638184
-9.22307300567627
4.019237995147705
-0.8382850885391235
1.258538842201233
-26.225852966308594
0.4874367117881775
14.413421630859375
-6.7048821449279785
41.50376892089844
-25.75643539428711
0.8413953185081482
2.4784114360809326
-8.937176704406738
3.636204242706299
-0.8389117121696472
1.0599696636199951
-26.403310775756836
0.15531188249588013
15.223671913146973
-7.398883819580078
43.0076789855957
-26.9529972076416
1.0094873905181885
2.2224783897399902
-8.60505485534668
3.210615873336792
-0.8144048452377319
0.8360243439674377
-26.53156280517578
-0.22567126154899597
16.067167282104492
-8.125653266906738
44.574161529541016
-28.213077545166016
1.1998885869979858
1.9424525499343872
-8.224320411682129
2.740431547164917
-0.7640379071235657
0.5859150886535645
-26.608545303344727
-0.6577813625335693
16.945987701416016
-8.887510299682617
46.2081298828125
-29.54183578491211
1.4136004447937012
1.6373860836029053
-7.792465686798096
2.2235219478607178
-0.6870414018630981
0.3087846338748932
-26.63204574584961
-1.1434098482131958
17.862346649169922
-9.686918258666992
47.914817810058594
-30.944772720336914
1.651718258857727
1.3062388896942139
-7.306724548339844
1.6575524806976318
-0.5827725529670715
0.003758728504180908
-26.60013771057129
-1.6848692893981934
18.818592071533203
-10.526505470275879
49.69979476928711
-32.427757263183594
1.9153112173080444
0.9479444622993469
-6.7643513679504395
1.0401880741119385
