2
3
-8.037129402160645
-2.2721409797668457
2.097723960876465
-7.127622604370117
4.528069019317627
-2.007277250289917
5.652520656585693
1.2893275022506714
-3.7841591835021973
-1.1314584016799927
-9.388801574707031
-8.3916597366333
-7.673222064971924
-2.4672133922576904
2.884941577911377
-7.471169948577881
4.289567470550537
-1.915394902229309
5.040342807769775
1.4320662021636963
-3.8550398349761963
-1.3493547439575195
-9.558232307434082
-8.838505744934082
-7.31540060043335
-2.6676149368286133
3.664137840270996
-7.820960998535156
4.048684597015381
-1.8335316181182861
4.434086799621582
1.5563926696777344
-3.927584409713745
-1.5723037719726562
-9.727858543395996
-9.294501304626465
-6.963111877441406
-2.874450206756592
4.43642520904541
-8.178940773010254
3.805617332458496
-1.7621471881866455
3.8342623710632324
1.661658525466919
-4.001611709594727
-1.8009326457977295
-9.897623062133789
-9.760706901550293
-6.615520000457764
-3.0885844230651855
5.203174591064453
-8.546764373779297
3.560703754425049
-1.7017223834991455
3.241515874862671
1.747102975845337
-4.077089309692383
-2.0359270572662354
-10.067556381225586
-10.238275527954102
-6.271777629852295
-3.310828447341919
5.965931415557861
-8.926055908203125
3.3143553733825684
-1.652725338935852
2.6565723419189453
1.8119096755981445
-4.15397834777832
-2.2780208587646484
-10.237651824951172
-10.728522300720215
-5.93104362487793
-3.5419204235076904
6.726324081420898
-9.31820011138916
3.066943883895874
-1.6156198978424072
2.0799472332000732
1.8551967144012451
-4.232176780700684
-2.5279178619384766
-10.407743453979492
-11.232771873474121
-5.592531204223633
-3.782595157623291
7.485895156860352
-9.724730491638184
2.8188819885253906
-1.5909262895584106
1.5121703147888184
1.8759832382202148
-4.311774253845215
-2.7863125801086426
-10.577726364135742
-11.7522611618042
-5.255413055419922
-4.033438205718994
8.246214866638184
-10.147265434265137
2.570192813873291
-1.5795292854309082
0.9538419246673584
1.873206615447998
-4.392632007598877
-3.0537514686584473
-10.746861457824707
-12.28781509399414
-4.918899059295654
-4.295197010040283
9.008852005004883
-10.587445259094238
2.3213908672332764
-1.5821664333343506
0.40579938888549805
1.8456823825836182
-4.474513530731201
-3.330796718597412
-10.914365768432617
-12.840415000915527
-4.5821733474731445
-4.568813800811768
9.775547981262207
-11.047270774841309
2.073305130004883
-1.5994768142700195
-0.13038933277130127
1.7924940586090088
-4.557310104370117
-3.6180262565612793
-11.080076217651367
-13.41140365600586
-4.244544982910156
-4.855734825134277
10.548192024230957
-11.528803825378418
1.8268680572509766
-1.6319966316223145
-0.6531069278717041
1.7127779722213745
-4.640834808349609
-3.9160361289978027
-11.243724822998047
-14.002084732055664
-3.9051146507263184
-5.15682315826416
11.328653335571289
-12.033985137939453
1.5828222036361694
-1.680189847946167
-1.1610839366912842
1.6057453155517578
-4.724838733673096
-4.225521087646484
-11.404844284057617
-14.613846778869629
-3.5632598400115967
-5.472671031951904
12.117830276489258
-12.564436912536621
1.3418947458267212
-1.7444515228271484
-1.6531217098236084
1.470727801322937
-4.808994770050049
-4.54714822769165
-11.56257438659668
-15.247910499572754
-3.218092441558838
-5.804132461547852
12.917203903198242
-13.122077941894531
1.104689598083496
-1.825183629989624
-2.1282169818878174
1.3070138692855835
-4.893120765686035
-4.881747722625732
-11.71628189086914
-15.905864715576172
-2.868546485900879
-6.15228271484375
13.729158401489258
-13.709463119506836
0.8717758655548096
-1.9228370189666748
-2.5856306552886963
1.1136715412139893
-4.976986885070801
-5.230289459228516
-11.865551948547363
-16.589786529541016
-2.513575792312622
-6.518284797668457
14.555960655212402
-14.3291015625
0.6437290906906128
-2.0378782749176025
-3.0246903896331787
0.8896873593330383
-5.060226917266846
-5.593637466430664
-12.009466171264648
-17.301410675048828
-2.1521565914154053
-6.903300762176514
15.399768829345703
-14.983503341674805
0.42112258076667786
-2.170804738998413
-3.444711208343506
0.6339273452758789
-5.142464637756348
-5.9727463722229
-12.147096633911133
-18.042709350585938
-1.7833287715911865
-7.308335304260254
16.262544631958008
-15.674777030944824
0.20453406870365143
-2.3221242427825928
-3.8449976444244385
0.34517210721969604
-5.223293781280518
-6.368614673614502
-12.277433395385742
-18.815752029418945
-1.4060194492340088
-7.734596252441406
17.1466007232666
-16.405561447143555
-0.005466923117637634
-2.492344379425049
-4.224879741668701
0.0221824049949646
-5.302279949188232
-6.782289505004883
-12.399385452270508
-19.62271499633789
-1.019661784172058
-8.182656288146973
18.053089141845703
-17.178091049194336
-0.2081957757472992
-2.681993007659912
-4.583521842956543
-0.3364958167076111
-5.378959655761719
-7.214869976043701
-12.511772155761719
-20.46588706970215
-0.6233188509941101
-8.653326988220215
18.983701705932617
-17.994644165039062
-0.4026992917060852
-2.8919200897216797
-4.919726848602295
-0.7325563430786133
-5.452847003936768
-7.667501926422119
-12.61334228515625
-21.34765625
-0.21583998203277588
-9.147969245910645
19.94117546081543
-18.858509063720703
-0.5881748199462891
-3.122720718383789
-5.232475280761719
-1.1674845218658447
-5.523423671722412
-8.141390800476074
-12.702742576599121
-22.270536422729492
0.20402228832244873
-9.668097496032715
20.928312301635742
-19.77315902709961
-0.7639962434768677
-3.3747825622558594
-5.521036148071289
-1.6425716876983643
-5.590134620666504
-8.637804985046387
-12.778511047363281
-23.237171173095703
0.6373409032821655
-10.215206146240234
21.947120666503906
-20.741899490356445
-0.9298046827316284
-3.648641586303711
-5.7847514152526855
-2.1594221591949463
-5.652385711669922
-9.158110618591309
-12.83914852142334
-24.250452041625977
1.0853365659713745
-10.79080867767334
23.00025177001953
-21.76810646057129
-1.0847833156585693
-3.945033550262451
-6.022425651550293
-2.7199513912200928
-5.7095537185668945
-9.703760147094727
-12.883092880249023
-25.313480377197266
1.5494327545166016
-11.396651268005371
24.090818405151367
-22.855751037597656
-1.2281534671783447
-4.264744758605957
-6.232890605926514
-3.326197385787964
-5.76098108291626
-10.276254653930664
-12.908559799194336
-26.429378509521484
2.031383991241455
-12.034440994262695
25.22279167175293
-24.00920295715332
-1.3591008186340332
-4.60865592956543
-6.414783477783203
-3.9802162647247314
-5.805964469909668
-10.877182006835938
-12.913626670837402
-27.601442337036133
2.5328123569488525
-12.706087112426758
26.399818420410156
-25.23265266418457
-1.476668357849121
-4.977757930755615
-6.566293239593506
-4.684320449829102
-5.843749046325684
-11.508228302001953
-12.896212577819824
-28.833148956298828
3.0557303428649902
-13.414081573486328
27.626293182373047
-26.531047821044922
-1.579974889755249
-5.373032093048096
-6.685777187347412
-5.440848350524902
-5.8735246658325195
-12.171175956726074
-12.8540678024292
-30.128177642822266
3.6026086807250977
-14.161396980285645
28.906579971313477
-27.9091854095459
-1.668070673942566
-5.795559406280518
-6.771334171295166
-6.252391338348389
-5.894410133361816
-12.867912292480469
-12.784740447998047
-31.490406036376953
4.175479888916016
-14.950613975524902
30.244874954223633
-29.371952056884766
-1.7401694059371948
-6.2465338706970215
-6.8211493492126465
-7.121612548828125
-5.9054484367370605
-13.600446701049805
-12.68555736541748
-32.92395782470703
4.776401519775391
-15.78429126739502
31.64581871032715
-30.92470932006836
-1.7953766584396362
-6.727311611175537
-6.833137512207031
-8.051414489746094
-5.9056267738342285
-14.371118545532227
-12.553840637207031
-34.433685302734375
5.407558917999268
-16.66518783569336
33.11454772949219
-32.57352828979492
-1.832701563835144
-7.239312648773193
-6.805241584777832
-9.044815063476562
-5.893405914306641
-15.181830406188965
-12.386810302734375
-36.02446746826172
6.071225166320801
-17.596214294433594
34.6565055847168
-34.324825286865234
-1.8511322736740112
-7.784082889556885
-6.735152244567871
-10.105019569396973
-5.867588520050049
-16.035030364990234
-12.181279182434082
-37.70146560668945
6.7699432373046875
-18.58052635192871
36.27805709838867
-36.1864013671875
-1.8496571779251099
-8.36327075958252
-6.620535373687744
-11.235395431518555
-5.8269853591918945
-16.933378219604492
-11.933842658996582
-39.470191955566406
7.506314754486084
-19.621431350708008
37.985206604003906
-38.16541290283203
-1.8271183967590332
-8.978679656982422
-6.458454132080078
-12.439558982849121
-5.771180152893066
-17.880451202392578
-11.641999244689941
-41.33790969848633
8.283084869384766
-20.722457885742188
39.784324645996094
-40.26952362060547
-1.7821762561798096
-9.632287979125977
-6.245398044586182
-13.721348762512207
-5.698822975158691
-18.8794002532959
-11.30187702178955
-43.311214447021484
9.103184700012207
-21.887393951416016
41.68238830566406
-42.50709915161133
-1.7137184143066406
-10.326143264770508
-5.978518486022949
-15.084754943847656
-5.608432292938232
-19.93360137939453
-10.909272193908691
-45.397220611572266
9.969724655151367
-23.12030029296875
43.68681716918945
-44.887088775634766
-1.6206109523773193
-11.06243896484375
-5.6548638343811035
-16.53404998779297
-5.498388290405273
-21.04657554626465
-10.459588050842285
-47.60328674316406
