2
3
-2.745781421661377
3.8000669479370117
0.493752658367157
-4.459194660186768
0.747614324092865
8.808830261230469
6.885670185089111
4.114279747009277
1.7261478900909424
-6.344477653503418
-3.9067373275756836
-5.501599311828613
-2.525424003601074
3.5165443420410156
1.108567237854004
-4.904008865356445
1.2142081260681152
9.02616024017334
6.553104400634766
2.5047988891601562
1.4367648363113403
-6.244113922119141
-4.310524940490723
-4.450278282165527
-2.2779972553253174
3.2021429538726807
1.710639238357544
-5.288442134857178
1.6324328184127808
9.11349105834961
6.238555431365967
0.9481849670410156
1.1047621965408325
-6.046758651733398
-4.647012710571289
-3.427523136138916
-2.00956392288208
2.863063097000122
2.289083957672119
-5.6101789474487305
2.0043506622314453
9.074419975280762
5.94451904296875
-0.5286867618560791
0.7417256832122803
-5.763288497924805
-4.9098310470581055
-2.4528870582580566
-1.7193529605865479
2.508928060531616
2.826995372772217
-5.871938705444336
2.33168888092041
8.922039031982422
5.674483776092529
-1.8989589214324951
0.366006076335907
-5.407168388366699
-5.1061930656433105
-1.5399178266525269
-1.4025174379348755
2.148137092590332
3.3011412620544434
-6.084270000457764
2.615230083465576
8.671573638916016
5.435688495635986
-3.1505019664764404
-0.02035689353942871
-4.992008209228516
-5.23259973526001
-0.6905092000961304
-1.0500352382659912
1.7836484909057617
3.6737895011901855
-6.260099411010742
2.8627922534942627
8.337372779846191
5.22951078414917
-4.284940719604492
-0.41615837812423706
-4.52804708480835
-5.290400505065918
0.08924877643585205
-0.66477370262146
1.4260812997817993
3.929016590118408
-6.417200565338135
3.0872011184692383
7.928379058837891
5.049396991729736
-5.302234172821045
-0.8144776821136475
-4.023095607757568
-5.2879815101623535
0.7865188121795654
-0.2689563035964966
1.0751657485961914
4.096315860748291
-6.538934707641602
3.2972865104675293
7.455356121063232
4.883920192718506
-6.204922676086426
-1.2087889909744263
-3.4871978759765625
-5.222647666931152
1.3921148777008057
0.12560054659843445
0.7340611219406128
4.186856269836426
-6.620790958404541
3.501911163330078
6.930421352386475
4.712664604187012
-7.002691268920898
-1.598250150680542
-2.934093475341797
-5.0750885009765625
1.907318115234375
0.509650468826294
0.40515100955963135
4.206618309020996
-6.660374641418457
3.7063324451446533
6.364112854003906
4.51569938659668
-7.70519495010376
-1.9797675609588623
-2.3722918033599854
-4.83207368850708
2.3280491828918457
0.8760141134262085
0.08872738480567932
4.161713600158691
-6.653998374938965
3.9114015102386475
5.764813423156738
4.27666711807251
-8.317377090454102
-2.3488829135894775
-1.8097822666168213
-4.4817728996276855
2.6510276794433594
1.2198209762573242
-0.21617284417152405
4.060001850128174
-6.5958099365234375
4.115031719207764
5.13915491104126
3.983755111694336
-8.839734077453613
-2.6983609199523926
-1.2505533695220947
-4.020332336425781
2.865074634552002
1.534271001815796
-0.5088397264480591
3.914717674255371
-6.4816694259643555
4.3105645179748535
4.495469093322754
3.636688232421875
-9.27281379699707
-3.018018960952759
-0.6979356408119202
-3.4488728046417236
2.9575986862182617
1.814181923866272
-0.7838622331619263
3.739009141921997
-6.315640449523926
4.489746570587158
3.8429665565490723
3.238245964050293
-9.619084358215332
-3.296955108642578
-0.15695607662200928
-2.7729787826538086
2.9206435680389404
2.056992769241333
-1.0346250534057617
3.5448505878448486
-6.109856128692627
4.644165515899658
3.191563606262207
2.796203374862671
-9.8847017288208
-3.525531768798828
0.36405515670776367
-2.005133867263794
2.750194549560547
2.260930061340332
-1.2537826299667358
3.344130754470825
-5.882035732269287
4.765938758850098
2.552316904067993
2.325927495956421
-10.082871437072754
-3.694492816925049
0.8544448018074036
-1.1625428199768066
2.446532726287842
2.4235284328460693
-1.4328713417053223
3.153911828994751
-5.655861854553223
4.847061634063721
1.9382293224334717
1.8522286415100098
-10.236498832702637
-3.7927510738372803
1.3029584884643555
-0.2739378809928894
2.018815279006958
2.543764591217041
-1.5660803318023682
2.9959628582000732
-5.458477973937988
4.88255500793457
1.3612439632415771
1.4058737754821777
-10.376445770263672
-3.8117640018463135
1.7009388208389282
0.6317554116249084
1.4802123308181763
2.624873399734497
-1.6513781547546387
2.8859004974365234
-5.311407566070557
4.872904300689697
0.8264592885971069
1.003063440322876
-10.521153450012207
-3.7512924671173096
2.0427029132843018
1.5345213413238525
0.8462380170822144
2.6773552894592285
-1.6945749521255493
2.8157286643981934
-5.218611240386963
4.824580669403076
0.32862305641174316
0.6362465620040894
-10.664385795593262
-3.6147353649139404
2.3263444900512695
2.415971279144287
0.13097470998764038
2.7103772163391113
-1.703376054763794
2.759464979171753
-5.170263290405273
4.742788314819336
-0.1358000636100769
0.2870672941207886
-10.795276641845703
-3.409605026245117
2.551896095275879
3.26893949508667
-0.6539155840873718
2.726597547531128
-1.68019700050354
2.708360195159912
-5.165685176849365
4.632029056549072
-0.5660479068756104
-0.058528393507003784
-10.909931182861328
-3.1413838863372803
2.719484567642212
4.08258056640625
-1.494997501373291
2.7278597354888916
-1.6237666606903076
2.656928300857544
-5.208102226257324
4.493547439575195
-0.9578959941864014
-0.3999732732772827
-11.009655952453613
-2.8120200634002686
2.8256280422210693
4.8350372314453125
-2.3719873428344727
2.716611385345459
-1.53854501247406
2.6100919246673584
-5.29917573928833
4.327049732208252
-1.3101005554199219
-0.7219769954681396
-11.101410865783691
-2.4271090030670166
2.869441032409668
5.517282009124756
-3.269937038421631
2.6963658332824707
-1.4330004453659058
2.5758540630340576
-5.4392242431640625
4.137551784515381
-1.6298635005950928
-1.0167371034622192
-11.186944007873535
-1.9937138557434082
2.8534741401672363
6.123846054077148
-4.177379608154297
2.670943260192871
-1.3152137994766235
2.5616238117218018
-5.630348205566406
3.9306061267852783
-1.923496961593628
-1.277296781539917
-11.268507957458496
-1.5187568664550781
2.781409978866577
6.650285243988037
-5.085336685180664
2.6432418823242188
-1.191731572151184
2.57210373878479
-5.873405933380127
3.7100424766540527
-2.1952075958251953
-1.4953579902648926
-11.34973430633545
-1.0097907781600952
2.656740665435791
7.093397617340088
-5.9861345291137695
2.616152286529541
-1.068687081336975
2.611525058746338
-6.170434951782227
3.4788053035736084
-2.447402000427246
-1.6652860641479492
-11.43150520324707
-0.474631667137146
2.4841256141662598
7.451115608215332
-6.874597072601318
2.592541217803955
-0.9511280655860901
2.6824841499328613
-6.522356033325195
3.239558219909668
-2.6816565990448
-1.7799904346466064
-11.517599105834961
0.0763898491859436
2.2667794227600098
7.72953462600708
-7.742827892303467
2.5749688148498535
-0.8433276414871216
2.7861714363098145
-6.930353164672852
2.994951009750366
-2.8991150856018066
-1.8330621719360352
-11.613375663757324
0.6353863477706909
2.009988307952881
7.9317474365234375
-8.588471412658691
2.5660619735717773
-0.7491987943649292
2.922959566116333
-7.396101951599121
2.7478585243225098
-3.100776195526123
-1.8184983730316162
-11.72478199005127
1.1942766904830933
1.7185282707214355
8.063617706298828
-9.409608840942383
2.5685203075408936
-0.672126829624176
3.0917038917541504
-7.921234130859375
2.501349687576294
-3.2874200344085693
-1.7310397624969482
-11.85791015625
1.745704174041748
1.396899700164795
8.131077766418457
-10.205535888671875
2.584946632385254
-0.6155993938446045
3.2897160053253174
-8.507730484008789
2.2590973377227783
-3.459989547729492
-1.5665392875671387
-12.01980972290039
2.282212972640991
1.049335241317749
8.143491744995117
-10.977069854736328
2.617614984512329
-0.5832391977310181
3.512956380844116
-9.156734466552734
2.0254666805267334
-3.6192731857299805
-1.322344422340393
-12.218629837036133
2.7967307567596436
0.6793155670166016
8.113807678222656
-11.724947929382324
2.667147636413574
-0.5786563754081726
3.758633852005005
-9.866443634033203
1.8046512603759766
-3.7656638622283936
-0.9969403147697449
-12.4620361328125
3.2838006019592285
0.28857046365737915
8.055953025817871
-12.448288917541504
2.731785297393799
-0.6055840849876404
4.028841018676758
-10.63245964050293
1.601487398147583
-3.9000191688537598
-0.5904738903045654
-12.758713722229004
3.7386634349823
-0.12206780910491943
7.986714839935303
-13.14664363861084
2.8087399005889893
-0.6682665348052979
4.3303961753845215
-11.449464797973633
1.4212210178375244
-4.024326801300049
-0.10489621758460999
-13.11875057220459
4.156588077545166
-0.5488222241401672
7.924105167388916
-13.82683277130127
2.8944149017333984
-0.7712267637252808
4.674665927886963
-12.309305191040039
1.2688552141189575
-4.140884876251221
0.45587751269340515
-13.552059173583984
4.5343146324157715
-0.9865350127220154
7.887284278869629
-14.500711441040039
2.987161159515381
-0.9184555411338806
5.072126388549805
-13.205191612243652
1.1497902870178223
-4.253241062164307
1.08550226688385
-14.068544387817383
4.870658874511719
-1.4274202585220337
7.894209861755371
-15.186504364013672
