2
3
-6.281142234802246
-7.202380657196045
6.058794021606445
5.714871406555176
8.405415534973145
-8.512513160705566
6.406596660614014
4.895793437957764
-1.75966477394104
7.94108772277832
5.789189338684082
-7.47542667388916
-5.791937351226807
-6.9166131019592285
6.9320292472839355
6.297677993774414
8.110219955444336
-8.004456520080566
5.590102195739746
5.809724807739258
-1.5153510570526123
7.112176895141602
6.5220537185668945
-9.08450698852539
-5.309101581573486
-6.628368854522705
7.792813301086426
6.88077449798584
7.817165851593018
-7.506285667419434
4.783758163452148
6.706348419189453
-1.26665461063385
6.306302070617676
7.261436939239502
-10.648419380187988
-4.832193374633789
-6.3380126953125
8.642043113708496
7.463810443878174
7.527012348175049
-7.018341064453125
3.9890246391296387
7.584702491760254
-1.0121082067489624
5.519929885864258
8.011272430419922
-12.173666954040527
-4.3606438636779785
-6.046047210693359
9.480857849121094
8.046088218688965
7.2406206130981445
-6.540718078613281
3.2077436447143555
8.444657325744629
-0.7509915828704834
4.747593402862549
8.775339126586914
-13.668017387390137
-3.8936102390289307
-5.752843856811523
10.310408592224121
8.626816749572754
6.959046840667725
-6.073764324188232
2.4423489570617676
9.285269737243652
-0.48077842593193054
3.9829585552215576
9.55894947052002
-15.139957427978516
-3.430147171020508
-5.458898067474365
11.13210391998291
9.205009460449219
6.6837158203125
-5.61799430847168
1.696035385131836
10.105445861816406
-0.198970228433609
3.2197890281677246
10.367648124694824
-16.59809112548828
-2.969249963760376
-5.164839267730713
11.94754409790039
9.779433250427246
6.415790557861328
-5.173868179321289
0.9712535738945007
10.904117584228516
0.09637656807899475
2.4534690380096436
11.205937385559082
-18.049943923950195
-2.5098977088928223
-4.871422290802002
12.75841236114502
10.348610877990723
6.156355857849121
-4.74171781539917
0.2702174782752991
11.680360794067383
0.40631189942359924
1.681481957435608
12.076644897460938
-19.501840591430664
-2.049124240875244
-4.577992916107178
13.566244125366211
10.911165237426758
5.9073028564453125
-4.321150302886963
-0.40542370080947876
12.433272361755371
0.732131838798523
0.901966392993927
12.983709335327148
-20.96005630493164
-1.5851256847381592
-4.284901142120361
14.372703552246094
11.465352058410645
5.669345378875732
-3.9123711585998535
-1.0539183616638184
13.162177085876465
1.075566053390503
0.11327719688415527
13.931269645690918
-22.430767059326172
-1.116316556930542
-3.9927902221679688
15.179489135742188
12.00908374786377
5.443089008331299
-3.5157737731933594
-1.6735718250274658
13.865983009338379
1.439643144607544
-0.6884760856628418
14.927494049072266
-23.926626205444336
-0.6413091421127319
-3.702444553375244
15.98831558227539
12.540216445922852
5.2292022705078125
-3.131913900375366
-2.262662410736084
14.543179512023926
1.8268911838531494
-1.5068562030792236
15.979082107543945
-25.458698272705078
-0.15892696380615234
-3.4149184226989746
16.800992965698242
13.056349754333496
5.028438091278076
-2.7609260082244873
-2.819361686706543
15.193488121032715
2.2400312423706055
-2.346129894256592
17.093027114868164
-27.037321090698242
0.3315037488937378
-3.1318023204803467
17.61949920654297
13.554765701293945
4.841545581817627
-2.4028022289276123
-3.3419830799102783
15.817046165466309
2.681915760040283
-3.2112796306610107
18.276607513427734
-28.67320442199707
0.8302193880081177
-2.8559048175811768
18.44581413269043
14.032482147216797
4.669188499450684
-2.0612497329711914
-3.8278250694274902
16.40809440612793
3.153529405593872
-4.1016950607299805
19.532320022583008
-30.36700439453125
1.3360289335250854
-2.5933172702789307
19.280778884887695
14.48320484161377
4.512425422668457
-1.7447659969329834
-4.272243022918701
16.959686279296875
3.653214454650879
-5.013609886169434
20.858144760131836
-32.11130142211914
1.8491790294647217
-2.3481900691986084
20.126352310180664
14.901695251464844
4.372523784637451
-1.4581210613250732
-4.671461582183838
17.467304229736328
4.182150363922119
-5.949789047241211
22.257444381713867
-33.90986633300781
2.3701915740966797
-2.1245813369750977
20.984228134155273
15.282193183898926
4.2514238357543945
-1.2058225870132446
-5.021042346954346
17.925085067749023
4.741849899291992
-6.91153621673584
23.733028411865234
-35.76606750488281
2.899507999420166
-1.9265697002410889
21.855743408203125
15.618097305297852
4.151148796081543
-0.991776168346405
-5.316205978393555
18.327720642089844
5.333917617797852
-7.900197982788086
25.288349151611328
-37.68487548828125
3.437878370285034
-1.7573460340499878
22.743358612060547
15.903911590576172
4.073431491851807
-0.8172428607940674
-5.553162574768066
18.672035217285156
5.960659980773926
-8.918993949890137
26.929723739624023
-39.67491149902344
3.9864885807037354
-1.6191118955612183
23.65004539489746
16.134634017944336
4.02000617980957
-0.6836061477661133
-5.7279510498046875
18.953411102294922
6.624344348907471
-9.9712495803833
28.662792205810547
-41.7449836730957
4.545600414276123
-1.5146839618682861
24.578033447265625
16.303295135498047
3.992581844329834
-0.5913485884666443
-5.837099075317383
19.16856575012207
7.327549934387207
-11.060368537902832
30.493532180786133
-43.90475082397461
5.115762710571289
-1.4458826780319214
25.529260635375977
16.404420852661133
3.992861032485962
-0.5412389636039734
-5.876856327056885
19.313329696655273
8.073153495788574
-12.190349578857422
32.42888259887695
-46.16453170776367
5.697714328765869
-1.4140830039978027
26.505359649658203
16.433443069458008
4.022274971008301
-0.5340927243232727
-5.843635082244873
19.38356590270996
8.864157676696777
-13.365218162536621
34.47604751586914
-48.534950256347656
6.2925848960876465
-1.4205453395843506
27.509126663208008
16.386367797851562
4.081947326660156
-0.5708286762237549
-5.734091758728027
19.375490188598633
9.70379638671875
-14.589107513427734
36.64240264892578
-51.027435302734375
6.901817798614502
-1.4665589332580566
28.544239044189453
16.259357452392578
4.172882080078125
-0.6526877880096436
-5.54482889175415
19.285274505615234
10.595420837402344
-15.866657257080078
38.936431884765625
-53.65351867675781
7.527152061462402
-1.5535657405853271
29.614992141723633
16.0485897064209
4.296428680419922
-0.7807353734970093
-5.272495269775391
19.108745574951172
11.542479515075684
-17.202451705932617
41.36638259887695
-56.424835205078125
8.170625686645508
-1.6830167770385742
30.72568702697754
15.750101089477539
4.453925609588623
-0.9561547040939331
-4.913827896118164
18.8416748046875
12.548328399658203
-18.60061264038086
43.94020462036133
-59.352657318115234
8.835299491882324
-1.8560326099395752
31.879955291748047
15.358955383300781
4.646496772766113
-1.1798700094223022
-4.466200828552246
18.480920791625977
13.616575241088867
-20.0658016204834
46.66667175292969
-62.44868469238281
9.523665428161621
-2.0742263793945312
33.08168411254883
14.870112419128418
4.875329494476318
-1.452988624572754
-3.9268174171447754
18.023178100585938
14.751226425170898
-21.603151321411133
49.55565643310547
-65.72541046142578
10.23643684387207
-2.340085029602051
34.337745666503906
14.281604766845703
5.141683578491211
-1.776785135269165
-3.2926816940307617
17.464962005615234
15.956578254699707
-23.218175888061523
52.61772155761719
-69.19605255126953
10.975707054138184
-2.6555888652801514
35.65359115600586
13.58954906463623
5.446773052215576
-2.153313636779785
-2.560049057006836
16.80206871032715
17.237184524536133
-24.91695785522461
55.86465072631836
-72.8746337890625
11.743751525878906
-3.023042678833008
37.034847259521484
12.789329528808594
5.79187536239624
-2.5849409103393555
-1.7248121500015259
16.029993057250977
18.597923278808594
-26.70619773864746
59.3095703125
-76.77570343017578
12.542596817016602
-3.4450266361236572
38.48611068725586
11.875970840454102
6.178563117980957
-3.073556423187256
-0.7830557227134705
15.144302368164062
20.043954849243164
-28.59278678894043
62.96607971191406
-80.9139404296875
13.37440299987793
-3.9239182472229004
40.01231002807617
10.844833374023438
6.6085920333862305
-3.621394634246826
0.26966458559036255
14.139810562133789
21.580827713012695
-30.583919525146484
66.84869384765625
-85.3046875
14.24161148071289
-4.462375640869141
41.61915588378906
9.69058609008789
7.0838704109191895
-4.230782508850098
1.4381275177001953
13.011106491088867
23.214494705200195
-32.687137603759766
70.9729232788086
-89.96403503417969
15.146761894226074
-5.063259601593018
43.31239318847656
8.407397270202637
7.606236457824707
-4.903744220733643
2.7267870903015137
11.75370979309082
24.951316833496094
-34.91037368774414
75.35504150390625
-94.90880584716797
16.091848373413086
-5.728918075561523
45.096466064453125
6.989980220794678
8.177637100219727
-5.642669200897217
4.14067268371582
10.362080574035645
26.798059463500977
-37.26221466064453
80.01272583007812
-100.15679168701172
17.079111099243164
-6.461638450622559
46.975738525390625
5.433697700500488
8.800376892089844
-6.450705051422119
5.685900688171387
8.82848834991455
28.761871337890625
-39.75205993652344
84.96497344970703
-105.72589111328125
