2
3
1.5452775955200195
2.2001454830169678
-8.39268684387207
-2.3520803451538086
1.904776692390442
-1.9155162572860718
-6.771644592285156
-3.6090145111083984
-1.7871899604797363
7.619919776916504
4.546558380126953
2.8515126705169678
1.1038486957550049
2.2228469848632812
-8.696508407592773
-2.252161979675293
1.5969743728637695
-1.8367279767990112
-7.240261554718018
-2.9301395416259766
-1.1472325325012207
7.615279197692871
4.575079917907715
1.8613615036010742
0.6592563390731812
2.246748208999634
-8.921672821044922
-2.1496827602386475
1.2654287815093994
-1.7000515460968018
-7.658167839050293
-2.280540704727173
-0.4994669556617737
7.540830135345459
4.472099304199219
0.8997637033462524
0.2180638313293457
2.2720108032226562
-9.068881034851074
-2.04687762260437
0.9138349294662476
-1.5136477947235107
-8.015682220458984
-1.6648204326629639
0.14390867948532104
7.404360771179199
4.2414398193359375
-0.01962423324584961
-0.2129819393157959
2.2986743450164795
-9.141310691833496
-1.944000005722046
0.5455635786056519
-1.2847425937652588
-8.30623722076416
-1.085066318511963
0.7708333730697632
7.212025165557861
3.8876068592071533
-0.8834638595581055
-0.6281765699386597
2.326829195022583
-9.143296241760254
-1.8425045013427734
0.16522419452667236
-1.0206525325775146
-8.528218269348145
-0.5447609424591064
1.3680274486541748
6.9691081047058105
3.419708728790283
-1.6774744987487793
-1.0217560529708862
2.3565211296081543
-9.080105781555176
-1.7453683614730835
-0.22115179896354675
-0.7267343997955322
-8.681203842163086
-0.047692447900772095
1.918996810913086
6.678029537200928
2.859095573425293
-2.3826773166656494
-1.386404275894165
2.387845277786255
-8.962233543395996
-1.6602026224136353
-0.6069008111953735
-0.4082396626472473
-8.769533157348633
0.4000597298145294
2.4108245372772217
6.343330383300781
2.222773551940918
-2.984213352203369
-1.7171261310577393
2.4201390743255615
-8.802705764770508
-1.5922613143920898
-0.9835798740386963
-0.06885483860969543
-8.803832054138184
0.7901253700256348
2.8342556953430176
5.972322940826416
1.5246014595031738
-3.473691463470459
-2.0090737342834473
2.4546680450439453
-8.611204147338867
-1.5468459129333496
-1.3404958248138428
0.2900198698043823
-8.807647705078125
1.1095855236053467
3.1842494010925293
5.5758843421936035
0.7748541831970215
-3.851773738861084
-2.2535598278045654
2.4941327571868896
-8.413865089416504
-1.5365777015686035
-1.6694467067718506
0.6663028001785278
-8.803937911987305
1.3481297492980957
3.460522174835205
5.165527820587158
-0.018769502639770508
-4.124214172363281
-2.4445691108703613
2.539857864379883
-8.243322372436523
-1.5695397853851318
-1.9749112129211426
1.0484802722930908
-8.780309677124023
1.512026071548462
3.664813756942749
4.754552841186523
-0.8465746641159058
-4.301995754241943
-2.590986490249634
2.5839970111846924
-8.108916282653809
-1.6329643726348877
-2.2595372200012207
1.4251995086669922
-8.725333213806152
1.6095637083053589
3.799351453781128
4.353994846343994
-1.7016210556030273
-4.394371032714844
-2.707814931869507
2.6171085834503174
-8.008684158325195
-1.70867919921875
-2.5206222534179688
1.789124608039856
-8.643113136291504
1.6466829776763916
3.86604380607605
3.97251033782959
-2.5784645080566406
-4.410125255584717
-2.803245782852173
2.636484384536743
-7.952128887176514
-1.7874873876571655
-2.7559895515441895
2.1343677043914795
-8.546380996704102
1.6296825408935547
3.8672473430633545
3.6169283390045166
-3.4719769954681396
-4.3589701652526855
-2.8841335773468018
2.6428637504577637
-7.942023754119873
-1.8644665479660034
-2.9634921550750732
2.457294225692749
-8.456053733825684
1.5650547742843628
3.803933620452881
3.2920985221862793
-4.373385429382324
-4.249368190765381
-2.955247163772583
2.6387791633605957
-7.975554466247559
-1.9377228021621704
-3.141817092895508
2.7562708854675293
-8.398049354553223
1.458736777305603
3.677690029144287
3.004042625427246
-5.277219772338867
-4.095168590545654
-3.019335985183716
2.6266705989837646
-8.044737815856934
-2.0068013668060303
-3.292102813720703
3.0309252738952637
-8.385795593261719
1.3135778903961182
3.4902162551879883
2.757331132888794
-6.178659915924072
-3.90932035446167
-3.0792994499206543
2.6097099781036377
-8.142694473266602
-2.073434829711914
-3.418288230895996
3.2814013957977295
-8.418519020080566
1.13236403465271
3.243168592453003
2.554978609085083
-7.070272445678711
-3.704583168029785
-3.135477066040039
2.5898168087005615
-8.270264625549316
-2.1377320289611816
-3.5257933139801025
3.5077295303344727
-8.480962753295898
0.9152750968933105
2.9398372173309326
2.398008108139038
-7.947668075561523
-3.490234136581421
-3.1888720989227295
2.5689804553985596
-8.424981117248535
-2.201732873916626
-3.6163082122802734
3.7088818550109863
-8.56824016571045
0.6653063893318176
2.586225986480713
2.284644365310669
-8.810704231262207
-3.2725324630737305
-3.2388393878936768
2.548407554626465
-8.607577323913574
-2.266014814376831
-3.689380168914795
3.883265256881714
-8.681949615478516
0.38798487186431885
2.189141273498535
2.2119874954223633
-9.660599708557129
-3.0551986694335938
-3.284241199493408
2.528728485107422
-8.822684288024902
-2.3294951915740967
-3.7458455562591553
4.030000686645508
-8.82601547241211
0.09010601043701172
1.7545541524887085
2.176631212234497
-10.496708869934082
-2.8400721549987793
-3.326148509979248
2.510331153869629
-9.076872825622559
-2.3895516395568848
-3.7887654304504395
4.149682998657227
-9.008004188537598
-0.22048470377922058
1.2875127792358398
2.1759538650512695
-11.31621265411377
-2.6313350200653076
-3.3669421672821045
2.4939959049224854
-9.377241134643555
-2.4432666301727295
-3.821697473526001
4.243378162384033
-9.233368873596191
-0.5367163419723511
0.7930139303207397
2.2071163654327393
-12.116402626037598
-2.433250665664673
-3.409571409225464
2.480835199356079
-9.729958534240723
-2.488081932067871
-3.848362684249878
4.312345027923584
-9.505945205688477
-0.8522235155105591
0.2767394781112671
2.2669150829315186
-12.89791488647461
-2.2496726512908936
-3.457139253616333
2.471879005432129
-10.140130996704102
-2.5216739177703857
-3.8723015785217285
4.358316421508789
-9.83028793334961
-1.1606881618499756
-0.25597554445266724
2.3519809246063232
-13.664518356323242
-2.0839498043060303
-3.512873411178589
2.4682493209838867
-10.612167358398438
-2.5420684814453125
-3.897155284881592
4.383052825927734
-10.210688591003418
-1.456296682357788
-0.8001579642295837
2.459059238433838
-14.421378135681152
-1.9386532306671143
-3.5798285007476807
2.471252679824829
-11.14970588684082
-2.548316478729248
-3.926316738128662
4.388632774353027
-10.650860786437988
-1.7340059280395508
-1.352013111114502
2.5853874683380127
-15.176523208618164
-1.816147804260254
-3.660597801208496
2.482334613800049
-11.75557804107666
-2.540163278579712
-3.9630038738250732
4.377555847167969
-11.154496192932129
-1.9896769523620605
-1.9074320793151855
2.72810435295105
-15.939371109008789
-1.71784508228302
-3.757422685623169
2.502830743789673
-12.432827949523926
-2.5182206630706787
-4.010171413421631
4.352616310119629
-11.72539234161377
-2.2200067043304443
-2.4628758430480957
2.8846049308776855
-16.720264434814453
-1.6442400217056274
-3.872135639190674
2.5339136123657227
-13.184281349182129
-2.4834487438201904
-4.070422172546387
4.316952705383301
-12.367552757263184
-2.4227724075317383
-3.0160229206085205
3.0520267486572266
-17.52945899963379
-1.5949064493179321
-4.005645275115967
2.576573610305786
-14.012615203857422
-2.437377452850342
-4.1457672119140625
4.273923873901367
-13.08489990234375
-2.5968177318573
-3.5653514862060547
3.2277848720550537
-18.377836227416992
-1.5684707164764404
-4.159548759460449
2.6315577030181885
-14.92147159576416
-2.381356716156006
-4.237801551818848
4.227020263671875
-13.881964683532715
-2.741837739944458
-4.110794544219971
3.4086391925811768
-19.272741317749023
-1.5619906187057495
-4.334970951080322
2.6995131969451904
-15.91404914855957
-2.316558361053467
-4.3478922843933105
4.179583549499512
-14.763509750366211
-2.8583569526672363
-4.651810169219971
3.5927727222442627
-20.22371482849121
-1.5733940601348877
-4.532939910888672
2.7809560298919678
-16.993749618530273
-2.2441391944885254
-4.476797103881836
4.134840965270996
-15.73383903503418
-2.9471702575683594
-5.187671661376953
3.778787851333618
-21.23812484741211
-1.6006838083267212
-4.754405498504639
2.8762967586517334
-18.16440200805664
-2.1651878356933594
-4.6257500648498535
4.095830917358398
-16.7977352142334
-3.0093302726745605
-5.718463897705078
3.965346097946167
-22.321462631225586
-1.6419475078582764
-5.0
2.985992670059204
-19.430017471313477
-2.080801248550415
-4.796038627624512
4.065310001373291
-17.960186004638672
-3.0461676120758057
-6.244550704956055
4.151208400726318
-23.47800636291504
-1.695265531539917
-5.270946979522705
3.110401153564453
-20.795146942138672
-1.9917773008346558
-4.988884449005127
4.045801162719727
-19.226369857788086
-3.059058427810669
-6.7669196128845215
4.335541725158691
-24.713993072509766
-1.7580292224884033
-5.56849479675293
3.2498929500579834
-22.264698028564453
-1.8988085985183716
-5.205567359924316
4.039557933807373
-20.6016788482666
-3.049426555633545
-7.286815643310547
4.517784595489502
-26.035808563232422
-1.8274866342544556
