2
3
-2.251652240753174
-0.9802398085594177
-4.806642532348633
6.201699733734131
-2.7213027477264404
-0.7348490953445435
4.87508487701416
6.784976005554199
-2.260791301727295
-6.3655219078063965
3.7513067722320557
-5.689029216766357
-2.3471298217773438
-0.9755804538726807
-5.007988929748535
6.230586528778076
-2.599961280822754
-0.7514330744743347
5.102755069732666
6.7605671882629395
-2.1832845211029053
-6.309340476989746
3.8806872367858887
-5.539317607879639
-2.4387097358703613
-0.9696748852729797
-5.202176094055176
6.261904239654541
-2.478307008743286
-0.7652426958084106
5.3282246589660645
6.739853858947754
-2.1054799556732178
-6.251248836517334
4.0101318359375
-5.386853218078613
-2.5264227390289307
-0.9623576402664185
-5.3893656730651855
6.296008110046387
-2.3562815189361572
-0.7762661576271057
5.551494598388672
6.722840309143066
-2.0273003578186035
-6.191161632537842
4.139727592468262
-5.231527328491211
-2.6102213859558105
-0.9535003900527954
-5.5695366859436035
6.3331708908081055
-2.2339067459106445
-0.7844579219818115
5.772404670715332
6.709561824798584
-1.9486699104309082
-6.128992080688477
4.269558906555176
-5.073225021362305
-2.690072774887085
-0.9429925084114075
-5.742702484130859
6.373570919036865
-2.111156463623047
-0.7897756695747375
5.990926265716553
6.700077056884766
-1.8695005178451538
-6.064670085906982
4.399747848510742
-4.911903381347656
-2.765944242477417
-0.9307377934455872
-5.908873081207275
6.4173903465271
-1.9879820346832275
-0.7921866774559021
6.2070794105529785
6.694440841674805
-1.7896918058395386
-5.998143196105957
4.530460834503174
-4.747581958770752
-2.8378095626831055
-0.9166432023048401
-6.068058490753174
6.464788436889648
-1.8643383979797363
-0.7916437387466431
6.420890808105469
6.692741870880127
-1.7091798782348633
-5.929285049438477
4.661740779876709
-4.580079555511475
-2.9056396484375
-0.9006252288818359
-6.220228672027588
6.51586389541626
-1.740179181098938
-0.7880939841270447
6.632392883300781
6.695089340209961
-1.6278786659240723
-5.858015060424805
4.793694019317627
-4.409317970275879
-2.9693965911865234
-0.8826305270195007
-6.365286827087402
6.570692539215088
-1.6154640913009644
-0.7815185785293579
6.841590881347656
6.701507568359375
-1.5457242727279663
-5.784226417541504
4.926390171051025
-4.235142707824707
-3.029071569442749
-0.8626704812049866
-6.5031609535217285
6.6293511390686035
-1.4901542663574219
-0.7718639969825745
7.048502445220947
6.712076663970947
-1.4626433849334717
-5.707831859588623
5.059926509857178
-4.057433605194092
-3.084630250930786
-0.8406609296798706
-6.633819580078125
6.691978931427002
-1.3642094135284424
-0.7590827345848083
7.2531514167785645
6.726876258850098
-1.3785654306411743
-5.628740310668945
5.194392204284668
-3.8760578632354736
-3.136033058166504
-0.8165580630302429
-6.757143974304199
6.758676052093506
-1.23758864402771
-0.7431273460388184
7.455565452575684
6.74599027633667
-1.2934277057647705
-5.546814918518066
5.329836845397949
-3.690845489501953
-3.183246374130249
-0.7902951836585999
-6.873050212860107
6.829596042633057
-1.1102511882781982
-0.7239464521408081
7.655772686004639
6.769509792327881
-1.2071796655654907
-5.461925029754639
5.466285705566406
-3.501621961593628
-3.226231813430786
-0.7617548108100891
-6.981502532958984
6.904943466186523
-0.9821575284004211
-0.7014845609664917
7.85380220413208
6.797534465789795
-1.1197683811187744
-5.373982906341553
5.603792667388916
-3.308239221572876
-3.2649307250976562
-0.7308284640312195
-7.082408905029297
6.984889507293701
-0.8532823324203491
-0.6756992936134338
8.049670219421387
6.830139636993408
-1.0311498641967773
-5.282894134521484
5.742374897003174
-3.1105332374572754
-3.2993083000183105
-0.6973877549171448
-7.1757426261901855
7.069671630859375
-0.7235835194587708
-0.6465235948562622
8.243412971496582
6.86745023727417
-0.9412688612937927
-5.188570976257324
5.882100582122803
-2.9083468914031982
-3.329340934753418
-0.6613005995750427
-7.261493682861328
7.1595354080200195
-0.5930205583572388
-0.6138801574707031
8.43509292602539
6.909621715545654
-0.8502218723297119
-5.090839862823486
6.022918701171875
-2.7014365196228027
-3.355001211166382
-0.6224406957626343
-7.339646816253662
7.254702568054199
-0.4616052508354187
-0.57773357629776
8.624762535095215
6.956798076629639
-0.7580325603485107
-4.989591121673584
6.164844989776611
-2.489609718322754
-3.3762669563293457
-0.5806782841682434
-7.410194396972656
7.355403423309326
-0.3293437063694
-0.5380464792251587
8.812440872192383
7.009077548980713
-0.6646885871887207
-4.884737014770508
6.307916641235352
-2.2726869583129883
-3.393120765686035
-0.5358784794807434
-7.47311544418335
7.461887359619141
-0.19618922472000122
-0.49474528431892395
8.998115539550781
7.066544532775879
-0.5701629519462585
-4.776206970214844
6.452203750610352
-2.0505192279815674
-3.4055280685424805
-0.4879332184791565
-7.528311729431152
7.574335098266602
-0.06205946207046509
-0.44770556688308716
9.1817626953125
7.129334449768066
-0.4743916690349579
-4.663918495178223
6.597764492034912
-1.8229409456253052
-3.413472890853882
-0.43670791387557983
-7.575773239135742
7.692995071411133
0.07308927178382874
-0.3968185782432556
9.363404273986816
7.1976318359375
-0.37719646096229553
-4.5478434562683105
6.7447404861450195
-1.5898362398147583
-3.416935443878174
-0.3820614814758301
-7.615487098693848
7.8181328773498535
0.20929934084415436
-0.34197694063186646
9.543065071105957
7.271622180938721
-0.27852803468704224
-4.427905082702637
6.8932013511657715
-1.3510421514511108
-3.415914535522461
-0.32383307814598083
-7.647484302520752
7.950071811676025
0.34659290313720703
-0.2830776274204254
9.720813751220703
7.351527690887451
-0.17833690345287323
-4.304025650024414
7.043215751647949
-1.106387972831726
-3.4104201793670654
-0.2618409991264343
-7.671834468841553
8.089146614074707
0.4849853515625
-0.22002312541007996
9.896707534790039
7.437564373016357
-0.07657498121261597
-4.176119804382324
7.1948418617248535
-0.8556821346282959
-3.4004569053649902
-0.19589005410671234
-7.6885809898376465
8.23563289642334
0.6245101690292358
-0.1527000218629837
10.070781707763672
7.529942035675049
0.026819035410881042
-4.044110298156738
7.3481292724609375
-0.5987907648086548
-3.386019706726074
-0.1258230209350586
-7.697741985321045
8.389830589294434
0.7652069330215454
-0.08098602294921875
10.243064880371094
7.628873825073242
0.13198181986808777
-3.9079532623291016
7.503215789794922
-0.33559274673461914
-3.3671352863311768
-0.051453620195388794
-7.699444770812988
8.552133560180664
0.9071167707443237
-0.00475611537694931
10.413586616516113
7.734577178955078
0.23908917605876923
-3.7675929069519043
7.660226345062256
-0.06592202186584473
-3.343780279159546
0.027359865605831146
-7.693665027618408
8.722795486450195
1.0502798557281494
0.07611452788114548
10.582376480102539
7.8472700119018555
0.34818723797798157
-3.622922897338867
7.8191680908203125
0.21045488119125366
-3.3159427642822266
0.11077408492565155
-7.680399417877197
8.902113914489746
1.1947354078292847
0.16175448894500732
10.749462127685547
7.9671759605407715
0.45932337641716003
-3.47383189201355
7.980068683624268
0.4937725067138672
-3.2836103439331055
0.19894813001155853
-7.659641265869141
9.090394973754883
1.340523600578308
0.25230133533477783
10.914872169494629
8.094533920288086
0.5728462934494019
-3.320269823074341
8.14319896697998
0.7841130495071411
-3.2467546463012695
0.2920350432395935
-7.631345272064209
9.28792667388916
1.4876902103424072
0.34789448976516724
11.078646659851074
8.229586601257324
0.6888384819030762
-3.1621062755584717
8.308600425720215
1.0817358493804932
-3.205385684967041
0.39028093218803406
-7.595611572265625
9.495011329650879
1.6362805366516113
0.448678195476532
11.240825653076172
8.372584342956543
0.8073807954788208
-2.999213933944702
8.476286888122559
1.3869019746780396
-3.1595215797424316
0.493895947933197
-7.552628993988037
9.712103843688965
1.7863407135009766
0.5548040866851807
11.401451110839844
8.52379035949707
0.9286990165710449
-2.831549644470215
8.646583557128906
1.6997227668762207
-3.109142541885376
0.6030530333518982
-7.502396106719971
9.939530372619629
1.9379280805587769
0.6664360761642456
11.560602188110352
8.683499336242676
1.0529148578643799
-2.658991813659668
8.819642066955566
2.020458459854126
-3.0542116165161133
0.7179149985313416
-7.444874286651611
10.17758846282959
2.0911076068878174
0.7837504148483276
11.7183837890625
8.852031707763672
1.1803641319274902
-2.4817047119140625
8.995789527893066
2.3492391109466553
-2.9946844577789307
0.8386396765708923
-7.380014419555664
10.426576614379883
2.2459347248077393
0.9069030284881592
11.87485408782959
9.029653549194336
1.3111748695373535
-2.299546718597412
9.175005912780762
2.6864147186279297
-2.9305269718170166
0.9654003977775574
-7.307790279388428
10.686819076538086
2.4024658203125
1.036055564880371
12.030073165893555
9.216639518737793
1.4454306364059448
-2.1122586727142334
9.357263565063477
3.032376289367676
-2.861698627471924
1.0983726978302002
-7.22816276550293
10.95864486694336
2.5607566833496094
1.1713720560073853
12.184091567993164
9.413263320922852
1.583228588104248
-1.9195786714553833
9.542561531066895
3.387507915496826
