2
3
0.5762144923210144
-1.0703513622283936
-3.326279878616333
2.2803518772125244
0.8651612997055054
3.5295190811157227
6.048629283905029
5.994839191436768
-3.3794426918029785
-5.512789249420166
-3.3382792472839355
-5.273936748504639
0.27115386724472046
-0.8360456824302673
-3.4675986766815186
2.1887104511260986
1.3407336473464966
3.7773191928863525
5.293811798095703
4.9718241691589355
-3.3652994632720947
-5.784595012664795
-3.0403032302856445
-4.598501205444336
-0.03126141428947449
-0.6138216257095337
-3.528254747390747
2.0606331825256348
1.7420963048934937
3.9385828971862793
4.5494208335876465
3.979523181915283
-3.331951141357422
-6.006264686584473
-2.738379716873169
-3.8612139225006104
-0.3238954544067383
-0.41183215379714966
-3.5136024951934814
1.9080113172531128
2.071423053741455
4.015751361846924
3.821532726287842
3.034597873687744
-3.286466598510742
-6.1736650466918945
-2.4311842918395996
-3.0687434673309326
-0.602185845375061
-0.23837056756019592
-3.430117607116699
1.746263861656189
2.3291423320770264
4.010838031768799
3.118309259414673
2.1538071632385254
-3.2277045249938965
-6.276408672332764
-2.1284797191619873
-2.244779348373413
-0.8631128668785095
-0.0984637439250946
-3.2853972911834717
1.5853501558303833
2.514233350753784
3.9220809936523438
2.452806234359741
1.3654632568359375
-3.1483490467071533
-6.297855854034424
-1.8557851314544678
-1.4368177652359009
-1.099932074546814
0.01185164600610733
-3.1008260250091553
1.427342176437378
2.6275076866149902
3.7553553581237793
1.8391560316085815
0.691383957862854
-3.0503058433532715
-6.234147548675537
-1.6319646835327148
-0.6713442206382751
-1.2994003295898438
0.10948780924081802
-2.9114341735839844
1.2452889680862427
2.678908348083496
3.537950277328491
1.2764190435409546
0.11070066690444946
-2.9378020763397217
-6.0913543701171875
-1.4646282196044922
0.03482729196548462
-1.4593009948730469
0.19396254420280457
-2.72004771232605
1.0340840816497803
2.6797807216644287
3.2909886837005615
0.7626889944076538
-0.3978840708732605
-2.821840286254883
-5.8888936042785645
-1.3335888385772705
0.6947947144508362
-1.5848722457885742
0.25559911131858826
-2.5168089866638184
0.8088282346725464
2.643500328063965
3.027712345123291
0.28815174102783203
-0.8504365682601929
-2.7110893726348877
-5.64168119430542
-1.224209189414978
1.3180122375488281
-1.6788692474365234
0.2897784411907196
-2.3039252758026123
0.5798547267913818
2.5820443630218506
2.7588984966278076
-0.164794921875
-1.264523983001709
-2.6089932918548584
-5.359017372131348
-1.1316404342651367
1.9065542221069336
-1.7434589862823486
0.2957474887371063
-2.085510015487671
0.35245004296302795
2.5000617504119873
2.487769603729248
-0.6040120720863342
-1.6453664302825928
-2.5158889293670654
-5.0464911460876465
-1.056060791015625
2.4584436416625977
-1.78001070022583
0.27425098419189453
-1.8675665855407715
0.13363134860992432
2.399428367614746
2.2149109840393066
-1.0318607091903687
-1.9929921627044678
-2.430651903152466
-4.709084510803223
-0.9977120757102966
2.9720611572265625
-1.7900696992874146
0.22704382240772247
-1.6551103591918945
-0.06982186436653137
2.280773401260376
1.9403849840164185
-1.4470094442367554
-2.3064517974853516
-2.352560520172119
-4.350316524505615
-0.9563543796539307
3.4437615871429443
-1.7761051654815674
0.15676558017730713
-1.4510180950164795
-0.2519068121910095
2.144636631011963
1.6645089387893677
-1.8487086296081543
-2.5835139751434326
-2.2805335521698
-3.972355365753174
-0.9308592081069946
3.8683300018310547
-1.7406222820281982
0.06551933288574219
-1.2591863870620728
-0.40799590945243835
1.990929126739502
1.3880435228347778
-2.2342946529388428
-2.822669506072998
-2.2132883071899414
-3.5769453048706055
-0.9198300838470459
4.239714622497559
-1.6859334707260132
-0.04296135902404785
-1.0826611518859863
-0.5338820219039917
1.8197616338729858
1.112675428390503
-2.6002955436706543
-3.0232279300689697
-2.149299383163452
-3.166409492492676
-0.9220853447914124
4.5520195960998535
-1.6146761178970337
-0.16487643122673035
-0.9235524535179138
-0.626321017742157
1.6320099830627441
0.8401257395744324
-2.9435222148895264
-3.1850855350494385
-2.0871124267578125
-2.7435154914855957
-0.9364844560623169
4.799837112426758
-1.5286158323287964
-0.29601699113845825
-0.7862421274185181
-0.68485426902771
1.4291925430297852
0.5714911222457886
-3.2617390155792236
-3.3077785968780518
-2.0253143310546875
-2.3116226196289062
-0.9616317749023438
4.978199005126953
-1.42965567111969
-0.43249520659446716
-0.6756870746612549
-0.7098577618598938
1.2132742404937744
0.3070875108242035
-3.553729295730591
-3.3911643028259277
-1.9621037244796753
-1.8747450113296509
-0.9958738684654236
5.082368850708008
-1.3198703527450562
-0.5705627202987671
-0.5964003801345825
-0.7020358443260193
0.9865176677703857
0.04812660813331604
-3.8187484741210938
-3.434750556945801
-1.8960769176483154
-1.437077283859253
-1.039764404296875
5.108098983764648
-1.2016502618789673
-0.7056816220283508
-0.5516856908798218
-0.6622170805931091
0.7512824535369873
-0.20400595664978027
-4.0565948486328125
-3.4382376670837402
-1.826844573020935
-1.004279613494873
-1.0929166078567505
5.054659843444824
-1.0780367851257324
-0.8334184885025024
-0.5446079969406128
-0.5927473902702332
0.5101721286773682
-0.44772791862487793
-4.267611503601074
-3.4018940925598145
-1.7537747621536255
-0.5819649696350098
-1.1564605236053467
4.922260761260986
-0.9519110918045044
-0.9493377804756165
-0.577542245388031
-0.4968191981315613
0.26700732111930847
-0.6810989379882812
-4.452937126159668
-3.327158212661743
-1.6782312393188477
-0.17687439918518066
-1.229627013206482
4.715311527252197
-0.8261712193489075
-1.0490806102752686
-0.6522311568260193
-0.3792520761489868
0.023616105318069458
-0.9016439318656921
-4.613160133361816
-3.2154414653778076
-1.600724458694458
0.20444929599761963
-1.3130513429641724
4.440293788909912
-0.7040736079216003
-1.1286205053329468
-0.769692599773407
-0.24611306190490723
-0.21857550740242004
-1.1068997383117676
-4.748903274536133
-3.068533420562744
-1.5213303565979004
0.5556744337081909
-1.4083781242370605
4.105952262878418
-0.5886260271072388
-1.1844276189804077
-0.9307225346565247
-0.104972243309021
-0.4584105908870697
-1.294287085533142
-4.860724925994873
-2.8893306255340576
-1.441567301750183
0.8713583946228027
-1.5154746770858765
3.722684621810913
-0.4823407530784607
-1.2137399911880493
-1.1363331079483032
0.03552711009979248
-0.6947015523910522
-1.4615153074264526
-4.949395179748535
-2.681342601776123
-1.3623743057250977
1.1469736099243164
-1.6362024545669556
3.3022520542144775
-0.3876061737537384
-1.2147440910339355
-1.3871755599975586
0.16658073663711548
-0.9258485436439514
-1.606612205505371
-5.01608943939209
-2.4487297534942627
-1.2847017049789429
1.3791382312774658
-1.7716151475906372
2.8577332496643066
-0.3075680136680603
-1.1874761581420898
-1.6810328960418701
0.2814769744873047
-1.1503584384918213
-1.7283666133880615
-5.062452793121338
-2.1948065757751465
-1.2092247009277344
1.5669162273406982
-1.9235098361968994
2.4001717567443848
-0.24606211483478546
-1.1345475912094116
-2.01192045211792
0.37788572907447815
-1.366268515586853
-1.826305866241455
-5.090622425079346
-1.9220478534698486
-1.137465238571167
1.7098602056503296
-2.0925099849700928
1.9409592151641846
-0.2074386179447174
-1.0603389739990234
-2.371091842651367
0.4574112296104431
-1.570669174194336
-1.9000122547149658
-5.105995178222656
-1.6341917514801025
-1.0719239711761475
1.808349847793579
-2.2760074138641357
1.4912418127059937
-0.19562387466430664
-0.9698147177696228
-2.748520851135254
0.5239497423171997
-1.7607547044754028
-1.9484676122665405
-5.113508224487305
-1.3367140293121338
-1.015122890472412
1.8632702827453613
-2.470909833908081
1.0621447563171387
-0.21325086057186127
-0.867919921875
-3.1343026161193848
0.5826146602630615
-1.9337846040725708
-1.9697998762130737
-5.121184349060059
-1.037942886352539
-0.969680905342102
1.8759007453918457
-2.6737329959869385
0.6647265553474426
-0.26136794686317444
-0.7589997053146362
-3.5193114280700684
0.638429582118988
-2.087562084197998
-1.9610449075698853
-5.139998435974121
-0.7485083341598511
-0.9382584095001221
1.8480634689331055
-2.8809738159179688
0.30917444825172424
-0.3385525941848755
-0.645278811454773
-3.8981685638427734
0.6925567388534546
-2.2228541374206543
-1.9223047494888306
-5.177011489868164
-0.4752345681190491
-0.9230650663375854
1.7829347848892212
-3.090101718902588
0.0036229193210601807
-0.441739022731781
-0.5283945798873901
-4.268544673919678
0.7440383434295654
-2.342503309249878
-1.8576220273971558
-5.231827735900879
-0.2195252776145935
-0.9238907694816589
1.6882914304733276
-3.303356170654297
-0.25248441100120544
-0.5670461058616638
-0.40959230065345764
-4.629724502563477
0.7912214994430542
-2.4494545459747314
-1.7714208364486694
-5.304362773895264
0.01832769811153412
-0.9386327266693115
1.572141408920288
-3.5248584747314453
-0.46292221546173096
-0.7104260921478271
-0.28974857926368713
-4.982665061950684
0.8317803144454956
-2.5458860397338867
-1.6674822568893433
-5.396089553833008
0.23867632448673248
-0.9651986360549927
1.4415221214294434
-3.759220600128174
-0.6317908763885498
-0.8683446645736694
-0.16972479224205017
-5.328990459442139
0.8640610575675964
-2.634070634841919
-1.5492247343063354
-5.508046627044678
0.4425445795059204
-1.002223014831543
1.3022133111953735
-4.0105204582214355
-0.7625477910041809
