2
3
-0.5081384778022766
0.3520047068595886
4.312113285064697
6.124922275543213
-2.757396697998047
-1.8610702753067017
9.228789329528809
-1.8748624324798584
4.231393814086914
-8.112539291381836
2.8909833431243896
7.699798583984375
-0.4211256802082062
0.5182323455810547
4.687296390533447
5.465089797973633
-2.154916763305664
-2.474954128265381
9.916772842407227
-1.9212987422943115
4.027517318725586
-7.486136436462402
2.2369813919067383
8.408696174621582
-0.31805557012557983
0.6220958232879639
5.120885372161865
4.80912446975708
-1.5141057968139648
-3.092134952545166
10.485888481140137
-1.8565438985824585
3.784841775894165
-6.821677207946777
1.6683353185653687
9.024971961975098
-0.19437624514102936
0.6599010229110718
5.609692573547363
4.17271614074707
-0.8462668657302856
-3.701402187347412
10.934087753295898
-1.677368402481079
3.5069756507873535
-6.1292724609375
1.2014639377593994
9.5442533493042
-0.04564101994037628
0.6294065117835999
6.14755916595459
3.5723462104797363
-0.16099822521209717
-4.291944980621338
11.252687454223633
-1.3842884302139282
3.1989171504974365
-5.4194135665893555
0.8484458327293396
9.95856761932373
0.13378871977329254
0.5318041443824768
6.722352504730225
3.0167744159698486
0.5309371948242188
-4.851593971252441
11.435641288757324
-0.9783722162246704
2.8673810958862305
-4.7018256187438965
0.6198527812957764
10.259516716003418
0.3482325077056885
0.3675060272216797
7.318835735321045
2.519813299179077
1.2163103818893433
-5.365987777709961
11.478005409240723
-0.4631778597831726
2.5193753242492676
-3.9859390258789062
0.5240811109542847
10.440339088439941
0.5999794006347656
0.14048942923545837
7.921200275421143
2.0953588485717773
1.8795888423919678
-5.817503929138184
11.38557243347168
0.14733749628067017
2.1634373664855957
-3.283604860305786
0.5652070641517639
10.500075340270996
0.8911510705947876
-0.14357584714889526
8.50788688659668
1.7570089101791382
2.5080947875976562
-6.187568664550781
11.176581382751465
0.8252565264701843
1.8105213642120361
-2.6081960201263428
0.7400360107421875
10.44851303100586
1.2279001474380493
-0.4819175601005554
9.034469604492188
1.5251634120941162
3.085294246673584
-6.462447166442871
10.884591102600098
1.5451319217681885
1.4719932079315186
-1.969069242477417
1.0389328002929688
10.29653549194336
1.6111204624176025
-0.8664825558662415
9.46023941040039
1.415465235710144
3.5990474224090576
-6.634775161743164
10.540672302246094
2.282318353652954
1.1590131521224976
-1.3718175888061523
1.4507389068603516
10.050552368164062
2.029858350753784
-1.2802464962005615
9.778121948242188
1.4279706478118896
4.048708438873291
-6.711521148681641
10.17017650604248
3.019134044647217
0.8811507821083069
-0.8219936490058899
1.9714467525482178
9.71178913116455
2.4657278060913086
-1.7009148597717285
10.005985260009766
1.5472735166549683
4.436756610870361
-6.702224254608154
9.792222023010254
3.7430830001831055
0.646649181842804
-0.3279361128807068
2.6011433601379395
9.285902976989746
2.902636766433716
-2.109276294708252
10.164134979248047
1.752750277519226
4.764408588409424
-6.615253448486328
9.427298545837402
4.442334175109863
0.4644622802734375
0.10061478614807129
3.3316650390625
8.788923263549805
3.328033208847046
-2.49007248878479
10.275349617004395
2.024899959564209
5.029749393463135
-6.456462860107422
9.10417366027832
5.102422714233398
0.3444373905658722
0.45380592346191406
4.144073009490967
8.247275352478027
3.7302966117858887
-2.8308305740356445
10.369102478027344
2.341273069381714
5.234529972076416
-6.232816696166992
8.849898338317871
5.711057662963867
0.2918803095817566
0.7279835343360901
5.020969867706299
7.68316125869751
4.103796482086182
-3.1242432594299316
10.468311309814453
2.6848957538604736
5.388233184814453
-5.955300331115723
8.675299644470215
6.263708591461182
0.3096970319747925
0.9217585921287537
5.946167945861816
7.116033554077148
4.4485392570495605
-3.367802619934082
10.585615158081055
3.043947219848633
5.5060625076293945
-5.63778829574585
8.564573287963867
6.766968250274658
0.3996734619140625
1.0329382419586182
6.90266227722168
6.562927722930908
4.771355628967285
-3.5643365383148193
10.717432975769043
3.4181716442108154
5.59846305847168
-5.291234970092773
8.50492000579834
7.2273359298706055
0.5634764432907104
1.061786413192749
7.869754314422607
6.04005241394043
5.079782485961914
-3.718994140625
10.845870971679688
3.8148446083068848
5.672210693359375
-4.923510551452637
8.476555824279785
7.652904987335205
0.7958481907844543
1.0142526626586914
8.828569412231445
5.564675331115723
5.373162269592285
-3.8284802436828613
10.953644752502441
4.234152317047119
5.731151103973389
-4.538821220397949
8.466595649719238
8.045848846435547
1.0957632064819336
0.8933370113372803
9.748385429382324
5.156445503234863
5.647223949432373
-3.8895249366760254
11.051557540893555
4.665650844573975
5.777931213378906
-4.141421794891357
8.47661304473877
8.405906677246094
1.4584715366363525
0.706662118434906
10.608287811279297
4.82515287399292
5.901731491088867
-3.903512954711914
11.154192924499512
5.099304676055908
5.813817977905273
-3.7360267639160156
8.52000904083252
8.72895336151123
1.8727771043777466
0.46849435567855835
11.410634994506836
4.568800449371338
6.13978910446167
-3.875875949859619
11.262699127197266
5.532137870788574
5.840463161468506
-3.3266916275024414
8.61182689666748
9.009641647338867
2.3298823833465576
0.19064593315124512
12.155671119689941
4.386913776397705
6.363656520843506
-3.8118515014648438
11.383519172668457
5.959932804107666
5.860226154327393
-2.9176180362701416
8.764739990234375
9.243314743041992
2.8223748207092285
-0.11636632680892944
12.842596054077148
4.281486988067627
6.575289726257324
-3.7169089317321777
11.52301025390625
6.380446434020996
5.8763508796691895
-2.5136098861694336
8.986778259277344
9.425568580627441
3.3423781394958496
-0.44238370656967163
13.472923278808594
4.251961708068848
6.776034832000732
-3.5955023765563965
11.689201354980469
6.791354656219482
5.893411636352539
-2.1200335025787354
9.284147262573242
9.554473876953125
3.8832521438598633
-0.777611494064331
14.047710418701172
4.297318935394287
6.9668989181518555
-3.4506845474243164
11.890880584716797
7.188392639160156
5.916172027587891
-1.7423794269561768
9.660192489624023
9.631404876708984
4.438624382019043
-1.113135576248169
14.56847095489502
4.415586948394775
7.149125576019287
-3.285229206085205
12.13636302947998
7.5668487548828125
5.950342655181885
-1.3861654996871948
10.116292953491211
9.660670280456543
5.002434730529785
-1.4401133060455322
15.039385795593262
4.603765964508057
7.324991703033447
-3.1024224758148193
12.432544708251953
7.922837734222412
6.001367092132568
-1.0566352605819702
10.65149211883545
9.646951675415039
5.568007946014404
-1.7508631944656372
15.465876579284668
4.855745315551758
7.499170303344727
-2.906289577484131
12.781259536743164
8.254541397094727
6.074381351470947
-0.758733868598938
11.262614250183105
9.596640586853027
6.128546714782715
-2.0382230281829834
15.857126235961914
5.16469144821167
7.674350738525391
-2.7008438110351562
13.185937881469727
8.560497283935547
6.173564434051514
-0.4979386329650879
11.945788383483887
9.519902229309082
6.678136348724365
-2.2958481311798096
16.22384262084961
5.5226216316223145
7.853388786315918
-2.4904839992523193
13.648137092590332
8.840600967407227
6.302967071533203
-0.2781790494918823
12.695314407348633
9.428461074829102
7.211647987365723
-2.5186755657196045
16.578811645507812
5.920790195465088
8.039427757263184
-2.279923915863037
14.168363571166992
9.096955299377441
6.465887546539307
-0.10121658444404602
13.503945350646973
9.332762718200684
7.724979877471924
-2.703124523162842
16.93702507019043
6.350685119628906
8.235454559326172
-2.0735135078430176
14.74472427368164
9.333091735839844
6.664285182952881
0.03259025514125824
14.36380386352539
9.241926193237305
8.215597152709961
-2.847262144088745
17.31275177001953
6.803976535797119
8.444231986999512
-1.875186562538147
15.373595237731934
9.553441047668457
6.899674892425537
0.12385831773281097
15.265817642211914
9.164878845214844
8.683991432189941
-2.951383352279663
17.713682174682617
7.274488925933838
8.667535781860352
-1.688409686088562
16.051023483276367
9.762474060058594
7.173199653625488
0.17361953854560852
16.200687408447266
9.111334800720215
9.132299423217773
-3.0168044567108154
18.14394187927246
7.756683349609375
8.907608032226562
-1.515461802482605
16.77013397216797
9.965526580810547
7.486391067504883
0.1832389533519745
17.15475082397461
9.090498924255371
9.56023120880127
-3.0440473556518555
18.608625411987305
8.244119644165039
9.164971351623535
-1.3571453094482422
17.52733039855957
10.16555404663086
7.839240074157715
0.154795840382576
18.114688873291016
9.110161781311035
9.970155715942383
-3.035874605178833
19.112499237060547
8.7316312789917
9.439122200012207
-1.2133044004440308
18.324073791503906
10.363057136535645
8.227543830871582
0.0942758172750473
19.078899383544922
9.171121597290039
10.362799644470215
-2.9945383071899414
19.65985870361328
9.213476181030273
