2
3
1.5071386098861694
-8.835667610168457
0.4862041473388672
-7.971341133117676
9.260466575622559
-8.907943725585938
0.8083730936050415
0.5216413736343384
-6.657092571258545
7.153194427490234
6.867414951324463
-13.27409553527832
1.4661163091659546
-8.815696716308594
0.3020031750202179
-7.408100605010986
8.898298263549805
-8.16405200958252
-0.9267185926437378
1.2011942863464355
-6.037543296813965
6.177774429321289
8.64175796508789
-14.838552474975586
1.4442145824432373
-8.764963150024414
0.11060944199562073
-6.833188533782959
8.412008285522461
-7.409726619720459
-2.5306167602539062
1.8313636779785156
-5.295075416564941
5.099148750305176
10.30129337310791
-16.240406036376953
1.4364217519760132
-8.663241386413574
-0.09828221797943115
-6.2799906730651855
7.825531482696533
-6.64693546295166
-3.972935199737549
2.3719377517700195
-4.440865993499756
3.917872190475464
11.823456764221191
-17.463298797607422
1.439522624015808
-8.512665748596191
-0.31858447194099426
-5.768071174621582
7.153885364532471
-5.867265224456787
-5.240394115447998
2.789530038833618
-3.4872353076934814
2.6338846683502197
13.188356399536133
-18.481704711914062
1.4463530778884888
-8.322084426879883
-0.5313512086868286
-5.305649757385254
6.412171840667725
-5.070096015930176
-6.322572231292725
3.0487842559814453
-2.4485080242156982
1.2623682022094727
14.377073287963867
-19.2862606048584
1.4500409364700317
-8.100545883178711
-0.7157365083694458
-4.902159690856934
5.613186359405518
-4.2648024559021
-7.198805809020996
3.1343069076538086
-1.3425582647323608
-0.17530858516693115
15.382245063781738
-19.87533187866211
1.446039080619812
-7.850434303283691
-0.8568137884140015
-4.569272994995117
4.765681266784668
-3.4617831707000732
-7.83834981918335
3.0298445224761963
-0.18501794338226318
-1.6593189239501953
16.178010940551758
-20.239608764648438
1.432021141052246
-7.574793338775635
-0.9410474300384521
-4.319136142730713
3.882202386856079
-2.674220561981201
-8.212275505065918
2.7186858654022217
1.0068165063858032
-3.1676669120788574
16.73987579345703
-20.373092651367188
1.4049357175827026
-7.273561477661133
-0.9595469236373901
-4.164188385009766
2.9764773845672607
-1.917798638343811
-8.302413940429688
2.1945834159851074
2.215552806854248
-4.676050662994385
17.04292869567871
-20.273908615112305
1.365417242050171
-6.950672149658203
-0.9014008641242981
-4.124992847442627
2.075634002685547
-1.2051701545715332
-8.119632720947266
1.4468910694122314
3.4239189624786377
-6.158967971801758
17.061304092407227
-19.947336196899414
1.3151887655258179
-6.617068767547607
-0.7563180923461914
-4.209012985229492
1.2113358974456787
-0.5502665042877197
-7.683807373046875
0.47306621074676514
4.614690780639648
-7.588059902191162
16.768178939819336
-19.400390625
1.2568882703781128
-6.284626483917236
-0.5188608169555664
-4.421614646911621
0.4119575619697571
0.028966665267944336
-7.025429725646973
-0.7109936475753784
5.763001918792725
-8.929414749145508
16.175853729248047
-18.654687881469727
1.194200873374939
-5.965488433837891
-0.1890757977962494
-4.765562534332275
-0.29943352937698364
0.5144753456115723
-6.177567481994629
-2.073432683944702
6.837857246398926
-10.147397994995117
15.322229385375977
-17.762908935546875
1.131488561630249
-5.670482158660889
0.23163491487503052
-5.237114906311035
-0.9062432050704956
0.8882128000259399
-5.169122695922852
-3.568253993988037
7.797299385070801
-11.202173233032227
14.325345039367676
-16.80461883544922
1.072434425354004
-5.408751010894775
0.7462847828865051
-5.829563140869141
-1.392875075340271
1.1220580339431763
-4.033649921417236
-5.116532802581787
8.621309280395508
-12.076732635498047
13.227155685424805
-15.82835578918457
1.0255159139633179
-5.195946216583252
1.3519527912139893
-6.514810562133789
-1.7507660388946533
1.1998693943023682
-2.802765369415283
-6.65352725982666
9.293965339660645
-12.760940551757812
12.064114570617676
-14.88057804107666
1.0045783519744873
-5.045121669769287
2.032038927078247
-7.2691473960876465
-1.9883198738098145
1.1218781471252441
-1.5049225091934204
-8.140657424926758
9.818131446838379
-13.250542640686035
10.89155387878418
-14.018258094787598
1.019729495048523
-4.962037563323975
2.7585606575012207
-8.07319450378418
-2.116560935974121
0.9000537395477295
-0.17281413078308105
-9.555622100830078
10.177117347717285
-13.52366828918457
9.869365692138672
-13.386239051818848
1.0724331140518188
-4.9377617835998535
3.496525287628174
-8.9111328125
-2.1467695236206055
0.5616382360458374
1.1571557521820068
-10.894326210021973
10.382550239562988
-13.613243103027344
9.015268325805664
-12.979645729064941
1.1569955348968506
-4.962065696716309
4.214939117431641
-9.765555381774902
-2.089585781097412
0.13201582431793213
2.4595749378204346
-12.164852142333984
10.482532501220703
-13.580034255981445
8.185006141662598
-12.679733276367188
1.2708046436309814
-5.02302360534668
4.864933013916016
-10.617667198181152
-1.9543235301971436
-0.3703051209449768
3.725912570953369
-13.377913475036621
10.482924461364746
-13.452019691467285
7.408707618713379
-12.480074882507324
1.4047762155532837
-5.114035129547119
5.490262985229492
-11.492838859558105
-1.754970908164978
-0.9275484085083008
5.018285751342773
-14.572160720825195
10.396353721618652
-13.249282836914062
6.66029167175293
-12.356138229370117
1.5532032251358032
-5.232189655303955
6.148909568786621
-12.413673400878906
-1.4862942695617676
-1.535413146018982
6.323805809020996
-15.744688987731934
10.24361801147461
-13.003267288208008
5.90789794921875
-12.278944969177246
1.7225315570831299
-5.380408763885498
6.846892356872559
-13.377045631408691
-1.1417545080184937
-2.195157051086426
7.613696098327637
-16.880510330200195
10.03625774383545
-12.740510940551758
5.1750407218933105
-12.248893737792969
1.9231367111206055
-5.562175273895264
7.577563762664795
-14.376836776733398
-0.7202178239822388
-2.9085264205932617
8.870594024658203
-17.966711044311523
9.776424407958984
-12.46883773803711
4.486496925354004
-12.274264335632324
2.162041187286377
-5.780952453613281
8.334725379943848
-15.403711318969727
-0.22470933198928833
-3.67439341545105
10.083573341369629
-18.993730545043945
9.46691608428955
-12.1896390914917
3.8546676635742188
-12.367308616638184
2.440824031829834
-6.041191101074219
9.113664627075195
-16.44465446472168
0.34041231870651245
-4.48917818069458
11.239799499511719
-19.955232620239258
9.11326789855957
-11.906486511230469
3.294416666030884
-12.54085636138916
2.758082866668701
-6.3469014167785645
9.913773536682129
-17.490005493164062
0.9691434502601624
-5.34670352935791
12.327911376953125
-20.848024368286133
8.719610214233398
-11.625001907348633
2.8255646228790283
-12.805376052856445
3.1122395992279053
-6.702791690826416
10.735645294189453
-18.529497146606445
1.6520638465881348
-6.2363457679748535
13.340815544128418
-21.674097061157227
8.29214096069336
-11.351344108581543
2.4677610397338867
-13.172951698303223
3.502387285232544
-7.11329984664917
11.578653335571289
-19.552005767822266
2.3773224353790283
-7.146329879760742
14.277142524719238
-22.436601638793945
7.8384552001953125
-11.09082317352295
2.2382395267486572
-13.654125213623047
3.927072763442993
-7.578213214874268
12.438742637634277
-20.553285598754883
3.132918357849121
-8.064838409423828
15.13758659362793
-23.140907287597656
7.3674421310424805
-10.848944664001465
2.153313636779785
-14.25959300994873
4.384799480438232
-8.095840454101562
13.310702323913574
-21.533233642578125
3.906424045562744
-8.979254722595215
15.925118446350098
-23.805513381958008
6.888489246368408
-10.631162643432617
2.226806879043579
-14.996749877929688
4.873353004455566
-8.6620512008667
14.186737060546875
-22.493566513061523
4.687955856323242
-9.880403518676758
16.6428165435791
-24.444002151489258
6.410264015197754
-10.440937042236328
2.468092918395996
-15.866316795349121
5.390076637268066
-9.271730422973633
15.057938575744629
-23.43726348876953
5.467689037322998
-10.761449813842773
17.3013858795166
-25.07191276550293
5.944119453430176
-10.285423278808594
2.885775566101074
-16.87004852294922
5.930333614349365
-9.917810440063477
15.920621871948242
-24.37215232849121
6.2369537353515625
-11.616772651672363
17.9134578704834
-25.705039978027344
5.502434730529785
-10.174090385437012
3.4844470024108887
-18.004648208618164
6.487514495849609
-10.591048240661621
16.779476165771484
-25.313400268554688
6.987534523010254
-12.440873146057129
18.497314453125
-26.362571716308594
5.097391128540039
-10.117687225341797
4.264962673187256
-19.25977897644043
7.053637504577637
-11.280769348144531
17.649669647216797
-26.282583236694336
7.710427284240723
-13.226696968078613
19.08313751220703
-27.07206153869629
4.74082612991333
-10.12873649597168
5.2254109382629395
-20.62055015563965
7.619088172912598
-11.97353458404541
18.56376075744629
-27.31306266784668
8.392922401428223
-13.962599754333496
19.72545051574707
-27.881181716918945
4.438583850860596
-10.21025276184082
6.362485408782959
-22.080854415893555
8.171356201171875
-12.652966499328613
19.573246002197266
-28.45124053955078
9.021790504455566
-14.63697624206543
20.501380920410156
-28.84865951538086
4.192471027374268
-10.360414505004883
7.673946857452393
-23.637039184570312
