2
3
-0.5573193430900574
4.831790447235107
-8.509472846984863
2.9125006198883057
3.431121587753296
3.4317626953125
-7.359879493713379
5.67876672744751
-7.006244659423828
-1.0238183736801147
11.109288215637207
-6.44912052154541
-1.1421310901641846
5.125095367431641
-8.714146614074707
2.4296658039093018
2.6978020668029785
4.027646064758301
-8.18486499786377
5.394909381866455
-5.877297401428223
-1.7811121940612793
11.668327331542969
-5.817351341247559
-1.697685956954956
5.3615827560424805
-8.798371315002441
1.898132562637329
1.9357810020446777
4.5882368087768555
-8.835248947143555
4.974704742431641
-4.726753234863281
-2.4696764945983887
11.921192169189453
-5.056055068969727
-2.216588020324707
5.54591178894043
-8.771073341369629
1.3169201612472534
1.163001537322998
5.101019859313965
-9.310789108276367
4.433262825012207
-3.578043222427368
-3.072974681854248
11.854512214660645
-4.169122695922852
-2.6929073333740234
5.679007530212402
-8.640395164489746
0.6947932839393616
0.39595848321914673
5.556446552276611
-9.616499900817871
3.784355640411377
-2.4479360580444336
-3.587132453918457
11.45360279083252
-3.149394989013672
-3.1206700801849365
5.756962776184082
-8.417694091796875
0.0530434250831604
-0.34887033700942993
5.946798801422119
-9.76286506652832
3.0433318614959717
-1.3588523864746094
-3.993879795074463
10.732378959655762
-2.028163433074951
-3.4968149662017822
5.780038356781006
-8.113940238952637
-0.5970341563224792
-1.0565807819366455
6.26705265045166
-9.765264511108398
2.223578691482544
-0.3459446430206299
-4.273040294647217
9.762584686279297
-0.8433276414871216
-3.8181028366088867
5.751027584075928
-7.740084648132324
-1.2500276565551758
-1.7146415710449219
6.512784004211426
-9.639979362487793
1.3538883924484253
0.5638759136199951
-4.407017230987549
8.621499061584473
0.3544834852218628
-4.081567764282227
5.669335842132568
-7.314013957977295
-1.8829684257507324
-2.3156049251556396
6.680788993835449
-9.40290641784668
0.46533411741256714
1.358060598373413
-4.393460750579834
7.351161479949951
1.533687949180603
-4.288969993591309
5.533658981323242
-6.8480730056762695
-2.4834375381469727
-2.855353355407715
6.768810749053955
-9.070612907409668
-0.41213518381118774
2.0284619331359863
-4.237309455871582
5.981640815734863
2.6718852519989014
-4.444982528686523
5.33858060836792
-6.387019634246826
-3.026548385620117
-3.3302011489868164
6.774232387542725
-8.659526824951172
-1.2605204582214355
2.572409152984619
-3.9472625255584717
4.543054580688477
3.750433921813965
-4.553643226623535
5.089837074279785
-5.996038436889648
-3.492128849029541
-3.7307143211364746
6.687089920043945
-8.25870418548584
-2.039106607437134
2.9872026443481445
-3.532015323638916
3.0706777572631836
4.7489118576049805
-4.625003337860107
4.799529075622559
-5.600159168243408
-3.899613857269287
-4.055969715118408
6.515989303588867
-7.9079909324646
-2.7291512489318848
3.2686409950256348
-3.0003557205200195
1.5991942882537842
5.644110202789307
-4.662570953369141
4.474667072296143
-5.173589706420898
-4.260497093200684
-4.319568157196045
6.272957801818848
-7.52238655090332
-3.353004217147827
3.4212849140167236
-2.374354124069214
0.1464306116104126
6.433437347412109
-4.66819429397583
4.119317531585693
-4.6951775550842285
-4.593902111053467
-4.528991222381592
5.971863746643066
-7.068989276885986
-3.932464122772217
3.4541029930114746
-1.679868221282959
-1.2939239740371704
7.12862491607666
-4.635138988494873
3.7309730052948
-4.177207946777344
-4.897435188293457
-4.6765618324279785
5.616788387298584
-6.56148624420166
-4.464842796325684
3.3722972869873047
-0.9343270063400269
-2.7094688415527344
7.729561805725098
-4.5565266609191895
3.309497833251953
-3.652991771697998
-5.143677234649658
-4.763064384460449
5.2131781578063965
-6.0200042724609375
-4.939723014831543
3.1808295249938965
-0.15114128589630127
-4.080505847930908
8.227060317993164
-4.4286885261535645
2.8564538955688477
-3.153979539871216
-5.30617618560791
-4.792931079864502
4.76435661315918
-5.459907531738281
-5.338915824890137
2.8863255977630615
0.6573868989944458
-5.384193420410156
8.611621856689453
-4.2505950927734375
2.3769338130950928
-2.706073045730591
-5.366415500640869
-4.770459175109863
4.273220539093018
-4.902335166931152
-5.642979621887207
2.4993247985839844
1.4792729616165161
-6.597582817077637
8.871721267700195
-4.0251665115356445
1.8819469213485718
-2.3373379707336426
-5.314690589904785
-4.69603157043457
3.7443482875823975
-4.36991024017334
-5.835635662078857
2.031425952911377
2.303165912628174
-7.698247909545898
8.995150566101074
-3.7586886882781982
1.387660026550293
-2.0732529163360596
-5.153505325317383
-4.570982933044434
3.187406301498413
-3.8864099979400635
-5.908279895782471
1.4961051940917969
3.118530511856079
-8.667708396911621
8.970996856689453
-3.4600589275360107
0.9159200191497803
-1.9355337619781494
-4.897347927093506
-4.39990234375
2.617635726928711
-3.4756600856781006
-5.863148212432861
0.9053902626037598
3.9147469997406006
-9.489824295043945
8.792150497436523
-3.1408419609069824
0.4887895882129669
-1.9344402551651
-4.568607807159424
-4.188448905944824
2.0555930137634277
-3.1589698791503906
-5.712366580963135
0.27145540714263916
4.680185794830322
-10.152120590209961
8.455771446228027
-2.816883087158203
0.11090216040611267
-2.0576305389404297
-4.170986175537109
-3.9437546730041504
1.5223593711853027
-2.955659866333008
-5.474186420440674
-0.3928322196006775
5.402394771575928
-10.645820617675781
7.963998317718506
-2.5048892498016357
-0.2098458707332611
-2.2873799800872803
-3.7153284549713135
-3.6774942874908447
1.0254267454147339
-2.8672749996185303
-5.151944160461426
-1.0718293190002441
6.065837860107422
-10.970263481140137
7.330655097961426
-2.218205213546753
-0.4702986180782318
-2.6094210147857666
-3.2109739780426025
-3.4046714305877686
0.567962110042572
-2.8881704807281494
-4.744346618652344
-1.7470149993896484
6.65785551071167
-11.136650085449219
6.5723419189453125
-1.9669742584228516
-0.6661174297332764
-3.0128140449523926
-2.6729660034179688
-3.1389646530151367
0.15751248598098755
-3.014615774154663
-4.259008407592773
-2.3974766731262207
7.162336826324463
-11.170244216918945
5.723005294799805
-1.7598977088928223
-0.7945632934570312
-3.484657049179077
-2.118936061859131
-2.8922574520111084
-0.19491618871688843
-3.2420778274536133
-3.7128496170043945
-3.008425712585449
7.5682268142700195
-11.089212417602539
4.806895732879639
-1.6046881675720215
-0.8552683591842651
-4.011909484863281
-1.565714955329895
-2.674715518951416
-0.4786769449710846
-3.5622828006744385
-3.1281301975250244
-3.5668811798095703
7.869157791137695
-10.91496753692627
3.8481574058532715
-1.505426287651062
-0.8488054871559143
-4.583465099334717
-1.0296636819839478
-2.492072343826294
-0.6816314458847046
-3.9674885272979736
-2.5373077392578125
-4.060915946960449
8.057621955871582
-10.672860145568848
2.8899412155151367
-1.4617959260940552
-0.7769080996513367
-5.189312934875488
-0.5267685651779175
-2.35103440284729
-0.802577018737793
-4.443960666656494
-1.9563238620758057
-4.489091873168945
8.13338851928711
-10.394366264343262
1.973159909248352
-1.478003740310669
-0.6477399468421936
-5.8153767585754395
-0.05962556600570679
-2.2575154304504395
-0.8443390727043152
-4.974715232849121
-1.3944951295852661
-4.853151321411133
8.110359191894531
-10.138504028320312
1.1266529560089111
-1.5535764694213867
-0.4698844254016876
-6.452216148376465
0.37350982427597046
-2.214668035507202
-0.8124023675918579
-5.542995929718018
-0.8649415969848633
-5.157829284667969
8.008085250854492
-9.953039169311523
0.3624785542488098
-1.6795233488082886
-0.2550339102745056
-7.102361679077148
0.7801940441131592
-2.218024730682373
-0.7197011709213257
-6.142405033111572
-0.36747241020202637
-5.415063381195068
7.8431315422058105
-9.811208724975586
-0.33900755643844604
-1.844756841659546
-0.013719916343688965
-7.77311897277832
1.1641130447387695
-2.2604875564575195
-0.5805413722991943
-6.774233818054199
0.10711216926574707
-5.6338396072387695
7.628468990325928
-9.690563201904297
-0.9920726418495178
-2.041041851043701
0.24800938367843628
-8.470845222473145
1.533046007156372
-2.3366308212280273
-0.40544289350509644
-7.443364143371582
0.5658977031707764
-5.817458629608154
7.373045921325684
-9.585784912109375
-1.6021544933319092
-2.263883352279663
0.5301786661148071
-9.189103126525879
1.886309266090393
-2.4429714679718018
-0.1998569667339325
-8.151654243469238
1.0121049880981445
-5.96912956237793
7.084611892700195
-9.496871948242188
-2.171114683151245
-2.5114119052886963
0.8305132389068604
-9.916820526123047
2.2178916931152344
-2.5777950286865234
0.036326080560684204
-8.89401912689209
1.4464082717895508
-6.091352939605713
6.768206596374512
-9.425838470458984
-2.697862386703491
-2.781212568283081
1.1466560363769531
-10.645360946655273
2.5222792625427246
-2.7411844730377197
0.30139780044555664
-9.660244941711426
1.8642868995666504
-6.185372352600098
6.426775932312012
-9.37484073638916
-3.178853988647461
-3.071658134460449
1.476887583732605
-11.368003845214844
2.7952420711517334
-2.9339094161987305
0.5934121012687683
-10.44056224822998
2.2610223293304443
-6.252838134765625
6.063620090484619
-9.350547790527344
-3.6083056926727295
