2
3
3.760105609893799
5.705368995666504
0.2109118103981018
-10.611776351928711
1.0652556419372559
4.700138092041016
0.942411482334137
9.434810638427734
-7.4235687255859375
2.3210806846618652
11.208984375
-8.49736499786377
3.5730159282684326
5.176445484161377
-0.2871241569519043
-10.778858184814453
0.8298565149307251
5.677707195281982
0.43633294105529785
8.992385864257812
-6.478976249694824
1.5582504272460938
12.037591934204102
-8.185072898864746
3.399958848953247
4.693182945251465
-0.7929433584213257
-10.926206588745117
0.5399022102355957
6.616949081420898
0.14574435353279114
8.359546661376953
-5.456253528594971
0.8552670478820801
12.575672149658203
-7.801194190979004
3.228257179260254
4.25038480758667
-1.2726554870605469
-11.060954093933105
0.22279700636863708
7.5020036697387695
0.05449482053518295
7.527264595031738
-4.392051696777344
0.2185189127922058
12.860444068908691
-7.334949493408203
3.0454463958740234
3.839029312133789
-1.6903977394104004
-11.18435287475586
-0.10697275400161743
8.307883262634277
0.17260023951530457
6.525833606719971
-3.3169703483581543
-0.34277695417404175
12.91801929473877
-6.785123825073242
2.8470263481140137
3.4561524391174316
-2.0269250869750977
-11.307354927062988
-0.4266015887260437
9.017187118530273
0.4913559556007385
5.383098602294922
-2.2553324699401855
-0.8095036745071411
12.766722679138184
-6.17572546005249
2.6365671157836914
3.0993621349334717
-2.279059886932373
-11.439962387084961
-0.7083560228347778
9.623136520385742
0.9681692123413086
4.109317779541016
-1.2368261814117432
-1.1612014770507812
12.467751502990723
-5.549067974090576
2.4195680618286133
2.7630441188812256
-2.4590559005737305
-11.577311515808105
-0.9246323704719543
10.112801551818848
1.555938959121704
2.7351202964782715
-0.27952659130096436
-1.3887825012207031
12.059490203857422
-4.940533638000488
2.1976051330566406
2.445890188217163
-2.5681722164154053
-11.730443000793457
-1.0632269382476807
10.480640411376953
2.2158212661743164
1.2953438758850098
0.6073749661445618
-1.4895447492599487
11.563961029052734
-4.3858418464660645
1.9728111028671265
2.1463260650634766
-2.6056463718414307
-11.9083890914917
-1.12618887424469
10.72932243347168
2.9268898963928223
-0.17903828620910645
1.418515682220459
-1.471509337425232
10.996671676635742
-3.9055697917938232
1.7497551441192627
1.8580446243286133
-2.5742650032043457
-12.095961570739746
-1.1199737787246704
10.864316940307617
3.676241397857666
-1.6607862710952759
2.149953603744507
-1.3479747772216797
10.372418403625488
-3.512363910675049
1.5319430828094482
1.573377013206482
-2.480329751968384
-12.274429321289062
-1.0472415685653687
10.890539169311523
4.447798728942871
-3.125916004180908
2.7983837127685547
-1.1361887454986572
9.706141471862793
-3.2081661224365234
1.3224642276763916
1.286407232284546
-2.341365337371826
-12.425593376159668
-0.9087596535682678
10.807650566101074
5.215336799621582
-4.551244258880615
3.361816644668579
-0.8511896133422852
8.994095802307129
-2.9765758514404297
1.1269890069961548
0.997310996055603
-2.1973400115966797
-12.52248764038086
-0.6965711116790771
10.609833717346191
5.923822402954102
-5.902191162109375
3.8366196155548096
-0.49466368556022644
8.244597434997559
-2.822495698928833
0.9425657987594604
0.7113850712776184
-2.0341248512268066
-12.5602388381958
-0.42155465483665466
10.31440544128418
6.579278469085693
-7.1790595054626465
4.223993301391602
-0.08195099234580994
7.485669136047363
-2.75593900680542
0.7657999992370605
0.4285755455493927
-1.8243663311004639
-12.549508094787598
-0.0926409661769867
9.935748100280762
7.186683177947998
-8.384659767150879
4.531820297241211
0.36671027541160583
6.719664573669434
-2.768479108810425
0.5993004441261292
0.15168121457099915
-1.5535861253738403
-12.500628471374512
0.28774726390838623
9.481860160827637
7.738134384155273
-9.515893936157227
4.766658306121826
0.8334436416625977
5.958330154418945
-2.859168767929077
0.448330819606781
-0.11453935503959656
-1.2148857116699219
-12.427947044372559
0.7143727540969849
8.958581924438477
8.229680061340332
-10.564138412475586
4.929225444793701
1.3073147535324097
5.224724292755127
-3.033160924911499
0.31909269094467163
-0.36612170934677124
-0.8064144849777222
-12.344629287719727
1.179440975189209
8.369281768798828
8.658958435058594
-11.51705551147461
5.021126747131348
1.7795172929763794
4.5416259765625
-3.296874761581421
0.22051331400871277
-0.595592737197876
-0.33510756492614746
-12.272950172424316
1.6737596988677979
7.720444202423096
9.023741722106934
-12.368359565734863
5.045019626617432
2.243269443511963
3.9255259037017822
-3.652132511138916
0.1562856137752533
-0.797120988368988
0.19362223148345947
-12.230242729187012
2.1889967918395996
7.02203369140625
9.320357322692871
-13.118229866027832
5.007747650146484
2.6881110668182373
3.3921399116516113
-4.101161479949951
0.12716874480247498
-0.9675192832946777
0.7755557894706726
-12.230931282043457
2.721264600753784
6.288028240203857
9.547248840332031
-13.775290489196777
4.914532661437988
3.1043713092803955
2.9592368602752686
-4.641607284545898
0.13372458517551422
-1.105715036392212
1.40621018409729
-12.289772033691406
3.2662065029144287
5.5340681076049805
9.707765579223633
-14.353087425231934
4.772719860076904
3.4828171730041504
2.645106315612793
-5.26898193359375
0.17677460610866547
-1.2148147821426392
2.080343246459961
-12.418824195861816
3.8147692680358887
4.7724103927612305
9.808958053588867
-14.858438491821289
4.593390941619873
3.817469835281372
2.4628078937530518
-5.9796271324157715
0.2581503391265869
-1.3014535903930664
2.7893869876861572
-12.626725196838379
4.354374885559082
4.012118339538574
9.863887786865234
-15.295327186584473
4.389228820800781
4.103832721710205
2.419172525405884
-6.773813724517822
0.37953054904937744
-1.3730283975601196
3.5261502265930176
-12.924639701843262
4.870913028717041
3.266085147857666
9.895904541015625
-15.686362266540527
4.172758102416992
4.337989807128906
2.516636610031128
-7.650981903076172
0.5391559600830078
-1.4393017292022705
4.289278507232666
-13.311100959777832
5.355712890625
2.5472826957702637
9.922216415405273
-16.056428909301758
3.956406354904175
4.517597675323486
2.748354911804199
-8.610636711120605
0.7337592840194702
-1.5073010921478271
5.078985214233398
-13.786508560180664
5.801403045654297
1.8670110702514648
9.966951370239258
-16.43577766418457
3.751315116882324
4.64004373550415
3.1051063537597656
-9.648242950439453
0.9589633345603943
-1.5827733278274536
5.898575782775879
-14.35073471069336
6.200855731964111
1.237428069114685
10.056507110595703
-16.860736846923828
3.567352771759033
4.702927112579346
3.5762171745300293
-10.757028579711914
1.2112330198287964
-1.670303463935852
6.750535011291504
-15.00246524810791
6.55114221572876
0.6630874872207642
10.217632293701172
-17.358917236328125
3.4118683338165283
4.70539665222168
4.150996685028076
-11.929893493652344
1.4873751401901245
-1.772871494293213
7.636054515838623
-15.740943908691406
6.854867458343506
0.14044982194900513
10.464678764343262
-17.942720413208008
3.288813352584839
4.645725727081299
4.823296070098877
-13.156261444091797
1.7846648693084717
-1.8929826021194458
8.55390739440918
-16.562946319580078
7.118138790130615
-0.33863621950149536
10.804797172546387
-18.61525535583496
3.199148654937744
4.523708820343018
5.591278553009033
-14.428940773010254
2.099656581878662
-2.031395435333252
9.507355690002441
-17.468902587890625
7.347698211669922
-0.7830629348754883
11.242509841918945
-19.377197265625
3.141660213470459
4.342042446136475
6.456496238708496
-15.74669075012207
2.4292216300964355
-2.1889617443084717
10.50267505645752
-18.461519241333008
7.553471088409424
-1.2035561800003052
11.771988868713379
-20.219982147216797
3.1160621643066406
4.104579925537109
7.422411918640137
-17.111801147460938
2.770920991897583
-2.3667781352996826
11.54818344116211
-19.543563842773438
7.741429805755615
-1.6075360774993896
12.39877700805664
-21.146133422851562
3.123202323913574
3.8145804405212402
8.494087219238281
-18.528642654418945
3.122178077697754
-2.564790964126587
12.654024124145508
-20.71839141845703
7.9161224365234375
-2.0001776218414307
13.129647254943848
-22.16082000732422
3.16436767578125
3.4745800495147705
9.677091598510742
-20.00261878967285
3.4818036556243896
-2.783266067504883
13.82950496673584
-21.988079071044922
8.082001686096191
-2.3867931365966797
13.97253704071045
-23.26919937133789
3.240955352783203
3.087236166000366
10.976702690124512
-21.538909912109375
3.8507351875305176
-3.026545286178589
15.084720611572266
-23.352991104125977
8.243132591247559
-2.7722573280334473
14.936156272888184
-24.476490020751953
3.3545682430267334
2.655264377593994
12.398343086242676
-23.1435604095459
4.228423118591309
-3.296727180480957
16.430530548095703
-24.815645217895508
8.403522491455078
-3.1611697673797607
16.02924919128418
-25.786645889282227
3.507218837738037
2.180856943130493
13.948442459106445
-24.82312774658203
4.615476608276367
-3.5969018936157227
17.880428314208984
-26.378076553344727
8.566681861877441
-3.557105541229248
17.259918212890625
-27.202552795410156
3.7006335258483887
1.6653859615325928
15.63262939453125
-26.583837509155273
