2
3
-2.6585593223571777
-2.185267925262451
-5.911808490753174
-6.295158386230469
3.2053539752960205
-2.1985924243927
-8.25651741027832
7.939965724945068
-0.90507972240448
-5.09261417388916
-5.638406276702881
-2.8035271167755127
-2.61995530128479
-2.395089626312256
-5.7950286865234375
-6.709909439086914
2.8752427101135254
-2.053246021270752
-8.983457565307617
8.20640754699707
-0.965874195098877
-5.018402576446533
-5.807762622833252
-2.673478841781616
-2.590463876724243
-2.6022346019744873
-5.69566535949707
-7.117246627807617
2.5440940856933594
-1.9121612310409546
-9.710639953613281
8.466438293457031
-1.033445119857788
-4.944259166717529
-5.990960597991943
-2.5443809032440186
-2.5700042247772217
-2.8073348999023438
-5.613569259643555
-7.517818450927734
2.211843252182007
-1.7751835584640503
-10.438756942749023
8.720293998718262
-1.1079097986221313
-4.870295524597168
-6.188320159912109
-2.4164352416992188
-2.5584335327148438
-3.010859966278076
-5.548401832580566
-7.911975860595703
1.8784548044204712
-1.6423051357269287
-11.168389320373535
8.9679536819458
-1.1894009113311768
-4.79661226272583
-6.400152683258057
-2.289813995361328
-2.5556604862213135
-3.213019847869873
-5.500338077545166
-8.30033016204834
1.5438566207885742
-1.5137096643447876
-11.900142669677734
9.209592819213867
-1.2780351638793945
-4.72331428527832
-6.626716613769531
-2.1646831035614014
-2.561673879623413
-3.4141554832458496
-5.469481468200684
-8.68348503112793
1.207997441291809
-1.3894827365875244
-12.634575843811035
9.445361137390137
-1.3739428520202637
-4.650517463684082
-6.868324279785156
-2.0412380695343018
-2.576488733291626
-3.6146328449249268
-5.455924034118652
-9.06198787689209
0.8707845211029053
-1.2696160078048706
-13.372339248657227
9.675511360168457
-1.4772157669067383
-4.578330039978027
-7.125195503234863
-1.9196480512619019
-2.600111722946167
-3.8147292137145996
-5.459717273712158
-9.436237335205078
0.532078206539154
-1.1540817022323608
-14.114164352416992
9.900410652160645
-1.5879647731781006
-4.506877899169922
-7.3976054191589355
-1.800121545791626
-2.6326286792755127
-4.014804363250732
-5.481047630310059
-9.806870460510254
0.19176730513572693
-1.042902946472168
-14.860708236694336
10.120314598083496
-1.706372618675232
-4.43631649017334
-7.686008930206299
-1.6829591989517212
-2.6741228103637695
-4.215147495269775
-5.520227432250977
-10.174566268920898
-0.15027496218681335
-0.9360988140106201
-15.612631797790527
10.3355073928833
-1.8327066898345947
-4.366833209991455
-7.991059303283691
-1.5685241222381592
-2.7246487140655518
-4.41600227355957
-5.5774617195129395
-10.539909362792969
-0.4945801794528961
-0.8331186771392822
-16.371170043945312
10.546957969665527
-1.9673455953598022
-4.298666477203369
-8.31337833404541
-1.4570492506027222
-2.784167528152466
-4.617380619049072
-5.652868270874023
-10.903060913085938
-0.8415889739990234
-0.7337419390678406
-17.137298583984375
10.755091667175293
-2.1104648113250732
-4.231937885284424
-8.653436660766602
-1.348724365234375
-2.852729320526123
-4.819152355194092
-5.746682167053223
-11.2640962600708
-1.1915408372879028
-0.6380465030670166
-17.91169548034668
10.96008586883545
-2.262078285217285
-4.166970252990723
-9.011407852172852
-1.2439162731170654
-2.930455207824707
-5.021368980407715
-5.859280586242676
-11.623359680175781
-1.5445170402526855
-0.5462772846221924
-18.694692611694336
11.16184139251709
-2.4222657680511475
-4.103993892669678
-9.387611389160156
-1.1428560018539429
-3.017441749572754
-5.224008083343506
-5.991044998168945
-11.980936050415039
-1.900496482849121
-0.45877954363822937
-19.486379623413086
11.360065460205078
-2.5911049842834473
-4.04318380355835
-9.782319068908691
-1.0457288026809692
-3.113759994506836
-5.427051544189453
-6.142311096191406
-12.336915969848633
-2.2594285011291504
-0.3758700489997864
-20.286874771118164
11.55447769165039
-2.768742322921753
-3.9847311973571777
-10.195996284484863
-0.9527812600135803
-3.219555377960205
-5.630555152893066
-6.313508033752441
-12.691561698913574
-2.6213366985321045
-0.2977554202079773
-21.09646224975586
11.744956970214844
-2.9552528858184814
-3.9288153648376465
-10.628931999206543
-0.8641808032989502
-3.3349828720092773
-5.834525108337402
-6.505094051361084
-13.045062065124512
-2.98636531829834
-0.22456249594688416
-21.91570281982422
11.931524276733398
-3.1507182121276855
-3.875613212585449
-11.081459045410156
-0.7800976634025574
-3.460129737854004
-6.03892707824707
-6.717628479003906
-13.397727966308594
-3.354764461517334
-0.1562807559967041
-22.745361328125
12.114408493041992
-3.355240821838379
-3.825333595275879
-11.554060935974121
-0.7008017301559448
-3.594939708709717
-6.243581771850586
-6.951739311218262
-13.7498779296875
-3.726731538772583
-0.09293518960475922
-23.58606719970703
12.293699264526367
-3.5689315795898438
-3.778132200241089
-12.047220230102539
-0.6264582872390747
-3.7396256923675537
-6.448531150817871
-7.208035469055176
-14.101813316345215
-4.102044105529785
-0.03471756353974342
-24.438058853149414
12.469229698181152
-3.79189133644104
-3.7341670989990234
-12.561361312866211
-0.5572388768196106
-3.894423723220825
-6.653830528259277
-7.487167835235596
-14.45387077331543
-4.480774879455566
0.018373142927885056
-25.30195426940918
12.641079902648926
-4.024229526519775
-3.6935839653015137
-13.09693717956543
-0.4932798743247986
-4.059575080871582
-6.859556198120117
-7.789825916290283
-14.806438446044922
-4.8629255294799805
0.06622302532196045
-26.178295135498047
12.809247970581055
-4.266055583953857
-3.656528949737549
-13.654404640197754
-0.4347544312477112
-4.2353129386901855
-7.065752029418945
-8.116701126098633
-15.15985107421875
-5.248542785644531
0.10876871645450592
-27.06768798828125
12.973761558532715
-4.517479419708252
-3.62314772605896
-14.234240531921387
-0.38183122873306274
-4.421891212463379
-7.272491931915283
-8.468541145324707
-15.514510154724121
-5.6378045082092285
0.14608198404312134
-27.970844268798828
13.134716987609863
-4.778616905212402
-3.5935487747192383
-14.836973190307617
-0.33459725975990295
-4.619565486907959
-7.479837894439697
-8.846128463745117
-15.870795249938965
-6.030925273895264
0.17824670672416687
-28.88854217529297
13.292224884033203
-5.049595355987549
-3.567840814590454
-15.463151931762695
-0.29315415024757385
-4.8285908699035645
-7.687830924987793
-9.250275611877441
-16.229053497314453
-6.428112030029297
0.20534011721611023
-29.821537017822266
13.446361541748047
-5.33054780960083
-3.54612135887146
-16.113353729248047
-0.2575870752334595
-5.049251556396484
-7.896537780761719
-9.681851387023926
-16.589689254760742
-6.829619884490967
0.22746913135051727
-30.770692825317383
13.597262382507324
-5.6216139793396
-3.528474807739258
-16.78818130493164
-0.22796371579170227
-5.28184175491333
-8.106022834777832
-10.141765594482422
-16.953109741210938
-7.235715389251709
0.24474526941776276
-31.73689842224121
13.745067596435547
-5.922919750213623
-3.5149857997894287
-17.488204956054688
-0.20436173677444458
-5.526667594909668
-8.316347122192383
-10.630970001220703
-17.319719314575195
-7.646678924560547
0.2572830319404602
-32.721065521240234
13.889911651611328
-6.234614849090576
-3.50571608543396
-18.21407127380371
-0.18682266771793365
-5.784046173095703
-8.527571678161621
-11.150461196899414
-17.689924240112305
-8.0628080368042
0.2652002274990082
-33.72412109375
14.031929016113281
-6.556863784790039
-3.500713586807251
-18.966459274291992
-0.17536881566047668
-6.054306507110596
-8.739753723144531
-11.701275825500488
-18.06412696838379
-8.484411239624023
0.26861798763275146
-34.74702453613281
14.171266555786133
-6.889845848083496
-3.5000178813934326
-19.746097564697266
-0.17000937461853027
-6.337789535522461
-8.952948570251465
-12.284492492675781
-18.442724227905273
-8.911800384521484
0.26765546202659607
-35.790714263916016
14.308079719543457
-7.233748435974121
-3.503654718399048
-20.55371856689453
-0.17072716355323792
-6.63484525680542
-9.167207717895508
-12.901227951049805
-18.826107025146484
-9.34529972076416
0.2624349594116211
-36.85615158081055
14.442529678344727
-7.588786602020264
-3.511631488800049
-21.3901309967041
-0.1774710863828659
-6.945840835571289
-9.382586479187012
-13.55264663696289
-19.21466636657715
-9.785262107849121
0.2530885636806488
-37.944366455078125
14.574799537658691
-7.955214977264404
-3.523937940597534
-22.25628089904785
-0.19016258418560028
-7.2711567878723145
-9.599141120910645
-14.239952087402344
-19.608787536621094
-10.2320556640625
0.2397499531507492
-39.056419372558594
14.705080032348633
-8.333271026611328
-3.540567636489868
-23.153053283691406
-0.20874470472335815
-7.611186504364014
-9.816926956176758
-14.964388847351074
-20.008852005004883
-10.68606185913086
0.2225530594587326
-40.193389892578125
14.833566665649414
-8.7232084274292
-3.56150484085083
-24.081363677978516
-0.23314602673053741
-7.966335773468018
-10.035998344421387
-15.727238655090332
-20.415224075317383
-11.147673606872559
0.2016318142414093
-41.35637283325195
14.960460662841797
-9.125286102294922
-3.5867292881011963
-25.042129516601562
-0.263297438621521
-8.337021827697754
-10.256410598754883
-16.52981948852539
-20.82826042175293
-11.617287635803223
0.17711526155471802
-42.54643630981445
15.085957527160645
-9.53978443145752
-3.6162102222442627
-26.03630828857422
-0.2991091012954712
