2
3
2.1197280883789062
-9.41429328918457
3.199845314025879
-2.808609962463379
6.2762770652771
-1.72166109085083
6.076155662536621
8.541804313659668
-8.555148124694824
4.659029960632324
10.307865142822266
-0.43832099437713623
2.01911997795105
-9.416791915893555
2.803891897201538
-1.6360421180725098
6.16987943649292
-1.0382635593414307
4.932382106781006
8.326029777526855
-7.7422990798950195
4.09459924697876
11.758097648620605
-1.4912205934524536
1.8909345865249634
-9.31626033782959
2.4060473442077637
-0.45847344398498535
5.975844383239746
-0.3914673924446106
3.9288597106933594
8.061575889587402
-6.812119483947754
3.462935447692871
12.98406982421875
-2.442007303237915
1.7294224500656128
-9.114107131958008
2.044306755065918
0.6932476758956909
5.707152366638184
0.21621906757354736
3.0632548332214355
7.731926918029785
-5.821008682250977
2.7494428157806396
14.061612129211426
-3.22426700592041
1.5364840030670166
-8.81718635559082
1.7463080883026123
1.7884353399276733
5.374209403991699
0.7801103591918945
2.3352439403533936
7.331122398376465
-4.7876152992248535
1.9808053970336914
14.992210388183594
-3.849353313446045
1.324282169342041
-8.436752319335938
1.5263993740081787
2.7993311882019043
4.9865264892578125
1.3013719320297241
1.744767427444458
6.862067222595215
-3.7178454399108887
1.1765236854553223
15.756317138671875
-4.329777717590332
1.095977544784546
-7.986403942108154
1.39736807346344
3.7149415016174316
4.564769744873047
1.7764220237731934
1.2899110317230225
6.324136257171631
-2.619502067565918
0.3474767208099365
16.33380699157715
-4.663804531097412
0.854982852935791
-7.480853080749512
1.3696632385253906
4.5320281982421875
4.125840187072754
2.198944568634033
0.976699709892273
5.7135090827941895
-1.5015588998794556
-0.4972430467605591
16.70311737060547
-4.8420329093933105
0.6053906679153442
-6.933173656463623
1.4548327922821045
5.247200012207031
3.682424783706665
2.5622730255126953
0.8124709725379944
5.035824298858643
-0.37582385540008545
-1.346797227859497
16.842174530029297
-4.854537010192871
0.35411733388900757
-6.355601787567139
1.6610716581344604
5.856485366821289
3.2473931312561035
2.859409809112549
0.800899863243103
4.300185203552246
0.7401405572891235
-2.1848247051239014
16.73982048034668
-4.6971282958984375
0.11101379990577698
-5.760446548461914
1.9905322790145874
6.356005668640137
2.835543155670166
3.083559989929199
0.9368174076080322
3.5211541652679443
1.817194938659668
-2.9836297035217285
16.432666778564453
-4.386470794677734
-0.11133910715579987
-5.1601948738098145
2.4366447925567627
6.743592739105225
2.458726406097412
3.2299444675445557
1.2076809406280518
2.715100049972534
2.8255972862243652
-3.718658208847046
15.965206146240234
-3.9396276473999023
-0.2972496747970581
-4.563323974609375
2.98222017288208
7.015038013458252
2.128093957901001
3.2966513633728027
1.5945172309875488
1.8991217613220215
3.7450332641601562
-4.371475696563721
15.372123718261719
-3.372255802154541
-0.43182456493377686
-3.9804444313049316
3.5986108779907227
7.174376010894775
1.8507885932922363
3.284123182296753
2.0786187648773193
1.0887494087219238
4.563488483428955
-4.930483341217041
14.691555976867676
-2.7051045894622803
-0.5043334364891052
-3.4201107025146484
4.2546772956848145
7.229947566986084
1.6308330297470093
3.192021608352661
2.641951322555542
0.29998350143432617
5.2730865478515625
-5.385262489318848
13.950827598571777
-1.9624251127243042
-0.5095557570457458
-2.8886728286743164
4.924927234649658
7.1890363693237305
1.47080397605896
3.0230884552001953
3.2680740356445312
-0.4508078694343567
5.875251770019531
-5.730233192443848
13.174492835998535
-1.1717814207077026
-0.44777044653892517
-2.3907577991485596
5.594098091125488
7.062300205230713
1.3724801540374756
2.7838873863220215
3.942418098449707
-1.1518886089324951
6.375351905822754
-5.963733196258545
12.390521049499512
-0.3637712597846985
-0.32448121905326843
-1.9294002056121826
6.2555928230285645
6.858796119689941
1.3366100788116455
2.4843454360961914
4.651941299438477
-1.8012423515319824
6.772496700286865
-6.090569019317627
11.645263671875
0.4481657147407532
-0.14206406474113464
-1.5068697929382324
6.885728359222412
6.5942769050598145
1.3669549226760864
2.127387762069702
5.367603302001953
-2.3842477798461914
7.065720081329346
-6.108115196228027
10.98110294342041
1.2346227169036865
0.09282025694847107
-1.1206051111221313
7.46138858795166
6.286232948303223
1.4705629348754883
1.7108283042907715
6.034485816955566
-2.8743982315063477
7.263762950897217
-6.018154144287109
10.412070274353027
1.9692773818969727
0.36657601594924927
-0.7682785987854004
7.996142864227295
5.936343193054199
1.627828598022461
1.2560969591140747
6.684435844421387
-3.29010009765625
7.3938798904418945
-5.8397979736328125
9.917342185974121
2.648780107498169
0.6667757630348206
-0.4485434889793396
8.522436141967773
5.530393600463867
1.8258646726608276
0.7784711122512817
7.350276470184326
-3.6523401737213135
7.47528600692749
-5.589685440063477
9.474865913391113
3.2733049392700195
0.9888483285903931
-0.16540193557739258
9.052719116210938
5.068977355957031
2.0650339126586914
0.28169548511505127
8.022528648376465
-3.956425666809082
7.520965099334717
-5.281348705291748
9.0674467086792
3.84376859664917
1.3319813013076782
0.07636302709579468
9.590961456298828
4.555792808532715
2.34563946723938
-0.23157024383544922
8.68869400024414
-4.192903518676758
7.536083221435547
-4.923530101776123
8.69406795501709
4.353570461273193
1.6939923763275146
0.272943913936615
10.135642051696777
4.004412651062012
2.665736675262451
-0.7575786709785461
9.338820457458496
-4.353025913238525
7.52432107925415
-4.522548198699951
8.36286735534668
4.793710231781006
2.0720648765563965
0.42178285121917725
10.685729026794434
3.427853584289551
3.020981550216675
-1.2905347347259521
9.963531494140625
-4.4288010597229
7.487885475158691
-4.086101055145264
8.08248519897461
5.1561479568481445
2.4647445678710938
0.5215175151824951
11.239665031433105
2.837770462036133
3.4059536457061768
-1.822795033454895
10.555437088012695
-4.415780067443848
7.429183483123779
-3.6221706867218018
7.862002372741699
5.43415641784668
2.871272563934326
0.5710329413414001
11.796399116516113
2.2466635704040527
3.8144588470458984
-2.3461804389953613
11.111042022705078
-4.312539100646973
7.350835800170898
-3.1390292644500732
7.71097469329834
5.621978282928467
3.291372299194336
0.5689266324043274
12.354500770568848
1.6693891286849976
4.239287376403809
-2.851750373840332
11.631857872009277
-4.121283531188965
7.256501197814941
-2.645339250564575
7.638698101043701
5.714726448059082
3.7265806198120117
0.513552188873291
12.907697677612305
1.1212506294250488
4.6723246574401855
-3.328892469406128
12.120784759521484
-3.847476005554199
7.1499810218811035
-2.150125503540039
7.6538262367248535
5.710038185119629
4.177881240844727
0.40334072709083557
13.447582244873047
0.619891881942749
5.106307029724121
-3.7675297260284424
12.583118438720703
-3.5006651878356934
7.035694599151611
-1.6623657941818237
7.763055324554443
5.60585355758667
4.645476818084717
0.23755589127540588
13.96988582611084
0.1830565631389618
5.535124778747559
-4.159768104553223
13.024617195129395
-3.0930628776550293
6.918277263641357
-1.1918892860412598
7.971963405609131
5.403829574584961
5.129018306732178
0.020332753658294678
14.469337463378906
-0.17865389585494995
5.953550338745117
-4.499286651611328
13.4528169631958
-2.6407251358032227
6.803126335144043
-0.7497744560241699
8.286123275756836
5.111009120941162
5.6253862380981445
-0.23782309889793396
14.94369125366211
-0.46589434146881104
6.357694625854492
-4.781088352203369
13.876195907592773
-2.162769317626953
6.696473598480225
-0.34717634320259094
8.710004806518555
4.739616394042969
6.128012180328369
-0.5234360694885254
15.399518966674805
-0.6873740553855896
6.74652624130249
-5.000476837158203
14.301713943481445
-1.6828813552856445
6.604046821594238
0.0068090856075286865
9.245508193969727
4.299968242645264
6.62993049621582
-0.8251602649688721
15.848797798156738
-0.8524140119552612
7.119132995605469
-5.155268669128418
14.740081787109375
-1.2261704206466675
6.53241491317749
0.30452919006347656
9.89254093170166
3.8054323196411133
7.122413158416748
-1.1310880184173584
16.310022354125977
-0.9746460318565369
7.475465774536133
-5.2472710609436035
15.202258110046387
-0.8133285641670227
6.489185333251953
0.5434364080429077
10.64647102355957
3.2662429809570312
7.596968650817871
-1.4311143159866333
16.806175231933594
-1.0711342096328735
7.815759181976318
-5.281108379364014
15.703256607055664
-0.45979392528533936
6.478977680206299
0.7208597660064697
11.503124237060547
2.6934704780578613
8.048904418945312
-1.7192964553833008
17.356536865234375
-1.15413236618042
8.143112182617188
-5.266222953796387
16.25398826599121
-0.17157962918281555
6.505345344543457
0.835679829120636
12.457387924194336
2.096691608428955
8.476801872253418
-1.9904398918151855
17.975967407226562
-1.236777424812317
8.462564468383789
-5.213427543640137
16.851598739624023
0.05550241470336914
6.571079730987549
0.8886232972145081
13.505053520202637
1.4848110675811768
