2
3
-8.60016918182373
-8.782517433166504
-6.455477237701416
-4.537968635559082
5.573641300201416
-7.050490856170654
-2.5086560249328613
1.0846731662750244
-1.3432285785675049
4.347490310668945
-8.726797103881836
2.3270256519317627
-8.371994972229004
-8.938982963562012
-5.868535995483398
-3.9756603240966797
5.407337188720703
-6.689414978027344
-4.074326515197754
1.4201836585998535
-1.7495536804199219
4.280447483062744
-8.656876564025879
1.1558640003204346
-8.108665466308594
-9.02384090423584
-5.332579612731934
-3.4527409076690674
5.115633010864258
-6.293674945831299
-5.549991607666016
1.7089555263519287
-2.1136205196380615
4.113643169403076
-8.528133392333984
0.04575479030609131
-7.8216118812561035
-9.057129859924316
-4.828320503234863
-2.95133113861084
4.723513603210449
-5.874067783355713
-6.944096565246582
1.9648354053497314
-2.422368288040161
3.8936948776245117
-8.396231651306152
-1.0278786420822144
-7.50960636138916
-9.05670166015625
-4.371394157409668
-2.4376394748687744
4.2487053871154785
-5.443722724914551
-8.23924732208252
2.2066781520843506
-2.6808924674987793
3.641869306564331
-8.269499778747559
-2.083240032196045
-7.169785976409912
-9.030793190002441
-3.9863007068634033
-1.8927080631256104
3.7065162658691406
-5.00698184967041
-9.435504913330078
2.422485589981079
-2.8930559158325195
3.3627748489379883
-8.153751373291016
-3.1227290630340576
-6.803299427032471
-8.981910705566406
-3.6923673152923584
-1.3070474863052368
3.114576578140259
-4.5576701164245605
-10.54812240600586
2.5793583393096924
-3.060776472091675
3.04902720451355
-8.05157470703125
-4.130031585693359
-6.4149041175842285
-8.907330513000488
-3.504424810409546
-0.6804277300834656
2.483145236968994
-4.097896099090576
-11.579581260681152
2.663987636566162
-3.1867642402648926
2.69429087638855
-7.9643402099609375
-5.08990478515625
-6.012752532958984
-8.801304817199707
-3.4314355850219727
-0.01897430419921875
1.8195304870605469
-3.6348376274108887
-12.526976585388184
2.678269863128662
-3.2763664722442627
2.2946691513061523
-7.889331340789795
-5.988088130950928
-5.608616352081299
-8.656947135925293
-3.4722931385040283
0.6656633615493774
1.130734920501709
-3.1773979663848877
-13.387922286987305
2.626560688018799
-3.336047887802124
1.8484830856323242
-7.822195529937744
-6.814591407775879
-5.212526798248291
-8.467262268066406
-3.6233887672424316
1.361522912979126
0.42331254482269287
-2.7326979637145996
-14.158347129821777
2.512310028076172
-3.371776819229126
1.3570914268493652
-7.764774799346924
-7.561516284942627
-4.838406085968018
-8.224721908569336
-3.864845037460327
2.051723003387451
-0.2963525056838989
-2.305091142654419
-14.83077621459961
2.331390857696533
-3.388308048248291
0.8229879140853882
-7.722347259521484
-8.220808029174805
-4.495088577270508
-7.926639556884766
-4.181701183319092
2.7217087745666504
-1.0203568935394287
-1.8964636325836182
-15.398016929626465
2.075451374053955
-3.389796495437622
0.24998033046722412
-7.7009077072143555
-8.784173011779785
-4.187368869781494
-7.576226711273193
-4.573369026184082
3.363942861557007
-1.7420141696929932
-1.5114812850952148
-15.857020378112793
1.7444528341293335
-3.380385160446167
-0.3565223813056946
-7.707458972930908
-9.243707656860352
-3.914743661880493
-7.177729606628418
-5.049470901489258
3.966804265975952
-2.453512191772461
-1.156542420387268
-16.21369743347168
1.3448548316955566
-3.3642725944519043
-0.9899693727493286
-7.748413562774658
-9.592613220214844
-3.684760093688965
-6.734694480895996
-5.59925651550293
4.5212907791137695
-3.148898124694824
-0.8369439244270325
-16.471454620361328
0.8820899724960327
-3.345974922180176
-1.6434284448623657
-7.829007625579834
-9.825531959533691
-3.504905939102173
-6.251087188720703
-6.209072589874268
5.017003536224365
-3.821833848953247
-0.5588438510894775
-16.6353759765625
0.3622089624404907
-3.3302645683288574
-2.308877468109131
-7.954339027404785
-9.93879508972168
-3.380524158477783
-5.7318291664123535
-6.864475250244141
5.443911552429199
-4.464503288269043
-0.3289366364479065
-16.71684455871582
-0.2039077877998352
-3.3215160369873047
-2.977633476257324
-8.12879753112793
-9.929598808288574
-3.3143885135650635
-5.185108661651611
-7.549333095550537
5.792726993560791
-5.068663120269775
-0.1530236303806305
-16.73008155822754
-0.8039752840995789
-3.3249521255493164
-3.640960454940796
-8.356419563293457
-9.797977447509766
-3.306645631790161
-4.62039852142334
-8.24821949005127
6.056403636932373
-5.625708103179932
-0.03648392856121063
-16.691919326782227
-1.426513671875
-3.3451309204101562
-4.289305210113525
-8.638238906860352
-9.54590892791748
-3.3564658164978027
-4.046002388000488
-8.947486877441406
6.227799892425537
-6.129633903503418
0.017118502408266068
-16.62249183654785
-2.0560545921325684
-3.3853585720062256
-4.912123203277588
-8.9747314453125
-9.179701805114746
-3.4598371982574463
-3.4683806896209717
-9.634257316589355
6.299442768096924
-6.578545570373535
0.004078488796949387
-16.549758911132812
-2.669909954071045
-3.4470810890197754
-5.497099876403809
-9.36841869354248
-8.714524269104004
-3.6139676570892334
-2.895212173461914
-10.300373077392578
6.269679069519043
-6.973712921142578
-0.07711221277713776
-16.51862335205078
-3.239802360534668
-3.525999069213867
-6.024955749511719
-9.827797889709473
-8.182785034179688
-3.8121659755706787
-2.3349609375
-10.944683074951172
6.142335891723633
-7.324062824249268
-0.22320787608623505
-16.560882568359375
-3.7393627166748047
-3.620973825454712
-6.484624862670898
-10.355186462402344
-7.603105545043945
-4.044266223907471
-1.7957632541656494
-11.574138641357422
5.925572872161865
-7.64401388168335
-0.4264351427555084
-16.67483901977539
-4.155317306518555
-3.7311079502105713
-6.870461463928223
-10.952482223510742
-6.987585544586182
-4.3002848625183105
-1.2852727174758911
-12.20335578918457
5.630327224731445
-7.945653915405273
-0.6763768196105957
-16.846128463745117
-4.484437942504883
-3.857419729232788
-7.180518627166748
-11.621070861816406
-6.346569538116455
-4.5715508460998535
-0.8106876015663147
-12.85486125946045
5.273055553436279
-8.238228797912598
-0.9602426290512085
-17.06342315673828
-4.7308759689331055
-3.9994630813598633
-7.415894508361816
-12.364365577697754
-5.6860671043396
-4.8515825271606445
-0.3750765919685364
-13.556838989257812
4.870393753051758
-8.526925086975098
-1.265254259109497
-17.320533752441406
-4.902769088745117
-4.159795761108398
-7.574664115905762
-13.187360763549805
-5.0170369148254395
-5.136899471282959
0.021933525800704956
-14.333051681518555
4.4337849617004395
-8.813713073730469
-1.5795652866363525
-17.61836051940918
-5.010561466217041
-4.341435432434082
-7.650632858276367
-14.10045337677002
-4.357573986053467
-5.427424430847168
0.38190561532974243
-15.187432289123535
3.965458631515503
-9.094914436340332
-1.8914270401000977
-17.96835708618164
-5.065803050994873
-4.54448938369751
-7.635440826416016
-15.11961841583252
-3.732602119445801
-5.723050594329834
0.7057393789291382
-16.10973358154297
3.46382999420166
-9.362788200378418
-2.1847212314605713
-18.397872924804688
-5.086758136749268
-4.771981239318848
-7.5310845375061035
-16.248695373535156
-3.1588382720947266
-6.02292013168335
0.9934642314910889
-17.090801239013672
2.9310219287872314
-9.60660457611084
-2.438946485519409
-18.942594528198242
-5.102962970733643
-5.031858444213867
-7.351543426513672
-17.47710609436035
-2.6333823204040527
-6.325479984283447
1.2454472780227661
-18.134096145629883
2.376115560531616
-9.82844066619873
-2.6489193439483643
-19.61473274230957
-5.127084255218506
-5.330979824066162
-7.111148357391357
-18.793476104736328
-2.1497700214385986
-6.6294636726379395
1.462744951248169
-19.248615264892578
1.8100911378860474
-10.03804874420166
-2.8217735290527344
-20.407806396484375
-5.149569511413574
-5.670925140380859
-6.819418907165527
-20.192712783813477
-1.703637719154358
-6.935033321380615
1.6468243598937988
-20.44106674194336
1.2415691614151
-10.245944023132324
-2.967787504196167
-21.30748176574707
-5.155178070068359
-6.049473762512207
-6.484503746032715
-21.670337677001953
-1.2900385856628418
-7.243423938751221
1.7991037368774414
-21.718515396118164
0.6790547370910645
-10.456033706665039
-3.0904994010925293
-22.31280517578125
-5.1386942863464355
-6.466050624847412
-6.1136474609375
-23.225162506103516
-0.9043315649032593
-7.557231903076172
1.9220844507217407
-23.091617584228516
0.1320803165435791
-10.671571731567383
-3.1911282539367676
-23.42733383178711
-5.097298622131348
-6.9205451011657715
-5.71261739730835
-24.859399795532227
-0.5436991453170776
-7.879044055938721
2.0185885429382324
-24.57088279724121
-0.39189887046813965
-10.89430046081543
-3.2704241275787354
-24.656599044799805
-5.0280070304870605
-7.411730766296387
-5.28601598739624
-26.57684326171875
-0.2060660719871521
-8.211931228637695
2.0907630920410156
-26.166297912597656
-0.8851568698883057
-11.1259183883667
-3.327606678009033
-26.008636474609375
-4.929978370666504
-7.937077522277832
-4.837479591369629
-28.38372802734375
0.10907116532325745
-8.559090614318848
2.140049934387207
-27.88636589050293
-1.3396015167236328
-11.366302490234375
-3.3615357875823975
-27.491695404052734
-4.803143501281738
-8.495036125183105
-4.370290756225586
-30.28634262084961
0.4031103551387787
