2
3
-2.151801347732544
-3.6762561798095703
-4.6607136726379395
-3.8990232944488525
-3.2833080291748047
-6.364101409912109
-6.899837493896484
1.2696278095245361
2.9540135860443115
-1.1873475313186646
4.327757835388184
7.489776134490967
-2.1538150310516357
-3.7647571563720703
-4.675766468048096
-4.087153911590576
-3.2595596313476562
-6.154144287109375
-6.9514384269714355
1.6493862867355347
2.845529079437256
-1.1704442501068115
4.01138973236084
7.470029830932617
-2.158651351928711
-3.848912000656128
-4.696859359741211
-4.26643705368042
-3.2396092414855957
-5.946305751800537
-7.009267330169678
2.0257434844970703
2.7339649200439453
-1.152194619178772
3.693027973175049
7.454412937164307
-2.1664514541625977
-3.9289207458496094
-4.724246025085449
-4.437052249908447
-3.223613739013672
-5.740487098693848
-7.07369327545166
2.3988161087036133
2.619313955307007
-1.1326282024383545
3.3725900650024414
7.442948341369629
-2.1773502826690674
-4.004941940307617
-4.758161544799805
-4.599118232727051
-3.2117302417755127
-5.53658390045166
-7.145088195800781
2.768744468688965
2.5015652179718018
-1.1117690801620483
3.0499796867370605
7.435666084289551
-2.191479444503784
-4.077099800109863
-4.798842430114746
-4.752711772918701
-3.2040741443634033
-5.334495544433594
-7.223697662353516
3.1356616020202637
2.3807060718536377
-1.0896331071853638
2.7250888347625732
7.432606220245361
-2.208972930908203
-4.145481109619141
-4.846527099609375
-4.897855758666992
-3.2007944583892822
-5.134116172790527
-7.309848785400391
3.4997286796569824
2.2567379474639893
-1.0661710500717163
2.397860527038574
7.4339399337768555
-2.22994065284729
-4.2100982666015625
-4.901318550109863
-5.0343756675720215
-3.202131509780884
-4.9352850914001465
-7.404094696044922
3.861208915710449
2.129652261734009
-1.0413641929626465
2.0681722164154053
7.439762115478516
-2.2545106410980225
-4.27097749710083
-4.963504314422607
-5.162224769592285
-3.208305835723877
-4.737818717956543
-7.506982803344727
4.220397472381592
1.9995509386062622
-1.0151045322418213
1.7360131740570068
7.450328826904297
-2.282819986343384
-4.328132629394531
-5.03339958190918
-5.281359672546387
-3.219538688659668
-4.541519641876221
-7.6189656257629395
4.577610492706299
1.8663960695266724
-0.9873641729354858
1.4011698961257935
7.465731143951416
-2.315070390701294
-4.381596088409424
-5.111441135406494
-5.391856670379639
-3.2359795570373535
-4.346218109130859
-7.74041223526001
4.93310546875
1.7301466464996338
-0.9580759406089783
1.0634397268295288
7.486144542694092
-2.3514320850372314
-4.43120813369751
-5.198091506958008
-5.493631362915039
-3.257617473602295
-4.1521172523498535
-7.871399402618408
5.286857604980469
1.5907806158065796
-0.9271093606948853
0.7226320505142212
7.511850357055664
-2.392049789428711
-4.476783752441406
-5.293701648712158
-5.586417198181152
-3.2845406532287598
-3.959594488143921
-8.011898040771484
5.63872766494751
1.4482687711715698
-0.894321620464325
0.37851324677467346
7.54313850402832
-2.437063455581665
-4.518200397491455
-5.398654460906982
-5.670055866241455
-3.3168842792510986
-3.768592357635498
-8.162220001220703
5.9889349937438965
1.3025507926940918
-0.8596479296684265
0.03077557682991028
7.580132961273193
-2.4866182804107666
-4.555334091186523
-5.513364315032959
-5.744398593902588
-3.3547253608703613
-3.579033136367798
-8.322585105895996
6.33768367767334
1.1535608768463135
-0.8230132460594177
-0.320907860994339
7.6229681968688965
-2.540860891342163
-4.5880560874938965
-5.638251304626465
-5.809302806854248
-3.398188352584839
-3.3907835483551025
-8.493328094482422
6.685267448425293
1.0012435913085938
-0.7843881845474243
-0.6769336462020874
7.6715898513793945
-2.5999395847320557
-4.616205215454102
-5.773715972900391
-5.864549160003662
-3.4473021030426025
-3.203768253326416
-8.674577713012695
7.031852722167969
0.8455270528793335
-0.7436897158622742
-1.0376572608947754
7.726114273071289
-2.6640050411224365
-4.639623165130615
-5.920192718505859
-5.909947395324707
-3.5021743774414062
-3.0178210735321045
-8.866683959960938
7.377823829650879
0.6863158345222473
-0.7008296847343445
-1.4034552574157715
7.786680221557617
-2.7332112789154053
-4.658143043518066
-6.0781354904174805
-5.945305824279785
-3.5629172325134277
-2.8327863216400146
-9.070002555847168
7.723520278930664
0.5235222578048706
-0.6557021141052246
-1.7747020721435547
7.853451251983643
-2.807720422744751
-4.671594619750977
-6.2480292320251465
-5.970446586608887
-3.6296658515930176
-2.6484577655792236
-9.284923553466797
8.069371223449707
0.35706931352615356
-0.6081231236457825
-2.151771306991577
7.926786422729492
-2.8876945972442627
-4.6797895431518555
-6.430356025695801
-5.985156059265137
-3.7025320529937744
-2.464651346206665
-9.511796951293945
8.41576099395752
0.18684591352939606
-0.55794757604599
-2.5350914001464844
8.006942749023438
-2.973308801651001
-4.682558059692383
-6.625665187835693
-5.989272594451904
-3.781304121017456
-2.2811472415924072
-9.750837326049805
8.76302433013916
0.012737154960632324
-0.5050268173217773
-2.9250988960266113
8.094164848327637
-3.064727783203125
-4.679689884185791
-6.834456443786621
-5.982551574707031
-3.8660693168640137
-2.097747564315796
-10.002400398254395
9.111578941345215
-0.16533610224723816
-0.44912955164909363
-3.322280168533325
8.188802719116211
-3.162130355834961
-4.670981407165527
-7.05729341506958
-5.964820384979248
-3.9569880962371826
-1.9142749309539795
-10.266865730285645
9.461816787719727
-0.34746694564819336
-0.3899686932563782
-3.7271814346313477
8.29131031036377
-3.265688896179199
-4.656202793121338
-7.294705390930176
-5.935808181762695
-4.054254055023193
-1.730502963066101
-10.54462718963623
9.814187049865723
-0.5338379144668579
-0.32728084921836853
-4.140366554260254
8.402230262756348
-3.3755805492401123
-4.635112762451172
-7.547241687774658
-5.895224571228027
-4.158101558685303
-1.546166181564331
-10.83612060546875
10.169161796569824
-0.7246049642562866
-0.2608560621738434
-4.562384605407715
8.521890640258789
-3.491995096206665
-4.607462406158447
-7.8154778480529785
-5.842771053314209
-4.268681526184082
-1.3610118627548218
-11.141800880432129
10.52725601196289
-0.9199333190917969
-0.19047360122203827
-4.993810176849365
8.650635719299316
-3.6150944232940674
-4.572968006134033
-8.100043296813965
-5.778151512145996
-4.3861565589904785
-1.1747713088989258
-11.46213436126709
10.889010429382324
-1.1200013160705566
-0.11591070890426636
-5.43524169921875
8.78882122039795
-3.744873285293579
-4.53123664855957
-8.401529312133789
-5.701004981994629
-4.510677337646484
-0.987169623374939
-11.797575950622559
11.254990577697754
-1.3249809741973877
-0.036954835057258606
-5.887278079986572
8.936783790588379
-3.8815486431121826
-4.482018947601318
-8.720623016357422
-5.611049652099609
-4.642413139343262
-0.7979117631912231
-12.148616790771484
11.625799179077148
-1.5350404977798462
0.04663346707820892
-6.350524425506592
9.094860076904297
-4.025336742401123
-4.425051212310791
-9.057990074157715
-5.507954120635986
-4.781540393829346
-0.6066904067993164
-12.515762329101562
12.002069473266602
-1.7503855228424072
0.1351030319929123
-6.825619697570801
9.263503074645996
-4.176452159881592
-4.360060691833496
-9.414288520812988
-5.391355991363525
-4.928220748901367
-0.4132148325443268
-12.899489402770996
12.384371757507324
-1.9712376594543457
0.2286367416381836
-7.313174247741699
9.443106651306152
-4.335108280181885
-4.286772727966309
-9.79018497467041
-5.260879993438721
-5.082615375518799
-0.21718014776706696
-13.300283432006836
12.773341178894043
-2.1977953910827637
0.32751303911209106
-7.813835144042969
9.634119033813477
-4.50150203704834
-4.204903602600098
-10.186335563659668
-5.116122245788574
-5.244898796081543
-0.018260300159454346
-13.718667984008789
13.169672012329102
-2.430271625518799
0.4320286214351654
-8.328287124633789
9.837051391601562
-4.675832271575928
-4.114174842834473
-10.60340404510498
-4.956669807434082
-5.415258407592773
0.1838897317647934
-14.155193328857422
13.574094772338867
-2.6689209938049316
0.5425401926040649
-8.857319831848145
10.052630424499512
-4.858302116394043
-4.014314651489258
-11.04206657409668
-4.782103061676025
-5.593890190124512
0.389626145362854
-14.610418319702148
13.9873628616333
-2.9139933586120605
0.6594069004058838
-9.401729583740234
10.281561851501465
-5.04918098449707
-3.9050910472869873
-11.50313663482666
-4.592087745666504
-5.7809529304504395
0.599259614944458
-15.084821701049805
14.410123825073242
-3.1657230854034424
0.7829529047012329
-9.962279319763184
10.52444839477539
-5.248697280883789
-3.786254405975342
-11.987358093261719
-4.386218547821045
-5.976643085479736
0.8131481409072876
-15.578981399536133
14.843147277832031
-3.4243924617767334
0.9136041402816772
-10.539844512939453
10.782058715820312
-5.457229137420654
-3.657592296600342
-12.495685577392578
-4.164117336273193
-6.181176662445068
1.031678557395935
-16.093517303466797
15.287282943725586
-3.6903645992279053
1.052080750465393
-11.135494232177734
11.055327415466309
-5.675134181976318
-3.5188865661621094
-13.029053688049316
-3.9253480434417725
-6.3947649002075195
1.2552369832992554
-16.6290340423584
15.743385314941406
-3.9639511108398438
1.198700189590454
-11.750051498413086
11.344918251037598
