2
3
0.053001806139945984
-7.70821475982666
7.027953624725342
10.499795913696289
-3.651606321334839
-3.935051441192627
8.88072395324707
1.7686089277267456
4.254140853881836
-3.3659636974334717
6.071341514587402
0.5251138210296631
0.2600281238555908
-7.024964809417725
6.857772350311279
10.725088119506836
-3.1884050369262695
-4.288729190826416
9.69814682006836
1.7636483907699585
4.152503490447998
-3.586169719696045
5.866878509521484
0.4602871239185333
0.43543821573257446
-6.331904411315918
6.737751007080078
10.845793724060059
-2.678971767425537
-4.652380466461182
10.435266494750977
1.84940505027771
4.041309356689453
-3.8047375679016113
5.708676815032959
0.441293865442276
0.5766582489013672
-5.6387104988098145
6.6909308433532715
10.86075496673584
-2.1302549839019775
-5.015393257141113
11.077276229858398
2.0225534439086914
3.9231395721435547
-4.0189714431762695
5.600963115692139
0.4661581516265869
0.6894909739494324
-4.957422733306885
6.730863571166992
10.769206047058105
-1.5491975545883179
-5.364294528961182
11.610122680664062
2.274101734161377
3.801276206970215
-4.225860595703125
5.54617977142334
0.5305435061454773
0.7832881212234497
-4.302454471588135
6.864242076873779
10.577266693115234
-0.9445170760154724
-5.682651519775391
12.030755043029785
2.5854201316833496
3.6788246631622314
-4.421840667724609
5.547247886657715
0.6290062069892883
0.8684630393981934
-3.6863694190979004
7.090312480926514
10.294990539550781
-0.3253844380378723
-5.957946300506592
12.33946418762207
2.940485715866089
3.5584545135498047
-4.603469371795654
5.607947826385498
0.7560861110687256
0.9552801251411438
-3.1190545558929443
7.4023590087890625
9.932623863220215
0.29679715633392334
-6.1825666427612305
12.547063827514648
3.3277523517608643
3.4451181888580322
-4.768747806549072
5.729024887084961
0.9062655568122864
1.0531160831451416
-2.6074013710021973
7.789060115814209
9.499446868896484
0.9124794006347656
-6.350266933441162
12.665696144104004
3.7332663536071777
3.3412833213806152
-4.916969299316406
5.913904190063477
1.0759021043777466
1.169953465461731
-2.1574909687042236
8.238702774047852
9.009119033813477
1.5130844116210938
-6.456637859344482
12.711867332458496
4.141915321350098
3.249680995941162
-5.04826545715332
6.163549900054932
1.2622483968734741
1.310760498046875
-1.774240493774414
8.742213249206543
8.47825813293457
2.0890140533447266
-6.501317024230957
12.708218574523926
4.543688774108887
3.173285484313965
-5.163134574890137
6.477945804595947
1.46336030960083
1.4798166751861572
-1.4599733352661133
9.288192749023438
7.923444747924805
2.633533477783203
-6.485928535461426
12.67569351196289
4.928790092468262
3.1152446269989014
-5.262714862823486
6.8554768562316895
1.6784634590148926
1.678928256034851
-1.2152777910232544
9.865682601928711
7.361516952514648
3.1421895027160645
-6.41447639465332
12.634139060974121
5.289395332336426
3.0790722370147705
-5.349120616912842
7.29156494140625
1.9091681241989136
1.9086275100708008
-1.0399771928787231
10.464478492736816
6.810455799102783
3.613365411758423
-6.292921543121338
12.599011421203613
5.622236728668213
3.06868052482605
-5.425282955169678
7.775717735290527
2.1610941886901855
2.1705522537231445
-0.9344097375869751
11.070953369140625
6.289742946624756
4.045948028564453
-6.128089904785156
12.579188346862793
5.927467346191406
3.0865371227264404
-5.493204116821289
8.299942016601562
2.4385805130004883
2.4665369987487793
-0.8984436988830566
11.666726112365723
5.814358711242676
4.438459396362305
-5.926295280456543
12.581640243530273
6.205460071563721
3.1326749324798584
-5.552562713623047
8.859237670898438
2.74432635307312
2.792329788208008
-0.9250051379203796
12.251141548156738
5.389185905456543
4.792545795440674
-5.693830966949463
12.615681648254395
6.453690052032471
3.203490972518921
-5.599613189697266
9.458006858825684
3.0725202560424805
3.138667106628418
-1.006510615348816
12.836225509643555
5.018029689788818
5.110499858856201
-5.437636852264404
12.690285682678223
6.670140743255615
3.297713279724121
-5.631821155548096
10.097085952758789
3.4186158180236816
3.500046730041504
-1.1360595226287842
13.426318168640137
4.703856945037842
5.39468240737915
-5.166171550750732
12.812535285949707
6.856038570404053
3.415747880935669
-5.648167133331299
10.775018692016602
3.776719331741333
3.8743081092834473
-1.305869221687317
14.02110481262207
4.44775390625
5.650586128234863
-4.887318134307861
12.983393669128418
7.0125412940979
3.5592031478881836
-5.648322582244873
11.487312316894531
4.141010284423828
4.260112285614014
-1.5076863765716553
14.619747161865234
4.248076915740967
5.882823467254639
-4.607926845550537
13.206889152526855
7.1404266357421875
3.7299578189849854
-5.632158279418945
12.228483200073242
4.505300045013428
4.656055927276611
-1.7334257364273071
15.222033500671387
4.101774215698242
6.094966888427734
-4.334816932678223
13.49091625213623
7.242405891418457
3.930278778076172
-5.5995001792907715
12.991151809692383
4.8624677658081055
5.060655117034912
-1.9755769968032837
15.829413414001465
4.006014823913574
6.2921648025512695
-4.071460723876953
13.839299201965332
7.31668758392334
4.162639141082764
-5.550379753112793
13.766493797302246
5.204573631286621
5.472082138061523
-2.2277650833129883
16.444881439208984
3.958157539367676
6.478338241577148
-3.822070598602295
14.256340980529785
7.363079071044922
4.428317546844482
-5.484400749206543
14.545248031616211
5.522828102111816
5.887284278869629
-2.4841675758361816
17.074817657470703
3.95575213432312
6.657563209533691
-3.5899343490600586
14.746954917907715
7.383486270904541
4.725712776184082
-5.402508735656738
15.324076652526855
5.811801433563232
6.303460597991943
-2.7397351264953613
17.725439071655273
3.995974540710449
6.833272933959961
-3.3773562908172607
15.31537914276123
7.379536151885986
5.05033540725708
-5.307452201843262
16.107215881347656
6.071232795715332
6.7184672355651855
-2.9903347492218018
18.404327392578125
4.075444221496582
7.009820461273193
-3.1878414154052734
15.965119361877441
7.354615211486816
5.397058010101318
-5.202373504638672
16.90120506286621
6.302484035491943
7.131196022033691
-3.232708215713501
19.117748260498047
4.189850807189941
7.191237926483154
-3.0233306884765625
16.697799682617188
7.31155252456665
5.760796546936035
-5.0905938148498535
17.71500015258789
6.507887363433838
7.5412702560424805
-3.4642508029937744
19.86904525756836
4.334346294403076
7.381642818450928
-2.885411262512207
17.513286590576172
7.2530412673950195
6.137864112854004
-4.975221157073975
18.556352615356445
6.689146518707275
7.949078559875488
-3.6829874515533447
20.661361694335938
4.504457473754883
7.584687232971191
-2.775423765182495
18.410343170166016
7.181971073150635
6.525914192199707
-4.859696865081787
19.4326114654541
6.848053932189941
8.354482650756836
-3.887270450592041
21.499773025512695
4.694772720336914
7.803532123565674
-2.6942942142486572
19.387569427490234
7.101659297943115
6.923227310180664
-4.747452259063721
20.350831985473633
6.9867167472839355
8.757477760314941
-4.076143264770508
22.387746810913086
4.899964809417725
8.040743827819824
-2.6426444053649902
20.443225860595703
7.015373229980469
7.328318119049072
-4.6414289474487305
21.316070556640625
7.106805324554443
9.158757209777832
-4.249067783355713
23.32914161682129
5.114998817443848
8.298456192016602
-2.620756149291992
21.575191497802734
6.926307201385498
7.740300178527832
-4.544182300567627
22.332849502563477
7.209878444671631
9.559250831604004
-4.40600061416626
24.32760238647461
5.334903717041016
8.578314781188965
-2.6287436485290527
22.780471801757812
6.8374433517456055
8.158677101135254
-4.457875728607178
23.40550994873047
7.2974748611450195
9.96003532409668
-4.547461032867432
25.38653564453125
5.555034637451172
8.881913185119629
-2.6664116382598877
24.055397033691406
6.752002239227295
8.582904815673828
-4.3848042488098145
24.538623809814453
7.37114953994751
10.362224578857422
-4.674618721008301
26.50969886779785
5.77119255065918
9.21054458618164
-2.733065366744995
25.3962345123291
6.672715663909912
9.013014793395996
-4.3265180587768555
25.736465454101562
7.431966781616211
10.766961097717285
-4.789158344268799
27.701385498046875
5.979609489440918
9.56397819519043
-2.826915979385376
26.802968978881836
6.600455284118652
9.44894027709961
-4.284254550933838
27.00287437438965
7.480312824249268
11.175370216369629
-4.893105983734131
28.966190338134766
6.177027225494385
9.941486358642578
-2.9458656311035156
28.27613067626953
6.535241603851318
9.89040470123291
-4.258604049682617
28.34170150756836
7.516129016876221
11.588165283203125
-4.988311767578125
30.307113647460938
6.360867500305176
10.341681480407715
-3.0874321460723877
29.81683349609375
6.476147651672363
10.336864471435547
-4.249070167541504
29.757278442382812
7.537628173828125
12.005254745483398
-5.076270580291748
31.729473114013672
6.527878761291504
10.763190269470215
-3.2494287490844727
31.42699432373047
6.4220709800720215
10.788102149963379
-4.256109237670898
31.255084991455078
7.54395055770874
