2
3
9.335143089294434
8.19430923461914
-1.856817364692688
3.957585334777832
-6.708795070648193
6.986443519592285
0.8088076114654541
4.090616226196289
8.798137664794922
-3.1910786628723145
-4.300796031951904
4.5563645362854
9.042508125305176
7.996629238128662
-2.487978935241699
3.598057270050049
-6.086793899536133
6.709927558898926
2.148315906524658
3.6539645195007324
8.469021797180176
-2.595015048980713
-5.187382698059082
5.650744438171387
8.746557235717773
7.810772895812988
-3.1149768829345703
3.263019561767578
-5.484002590179443
6.45670747756958
3.4481475353240967
3.258002281188965
8.139031410217285
-2.01047682762146
-6.068711280822754
6.725732326507568
8.448023796081543
7.637245178222656
-3.7378180027008057
2.9526491165161133
-4.899168014526367
6.225696563720703
4.710264205932617
2.899894952774048
7.8084940910339355
-1.4369935989379883
-6.94444465637207
7.7816925048828125
8.147665977478027
7.4764204025268555
-4.356467247009277
2.6669764518737793
-4.330923080444336
6.016002655029297
5.936697959899902
2.5773446559906006
7.478466987609863
-0.8737388253211975
-7.814202308654785
8.819233894348145
7.8462066650390625
7.3284735679626465
-4.971202850341797
2.405531883239746
-3.7778961658477783
5.826902389526367
7.129332542419434
2.2885608673095703
7.149467468261719
-0.32006001472473145
-8.677888870239258
9.839091300964355
7.544283390045166
7.193580150604248
-5.58243989944458
2.1679813861846924
-3.238668918609619
5.657725811004639
8.29004192352295
2.032020092010498
6.821516036987305
0.22456562519073486
-9.53560733795166
10.8420991897583
7.242842197418213
7.071467399597168
-6.189847946166992
1.9532334804534912
-2.711441993713379
5.507984161376953
9.420856475830078
1.8061085939407349
6.494663238525391
0.7606909871101379
-10.387388229370117
11.829117774963379
6.942446708679199
6.962093830108643
-6.793848991394043
1.7607448101043701
-2.194854974746704
5.37706995010376
10.523763656616211
1.6093413829803467
6.1689982414245605
1.2888902425765991
-11.233203887939453
12.801054000854492
6.6433634757995605
6.865614891052246
-7.395359516143799
1.5904839038848877
-1.6874651908874512
5.264190196990967
11.60089111328125
1.4403107166290283
5.844549655914307
1.8097710609436035
-12.073197364807129
13.758919715881348
6.346272945404053
6.781783103942871
-7.994894981384277
1.4419655799865723
-1.1877650022506714
5.168168544769287
12.654524803161621
1.297419786453247
5.5211405754089355
2.3241541385650635
-12.908055305480957
14.704392433166504
6.051385879516602
6.710673809051514
-8.59333610534668
1.3149539232254028
-0.6935164332389832
5.088012218475342
13.687002182006836
1.1788579225540161
5.198517799377441
2.8330044746398926
-13.738790512084961
15.639630317687988
5.758822917938232
6.652320861816406
-9.191524505615234
1.2092328071594238
-0.2029063105583191
5.022575855255127
14.700462341308594
1.0831552743911743
4.876316547393799
3.337587356567383
-14.5667724609375
16.567516326904297
5.468255519866943
6.60671854019165
-9.790542602539062
1.1246997117996216
0.2857629358768463
4.970681667327881
15.696830749511719
1.0089552402496338
4.554326057434082
3.838956356048584
-15.392908096313477
17.490365982055664
5.179446697235107
6.573664665222168
-10.391277313232422
1.061170220375061
0.7741349935531616
4.931220054626465
16.6781063079834
0.9549970030784607
4.232493877410889
4.3378753662109375
-16.217567443847656
18.40989112854004
4.89198112487793
6.55286979675293
-10.994501113891602
1.0184441804885864
1.263967514038086
4.903237819671631
17.646636962890625
0.920111358165741
3.9108541011810303
4.835066318511963
-17.041053771972656
19.32785415649414
4.605917930603027
6.54384183883667
-11.600447654724121
0.9961405396461487
1.7568657398223877
4.885796546936035
18.60470199584961
0.903123140335083
3.5894172191619873
5.331044673919678
-17.863536834716797
20.24562644958496
4.321321487426758
6.546143531799316
-12.209388732910156
0.9940277934074402
2.2536745071411133
4.87832498550415
19.553136825561523
0.9034814238548279
3.268651247024536
5.825690269470215
-18.684375762939453
21.163394927978516
4.038344860076904
6.559360027313232
-12.821491241455078
1.0119191408157349
2.7544429302215576
4.880893707275391
20.491348266601562
0.9213407039642334
2.949723243713379
6.315886497497559
-19.50114631652832
22.07916259765625
3.757173538208008
6.583043575286865
-13.43685531616211
1.0495473146438599
3.25950288772583
4.8934125900268555
21.419647216796875
0.9564609527587891
2.6337900161743164
6.799340724945068
-20.31144905090332
22.991113662719727
3.4786062240600586
6.616605281829834
-14.054351806640625
1.106223702430725
3.767897844314575
4.916263103485107
22.33571434020996
1.009141445159912
2.3234848976135254
7.272301197052002
-21.109996795654297
23.89422607421875
3.2038776874542236
6.659485340118408
-14.67220687866211
1.1810671091079712
4.277239799499512
4.950170040130615
23.234500885009766
1.0797171592712402
2.0202128887176514
7.733492374420166
-21.89373779296875
24.78615951538086
2.9340367317199707
6.71122407913208
-15.28822135925293
1.273356556892395
4.785021781921387
4.995734214782715
24.110523223876953
1.168210744857788
1.7251794338226318
8.181824684143066
-22.660680770874023
25.666366577148438
2.669990301132202
6.771444320678711
-15.899888038635254
1.3824477195739746
5.289867877960205
5.053050518035889
24.958606719970703
1.274479866027832
1.4390225410461426
8.617655754089355
-23.41002082824707
26.53533935546875
2.4122729301452637
6.839925765991211
-16.505666732788086
1.5080639123916626
5.790968418121338
5.122091293334961
25.776134490966797
1.398451805114746
1.1623141765594482
9.041483879089355
-24.141143798828125
27.393672943115234
2.161367654800415
6.916615962982178
-17.105070114135742
1.65015709400177
6.2877326011657715
5.202688694000244
26.562118530273438
1.540060043334961
0.8955395817756653
9.453892707824707
-24.85344696044922
28.24195098876953
1.9178646802902222
7.001450061798096
-17.697185516357422
1.8086416721343994
6.779690265655518
5.294590950012207
27.316160202026367
1.6992446184158325
0.6391328573226929
9.855575561523438
-25.54631996154785
29.080732345581055
1.6820218563079834
7.094279766082764
-18.281396865844727
1.983365774154663
7.266635894775391
5.397679805755615
28.03819465637207
1.8760806322097778
0.39345547556877136
10.247215270996094
-26.219533920288086
29.910877227783203
1.4539958238601685
7.1949992179870605
-18.857629776000977
2.1742100715637207
7.748196125030518
5.511992454528809
28.727676391601562
2.0705723762512207
0.15874971449375153
10.629633903503418
-26.873146057128906
30.733558654785156
1.2340346574783325
7.303531646728516
-19.425430297851562
2.381140947341919
8.224032402038574
5.637635231018066
29.38430404663086
2.282740831375122
-0.06480051577091217
11.003703117370605
-27.50720977783203
31.549837112426758
1.0224158763885498
7.419823169708252
-19.984949111938477
2.604095697402954
8.694331169128418
5.7746429443359375
30.009428024291992
2.512371301651001
-0.27715373039245605
11.370413780212402
-28.12201690673828
32.360877990722656
0.8193421363830566
7.543853759765625
-20.53575325012207
2.84309720993042
9.158743858337402
5.923152923583984
30.60306167602539
2.7595064640045166
-0.4783359169960022
11.730552673339844
-28.717805862426758
33.16773223876953
0.6249270439147949
7.675654888153076
-21.077594757080078
3.098259687423706
9.616778373718262
6.083332061767578
31.165115356445312
3.0242719650268555
-0.6684315204620361
12.08505630493164
-29.294933319091797
33.97148132324219
0.4391449987888336
7.815323352813721
-21.61052131652832
3.36983323097229
10.067943572998047
6.255374908447266
31.695491790771484
3.3068432807922363
-0.8475717306137085
12.434871673583984
-29.853849411010742
34.77330017089844
0.26196110248565674
7.962997913360596
-22.134572982788086
3.6581406593322754
10.511787414550781
6.439500331878662
32.19424819946289
3.607470989227295
-1.01590096950531
12.780891418457031
-30.394853591918945
35.574222564697266
0.09333157539367676
8.11883544921875
-22.6497802734375
3.9635095596313477
10.948076248168945
6.636078357696533
32.66115951538086
3.9263710975646973
-1.1735479831695557
13.123941421508789
-30.918216705322266
36.37522506713867
-0.0668063759803772
8.28302001953125
-23.15620994567871
4.28629732131958
11.376771926879883
6.845854759216309
33.092159271240234
4.263255596160889
-1.3208106756210327
13.464981079101562
-31.424549102783203
37.177520751953125
-0.21855391561985016
8.455780982971191
-23.65401840209961
4.626928806304932
11.79735279083252
7.068924427032471
33.48659133911133
4.617977619171143
-1.4581767320632935
13.805194854736328
-31.914695739746094
37.98249816894531
-0.36206117272377014
8.637392044067383
-24.14344024658203
4.985916614532471
12.208918571472168
7.305597305297852
33.843624114990234
4.990870475769043
-1.5859228372573853
14.145407676696777
-32.389251708984375
38.791297912597656
-0.4975290298461914
8.828158378601074
-24.62480354309082
5.363831520080566
12.61052131652832
7.556180000305176
34.16227722167969
5.382253170013428
-1.704362392425537
14.486428260803223
-32.8488655090332
39.60507583618164
