2
3
2.113751173019409
5.659721374511719
-2.532536268234253
-9.314544677734375
6.358255386352539
6.6638054847717285
-8.556921005249023
8.988385200500488
7.924557209014893
-5.354811191558838
-2.9184744358062744
-9.18093204498291
2.2711598873138428
5.195747375488281
-2.0779528617858887
-10.197741508483887
6.184451580047607
6.496087551116943
-8.87666130065918
8.718467712402344
7.744812488555908
-5.153496742248535
-3.368800401687622
-8.7421875
2.4208357334136963
4.7354888916015625
-1.6375794410705566
-11.075937271118164
6.0089521408081055
6.330657958984375
-9.200373649597168
8.452446937561035
7.560120582580566
-4.952465057373047
-3.828077793121338
-8.310564041137695
2.5634021759033203
4.276525020599365
-1.2098933458328247
-11.95223617553711
5.831641674041748
6.16758394241333
-9.528566360473633
8.19003963470459
7.370637893676758
-4.752338886260986
-4.296121120452881
-7.887564182281494
2.699599027633667
3.816187858581543
-0.7931709289550781
-12.829998016357422
5.6524977684021
6.006682872772217
-9.861494064331055
7.93058967590332
7.176492214202881
-4.553689002990723
-4.772715091705322
-7.474352836608887
2.830317258834839
3.35196852684021
-0.38542255759239197
-13.712455749511719
5.471569061279297
5.847599506378174
-10.199217796325684
7.673160076141357
6.9778151512146
-4.357154846191406
-5.257596969604492
-7.072070598602295
2.956479072570801
2.8816299438476562
0.01524457335472107
-14.602888107299805
5.288769721984863
5.690048694610596
-10.541977882385254
7.416908264160156
6.7747626304626465
-4.163474082946777
-5.750495910644531
-6.6819748878479
3.0790350437164307
2.403294086456299
0.41085371375083923
-15.504358291625977
5.103950023651123
5.533853054046631
-10.89007568359375
7.161255836486816
6.56751012802124
-3.973529815673828
-6.251101970672607
-6.305508613586426
3.1984691619873047
1.9149677753448486
0.803380012512207
-16.419862747192383
4.9171142578125
5.378528118133545
-11.243610382080078
6.905108451843262
6.356229782104492
-3.7883100509643555
-6.759087085723877
-5.944192886352539
3.3154296875
1.4152462482452393
1.194675326347351
-17.352008819580078
4.728457450866699
5.2232537269592285
-11.602189064025879
6.646667003631592
6.141032695770264
-3.6088767051696777
-7.274122714996338
-5.599593639373779
3.4306371212005615
0.9029698967933655
1.5865702629089355
-18.303333282470703
4.538003444671631
5.067379474639893
-11.965835571289062
6.3846917152404785
5.922084331512451
-3.4362454414367676
-7.7957377433776855
-5.27310037612915
3.544747829437256
0.37733614444732666
1.980759620666504
-19.27571678161621
4.3457794189453125
4.910174369812012
-12.334587097167969
6.117915153503418
5.699513912200928
-3.271610975265503
-8.323534965515137
-4.966429710388184
3.6584579944610596
-0.16283130645751953
2.379115104675293
-20.272008895874023
4.151979446411133
4.750628471374512
-12.708052635192871
5.844594955444336
5.4734039306640625
-3.1162068843841553
-8.857182502746582
-4.681366920471191
3.772742986679077
-0.7200489044189453
2.7845473289489746
-21.298690795898438
3.956831932067871
4.5876545906066895
-13.085775375366211
5.562891006469727
5.24388313293457
-2.9712278842926025
-9.396309852600098
-4.41963529586792
3.8884406089782715
-1.2962672710418701
3.199681520462036
-22.360355377197266
3.7608394622802734
4.419864654541016
-13.467096328735352
5.270787239074707
5.011596202850342
-2.8373847007751465
-9.94048023223877
-4.182766914367676
4.006435871124268
-1.8932560682296753
3.627169132232666
-23.46099853515625
3.5647072792053223
4.245750904083252
-13.851149559020996
4.96608304977417
4.776753902435303
-2.715827465057373
-10.489259719848633
-3.972590208053589
4.127471446990967
-2.5124263763427734
4.069942474365234
-24.603797912597656
3.3688206672668457
4.064060211181641
-14.23731517791748
4.6466875076293945
4.53946590423584
-2.6076793670654297
-11.042511940002441
-3.7908313274383545
4.252545356750488
-3.1559135913848877
4.531181812286377
-25.79354476928711
3.173583984375
3.8734774589538574
-14.624935150146484
4.310433387756348
4.299851417541504
-2.5140795707702637
-11.59998607635498
-3.6393561363220215
4.382595062255859
-3.824490547180176
5.013355255126953
-27.032318115234375
2.9789648056030273
3.6728601455688477
-15.013559341430664
3.955207347869873
4.0592942237854
-2.4375200271606445
-12.159294128417969
-3.5217087268829346
4.518650531768799
-4.519385814666748
5.519218921661377
-28.323379516601562
2.785285472869873
3.4607865810394287
-15.402328491210938
3.578568935394287
3.8189656734466553
-2.3806357383728027
-12.718160629272461
-3.4413251876831055
4.661776065826416
-5.24173641204834
6.051436424255371
-29.669458389282227
2.5930368900299072
3.235733985900879
-15.790238380432129
3.1779286861419678
3.5795326232910156
-2.3454794883728027
-13.274887084960938
-3.4007039070129395
4.813431739807129
-5.992032527923584
6.612498760223389
-31.074106216430664
2.40273118019104
2.99619460105896
-16.17622947692871
2.7506301403045654
3.341732978820801
-2.333983898162842
-13.827645301818848
-3.4022254943847656
4.9749298095703125
-6.772502422332764
7.205962181091309
-32.54286575317383
2.214909791946411
2.7407093048095703
-16.559171676635742
2.2939820289611816
3.106295585632324
-2.347984552383423
-14.374950408935547
-3.4485156536102295
5.147671222686768
-7.5855841636657715
7.835782527923584
-34.08152770996094
2.0301194190979004
2.467844009399414
-16.93790626525879
1.8052215576171875
2.874006986618042
-2.3891611099243164
-14.91512680053711
-3.5423078536987305
5.333259105682373
-8.433992385864258
8.506377220153809
-35.69664764404297
1.8487186431884766
2.1762924194335938
-17.31171989440918
1.2818119525909424
2.645648956298828
-2.458962917327881
-15.446492195129395
-3.6862711906433105
5.533451080322266
-9.320566177368164
9.22250747680664
-37.395164489746094
1.6710128784179688
1.8646897077560425
-17.6794376373291
0.7208088636398315
2.421996593475342
-2.558656930923462
-15.967403411865234
-3.8830442428588867
5.750026702880859
-10.247859954833984
9.988605499267578
-39.18400955200195
1.4974908828735352
1.53159499168396
-18.039588928222656
0.11902511119842529
2.203906297683716
-2.6894919872283936
-16.475997924804688
-4.13553524017334
5.984910011291504
-11.218652725219727
10.809503555297852
-41.070777893066406
1.3288557529449463
1.175544023513794
-18.39040756225586
-0.5268442630767822
1.9921711683273315
-2.8526086807250977
-16.97053337097168
-4.446638584136963
6.24026346206665
-12.236257553100586
11.690971374511719
-43.063865661621094
1.1658920049667358
0.7949824333190918
-18.73005485534668
-1.2203786373138428
1.787540078163147
-3.0491092205047607
-17.44931411743164
-4.819316387176514
6.518367767333984
-13.30407428741455
12.639097213745117
-45.17198944091797
1.0093306303024292
0.38829290866851807
-19.05698013305664
-1.9651854038238525
1.5908229351043701
-3.2801384925842285
-17.91045379638672
-5.256735324859619
6.821628093719482
-14.425617218017578
13.660211563110352
-47.404205322265625
0.8600109815597534
-0.04612308740615845
-19.369169235229492
-2.765148162841797
1.4029381275177002
-3.546656370162964
-18.351638793945312
-5.7616376876831055
7.152699947357178
-15.604628562927246
14.761253356933594
-49.77037811279297
0.7185977101325989
-0.509665846824646
-19.66490936279297
-3.623969316482544
1.2247236967086792
-3.8498122692108154
-18.770771026611328
-6.33720588684082
7.514359951019287
-16.844945907592773
15.94939136505127
-52.280704498291016
0.5856426358222961
-1.0035722255706787
-19.942699432373047
-4.544667720794678
1.0570476055145264
-4.190828800201416
-19.165637969970703
-6.986789226531982
7.909634113311768
-18.150611877441406
17.232446670532227
-54.946189880371094
0.4620606303215027
-1.5293524265289307
-20.199979782104492
-5.5312323570251465
0.900921106338501
-4.571161270141602
-19.533721923828125
-7.714200496673584
8.341737747192383
-19.52581787109375
18.61867332458496
-57.77839279174805
0.34877413511276245
-2.0887041091918945
-20.4342041015625
-6.587998390197754
0.7571374773979187
-4.992215633392334
-19.872970581054688
-8.523236274719238
8.814005851745605
-20.97470474243164
20.116506576538086
-60.78904342651367
0.24690552055835724
-2.683603286743164
-20.642358779907227
-7.719720840454102
0.6264801025390625
-5.455433368682861
-20.181209564208984
-9.417704582214355
9.330007553100586
-22.5017032623291
21.734987258911133
-63.990657806396484
0.15776164829730988
-3.3163812160491943
-20.820720672607422
-8.93204116821289
0.509831428527832
-5.9624128341674805
-20.456056594848633
-10.401663780212402
9.893458366394043
-24.11162567138672
23.483821868896484
-67.39604187011719
0.08234813809394836
-3.988917589187622
-20.966411590576172
-10.229117393493652
0.40832552313804626
-6.514885902404785
-20.6944522857666
-11.479410171508789
10.508626937866211
-25.81372833251953
25.37842559814453
-71.02146911621094
0.02199062705039978
-4.703402996063232
-21.07581329345703
-11.615924835205078
0.3231660723686218
-7.114678382873535
-20.893102645874023
-12.655413627624512
11.179790496826172
-27.613677978515625
27.430307388305664
-74.88176727294922
-0.021877139806747437
-5.462252140045166
-21.144941329956055
-13.097893714904785
0.25566795468330383
-7.763843059539795
-21.048357009887695
-13.93455696105957
