2
3
-0.45115232467651367
0.306456059217453
2.9880948066711426
5.180301666259766
-3.2580413818359375
-8.691336631774902
1.729361653327942
1.8704986572265625
-0.897682249546051
-6.955546855926514
8.176898956298828
-3.769611120223999
-0.4426051676273346
0.04001995921134949
3.054098606109619
4.655093669891357
-3.1222281455993652
-8.428174018859863
1.9062341451644897
2.3580760955810547
-0.7510746717453003
-6.970566272735596
8.460411071777344
-3.7749855518341064
-0.42949044704437256
-0.2197805941104889
3.1316254138946533
4.145571708679199
-2.98563551902771
-8.172770500183105
2.0884082317352295
2.832939863204956
-0.6000284552574158
-6.986701965332031
8.752798080444336
-3.780505418777466
-0.4114435017108917
-0.47316774725914
3.2210865020751953
3.6509342193603516
-2.847871780395508
-7.924813270568848
2.276254177093506
3.2952311038970947
-0.4443023204803467
-7.0040411949157715
9.054372787475586
-3.7863810062408447
-0.38810694217681885
-0.7203774452209473
3.322913408279419
3.1704039573669434
-2.7084357738494873
-7.683793544769287
2.4700772762298584
3.745117664337158
-0.2836402952671051
-7.022665023803711
9.365479469299316
-3.7928144931793213
-0.3591259717941284
-0.9616553783416748
3.437562942504883
2.7032275199890137
-2.5671353340148926
-7.449687957763672
2.670348644256592
4.18264627456665
-0.11778661608695984
-7.042610168457031
9.686457633972168
-3.799941301345825
-0.32414889335632324
-1.197291374206543
3.56546950340271
2.248573064804077
-2.4236836433410645
-7.222467422485352
2.8775503635406494
4.6078619956970215
0.05343976616859436
-7.063846588134766
10.017550468444824
-3.807866096496582
-0.2828269600868225
-1.4276553392410278
3.7070462703704834
1.805466890335083
-2.277763843536377
-7.002532005310059
3.0922789573669434
5.020531177520752
0.2300771176815033
-7.086032867431641
10.35862922668457
-3.816518783569336
-0.23482413589954376
-1.6530663967132568
3.8627264499664307
1.3730885982513428
-2.129060745239258
-6.789930820465088
3.315072774887085
5.4205474853515625
0.41233983635902405
-7.109191417694092
10.709943771362305
-3.8260440826416016
-0.17975810170173645
-1.8737733364105225
4.033097743988037
0.9508166909217834
-1.9772768020629883
-6.584628105163574
3.54646635055542
5.807947158813477
0.6004763841629028
-7.1335015296936035
11.071965217590332
-3.8368048667907715
-0.11731590330600739
-2.090045690536499
4.2187299728393555
0.5379509925842285
-1.8221240043640137
-6.386617660522461
3.787020444869995
6.182723522186279
0.7946316599845886
-7.159050941467285
11.445063591003418
-3.8489503860473633
-0.04717250168323517
-2.301893711090088
4.4200592041015625
0.1338484287261963
-1.6632753610610962
-6.195843696594238
4.037297248840332
6.544908046722412
0.9952559471130371
-7.185950756072998
11.829798698425293
-3.8626410961151123
0.031052038073539734
-2.509615898132324
4.637850761413574
-0.2619991898536682
-1.500403642654419
-6.012220859527588
4.297857284545898
6.894594669342041
1.2031618356704712
-7.21442985534668
12.22689437866211
-3.878195285797119
0.11783397197723389
-2.713643789291382
4.872934818267822
-0.6503540277481079
-1.3331063985824585
-5.835635185241699
4.569316387176514
7.231877326965332
1.4187519550323486
-7.244621276855469
12.636978149414062
-3.895925760269165
0.21372276544570923
-2.914475679397583
5.126134395599365
-1.0321505069732666
-1.1605503559112549
-5.665530681610107
4.852218151092529
7.556928634643555
1.6423876285552979
-7.2766547203063965
13.060585975646973
-3.9161081314086914
0.31927254796028137
-3.1126301288604736
5.398373603820801
-1.408227801322937
-0.9822596311569214
-5.5017805099487305
5.147197246551514
7.869741916656494
1.8745152950286865
-7.310681343078613
13.498467445373535
-3.9390652179718018
0.43490296602249146
-3.3087644577026367
5.690575122833252
-1.779529094696045
-0.7977649569511414
-5.344302177429199
5.454902172088623
8.170225143432617
2.1155495643615723
-7.3467936515808105
13.951231002807617
-3.9650719165802
0.5610164403915405
-3.503556728363037
6.003640174865723
-2.147012948989868
-0.606591522693634
-5.1930251121521
5.776005744934082
8.45828914642334
2.365915298461914
-7.385140895843506
14.419516563415527
-3.994438886642456
0.698106050491333
-3.697693109512329
6.338649272918701
-2.511659622192383
-0.40825462341308594
-5.04789400100708
6.111227035522461
8.733830451965332
2.625941753387451
-7.425856590270996
14.903905868530273
-4.027459621429443
0.8466249108314514
-3.891871690750122
6.696562767028809
-2.8744373321533203
-0.20226913690567017
-4.908885478973389
6.461308479309082
8.99670124053955
2.8960299491882324
-7.469138145446777
15.405184745788574
-4.0645365715026855
1.0071157217025757
-4.086813926696777
7.078644275665283
-3.236344337463379
0.01185905933380127
-4.775963306427002
6.827035903930664
9.246808052062988
3.1767373085021973
-7.5152668952941895
15.924339294433594
-4.106178283691406
1.180069088935852
-4.283236026763916
7.485992431640625
-3.5983893871307373
0.2346750646829605
-4.649160385131836
7.2092461585998535
9.48391056060791
3.468609094619751
-7.564528942108154
16.462312698364258
-4.152897357940674
1.366008996963501
-4.481849670410156
7.919754981994629
-3.961552143096924
0.4666963219642639
-4.528613567352295
7.608807563781738
9.707587242126465
3.7722041606903076
-7.617218971252441
17.02004051208496
-4.20521879196167
1.5655312538146973
-4.6833271980285645
8.381403923034668
-4.326794624328613
0.7083013653755188
-4.414551734924316
8.026569366455078
9.917481422424316
4.088150978088379
-7.673686504364014
17.598621368408203
-4.263791561126709
1.7789524793624878
-4.88798713684082
8.871789932250977
-4.694608211517334
0.9596560597419739
-4.307467460632324
8.46325397491455
10.112927436828613
4.417071342468262
-7.734291076660156
18.19901466369629
-4.329257965087891
2.006817579269409
-5.096469879150391
9.392080307006836
-5.065844535827637
1.2211577892303467
-4.2076311111450195
8.919751167297363
10.293416976928711
4.759631156921387
-7.799429893493652
18.822294235229492
-4.402348518371582
2.249695301055908
-5.309454917907715
9.943530082702637
-5.441420555114746
1.4933075904846191
-4.115288257598877
9.39702320098877
10.458382606506348
5.116533279418945
-7.869541168212891
19.469717025756836
-4.483879566192627
2.5082480907440186
-5.527650833129883
10.52747631072998
-5.822287559509277
1.7766181230545044
-4.030821323394775
9.895970344543457
10.606914520263672
5.488494396209717
-7.9450836181640625
20.142560958862305
-4.574696063995361
2.7831802368164062
-5.751745700836182
11.145437240600586
-6.209432125091553
2.0716392993927
-3.954569101333618
10.41758918762207
10.738195419311523
5.876254558563232
-8.026542663574219
20.84214210510254
-4.675690174102783
3.075352668762207
-5.982491493225098
11.799264907836914
-6.604066848754883
2.3789420127868652
-3.8868515491485596
10.963000297546387
10.85152530670166
6.2805867195129395
-8.114435195922852
21.569843292236328
-4.787815570831299
3.3855350017547607
-6.220559120178223
12.49056339263916
-7.007261276245117
2.6990976333618164
-3.8280088901519775
11.533308029174805
10.946187973022461
6.702281951904297
-8.20930290222168
22.32707405090332
-4.91206169128418
3.7145586013793945
-6.466604709625244
13.221075057983398
-7.420203685760498
3.0326364040374756
-3.7784276008605957
12.1297025680542
11.021425247192383
7.142181396484375
-8.311728477478027
23.1153621673584
-5.049505710601807
4.063422679901123
-6.721467018127441
13.992931365966797
-7.844372272491455
3.3802127838134766
-3.7384657859802246
12.753488540649414
11.076502799987793
7.601141452789307
-8.422322273254395
23.93626594543457
-5.201289176940918
4.433108329772949
-6.985930919647217
14.808182716369629
-8.28109359741211
3.742499828338623
-3.708507537841797
13.40604305267334
11.11067008972168
8.080049514770508
-8.541732788085938
24.791412353515625
-5.368630409240723
4.824679851531982
-7.260822772979736
15.66904354095459
-8.731832504272461
4.1201934814453125
-3.688971519470215
14.088829040527344
11.12313175201416
8.57985782623291
-8.670648574829102
25.682571411132812
-5.552823066711426
5.239258289337158
-7.5469970703125
16.57783317565918
-9.198135375976562
4.514025688171387
-3.680307149887085
14.803391456604004
11.113048553466797
9.101489067077637
-8.809774398803711
26.611572265625
-5.755210876464844
5.677941799163818
-7.845266342163086
17.53693389892578
-9.681597709655762
4.924766540527344
-3.682985544204712
15.551372528076172
11.079568862915039
9.645880699157715
-8.959845542907715
27.580324172973633
-5.977206230163574
6.1419596672058105
-8.156540870666504
18.54891014099121
-10.183964729309082
5.353342056274414
-3.697401762008667
16.33464813232422
11.0220365524292
10.214133262634277
-9.12166976928711
28.590904235839844
-6.220349311828613
6.63262414932251
-8.481780052185059
19.616472244262695
-10.707096099853516
5.8007283210754395
-3.7239110469818115
17.15532875061035
10.939990997314453
10.80739688873291
-9.296095848083496
29.645492553710938
-6.486267566680908
7.151321887969971
-8.821995735168457
20.742475509643555
-11.252969741821289
6.267862319946289
-3.7630786895751953
18.015398025512695
10.832443237304688
11.426779747009277
-9.483942031860352
30.746143341064453
-6.776458263397217
