2
3
6.77540922164917
-5.341128349304199
-6.518024921417236
0.11801819503307343
0.21068766713142395
-7.859537124633789
-3.747860908508301
0.8515692949295044
6.643089294433594
1.5915051698684692
6.508655548095703
-7.442758560180664
6.229337692260742
-4.982276439666748
-6.843777656555176
0.3145362138748169
0.2466212511062622
-7.485040664672852
-3.296140193939209
1.1934776306152344
7.1365532875061035
0.82599937915802
6.3112101554870605
-8.04195499420166
5.687427520751953
-4.618597984313965
-7.073155403137207
0.41209524869918823
0.315346360206604
-7.1092400550842285
-2.837674140930176
1.4760997295379639
7.607039928436279
0.04144692420959473
6.043900489807129
-8.507345199584961
5.149785041809082
-4.261645317077637
-7.192265510559082
0.4153749644756317
0.41193339228630066
-6.734561920166016
-2.373849630355835
1.6970890760421753
8.05282211303711
-0.7530412077903748
5.695491313934326
-8.839993476867676
4.621825218200684
-3.91849422454834
-7.193891525268555
0.32990390062332153
0.5334054231643677
-6.36281156539917
-1.9087973833084106
1.8536981344223022
8.469738006591797
-1.5459303855895996
5.254704475402832
-9.042037010192871
4.111217498779297
-3.5969104766845703
-7.078221321105957
0.15736782550811768
0.6777022480964661
-5.996365547180176
-1.4466055631637573
1.9448528289794922
8.851778984069824
-2.3252475261688232
4.707439422607422
-9.1185941696167
3.627774953842163
-3.3036322593688965
-6.8497467041015625
-0.09920242428779602
0.8425672650337219
-5.639781951904297
-0.9915929436683655
1.970412015914917
9.191753387451172
-3.0784354209899902
4.049887180328369
-9.078248977661133
3.1825265884399414
-3.0436465740203857
-6.51630163192749
-0.439879834651947
1.0261797904968262
-5.2978129386901855
-0.5475777387619019
1.9309979677200317
9.48143482208252
-3.7929413318634033
3.289330244064331
-8.931774139404297
2.7831573486328125
-2.824927806854248
-6.088360786437988
-0.8549203276634216
1.2261649370193481
-4.975053310394287
-0.11943459510803223
1.8284825086593628
9.711614608764648
-4.4554877281188965
2.443589448928833
-8.694263458251953
2.4359397888183594
-2.654135227203369
-5.576944351196289
-1.3311152458190918
1.4408771991729736
-4.674591064453125
0.2874951958656311
1.6663105487823486
9.873177528381348
-5.053651332855225
1.5426234006881714
-8.386786460876465
2.1455001831054688
-2.5362982749938965
-4.997591495513916
-1.8517630100250244
1.6689550876617432
-4.3980584144592285
0.6660102605819702
1.4480170011520386
9.958255767822266
-5.577334403991699
0.6163309216499329
-8.033482551574707
1.9190545082092285
-2.475205183029175
-4.384346008300781
-2.3944814205169678
1.910968542098999
-4.146049976348877
1.003706932067871
1.178816318511963
9.95645809173584
-6.016488075256348
-0.28717321157455444
-7.671539783477783
1.7577333450317383
-2.4690475463867188
-3.771967649459839
-2.9406638145446777
2.1668453216552734
-3.9176080226898193
1.2891122102737427
0.862542986869812
9.868062019348145
-6.367395877838135
-1.1451725959777832
-7.326003551483154
1.6578540802001953
-2.5134458541870117
-3.171978712081909
-3.481462240219116
2.430039167404175
-3.7080705165863037
1.5430352687835693
0.48745355010032654
9.703132629394531
-6.637965202331543
-1.9527313709259033
-7.0027241706848145
1.615872859954834
-2.6052966117858887
-2.5573573112487793
-4.019939422607422
2.6987595558166504
-3.5180177688598633
1.7896664142608643
0.04379209876060486
9.471415519714355
-6.837346076965332
-2.7185308933258057
-6.692846298217773
1.6318458318710327
-2.7423667907714844
-1.9221608638763428
-4.550800323486328
2.97725510597229
-3.3537707328796387
2.009509325027466
-0.4532680809497833
9.179583549499512
-6.974575519561768
-3.4487805366516113
-6.3895087242126465
1.7017390727996826
-2.9202263355255127
-1.2773460149765015
-5.064634323120117
3.267181396484375
-3.2183403968811035
2.1827428340911865
-0.9889687299728394
8.835345268249512
-7.060154914855957
-4.14956521987915
-6.086851596832275
1.8224501609802246
-3.1359779834747314
-0.6409134268760681
-5.550358772277832
3.56628680229187
-3.1117002964019775
2.3015828132629395
-1.5554853677749634
8.4432373046875
-7.100690841674805
-4.810877323150635
-5.790497303009033
1.990809440612793
-3.387537717819214
-0.026475965976715088
-5.99741792678833
3.869727611541748
-3.0340805053710938
2.370483636856079
-2.148446559906006
8.007759094238281
-7.099542617797852
-5.421697616577148
-5.505478858947754
2.2026634216308594
-3.6722564697265625
0.5499705672264099
-6.39704704284668
4.172967910766602
-2.9866771697998047
2.3938229084014893
-2.7609434127807617
7.534399509429932
-7.060218334197998
-5.9705729484558105
-5.239388465881348
2.454817295074463
-3.985233783721924
1.072843074798584
-6.746973991394043
4.471704006195068
-2.971606492996216
2.3759090900421143
-3.3837027549743652
7.029216766357422
-6.9870500564575195
-6.446447372436523
-5.0005364418029785
2.744563579559326
-4.320095539093018
1.5228841304779053
-7.048508644104004
4.762969970703125
-2.9911463260650635
2.3201022148132324
-4.006994724273682
6.500363826751709
-6.88491678237915
-6.840753078460693
-4.7989301681518555
3.0694193840026855
-4.667862892150879
1.8785237073898315
-7.30863618850708
5.042276382446289
-3.047355890274048
2.2328341007232666
-4.619128227233887
5.9555230140686035
-6.758866310119629
-7.145974636077881
-4.642627716064453
3.4228665828704834
-5.018642902374268
2.1269874572753906
-7.53574800491333
5.306522846221924
-3.1405649185180664
2.116443395614624
-5.210543155670166
5.403653621673584
-6.613533020019531
-7.356010913848877
-4.539513111114502
3.791531562805176
-5.367340087890625
2.273977756500244
-7.728614807128906
5.552763938903809
-3.2708489894866943
1.9740145206451416
-5.771579265594482
4.853372097015381
-6.453928470611572
-7.466126918792725
-4.497472763061523
4.162330627441406
-5.709777355194092
2.329219102859497
-7.885297775268555
5.778054237365723
-3.437753677368164
1.808793067932129
-6.293570518493652
4.313905715942383
-6.2856903076171875
-7.475417137145996
-4.5239667892456055
4.525875091552734
-6.040624618530273
2.297240734100342
-8.010167121887207
5.979977130889893
-3.6389927864074707
1.6234768629074097
-6.771884918212891
3.793179988861084
-6.114718914031982
-7.382570266723633
-4.623323440551758
4.873530387878418
-6.355257987976074
2.1850292682647705
-8.108535766601562
6.157675743103027
-3.870232582092285
1.4184985160827637
-7.206431865692139
3.2995381355285645
-5.947254180908203
-7.18818998336792
-4.797510147094727
5.198320388793945
-6.6489057540893555
2.000617742538452
-8.187371253967285
6.310977935791016
-4.126055717468262
1.1942096948623657
-7.600265026092529
2.8405508995056152
-5.790234088897705
-6.895655632019043
-5.0469489097595215
5.49247932434082
-6.917353630065918
1.754645586013794
-8.255404472351074
6.438866138458252
-4.400443077087402
0.9523963332176208
-7.958946704864502
2.424551010131836
-5.649983882904053
-6.512057304382324
-5.369986057281494
5.749335765838623
-7.157512187957764
1.4595857858657837
-8.322720527648926
6.540497303009033
-4.6875081062316895
0.6950349807739258
-8.289649963378906
2.0592455863952637
-5.531989574432373
-6.049328804016113
-5.764328956604004
5.96316385269165
-7.367074012756348
1.1308228969573975
-8.401426315307617
6.614546298980713
-4.9810662269592285
0.4270234704017639
-8.602602005004883
1.750647783279419
-5.441474437713623
-5.523922443389893
-6.22570276260376
6.129595756530762
-7.544951915740967
0.7866353988647461
-8.505983352661133
6.658998012542725
-5.274608612060547
0.15784183144569397
-8.910703659057617
1.5020403861999512
-5.38417911529541
-4.95413875579834
-6.746684551239014
6.245959758758545
-7.691287040710449
0.44798368215560913
-8.65205192565918
6.672207832336426
-5.562190055847168
-0.10002538561820984
-9.228191375732422
1.3148984909057617
-5.364210605621338
-4.360101699829102
-7.320327281951904
6.312657356262207
-7.808516979217529
0.13474583625793457
-8.85363483428955
6.654801368713379
-5.839113712310791
-0.33498603105545044
-9.569254875183105
1.187180757522583
-5.385274887084961
-3.7580180168151855
-7.93880033493042
6.334785461425781
-7.901973247528076
-0.14411035180091858
-9.117384910583496
6.609827518463135
-6.1036057472229
-0.5401581525802612
-9.943340301513672
1.1150649785995483
-5.449407577514648
-3.1588943004608154
-8.595091819763184
6.320547103881836
-7.978450298309326
-0.3938666582107544
-9.44113826751709
6.5420732498168945
-6.3568572998046875
-0.7177156209945679
-10.353713989257812
1.0942987203598022
-5.5559000968933105
-2.5685181617736816
-9.284768104553223
6.276662349700928
-8.0447359085083
-0.6218374967575073
-9.817658424377441
6.456936359405518
-6.600962162017822
-0.8764820694923401
-10.797410011291504
1.1197986602783203
-5.702328205108643
-1.9870237112045288
-10.00502872467041
6.208084583282471
-8.103891372680664
-0.8373010158538818
-10.23984432220459
6.357328414916992
-6.836942195892334
-1.0225971937179565
-11.27042293548584
1.185879111289978
-5.886221885681152
-1.4092364311218262
-10.750819206237793
6.117810249328613
-8.159500122070312
-1.038490891456604
-10.706908226013184
6.244426727294922
-7.065368175506592
-1.1520484685897827
-11.773320198059082
1.2894294261932373
-6.1059699058532715
-0.8355749249458313
-11.514720916748047
