2
3
1.949483036994934
-7.045986652374268
10.392251014709473
-6.363920211791992
5.4137349128723145
-6.57577657699585
9.822200775146484
9.734763145446777
-1.4643930196762085
-3.1325647830963135
-3.4374451637268066
7.054153919219971
2.188831090927124
-7.18336296081543
10.906495094299316
-6.570716857910156
5.45126485824585
-6.271070957183838
9.688333511352539
10.246734619140625
-1.3109194040298462
-3.1981611251831055
-3.1117138862609863
6.959045886993408
2.436222553253174
-7.320172309875488
11.435018539428711
-6.772519588470459
5.491954803466797
-5.972492218017578
9.560222625732422
10.743032455444336
-1.1534247398376465
-3.2582147121429443
-2.7787182331085205
6.8737006187438965
2.691946268081665
-7.456244945526123
11.978337287902832
-6.969394207000732
5.535952091217041
-5.681385517120361
9.439018249511719
11.22303581237793
-0.9916329383850098
-3.31335186958313
-2.4376959800720215
6.797325611114502
2.956305980682373
-7.591665267944336
12.536909103393555
-7.161412715911865
5.5835371017456055
-5.398182392120361
9.325575828552246
11.686410903930664
-0.8253048062324524
-3.364194631576538
-2.0879273414611816
6.729211807250977
3.2296955585479736
-7.726645469665527
13.111400604248047
-7.348945617675781
5.635061264038086
-5.123324394226074
9.220860481262207
12.132658004760742
-0.6541988849639893
-3.4110708236694336
-1.7289977073669434
6.668859481811523
3.5126380920410156
-7.861570358276367
13.702710151672363
-7.532705783843994
5.690878391265869
-4.857227802276611
9.125792503356934
12.561300277709961
-0.4780113101005554
-3.4544007778167725
-1.3602855205535889
6.615617275238037
3.805492401123047
-7.9966325759887695
14.311361312866211
-7.712932109832764
5.751303195953369
-4.6003007888793945
9.04137134552002
12.972033500671387
-0.2963894009590149
-3.494795799255371
-0.9809224605560303
6.568543434143066
4.108860969543457
-8.132255554199219
14.93858528137207
-7.890478134155273
5.816647052764893
-4.352962017059326
8.968696594238281
13.36459732055664
-0.10901936888694763
-3.532749891281128
-0.5901488065719604
6.526949882507324
4.423212051391602
-8.268667221069336
15.585107803344727
-8.06581974029541
5.887344837188721
-4.1154937744140625
8.908853530883789
13.738819122314453
0.08442780375480652
-3.5687310695648193
-0.1872025728225708
6.490199089050293
4.749089241027832
-8.406163215637207
16.251853942871094
-8.23955249786377
5.963900566101074
-3.888032913208008
8.862950325012207
14.094758987426758
0.28430041670799255
-3.6031553745269775
0.22878515720367432
6.457712173461914
5.087015628814697
-8.54495906829834
16.93962287902832
-8.412147521972656
6.046637058258057
-3.6709933280944824
8.832135200500488
14.432107925415039
0.49105021357536316
-3.636599063873291
0.6588056087493896
6.428516864776611
5.437446594238281
-8.685236930847168
17.649072647094727
-8.584126472473145
6.136070251464844
-3.464752197265625
8.817546844482422
14.750434875488281
0.7050899267196655
-3.6695804595947266
1.1038227081298828
6.401697158813477
5.800952434539795
-8.827298164367676
18.38112449645996
-8.756105422973633
6.232748508453369
-3.2694904804229736
8.820449829101562
15.049635887145996
0.9268337488174438
-3.7025582790374756
1.5647904872894287
6.376425743103027
6.178150653839111
-8.971476554870605
19.136768341064453
-8.928767204284668
6.337216377258301
-3.0851569175720215
8.842164039611816
15.329906463623047
1.1566635370254517
-3.735844850540161
2.042585611343384
6.352185249328613
6.569577693939209
-9.117987632751465
19.916942596435547
-9.10275936126709
6.4500732421875
-2.911653518676758
8.883981704711914
15.591545104980469
1.3950331211090088
-3.7698655128479004
2.538226366043091
6.328248023986816
6.975844383239746
-9.267127990722656
20.722686767578125
-9.278806686401367
6.571875095367432
-2.7489397525787354
8.947002410888672
15.834638595581055
1.6423900127410889
-3.80487322807312
3.052635669708252
6.304187297821045
7.397658348083496
-9.419282913208008
21.55514907836914
-9.457716941833496
6.703166961669922
-2.596933364868164
9.032341003417969
16.059207916259766
1.899208664894104
-3.8410401344299316
3.586787700653076
6.279637813568115
7.835760593414307
-9.57485580444336
22.415531158447266
-9.640329360961914
6.844515323638916
-2.4555368423461914
9.141157150268555
16.265287399291992
2.1660189628601074
-3.8786473274230957
4.141802787780762
6.253967761993408
8.290929794311523
-9.734267234802246
23.305091857910156
-9.827515602111816
6.996527194976807
-2.324887275695801
9.274703979492188
16.45254135131836
2.443373680114746
-3.9179346561431885
4.718806743621826
6.226658344268799
8.763961791992188
-9.897937774658203
24.225086212158203
-10.0201416015625
7.159785270690918
-2.205030679702759
9.434216499328613
16.62075424194336
2.731933116912842
-3.959080696105957
5.318946361541748
6.19712495803833
9.255681991577148
-10.066302299499512
25.17681121826172
-10.219097137451172
7.334914684295654
-2.09596848487854
9.620960235595703
16.769821166992188
3.0323305130004883
-4.002429962158203
5.943479537963867
6.164726734161377
9.766979217529297
-10.23984432220459
26.16168785095215
-10.42537784576416
7.522570610046387
-1.9976850748062134
9.836234092712402
16.899690628051758
3.345255136489868
-4.048415660858154
6.593769550323486
6.128678321838379
10.298717498779297
-10.41904067993164
27.180870056152344
-10.6399507522583
7.723385810852051
-1.9101778268814087
10.081306457519531
17.010282516479492
3.671433210372925
-4.097423553466797
7.2712321281433105
6.0882039070129395
10.851797103881836
-10.604386329650879
28.2355899810791
-10.863799095153809
7.937970161437988
-1.8334534168243408
10.357418060302734
17.101503372192383
4.0116286277771
-4.149845123291016
7.9773430824279785
6.042511940002441
11.427197456359863
-10.796431541442871
29.327363967895508
-11.09804916381836
8.167027473449707
-1.7675790786743164
10.66598892211914
17.173145294189453
4.366642475128174
-4.20607852935791
8.713631629943848
5.990793704986572
12.0259370803833
-10.995648384094238
30.457683563232422
-11.343793869018555
8.411227226257324
-1.7128870487213135
11.008695602416992
17.224685668945312
4.7373175621032715
-4.266531944274902
9.481691360473633
5.932215690612793
12.64908504486084
-11.202641487121582
31.62822723388672
-11.60227108001709
8.671311378479004
-1.669539213180542
11.387145042419434
17.25583839416504
5.124548435211182
-4.331657409667969
10.283180236816406
5.865851402282715
13.297722816467285
-11.418068885803223
32.8406867980957
-11.874765396118164
8.948078155517578
-1.6376582384109497
11.802957534790039
17.266321182250977
5.529266834259033
-4.40189790725708
11.119824409484863
5.790791988372803
13.972898483276367
-11.64257526397705
34.09650421142578
-12.162482261657715
9.242374420166016
-1.6174671649932861
12.257712364196777
17.255517959594727
5.9524431228637695
-4.477703094482422
11.993417739868164
5.706113815307617
14.675773620605469
-11.876890182495117
35.39755630493164
-12.466859817504883
9.55479621887207
-1.6093003749847412
12.753046035766602
17.223159790039062
6.395096302032471
-4.559542179107666
12.905827522277832
5.610856056213379
15.407546043395996
-12.12177562713623
36.745784759521484
-12.789402961730957
9.886331558227539
-1.6132299900054932
13.290632247924805
17.168825149536133
6.858287811279297
-4.647907733917236
13.858989715576172
5.504012107849121
16.169389724731445
-12.377979278564453
38.14302062988281
-13.131575584411621
10.237910270690918
-1.629442811012268
13.872265815734863
17.09206199645996
7.343129634857178
-4.743314266204834
14.854926109313965
5.384535789489746
16.962535858154297
-12.64630126953125
39.59123229980469
-13.494976043701172
10.610442161560059
-1.658199429512024
14.49982738494873
16.992399215698242
7.850786209106445
-4.846330642700195
15.895746231079102
5.251282215118408
17.78830909729004
-12.927621841430664
41.092689514160156
-13.881401062011719
11.004701614379883
-1.6998881101608276
15.175226211547852
16.86951446533203
8.382451057434082
-4.957525730133057
16.98358726501465
5.103123664855957
18.648147583007812
-13.222931861877441
42.65003204345703
-14.292908668518066
11.421786308288574
-1.7545589208602905
15.900484085083008
16.72307777404785
8.939303398132324
-5.07757568359375
18.1203670501709
4.938782691955566
19.543502807617188
-13.533202171325684
44.265869140625
-14.73151969909668
11.862870216369629
-1.822424292564392
16.677751541137695
16.552610397338867
9.522619247436523
-5.207120895385742
19.3083553314209
4.757002353668213
20.475793838500977
-13.859374046325684
45.942604064941406
-15.199186325073242
12.328996658325195
-1.9039363861083984
17.50916290283203
16.357267379760742
10.133720397949219
-5.346833229064941
20.549917221069336
4.556494235992432
21.44644546508789
-14.20241928100586
47.682701110839844
-15.697938919067383
12.821279525756836
-1.9995685815811157
18.39702606201172
16.136186599731445
10.773985862731934
-5.497381687164307
21.847505569458008
4.3359270095825195
22.456974029541016
-14.563405990600586
49.48889923095703
-16.230051040649414
13.340827941894531
-2.109802007675171
19.343664169311523
15.888544082641602
11.444940567016602
-5.659226894378662
23.20372772216797
4.094008445739746
