2
3
-8.38864803314209
-4.396482467651367
-0.9330022931098938
8.506744384765625
7.171325206756592
-8.855670928955078
5.749131202697754
7.945718765258789
2.4340829849243164
8.534383773803711
-7.301453113555908
1.8821566104888916
-7.87535285949707
-4.203383922576904
0.00562816858291626
8.9498872756958
6.937926292419434
-8.207245826721191
5.022182464599609
9.117009162902832
2.260143280029297
7.902607440948486
-7.516416072845459
0.6752691268920898
-7.378152370452881
-3.999748706817627
0.9147098660469055
9.40984058380127
6.700803756713867
-7.566996097564697
4.290866374969482
10.273805618286133
2.08746600151062
7.295621871948242
-7.732804775238037
-0.4772677421569824
-6.895203590393066
-3.7838025093078613
1.7942616939544678
9.886713027954102
6.460668087005615
-6.935182571411133
3.556874990463257
11.41505241394043
1.9174435138702393
6.714978218078613
-7.951790809631348
-1.5758394002914429
-6.425942897796631
-3.5553672313690186
2.6446523666381836
10.380413055419922
6.218245029449463
-6.311686038970947
2.822066068649292
12.540465354919434
1.7497541904449463
6.1617937088012695
-8.17526626586914
-2.620393753051758
-5.970153331756592
-3.3144757747650146
3.4661483764648438
10.890830039978027
5.974748134613037
-5.696323394775391
2.0887246131896973
13.649931907653809
1.5841618776321411
5.636385917663574
-8.404515266418457
-3.6130166053771973
-5.527542591094971
-3.061140537261963
4.259158611297607
11.417640686035156
5.7308430671691895
-5.088625907897949
1.358214259147644
14.743877410888672
1.4190760850906372
5.138073921203613
-8.641425132751465
-4.5568461418151855
-5.097558498382568
-2.7953941822052
5.024044513702393
11.960664749145508
5.48690938949585
-4.488093852996826
0.6312664151191711
15.822794914245605
1.2553141117095947
4.6659159660339355
-8.88526439666748
-5.456080436706543
-4.6795549392700195
-2.517362594604492
5.761353969573975
12.519575119018555
5.243135452270508
-3.894186019897461
-0.09155279397964478
16.887399673461914
1.0933111906051636
4.218918800354004
-9.135873794555664
-6.314085483551025
-4.27296781539917
-2.2269721031188965
6.471563816070557
13.094415664672852
4.999728202819824
-3.306277275085449
-0.8098533749580383
17.938518524169922
0.9319840669631958
3.79579758644104
-9.394001960754395
-7.133914947509766
-3.877142906188965
-1.9244740009307861
7.155328273773193
13.684614181518555
4.757957935333252
-2.7228989601135254
-1.5239877700805664
18.976518630981445
0.7706043720245361
3.394674777984619
-9.660327911376953
-7.918600082397461
-3.491504430770874
-1.6099838018417358
7.813112258911133
14.28984260559082
4.518243312835693
-2.1427981853485107
-2.2340357303619385
20.002756118774414
0.6085957288742065
3.0134592056274414
-9.935614585876465
-8.670981407165527
-3.114518404006958
-1.2817928791046143
8.444622993469238
14.910566329956055
4.280318260192871
-1.5654722452163696
-2.940277099609375
21.017873764038086
0.44470953941345215
2.649578809738159
-10.220498085021973
-9.393802642822266
-2.74523663520813
-0.9398170113563538
9.050111770629883
15.546333312988281
4.044058799743652
-0.9905015826225281
-3.6429262161254883
22.022113800048828
0.2782120108604431
2.30056095123291
-10.515121459960938
-10.08945083618164
-2.3828508853912354
-0.5840106010437012
9.629720687866211
16.196683883666992
3.809342861175537
-0.4169207811355591
-4.342373847961426
23.017248153686523
0.1090632975101471
1.9644081592559814
-10.81916332244873
-10.759858131408691
-2.026707887649536
-0.21437501907348633
10.183512687683105
16.861175537109375
3.575961112976074
0.15635955333709717
-5.039231777191162
24.0052547454834
-0.06284420192241669
1.6395299434661865
-11.13278579711914
-11.406516075134277
-1.676226258277893
0.16922405362129211
10.711495399475098
17.53986358642578
3.343592405319214
0.7298293709754944
-5.734127998352051
24.98660659790039
-0.23750312626361847
1.3248344659805298
-11.456060409545898
-12.030315399169922
-1.3314305543899536
0.5663472414016724
11.213860511779785
18.232988357543945
3.1119141578674316
1.3037464618682861
-6.427586555480957
25.961423873901367
-0.41521090269088745
1.019482135772705
-11.789763450622559
-12.632219314575195
-0.9921282529830933
0.9764755368232727
11.690601348876953
18.94001007080078
2.8804690837860107
1.877129316329956
-7.119557857513428
26.927940368652344
-0.5956031680107117
0.7228516936302185
-12.134580612182617
-13.213774681091309
-0.6585648059844971
1.398099660873413
12.141512870788574
19.659679412841797
2.6487228870391846
2.4445853233337402
-7.808492660522461
27.88092613220215
-0.7776698470115662
0.43661051988601685
-12.487751007080078
-13.77157211303711
-0.33242571353912354
1.8264684677124023
12.564213752746582
20.384849548339844
2.41654109954834
3.001873254776001
-8.493255615234375
28.819353103637695
-0.9608379006385803
0.1629239022731781
-12.847883224487305
-14.301484107971191
-0.014802277088165283
2.258981227874756
12.957066535949707
21.110977172851562
2.183920383453369
3.5475640296936035
-9.173583030700684
29.743093490600586
-1.1453311443328857
-0.09791901707649231
-13.215112686157227
-14.802582740783691
0.29352718591690063
2.6938350200653076
13.318901062011719
21.835140228271484
1.9506551027297974
4.080647945404053
-9.849321365356445
30.651912689208984
-1.3311834335327148
-0.3456612527370453
-13.58985710144043
-15.274484634399414
0.5911819338798523
3.129080295562744
13.648847579956055
22.554882049560547
1.7166681289672852
4.600421905517578
-10.5204496383667
31.54574966430664
-1.5173592567443848
-0.5792298316955566
-13.972460746765137
-15.716526985168457
0.8773117065429688
3.5631675720214844
13.94607162475586
23.268104553222656
1.4819508790969849
5.1062726974487305
-11.186850547790527
32.42425537109375
-1.7041393518447876
-0.7984753251075745
-14.363471031188965
-16.12847137451172
1.1514959335327148
3.9947729110717773
14.20918083190918
23.97197723388672
1.246656060218811
5.59765625
-11.848406791687012
33.286685943603516
-1.8919349908828735
-1.0035138130187988
-14.763915061950684
-16.511024475097656
1.4131319522857666
4.422557830810547
14.437137603759766
24.66424560546875
1.011060118675232
6.074465751647949
-12.505020141601562
34.13290023803711
-2.081007719039917
-1.194401741027832
-15.174772262573242
-16.86471176147461
1.6618173122406006
4.845669269561768
14.62933349609375
25.343677520751953
0.7752993106842041
6.536894798278809
-13.15682315826416
34.96302032470703
-2.2716798782348633
-1.3712728023529053
-15.5969820022583
-17.190101623535156
1.8972623348236084
5.263510227203369
14.78520679473877
26.009416580200195
0.539517879486084
6.9850921630859375
-13.803510665893555
35.776893615722656
-2.464327335357666
-1.5344569683074951
-16.032001495361328
-17.488662719726562
2.1194801330566406
5.675693988800049
14.903971672058105
26.660375595092773
0.30398622155189514
7.4194769859313965
-14.44486141204834
36.574180603027344
-2.6592092514038086
-1.684008240699768
-16.480772018432617
-17.760896682739258
2.3283658027648926
6.08198881149292
14.985319137573242
27.296340942382812
0.06878265738487244
7.841259479522705
-15.081368446350098
37.35614013671875
-2.8565993309020996
-1.8198955059051514
-16.94396209716797
-18.00693702697754
2.5237417221069336
6.482536315917969
15.029402732849121
27.917892456054688
-0.1660251021385193
8.251120567321777
-15.71325397491455
38.12311935424805
-3.056675910949707
-1.942084789276123
-17.42222785949707
-18.226911544799805
2.705601692199707
6.87758731842041
15.0361328125
28.525177001953125
-0.4005011320114136
8.650033950805664
-16.341053009033203
38.87611389160156
-3.2598233222961426
-2.0506479740142822
-17.91638946533203
-18.421369552612305
2.873873233795166
7.267373561859131
15.005409240722656
29.1182918548584
-0.6349260210990906
9.03918170928955
-16.965816497802734
39.61688232421875
-3.466390371322632
-2.1455769538879395
-18.42719841003418
-18.590608596801758
3.0283854007720947
7.652085304260254
14.937095642089844
29.6972713470459
-0.8694361448287964
9.419504165649414
-17.588207244873047
40.34659194946289
-3.6767539978027344
-2.2268855571746826
-18.955623626708984
-18.734922409057617
3.1689422130584717
8.031929016113281
14.831134796142578
30.26229476928711
-1.1042146682739258
9.791912078857422
-18.20899200439453
41.06644821166992
-3.891205310821533
-2.294426679611206
-19.50235366821289
-18.854175567626953
3.2954461574554443
8.407266616821289
14.687638282775879
30.813987731933594
-1.3394575119018555
10.157258987426758
-18.828947067260742
41.777587890625
-4.110024452209473
-2.348015546798706
-20.068056106567383
-18.94814109802246
3.407782793045044
8.778470039367676
14.50673770904541
31.353059768676758
-1.5753295421600342
10.516300201416016
-19.44883918762207
42.480899810791016
-4.333485126495361
-2.3874518871307373
-20.653444290161133
-19.016586303710938
3.505803108215332
9.145856857299805
14.288531303405762
31.880077362060547
-1.812193751335144
10.870162963867188
-20.06964874267578
43.1781120300293
-4.561862468719482
-2.4125964641571045
-21.25956916809082
-19.059589385986328
3.5893468856811523
9.509753227233887
14.033138275146484
32.39567947387695
-2.050295114517212
11.219593048095703
-20.692235946655273
43.87033462524414
-4.7954206466674805
-2.4231717586517334
-21.887096405029297
-19.07671546936035
