2
3
1.035269021987915
9.611038208007812
1.8119693994522095
-6.291769027709961
-8.627854347229004
8.994556427001953
6.423131465911865
1.0271296501159668
-0.045138075947761536
10.063309669494629
-7.692012786865234
6.373164176940918
0.8831888437271118
9.466632843017578
1.5129120349884033
-6.552855014801025
-8.173290252685547
8.983077049255371
7.354203224182129
1.0299205780029297
-0.32300955057144165
10.206304550170898
-8.323040008544922
6.632434844970703
0.733311653137207
9.322531700134277
1.223163366317749
-6.811454772949219
-7.726512432098389
8.973397254943848
8.269247055053711
1.035652756690979
-0.5954796075820923
10.343717575073242
-8.940794944763184
6.882817268371582
0.5858086347579956
9.178690910339355
0.9424474239349365
-7.067712783813477
-7.286693096160889
8.965118408203125
9.169593811035156
1.043749213218689
-0.8625427484512329
10.475573539733887
-9.545726776123047
7.124439239501953
0.4408688545227051
9.034998893737793
0.6706079840660095
-7.321937561035156
-6.85305118560791
8.957937240600586
10.056575775146484
1.0536450147628784
-1.1242609024047852
10.601734161376953
-10.138290405273438
7.357388496398926
0.29862359166145325
8.891349792480469
0.4073998034000397
-7.574398517608643
-6.424272537231445
8.951735496520996
10.931554794311523
1.0647811889648438
-1.3807621002197266
10.722124099731445
-10.719016075134277
7.581933975219727
0.1592421978712082
8.747603416442871
0.15275424718856812
-7.825460910797119
-5.99902868270874
8.946340560913086
11.79584789276123
1.0765817165374756
-1.6321005821228027
10.836771965026855
-11.288329124450684
7.798319339752197
0.022889897227287292
8.603601455688477
-0.09336996078491211
-8.075528144836426
-5.576057434082031
8.941572189331055
12.650732040405273
1.088469386100769
-1.878272294998169
10.945666313171387
-11.846510887145996
8.00664234161377
-0.11023165285587311
8.459115982055664
-0.33092576265335083
-8.325133323669434
-5.154111385345459
8.937238693237305
13.497503280639648
1.099838137626648
-2.119218587875366
11.048812866210938
-12.393721580505371
8.20704174041748
-0.2399749904870987
8.313431739807129
-0.5595463514328003
-8.575065612792969
-4.732017517089844
8.933144569396973
14.337342262268066
1.110088586807251
-2.3548123836517334
11.14615249633789
-12.929913520812988
8.399508476257324
-0.3663061559200287
8.165987968444824
-0.7790108919143677
-8.826047897338867
-4.308762550354004
8.92902946472168
15.171343803405762
1.1185823678970337
-2.5853073596954346
11.237923622131348
-13.455434799194336
8.58436393737793
-0.4891365170478821
8.016571998596191
-0.9892964363098145
-9.078507423400879
-3.883445978164673
8.924650192260742
16.000469207763672
1.1246728897094727
-2.8103606700897217
11.323864936828613
-13.969680786132812
8.761274337768555
-0.6083347797393799
7.864908218383789
-1.190261721611023
-9.333059310913086
-3.4551475048065186
8.919733047485352
16.825740814208984
1.127683162689209
-3.0298268795013428
11.40393352508545
-14.47258186340332
8.930384635925293
-0.7237575650215149
7.710822105407715
-1.3818110227584839
-9.590071678161621
-3.023155689239502
8.91408634185791
17.647735595703125
1.1270473003387451
-3.2432305812835693
11.477802276611328
-14.963313102722168
9.091130256652832
-0.8352400064468384
7.554129600524902
-1.5637685060501099
-9.849930763244629
-2.586984634399414
8.90756893157959
18.466779708862305
1.122328281402588
-3.4500362873077393
11.54510498046875
-15.440936088562012
9.24274730682373
-0.9424296021461487
7.3950514793396
-1.7360453605651855
-10.112794876098633
-2.1465742588043213
8.900028228759766
19.28248405456543
1.1130659580230713
-3.649906635284424
11.60585880279541
-15.90512752532959
9.385193824768066
-1.04512619972229
7.2335286140441895
-1.8984309434890747
-10.378817558288574
-1.702597737312317
8.891444206237793
20.092735290527344
1.0984867811203003
-3.8422718048095703
11.659859657287598
-16.35456657409668
9.51772689819336
-1.1431809663772583
7.069586753845215
-2.050626516342163
-10.647664070129395
-1.2557239532470703
8.881539344787598
20.8951473236084
1.0776309967041016
-4.026487350463867
11.706975936889648
-16.78824806213379
9.639927864074707
-1.2362993955612183
6.903435230255127
-2.1923582553863525
-10.918963432312012
-0.8072763085365295
8.8700532913208
21.685935974121094
1.0494030714035034
-4.2016921043396
11.746954917907715
-17.204870223999023
9.751112937927246
-1.3241193294525146
6.73507022857666
-2.323160171508789
-11.192902565002441
-0.3579256534576416
8.856646537780762
22.46327018737793
1.0133267641067505
-4.367548942565918
11.779890060424805
-17.604238510131836
9.851163864135742
-1.4062379598617554
6.564645290374756
-2.4425442218780518
-11.469414710998535
0.09191381931304932
8.840916633605957
23.226343154907227
0.9687893390655518
-4.523744583129883
11.805891990661621
-17.986101150512695
9.940041542053223
-1.482226848602295
6.392158031463623
-2.549854278564453
-11.748626708984375
0.5420029759407043
8.82243824005127
23.974746704101562
0.9151800870895386
-4.669940948486328
11.825035095214844
-18.35011100769043
10.017582893371582
-1.5516929626464844
6.217305660247803
-2.644500970840454
-12.03139591217041
0.9923153519630432
8.800782203674316
24.708587646484375
0.8519718647003174
-4.805800437927246
11.837331771850586
-18.695981979370117
10.083656311035156
-1.6142959594726562
6.03980827331543
-2.7258527278900146
-12.318365097045898
1.4430646896362305
8.77552604675293
25.428529739379883
0.7787034511566162
-4.931077480316162
11.842824935913086
-19.024030685424805
10.138446807861328
-1.6697131395339966
5.859431266784668
-2.793280601501465
-12.610011100769043
1.8945767879486084
8.746208190917969
26.13552474975586
0.6948165893554688
-5.045595169067383
11.841588973999023
-19.334165573120117
10.181866645812988
-1.7175815105438232
5.6758198738098145
-2.846134901046753
-12.907203674316406
2.3472118377685547
8.712384223937988
26.830577850341797
0.5997503399848938
-5.149202346801758
11.833675384521484
-19.62627601623535
10.213780403137207
-1.7575727701187134
5.488577365875244
-2.8837313652038574
-13.210819244384766
2.801337242126465
8.673596382141113
27.514854431152344
0.4929276704788208
-5.241762161254883
11.81911563873291
-19.90024757385254
10.234014511108398
-1.7893298864364624
5.297365665435791
-2.905325174331665
-13.521588325500488
3.2571568489074707
8.629403114318848
28.18912124633789
0.37379327416419983
-5.3231377601623535
11.797911643981934
-20.155921936035156
10.242331504821777
-1.8125088214874268
5.101833820343018
-2.9101340770721436
-13.840211868286133
3.715020179748535
8.579387664794922
28.854393005371094
0.24178163707256317
-5.3931965827941895
11.770008087158203
-20.3930721282959
10.238389015197754
-1.8267810344696045
4.901604175567627
-2.897388219833374
-14.167442321777344
4.175880432128906
8.523435592651367
29.510150909423828
0.09599965810775757
-5.451862335205078
11.73535442352295
-20.61155128479004
10.221883773803711
-1.8318328857421875
4.696377277374268
-2.8663570880889893
-14.503901481628418
4.640145301818848
8.461187362670898
30.15704917907715
-0.06428000330924988
-5.499051570892334
11.693876266479492
-20.811172485351562
10.19247817993164
-1.8273814916610718
4.485731601715088
-2.816197633743286
-14.850340843200684
5.108041763305664
8.392160415649414
30.795940399169922
-0.23973003029823303
-5.534674644470215
11.64547348022461
-20.991674423217773
10.149787902832031
-1.8130282163619995
4.269222736358643
-2.7460432052612305
-15.207768440246582
5.5798115730285645
8.315858840942383
31.427749633789062
-0.4310454726219177
-5.558647155761719
11.590017318725586
-21.152803421020508
10.09338665008545
-1.7884167432785034
4.046348571777344
-2.6549882888793945
-15.577225685119629
6.055731773376465
8.231761932373047
32.053775787353516
-0.6389160752296448
-5.570883274078369
11.527353286743164
-21.294279098510742
10.02280044555664
-1.7529127597808838
3.8167531490325928
-2.542083978652954
-15.959711074829102
6.5358781814575195
8.139229774475098
32.67588424682617
-0.8639556169509888
-5.571290969848633
11.457295417785645
-21.415782928466797
9.93750286102295
-1.7060937881469727
3.579780340194702
-2.406414747238159
-16.356605529785156
7.0203857421875
8.037546157836914
33.29686737060547
-1.1067383289337158
-5.55977201461792
11.379630088806152
-21.516952514648438
9.836917877197266
-1.6475887298583984
3.3348312377929688
-2.2470197677612305
-16.769128799438477
7.5096540451049805
7.926156044006348
33.917991638183594
-1.36807382106781
-5.536222457885742
11.29410457611084
-21.59738540649414
9.720401763916016
-1.5770174264907837
3.081275701522827
-2.0628929138183594
-17.198566436767578
8.004103660583496
7.8044867515563965
34.54056167602539
-1.6488126516342163
-5.5005292892456055
11.200428009033203
-21.656599044799805
9.587244987487793
-1.4941065311431885
2.8182411193847656
-1.8528887033462524
-17.646530151367188
8.504181861877441
7.671943664550781
35.165931701660156
-1.949853539466858
-5.452579021453857
11.09825325012207
-21.69397735595703
9.436639785766602
-1.3986313343048096
2.5446977615356445
-1.615736722946167
-18.11482810974121
9.010360717773438
7.5279035568237305
35.79551696777344
-2.272153377532959
-5.392225742340088
10.987223625183105
-21.708938598632812
9.26776123046875
