2
3
-6.2378106117248535
6.700777530670166
-3.80421781539917
-6.051721096038818
1.6862484216690063
8.598236083984375
0.8283748626708984
6.365394592285156
-4.317760944366455
7.709091663360596
7.713751792907715
-1.834332823753357
-6.336857795715332
6.421322345733643
-3.142009973526001
-6.024292945861816
1.4329100847244263
9.219513893127441
0.06073576211929321
6.087021350860596
-3.6009457111358643
7.454685688018799
7.520650863647461
-1.9173671007156372
-6.3686909675598145
6.133301734924316
-2.448650360107422
-5.941044807434082
1.122222661972046
9.804261207580566
-0.5722360610961914
5.718006610870361
-2.913313388824463
7.220993995666504
7.225327968597412
-1.953920602798462
-6.338107109069824
5.8381028175354
-1.7408277988433838
-5.797553539276123
0.7700937986373901
10.345069885253906
-1.076286792755127
5.257636547088623
-2.2649126052856445
7.014474868774414
6.829103469848633
-1.948489785194397
-6.250364780426025
5.538319110870361
-1.0367097854614258
-5.589720726013184
0.3920072317123413
10.834797859191895
-1.460197925567627
4.710700988769531
-1.6679472923278809
6.83880090713501
6.346834659576416
-1.9035906791687012
-6.108603000640869
5.2352399826049805
-0.36074119806289673
-5.310412406921387
0.00016444921493530273
11.266366958618164
-1.7326687574386597
4.081717014312744
-1.133881688117981
6.698859214782715
5.798747539520264
-1.826887607574463
-5.918124675750732
4.93306303024292
0.26686733961105347
-4.956009864807129
-0.39443910121917725
11.632684707641602
-1.901928186416626
3.3825173377990723
-0.6771612167358398
6.598825454711914
5.216599464416504
-1.7305768728256226
-5.688018321990967
4.64118766784668
0.8388788104057312
-4.530097484588623
-0.7818817496299744
11.928668022155762
-1.973386287689209
2.626279592514038
-0.30269286036491394
6.538252353668213
4.626286506652832
-1.626132607460022
-5.425945281982422
4.375176429748535
1.3499584197998047
-4.047833442687988
-1.1554057598114014
12.147680282592773
-1.9479387998580933
1.83494234085083
-0.01276242733001709
6.513250350952148
4.052788257598877
-1.5211795568466187
-5.13289213180542
4.156263828277588
1.78135085105896
-3.5447494983673096
-1.5103087425231934
12.281157493591309
-1.8264096975326538
1.0391416549682617
0.19519270956516266
6.516677379608154
3.5143635272979736
-1.4191792011260986
-4.815739154815674
3.9977920055389404
2.122952699661255
-3.048818349838257
-1.8372628688812256
12.328390121459961
-1.6195452213287354
0.2604255676269531
0.3289969861507416
6.5459208488464355
3.0176243782043457
-1.329018473625183
-4.487552642822266
3.9052109718322754
2.3823249340057373
-2.5774190425872803
-2.124842405319214
12.305931091308594
-1.348440408706665
-0.5078628659248352
0.3953637480735779
6.600282192230225
2.569441318511963
-1.2581433057785034
-4.165215492248535
3.876617431640625
2.580120325088501
-2.136300563812256
-2.365980625152588
12.225595474243164
-1.0295765399932861
-1.26701021194458
0.4007539749145508
6.672332763671875
2.1797451972961426
-1.205004334449768
-3.8571462631225586
3.904177665710449
2.730672836303711
-1.7242324352264404
-2.558208465576172
12.092324256896973
-0.6738766431808472
-2.013791799545288
0.356474906206131
6.756740570068359
1.8442586660385132
-1.167427659034729
-3.566605567932129
3.979767322540283
2.840935468673706
-1.3396576642990112
-2.6997194290161133
11.908188819885254
-0.29282090067863464
-2.7417151927948
0.2756999135017395
6.850950241088867
1.5510778427124023
-1.1461783647537231
-3.294318199157715
4.096240043640137
2.912674903869629
-0.9804583191871643
-2.7873733043670654
11.67403793334961
0.10075560212135315
-3.4395806789398193
0.1691179722547531
6.951499938964844
1.2912110090255737
-1.1411266326904297
-3.039930582046509
4.24810791015625
2.944045305252075
-0.6445229649543762
-2.822265863418579
11.392047882080078
0.49416497349739075
-4.095561504364014
0.04490821808576584
7.057033538818359
1.052502989768982
-1.149053931236267
-2.804842948913574
4.4348978996276855
2.937791109085083
-0.337473064661026
-2.808656930923462
11.066632270812988
0.8829272985458374
-4.70374059677124
-0.0921129658818245
7.166867733001709
0.8357586860656738
-1.1729919910430908
-2.5903186798095703
4.653891086578369
2.9055914878845215
-0.06935176253318787
-2.752514600753784
10.703426361083984
1.2671692371368408
-5.260858535766602
-0.23914355039596558
7.279908180236816
0.6469030380249023
-1.217201828956604
-2.3949408531188965
4.90008544921875
2.8512752056121826
0.1546998918056488
-2.6586968898773193
10.306543350219727
1.6430625915527344
-5.761429786682129
-0.3947134017944336
7.394572734832764
0.49403366446495056
-1.2858632802963257
-2.217254400253296
5.168682098388672
2.778491497039795
0.32971179485321045
-2.531127691268921
9.87944221496582
2.003645896911621
-6.198786735534668
-0.5570616126060486
7.508035659790039
0.3842305541038513
-1.3827080726623535
-2.056727409362793
5.454805850982666
2.693709373474121
0.44991037249565125
-2.3741252422332764
9.426551818847656
2.342927932739258
-6.567536354064941
-0.7232661247253418
7.61748743057251
0.32331982254981995
-1.5104360580444336
-1.9157148599624634
5.754897117614746
2.6051111221313477
0.5110266804695129
-2.192380666732788
8.952704429626465
2.6548373699188232
-6.8639092445373535
-0.8895434141159058
7.721276760101318
0.314765602350235
-1.672555923461914
-1.7944574356079102
6.064702033996582
2.520705461502075
0.5071854591369629
-1.9906718730926514
8.464374542236328
2.934267044067383
-7.084896564483643
-1.0524166822433472
7.81648588180542
0.3616395890712738
-1.8694612979888916
-1.693199872970581
6.379376411437988
2.4494216442108154
0.43375450372695923
-1.7742738723754883
7.969168663024902
3.176893711090088
-7.229316711425781
-1.2080914974212646
7.899582862854004
0.46581053733825684
-2.101288080215454
-1.6112732887268066
6.693280220031738
2.3996334075927734
0.28797757625579834
-1.5488102436065674
7.475611686706543
3.3799009323120117
-7.298637866973877
-1.35255765914917
7.967174530029297
0.6273108720779419
-2.3671979904174805
-1.5468413829803467
6.999964237213135
2.37890362739563
0.06828096508979797
-1.3204221725463867
6.993268013000488
3.5432119369506836
-7.298497200012207
-1.4812519550323486
8.015701293945312
0.8440042734146118
-2.6651642322540283
-1.496819019317627
7.2921929359436035
2.3928415775299072
-0.22490641474723816
-1.095475435256958
6.532114028930664
3.669481039047241
-7.237009525299072
-1.5894017219543457
8.042074203491211
1.1110694408416748
-2.991755485534668
-1.457977294921875
7.562927722930908
2.4451942443847656
-0.5883552432060242
-0.8813452124595642
6.102397918701172
3.7703120708465576
-7.128378391265869
-1.6730610132217407
8.043716430664062
1.4217866659164429
-3.341437339782715
-1.4271478652954102
7.8054399490356445
2.538221597671509
-1.015658974647522
-0.6836720108985901
5.712710380554199
3.857165575027466
-6.989266872406006
-1.730018973350525
8.018780708312988
1.7688813209533691
-3.7073631286621094
-1.4010635614395142
8.013410568237305
2.672611713409424
-1.4970630407333374
-0.5052963495254517
5.3691020011901855
3.9368813037872314
-6.83474063873291
-1.7588696479797363
7.965752601623535
2.1442320346832275
-4.081566333770752
-1.3771840333938599
8.180657386779785
2.8499467372894287
-2.0194478034973145
-0.3473440408706665
5.075295448303223
4.0155205726623535
-6.680209636688232
-1.759091854095459
7.884158611297607
2.539485216140747
-4.456737518310547
-1.3520894050598145
8.303730964660645
3.0679075717926025
-2.571033239364624
-0.20978954434394836
4.832278251647949
4.096198081970215
-6.538287162780762
-1.731174111366272
7.775410175323486
2.9464669227600098
-4.82895565032959
-1.3225141763687134
8.380956649780273
3.3232622146606445
-3.140796661376953
-0.09156522154808044
4.639200210571289
4.179058074951172
-6.418375015258789
-1.6759926080703735
7.641593933105469
3.3575730323791504
-5.196502685546875
-1.285556674003601
8.412230491638184
3.613438606262207
-3.719943046569824
0.008357904851436615
4.493279457092285
4.268734931945801
-6.330028057098389
-1.5949556827545166
7.485316276550293
3.7671356201171875
-5.558840751647949
-1.239012598991394
8.398383140563965
3.937654733657837
-4.302050590515137
0.09144171327352524
4.390336036682129
4.368503093719482
-6.279829025268555
-1.4913040399551392
7.310812473297119
4.175515651702881
-5.919058322906494
-1.1808966398239136
8.341272354125977
4.295468807220459
-4.883076190948486
0.15958172082901
4.324611186981201
4.484221458435059
-6.273638725280762
-1.3685332536697388
7.122226715087891
4.585926055908203
-6.281192779541016
-1.109913945198059
8.244832038879395
4.686209201812744
-5.4636759757995605
0.21374259889125824
4.289916038513184
4.621984481811523
-6.314134120941162
-1.2298860549926758
6.92252779006958
5.001740455627441
-6.6480183601379395
-1.0247855186462402
8.11267375946045
5.1080641746521
-6.044349670410156
0.25555387139320374
4.279585838317871
4.787595748901367
-6.403750419616699
-1.0775338411331177
6.71387243270874
5.424915313720703
-7.021953582763672
-0.9238954186439514
7.947902679443359
5.5587921142578125
-6.625792503356934
0.28801974654197693
4.2862019538879395
4.986641883850098
-6.5452728271484375
-0.9135264754295349
6.49853515625
5.85679817199707
-7.405502796173096
