2
3
-8.901503562927246
-6.603523254394531
1.4372304677963257
8.65230941772461
5.000006198883057
2.305800199508667
-6.011679649353027
-1.0250303745269775
4.908939838409424
0.3168988525867462
-1.4580060243606567
-5.737554550170898
-8.356132507324219
-6.1675004959106445
2.3640193939208984
9.478239059448242
4.638438701629639
2.092226982116699
-6.749630928039551
-1.454049825668335
4.640199184417725
0.12258791923522949
-2.026611566543579
-6.139878749847412
-7.8269267082214355
-5.7393364906311035
3.2635374069213867
10.289060592651367
4.284546852111816
1.8867442607879639
-7.470415115356445
-1.8670024871826172
4.375402450561523
-0.06821238994598389
-2.581397533416748
-6.532171249389648
-7.3132004737854
-5.3186869621276855
4.136351585388184
11.085151672363281
3.9379076957702637
1.6891130208969116
-8.176063537597656
-2.2648892402648926
4.114390850067139
-0.2561635673046112
-3.123342275619507
-6.9155802726745605
-6.814837455749512
-4.905216217041016
4.982629776000977
11.867137908935547
3.597973346710205
1.498863697052002
-8.868720054626465
-2.6488876342773438
3.8556714057922363
-0.44235867261886597
-3.6539294719696045
-7.291219711303711
-6.331593036651611
-4.498643398284912
5.80272102355957
12.635574340820312
3.2637362480163574
1.3152903318405151
-9.550707817077637
-3.020296573638916
3.599060535430908
-0.6272105574607849
-4.1743998527526855
-7.660012245178223
-5.863185882568359
-4.098738670349121
6.59710693359375
13.390907287597656
2.9336769580841064
1.1374361515045166
-10.224437713623047
-3.3805017471313477
3.3443970680236816
-0.8110819458961487
-4.686080455780029
-8.022947311401367
-5.40935754776001
-3.705333709716797
7.366271495819092
14.133474349975586
2.6073031425476074
0.9648721218109131
-10.892088890075684
-3.7307629585266113
3.091461658477783
-0.994333803653717
-5.190306663513184
-8.38105583190918
-4.96961784362793
-3.3174638748168945
8.110267639160156
14.863954544067383
2.284088134765625
0.7971346378326416
-11.555807113647461
-4.072345733642578
2.8399572372436523
-1.1772541999816895
-5.688554286956787
-8.735249519348145
-4.542465686798096
-2.93265962600708
8.828567504882812
15.583568572998047
1.9635428190231323
0.6337811350822449
-12.217635154724121
-4.406438827514648
2.5895729064941406
-1.3600307703018188
-6.182312965393066
-9.086307525634766
-4.125861167907715
-2.5487709045410156
9.520903587341309
16.2928466796875
1.6448688507080078
0.47432032227516174
-12.879570960998535
-4.734066486358643
2.339693069458008
-1.5431573390960693
-6.6728644371032715
-9.435060501098633
-3.7183785438537598
-2.1657087802886963
10.18743896484375
16.991552352905273
1.3265292644500732
0.318034827709198
-13.543622016906738
-5.056115627288818
2.0891451835632324
-1.7273051738739014
-7.161651134490967
-9.782361030578613
-3.3187601566314697
-1.7835357189178467
10.828203201293945
17.67942237854004
1.008069634437561
0.16454215347766876
-14.21132755279541
-5.373384475708008
1.8375332355499268
-1.912328839302063
-7.65020227432251
-10.128472328186035
-2.9260523319244385
-1.4021215438842773
11.443033218383789
18.356319427490234
0.68912672996521
0.013502493500709534
-14.884020805358887
-5.686598777770996
1.5846171379089355
-2.0980494022369385
-8.13978385925293
-10.473395347595215
-2.540072441101074
-1.02178955078125
12.032000541687012
19.022228240966797
0.3693976402282715
-0.13538028299808502
-15.562881469726562
-5.996413230895996
1.3302876949310303
-2.284176826477051
-8.631507873535156
-10.816978454589844
-2.160757064819336
-0.6430718898773193
12.594945907592773
19.6763973236084
0.04855138063430786
-0.28235775232315063
-16.249202728271484
-6.303414344787598
1.0745837688446045
-2.4702775478363037
-9.126487731933594
-11.15896987915039
-1.7881948947906494
-0.26674044132232666
13.13143253326416
20.317903518676758
-0.2733505070209503
-0.4274258613586426
-16.943992614746094
-6.608095645904541
0.8175997734069824
-2.656013011932373
-9.625707626342773
-11.499285697937012
-1.4227465391159058
0.10590898990631104
13.640909194946289
20.94467544555664
-0.5956629514694214
-0.5703060626983643
-17.647289276123047
-6.910662651062012
0.5600541830062866
-2.840487480163574
-10.130410194396973
-11.837686538696289
-1.0651147365570068
0.4731760025024414
14.122257232666016
21.55364227294922
-0.9169776439666748
-0.7104792594909668
-18.358888626098633
-7.211071968078613
0.3020881414413452
-3.023163318634033
-10.641282081604004
-12.173575401306152
-0.7165672183036804
0.831923246383667
14.571107864379883
22.136444091796875
-1.236045479774475
-0.847390353679657
-19.077621459960938
-7.508711814880371
0.0436478853225708
-3.2035207748413086
-11.158637046813965
-12.505908012390137
-0.38058799505233765
1.178127646446228
14.983728408813477
22.68553352355957
-1.5521526336669922
-0.9807343482971191
-19.801692962646484
-7.803084373474121
-0.21538236737251282
-3.381164073944092
-11.682930946350098
-12.83397388458252
-0.0585210919380188
1.510650634765625
15.3583402633667
23.199140548706055
-1.8647992610931396
-1.1103664636611938
-20.530603408813477
-8.094080924987793
-0.4749259948730469
-3.5557918548583984
-12.21457576751709
-13.157468795776367
0.24952459335327148
1.8296165466308594
15.693604469299316
23.676790237426758
-2.174165725708008
-1.2363276481628418
-21.26523780822754
-8.38204574584961
-0.7347990274429321
-3.727226495742798
-12.75442886352539
-13.476922035217285
0.5427204370498657
2.1346263885498047
15.988786697387695
24.118671417236328
-2.4804656505584717
-1.3587080240249634
-22.006458282470703
-8.667330741882324
-0.9947317242622375
-3.8951430320739746
-13.303267478942871
-13.792679786682129
0.8206731677055359
2.4255783557891846
16.243106842041016
24.52479362487793
-2.783926248550415
-1.4776145219802856
-22.755088806152344
-8.950270652770996
-1.2547450065612793
-4.059410572052002
-13.861658096313477
-14.10479736328125
1.083444595336914
2.7029483318328857
16.456117630004883
24.895950317382812
-3.0848400592803955
-1.593186378479004
-23.51201057434082
-9.231276512145996
-1.514953374862671
-4.220048427581787
-14.430366516113281
-14.41362190246582
1.3309071063995361
2.9671080112457275
16.62741470336914
25.23281478881836
-3.383591413497925
-1.7055854797363281
-24.278289794921875
-9.510822296142578
-1.775352954864502
-4.377223014831543
-15.010457992553711
-14.720067977905273
1.5629932880401611
3.2184975147247314
16.756959915161133
25.536396026611328
-3.6805667877197266
-1.814965844154358
-25.054943084716797
-9.789270401000977
-2.03617000579834
-4.530973434448242
-15.602730751037598
-15.024409294128418
1.779599905014038
3.4575138092041016
16.844932556152344
25.807783126831055
-3.9764537811279297
-1.921480655670166
-25.843448638916016
-10.06698226928711
-2.2977261543273926
-4.681429862976074
-16.20810317993164
-15.327177047729492
1.9806287288665771
3.6845571994781494
16.891725540161133
26.048250198364258
-4.271700859069824
-2.0253968238830566
-26.64558982849121
-10.344650268554688
-2.5603652000427246
-4.828736782073975
-16.827547073364258
-15.62887191772461
2.1659624576568604
3.900156259536743
16.89809226989746
26.259565353393555
-4.566843509674072
-2.1269476413726807
-27.46291732788086
-10.62278938293457
-2.824429512023926
-4.9730119705200195
-17.462017059326172
-15.92985725402832
2.3354525566101074
4.104863166809082
16.864885330200195
26.44362449645996
-4.862359046936035
-2.226330518722534
-28.296545028686523
-10.901748657226562
-3.0902867317199707
-5.114380836486816
-18.11249542236328
-16.230485916137695
2.489016056060791
4.2990922927856445
16.792612075805664
26.60182762145996
-5.158764839172363
-2.32374906539917
-29.147581100463867
-11.181846618652344
-3.358381509780884
-5.253052711486816
-18.780179977416992
-16.53131103515625
2.626513957977295
4.483120918273926
16.681596755981445
26.73514747619629
-5.4566121101379395
-2.4194092750549316
-30.01715660095215
-11.463384628295898
-3.6291403770446777
-5.3891777992248535
-19.46615219116211
-16.83270835876465
2.74777889251709
4.657172203063965
16.532102584838867
26.84441375732422
-5.756482124328613
-2.5135178565979004
-30.906484603881836
-11.746671676635742
-3.903001070022583
-5.5228962898254395
-20.17148208618164
-17.134998321533203
2.8526296615600586
4.821447849273682
16.344375610351562
26.930404663085938
-6.058931827545166
-2.6062662601470947
-31.816692352294922
-12.031953811645508
-4.180424213409424
-5.654355049133301
-20.897262573242188
-17.438493728637695
2.94087553024292
4.976128101348877
16.118633270263672
26.993858337402344
-6.364608287811279
-2.6978704929351807
-32.74907302856445
-12.3195161819458
-4.461892604827881
-5.783705711364746
-21.644615173339844
-17.74350357055664
3.0123302936553955
5.121414661407471
15.855144500732422
27.035581588745117
-6.674083232879639
-2.788517951965332
-33.70479202270508
-12.609596252441406
-4.748080253601074
-5.911168098449707
-22.414926528930664
-18.050451278686523
3.0668649673461914
5.2578125
15.554622650146484
27.057138442993164
-6.987934112548828
-2.8783912658691406
-34.68503189086914
-12.902420043945312
-5.039513111114502
-6.036896705627441
-23.20943832397461
-18.35965919494629
3.104332208633423
5.385553359985352
15.217391014099121
27.05936050415039
-7.3067402839660645
-2.9676601886749268
-35.69099426269531
-13.198184967041016
-5.336709022521973
-6.161038875579834
-24.029388427734375
-18.671424865722656
