2
3
-6.379924297332764
7.079748153686523
4.273953437805176
-3.424440860748291
7.4472150802612305
1.6475871801376343
-9.818763732910156
-8.235818862915039
-0.02563449740409851
0.8442609906196594
-6.802593231201172
-2.174386501312256
-5.697749614715576
6.8175153732299805
5.3289289474487305
-4.337978839874268
6.795194149017334
1.5459976196289062
-11.154302597045898
-8.004618644714355
-0.27151796221733093
1.1416376829147339
-6.97922945022583
-2.0732502937316895
-4.946603775024414
6.485875606536865
6.236551284790039
-5.181362628936768
6.0661725997924805
1.4814668893814087
-12.400012969970703
-7.768837928771973
-0.5026598572731018
1.4466896057128906
-7.121190071105957
-2.0350780487060547
-4.1361517906188965
6.094005107879639
6.975975036621094
-5.946408748626709
5.268178462982178
1.452182650566101
-13.535050392150879
-7.538567066192627
-0.7190027236938477
1.7553901672363281
-7.230340003967285
-2.0620577335357666
-3.280609369277954
5.652688026428223
7.5386128425598145
-6.627562046051025
4.411570072174072
1.456018328666687
-14.54119873046875
-7.326298713684082
-0.9225404262542725
2.0645437240600586
-7.303279399871826
-2.157653331756592
-2.392152786254883
5.171921253204346
7.909839153289795
-7.221111297607422
3.5058505535125732
1.4893488883972168
-15.403964042663574
-7.143154144287109
-1.113576889038086
2.3695316314697266
-7.3385329246521
-2.323793411254883
-1.4822723865509033
4.661605358123779
8.071917533874512
-7.7242112159729
2.561264753341675
1.5472300052642822
-16.111120223999023
-6.99765157699585
-1.2911895513534546
2.6650302410125732
-7.337501525878906
-2.5615251064300537
-0.5644304752349854
4.132789611816406
8.011444091796875
-8.13512897491455
1.5892001390457153
1.6237200498580933
-16.655014038085938
-6.896912097930908
-1.454459309577942
2.9454081058502197
-7.3019328117370605
-2.868741989135742
0.34728050231933594
3.5972282886505127
7.717212677001953
-8.454042434692383
0.6028988361358643
1.7126532793045044
-17.03516387939453
-6.846232891082764
-1.601344347000122
3.2044496536254883
-7.234682559967041
-3.242135524749756
1.2331547737121582
3.0674257278442383
7.196640491485596
-8.680929183959961
-0.38454556465148926
1.8073235750198364
-17.252309799194336
-6.848156452178955
-1.7284793853759766
3.435819625854492
-7.140458106994629
-3.6763570308685303
2.0743634700775146
2.555906295776367
6.456403732299805
-8.82362174987793
-1.3557016849517822
1.900810956954956
-17.3125
-6.903735637664795
-1.8315269947052002
3.63342547416687
-7.02653169631958
-4.163659572601318
2.853005886077881
2.076582670211792
5.5103936195373535
-8.893680572509766
-2.2982232570648193
1.9877444505691528
-17.22092056274414
-7.013962745666504
-1.9092918634414673
3.7914936542510986
-6.903723239898682
-4.693625450134277
3.5505528450012207
1.6421198844909668
4.381716251373291
-8.90617847442627
-3.1973648071289062
2.061661958694458
-16.98780632019043
-7.176568508148193
-1.962213397026062
3.9048283100128174
-6.785449981689453
-5.253639221191406
4.147101879119873
1.2651361227035522
3.119671106338501
-8.882844924926758
-4.039540767669678
2.1169464588165283
-16.623376846313477
-7.3883161544799805
-1.99161696434021
3.9697747230529785
-6.686185836791992
-5.831661224365234
4.6312761306762695
0.9503087997436523
1.7539994716644287
-8.83948802947998
-4.815253257751465
2.1482717990875244
-16.140316009521484
-7.645183086395264
-1.9996966123580933
3.9852488040924072
-6.624177932739258
-6.418313980102539
4.99628210067749
0.6986355781555176
0.3139677047729492
-8.790026664733887
-5.516476631164551
2.1505911350250244
-15.557388305664062
-7.942196369171143
-1.9888174533843994
3.953814744949341
-6.626852989196777
-7.009406089782715
5.2375030517578125
0.5083286762237549
-1.164231300354004
-8.749611854553223
-6.138149261474609
2.122420072555542
-14.906208038330078
-8.280685424804688
-1.9646992683410645
3.8822238445281982
-6.734614372253418
-7.608025550842285
5.352396011352539
0.37556329369544983
-2.6422178745269775
-8.732184410095215
-6.672238349914551
2.06845760345459
-14.280869483947754
-8.669827461242676
-1.94285249710083
3.7745189666748047
-6.962789535522461
-8.211191177368164
5.345897197723389
0.29782313108444214
-4.0966081619262695
-8.743481636047363
-7.097865581512451
2.0114850997924805
-13.805231094360352
-9.139060020446777
-1.9387222528457642
3.6355326175689697
-7.276545524597168
-8.812904357910156
5.226451873779297
0.27183008193969727
-5.506204605102539
-8.796225547790527
-7.419952869415283
1.9552788734436035
-13.462800979614258
-9.69040298461914
-1.9566978216171265
3.4742331504821777
-7.636231899261475
-9.418489456176758
5.004896640777588
0.29430004954338074
-6.858615875244141
-8.901890754699707
-7.66285514831543
1.88481867313385
-13.193869590759277
-10.304092407226562
-1.9974827766418457
3.297729015350342
-8.016783714294434
-10.035466194152832
4.69764518737793
0.3560779392719269
-8.165204048156738
-9.064955711364746
-7.8451690673828125
1.7941738367080688
-12.967455863952637
-10.97018051147461
-2.064260482788086
3.112978219985962
-8.39429759979248
-10.677412986755371
4.322331428527832
0.4475201964378357
-9.451436996459961
-9.28138542175293
-7.98187780380249
1.6802141666412354
-12.75412368774414
-11.684008598327637
-2.1562819480895996
2.922959804534912
-8.749655723571777
-11.353998184204102
3.890106439590454
0.561183512210846
-10.728372573852539
-9.547319412231445
-8.078861236572266
1.540444016456604
-12.551591873168945
-12.438741683959961
-2.265813112258911
2.725442409515381
-9.081725120544434
-12.064289093017578
3.406956434249878
0.6921951770782471
-11.99718189239502
-9.862080574035645
-8.14356803894043
1.3750967979431152
-12.362455368041992
-13.230195045471191
-2.3817102909088135
2.516555070877075
-9.408909797668457
-12.800049781799316
2.8768718242645264
0.8383685350418091
-13.255391120910645
-10.230278968811035
-8.181938171386719
1.184323787689209
-12.18628978729248
-14.05369758605957
-2.4984209537506104
2.2945964336395264
-9.74635124206543
-13.556011199951172
2.3038289546966553
0.9977673292160034
-14.500136375427246
-10.656804084777832
-8.196198463439941
0.9672638177871704
-12.024870872497559
-14.904417037963867
-2.613783597946167
2.059072494506836
-10.105366706848145
-14.329571723937988
1.691458821296692
1.1669100522994995
-15.725893020629883
-11.147448539733887
-8.189342498779297
0.7239340543746948
-11.884016990661621
-15.780200004577637
-2.727864980697632
1.80991530418396
-10.493927955627441
-15.118589401245117
1.0432584285736084
1.3433382511138916
-16.925764083862305
-11.704718589782715
-8.16244125366211
0.4541746973991394
-11.766849517822266
-16.67479705810547
-2.8413963317871094
1.5480844974517822
-10.918227195739746
-15.92209529876709
0.3625078797340393
1.5232347249984741
-18.092464447021484
-12.331642150878906
-8.116941452026367
0.15902933478355408
-11.6797456741333
-17.584877014160156
-2.9561870098114014
1.2751538753509521
-11.383872032165527
-16.739469528198242
-0.3477187752723694
1.7018003463745117
-19.219438552856445
-13.031920433044434
-8.05473518371582
-0.16000565886497498
-11.630049705505371
-18.50938606262207
-3.0749399662017822
0.9926629066467285
-11.895930290222168
-17.572315216064453
-1.083930492401123
1.8741542100906372
-20.301300048828125
-13.808884620666504
-7.978432655334473
-0.5009580850601196
-11.625289916992188
-19.448646545410156
-3.2009129524230957
0.7030590772628784
-12.458642959594727
-18.423091888427734
-1.842076063156128
2.035372257232666
-21.334766387939453
-14.665711402893066
-7.890976428985596
-0.8611060976982117
-11.673055648803711
-20.404529571533203
-3.337141752243042
0.40923166275024414
-13.07553768157959
-19.29639434814453
-2.617495536804199
2.1809701919555664
-22.318674087524414
-15.605043411254883
-7.7949700355529785
-1.237168312072754
-11.780303001403809
-21.379505157470703
-3.4863593578338623
0.11489734053611755
-13.749835968017578
-20.20001792907715
-3.4049601554870605
2.3070778846740723
-23.254070281982422
-16.629104614257812
-7.6938157081604
-1.6261087656021118
-11.953571319580078
-22.37681007385254
-3.651365041732788
-0.17838194966316223
-14.483307838439941
-21.140399932861328
-4.199053764343262
2.410612106323242
-24.145004272460938
-17.740476608276367
-7.591614723205566
-2.0250532627105713
-12.1991605758667
-23.400890350341797
-3.8349266052246094
-0.4694521427154541
-15.277342796325684
-22.124902725219727
-4.994374752044678
2.489173173904419
-24.998741149902344
-18.942859649658203
-7.492339134216309
-2.4307494163513184
-12.522557258605957
-24.456972122192383
-4.039940357208252
-0.7578984498977661
-16.132814407348633
-23.161558151245117
-5.7858052253723145
2.5407211780548096
-25.82660675048828
-20.240638732910156
-7.40034818649292
-2.840733766555786
-12.928668975830078
-25.551103591918945
-4.269061088562012
-1.0436047315597534
-17.05056381225586
-24.2594051361084
-6.568950176239014
2.5637295246124268
-26.641603469848633
-21.63827896118164
-7.319979667663574
-3.252802610397339
-13.420836448669434
-26.690065383911133
-4.524526119232178
-1.326698899269104
-18.031892776489258
-25.4281063079834
-7.338859558105469
2.55781626701355
-27.457468032836914
-23.140464782714844
-7.255645275115967
-3.665076732635498
-14.000927925109863
-27.88210105895996
-4.808185577392578
-1.6075899600982666
-19.07884979248047
-26.678152084350586
