2
3
-8.500082015991211
8.490325927734375
-5.179837226867676
1.8549407720565796
5.592022895812988
5.8882317543029785
1.0439704656600952
4.174005031585693
-4.672055721282959
2.991851329803467
-7.566218376159668
-3.73516583442688
-8.201225280761719
8.295417785644531
-4.571896553039551
1.4965648651123047
5.201087474822998
6.0411458015441895
0.11209535598754883
4.426856994628906
-4.66660213470459
3.0939462184906006
-7.65645170211792
-3.5645549297332764
-7.915235996246338
8.110946655273438
-3.9873762130737305
1.1566731929779053
4.806929588317871
6.188481330871582
-0.8137059211730957
4.671746253967285
-4.666501522064209
3.1965551376342773
-7.755053997039795
-3.3933072090148926
-7.641854763031006
7.936501979827881
-3.4259045124053955
0.8345627784729004
4.410244941711426
6.330403804779053
-1.7328861951828003
4.908957004547119
-4.671932220458984
3.2996771335601807
-7.862481117248535
-3.2213573455810547
-7.380802154541016
7.771677017211914
-2.887057065963745
0.529546856880188
4.011739253997803
6.467223644256592
-2.6450181007385254
5.139028549194336
-4.683047294616699
3.403308391571045
-7.979153633117676
-3.0486457347869873
-7.1318511962890625
7.616086483001709
-2.370579957962036
0.24096694588661194
3.6120214462280273
6.599312782287598
-3.549485206604004
5.362721920013428
-4.700003623962402
3.5074331760406494
-8.105457305908203
-2.875122547149658
-6.894741535186768
7.469337463378906
-1.8760855197906494
-0.03181642293930054
3.211611747741699
6.726995944976807
-4.446010112762451
5.580627918243408
-4.723089218139648
3.611950397491455
-8.241822242736816
-2.700873374938965
-6.669157028198242
7.331140518188477
-1.403350830078125
-0.28934070467948914
2.810896635055542
6.850583076477051
-5.334532737731934
5.793361186981201
-4.75239372253418
3.7168960571289062
-8.388762474060059
-2.525855541229248
-6.454975605010986
7.201220989227295
-0.9523521661758423
-0.532052755355835
2.41027569770813
6.970509052276611
-6.215108871459961
6.001803874969482
-4.787987232208252
3.822289228439331
-8.546588897705078
-2.349982261657715
-6.252116680145264
7.079488754272461
-0.5230423212051392
-0.76026451587677
2.0101499557495117
7.087381362915039
-7.088099956512451
6.207065105438232
-4.829917907714844
3.928150177001953
-8.715564727783203
-2.1731550693511963
-6.060251712799072
6.9655022621154785
-0.11496448516845703
-0.9745621085166931
1.6108033657073975
7.201724052429199
-7.9542155265808105
6.4099860191345215
-4.878245830535889
4.034507751464844
-8.895986557006836
-1.9952689409255981
-5.8791279792785645
6.85883092880249
0.2721298336982727
-1.175560712814331
1.2124112844467163
7.314120769500732
-8.814376831054688
6.611618995666504
-4.933016300201416
4.141413688659668
-9.08812141418457
-1.8161423206329346
-5.708547115325928
6.759072780609131
0.6383054256439209
-1.3638370037078857
0.8151230812072754
7.424988746643066
-9.669560432434082
6.812537670135498
-4.994485855102539
4.248722553253174
-9.29230785369873
-1.6355822086334229
-5.548307418823242
6.6658124923706055
0.9837689995765686
-1.5398790836334229
0.4190135896205902
7.534778118133545
-10.520801544189453
7.013413429260254
-5.062693119049072
4.356489658355713
-9.508770942687988
-1.4534332752227783
-5.398135662078857
6.578670978546143
1.3088152408599854
-1.7040904760360718
0.024110764265060425
7.643872261047363
-11.36914348602295
7.2148118019104
-5.137627601623535
4.464821815490723
-9.73769760131836
-1.2695447206497192
-5.257743835449219
6.497315406799316
1.6137783527374268
-1.8568015098571777
-0.3695751428604126
7.7525835037231445
-12.215563774108887
7.417186737060547
-5.219305515289307
4.573823928833008
-9.979362487792969
-1.0837759971618652
-5.126833438873291
6.421593189239502
1.8988549709320068
-1.998307704925537
-0.7620444297790527
7.86105489730835
-13.061001777648926
7.621039390563965
-5.30772066116333
4.683615684509277
-10.233978271484375
-0.8959642648696899
-5.005168914794922
6.351391792297363
2.1641969680786133
-2.1288373470306396
-1.1534249782562256
7.969598770141602
-13.906460762023926
7.826867580413818
-5.403024673461914
4.794340133666992
-10.502147674560547
-0.7059332132339478
-4.8926167488098145
6.286537170410156
2.409842014312744
-2.2486014366149902
-1.5439614057540894
8.078498840332031
-14.75300121307373
8.035297393798828
-5.505198001861572
4.906117916107178
-10.784041404724121
-0.5134933590888977
-4.789040565490723
6.226966857910156
2.6357920169830322
-2.357617139816284
-1.933872938156128
8.187895774841309
-15.601622581481934
8.246925354003906
-5.61439847946167
5.019063949584961
-11.080160140991211
-0.3184751272201538
-4.6943745613098145
6.172651290893555
2.8419580459594727
-2.4558756351470947
-2.3234496116638184
8.297967910766602
-16.453350067138672
8.462362289428711
-5.730770111083984
5.1332783699035645
-11.390958786010742
-0.12070217728614807
-4.608634948730469
6.123553276062012
3.0282158851623535
-2.5433707237243652
-2.713329553604126
8.4091157913208
-17.309425354003906
8.682368278503418
-5.8544158935546875
5.248857021331787
-11.716880798339844
0.08002915978431702
-4.531876087188721
6.079733371734619
3.194308280944824
-2.6199371814727783
-3.103924036026001
8.521507263183594
-18.170961380004883
8.907747268676758
-5.985381603240967
5.365933418273926
-12.058236122131348
0.28397274017333984
-4.4641618728637695
6.041211128234863
3.3399555683135986
-2.685554027557373
-3.4954447746276855
8.635222434997559
-19.03881072998047
9.139059066772461
-6.123761177062988
5.48466682434082
-12.415481567382812
0.4914105534553528
-4.405690670013428
6.008129596710205
3.4646525382995605
-2.7399840354919434
-3.887847423553467
8.750295639038086
-19.91376304626465
9.37678050994873
-6.269601821899414
5.605209827423096
-12.788921356201172
0.7026420831680298
-4.356658935546875
5.980777263641357
3.567798376083374
-2.7827517986297607
-4.281070232391357
8.866584777832031
-20.796052932739258
9.62100601196289
-6.422916412353516
5.72773551940918
-13.178777694702148
0.9180117845535278
-4.317361354827881
5.959573268890381
3.648564100265503
-2.8133041858673096
-4.6747822761535645
8.983749389648438
-21.6856632232666
9.871609687805176
-6.583708763122559
5.852207660675049
-13.585594177246094
1.137682557106018
-4.288181304931641
5.944790840148926
3.7060132026672363
-2.831289529800415
-5.0691094398498535
9.101897239685059
-22.583324432373047
10.129042625427246
-6.751955032348633
5.9786248207092285
-14.009601593017578
1.3618342876434326
-4.2694411277771
5.9367194175720215
3.7393064498901367
-2.8362514972686768
-5.463983058929443
9.221027374267578
-23.489315032958984
10.393453598022461
-6.92771053314209
6.1070780754089355
-14.451059341430664
1.590755581855774
-4.261474132537842
5.9356255531311035
3.747642755508423
-2.8278207778930664
-5.85932731628418
9.341161727905273
-24.403892517089844
10.664994239807129
-7.111160755157471
6.237667083740234
-14.910356521606445
1.8247970342636108
-4.264554500579834
5.941807746887207
3.7303810119628906
-2.805623769760132
-6.2552361488342285
9.462422370910645
-25.32744598388672
10.943897247314453
-7.302362442016602
6.370532035827637
-15.387861251831055
2.064328670501709
-4.279036998748779
5.9555158615112305
3.6868362426757812
-2.7692785263061523
-6.6518754959106445
9.585023880004883
-26.26057243347168
11.230642318725586
-7.501358985900879
6.505823135375977
-15.884206771850586
2.3097305297851562
-4.305274963378906
5.977060317993164
3.616234302520752
-2.71834659576416
-7.049317836761475
9.709134101867676
-27.203615188598633
11.525579452514648
-7.708200931549072
6.643706798553467
-16.399742126464844
2.5614371299743652
-4.343602657318115
6.006732940673828
3.51785945892334
-2.6524126529693604
-7.447685241699219
9.83495044708252
-28.157020568847656
11.829071044921875
-7.923058032989502
6.784381866455078
-16.935073852539062
2.8199479579925537
-4.3943400382995605
6.044777870178223
3.391108274459839
-2.571157693862915
-7.847232341766357
9.96273136138916
-29.121498107910156
12.141544342041016
-8.146008491516113
6.928104877471924
-17.490793228149414
3.0858113765716553
-4.457743167877197
6.091414928436279
3.235476016998291
-2.4742672443389893
-8.248202323913574
10.092744827270508
-30.09761619567871
12.463459014892578
-8.37718677520752
7.075104713439941
-18.067441940307617
3.359569549560547
-4.534136772155762
6.1469502449035645
3.0503854751586914
-2.3613905906677246
-8.65088939666748
10.225317001342773
-31.086162567138672
12.795435905456543
-8.616778373718262
7.22561502456665
-18.665626525878906
3.6417877674102783
-4.623756408691406
6.211613655090332
2.8354156017303467
-2.232264518737793
-9.055571556091309
10.360770225524902
-32.08786392211914
13.138065338134766
-8.864985466003418
7.379888534545898
-19.28598403930664
3.9330661296844482
-4.726920127868652
6.285634994506836
2.5899577140808105
-2.086580514907837
-9.462594985961914
10.499460220336914
-33.103519439697266
13.492012977600098
-9.122018814086914
7.538192272186279
-19.929174423217773
4.234033584594727
-4.8439435958862305
6.369330406188965
2.3132925033569336
-1.9239107370376587
-9.872353553771973
10.641778945922852
-34.134117126464844
13.858050346374512
-9.388104438781738
7.700809478759766
-20.595884323120117
4.545350074768066
