2
3
6.700913429260254
-4.117442607879639
0.9184606075286865
3.3845174312591553
3.176468849182129
4.107466697692871
-2.6311182975769043
-4.98079776763916
2.935847043991089
-5.456755638122559
-4.08696174621582
2.1982078552246094
6.582615375518799
-3.876187324523926
0.5912491679191589
3.8266282081604004
3.199795961380005
3.6110239028930664
-2.41923451423645
-5.924541473388672
2.9435875415802
-5.165968418121338
-4.1811628341674805
2.7314634323120117
6.462909698486328
-3.6395699977874756
0.26265960931777954
4.260736465454102
3.222191333770752
3.1309213638305664
-2.2145886421203613
-6.840488433837891
2.946887731552124
-4.881028652191162
-4.281332015991211
3.2553863525390625
6.341805458068848
-3.407423973083496
-0.0672639012336731
4.687013149261475
3.2438395023345947
2.665201187133789
-2.0164616107940674
-7.73179817199707
2.945681571960449
-4.60164737701416
-4.387681007385254
3.7701735496520996
6.219264507293701
-3.1796300411224365
-0.39855098724365234
5.105555057525635
3.2647931575775146
2.2115302085876465
-1.8243317604064941
-8.601770401000977
2.9399943351745605
-4.327550888061523
-4.500294208526611
4.276029586791992
6.095252990722656
-2.956120729446411
-0.7312264442443848
5.516353607177734
3.285287380218506
1.7672486305236816
-1.6372545957565308
-9.453880310058594
2.929898977279663
-4.058506965637207
-4.619150638580322
4.773068428039551
5.969754219055176
-2.7368435859680176
-1.0653140544891357
5.919370651245117
3.3052055835723877
1.3293495178222656
-1.4541733264923096
-10.291626930236816
2.9154951572418213
-3.7943785190582275
-4.744237422943115
5.261291980743408
5.842770099639893
-2.521791696548462
-1.400809645652771
6.314487457275391
3.3248565196990967
0.8952103853225708
-1.2739720344543457
-11.11828899383545
2.8971898555755615
-3.535038948059082
-4.875446796417236
5.740593433380127
5.714277744293213
-2.3110299110412598
-1.737656593322754
6.701534748077393
3.344531536102295
0.4625447988510132
-1.0956480503082275
-11.937016487121582
2.874969244003296
-3.28056001663208
-5.012721061706543
6.210790634155273
5.5842485427856445
-2.1047239303588867
-2.075772523880005
7.080113887786865
3.3643014430999756
0.02920559048652649
-0.918119490146637
-12.750794410705566
2.848825216293335
-3.0310897827148438
-5.1559953689575195
6.671570301055908
5.4528584480285645
-1.9028267860412598
-2.415102005004883
7.44976282119751
3.384178400039673
-0.4065171778202057
-0.7402912378311157
-13.56209945678711
2.818758487701416
-2.78682279586792
-5.305171966552734
7.122541904449463
5.320150852203369
-1.7054730653762817
-2.755559206008911
7.809875965118408
3.40451717376709
-0.8464422821998596
-0.5610288381576538
-14.375053405761719
2.7847039699554443
-2.5479421615600586
-5.460309028625488
7.563416004180908
5.186069011688232
-1.5125874280929565
-3.097255229949951
8.160655975341797
3.425663471221924
-1.2925636768341064
-0.3789704442024231
-15.194561958312988
2.7465343475341797
-2.3145313262939453
-5.6216888427734375
7.994131565093994
5.050572395324707
-1.324323058128357
-3.4402060508728027
8.501678466796875
3.4479448795318604
-1.7461458444595337
-0.19291335344314575
-16.023698806762695
2.704279899597168
-2.086838722229004
-5.78920316696167
8.414388656616211
4.913671970367432
-1.1416375637054443
-3.784032106399536
8.831169128417969
3.4720187187194824
-2.2075068950653076
-0.0017326772212982178
-16.863981246948242
2.6582276821136475
-1.8653340339660645
-5.962410926818848
8.823458671569824
4.775416851043701
-0.967064619064331
-4.127799987792969
9.146604537963867
3.497802734375
-2.6753642559051514
0.19521480798721313
-17.712875366210938
2.608811616897583
-1.6519345045089722
-6.140036106109619
9.21916389465332
4.635930061340332
-0.8018552660942078
-4.470952033996582
9.446654319763184
3.5253844261169434
-3.149474859237671
0.39841794967651367
-18.569997787475586
2.556466579437256
-1.4488110542297363
-6.320490837097168
9.598708152770996
4.495400428771973
-0.6471505165100098
-4.812905311584473
9.729915618896484
3.554924726486206
-3.630519151687622
0.6086677312850952
-19.436737060546875
2.5013136863708496
-1.2570239305496216
-6.503127098083496
9.96037769317627
4.354027271270752
-0.5041373372077942
-5.153022289276123
9.994882583618164
3.5869603157043457
-4.118756294250488
0.8267525434494019
-20.31456184387207
2.4435670375823975
-1.0777641534805298
-6.687324047088623
10.302733421325684
4.211970806121826
-0.3738155961036682
-5.4905595779418945
10.240428924560547
3.621950387954712
-4.614686012268066
1.053566575050354
-21.205228805541992
2.383420705795288
-0.9120938181877136
-6.87232780456543
10.6244478225708
4.0695648193359375
-0.25755447149276733
-5.82454776763916
10.464692115783691
3.6601786613464355
-5.11931037902832
1.290162444114685
-22.111061096191406
2.3211543560028076
-0.7611619234085083
-7.057288646697998
10.923930168151855
3.9270615577697754
-0.15640555322170258
-6.15425968170166
10.666361808776855
3.701986789703369
-5.633660793304443
1.5376365184783936
-23.034591674804688
2.2570643424987793
-0.6262205839157104
-7.241257190704346
11.199371337890625
3.78478741645813
-0.0712394118309021
-6.478906631469727
10.843908309936523
3.7477710247039795
-6.15903377532959
1.797339916229248
-23.978740692138672
2.1914689540863037
-0.5081595182418823
-7.423427581787109
11.449243545532227
3.643069267272949
-0.002795211970806122
-6.797722339630127
10.99584674835205
3.7980072498321533
-6.6968092918396
2.0706748962402344
-24.9467716217041
2.12461519241333
-0.40746381878852844
-7.603304862976074
11.67245864868164
3.502228260040283
0.0482780784368515
-7.109943866729736
11.120713233947754
3.853222608566284
-7.248523235321045
2.3592374324798584
-25.94219398498535
2.056842803955078
-0.32478097081184387
-7.780075550079346
11.867419242858887
3.3626065254211426
0.08134539425373077
-7.414748668670654
11.21695613861084
3.914019823074341
-7.815852642059326
2.664820909500122
-26.968839645385742
1.9884953498840332
-0.2607150673866272
-7.952895164489746
12.032513618469238
3.224557638168335
0.09582114219665527
-7.711301803588867
11.283064842224121
3.981076240539551
-8.40059757232666
2.9894168376922607
-28.030820846557617
1.919933795928955
-0.21598035097122192
-8.120731353759766
12.165919303894043
3.0885303020477295
0.09094823896884918
-7.9985270500183105
11.317032814025879
4.055168151855469
-9.004775047302246
3.3352010250091553
-29.132612228393555
1.8516817092895508
-0.19139516353607178
-8.282276153564453
12.265412330627441
2.9549496173858643
0.0660373792052269
-8.27539348602295
11.317021369934082
4.1371684074401855
-9.63058090209961
3.7045886516571045
-30.279037475585938
1.7841743230819702
-0.18761304020881653
-8.436445236206055
12.32911205291748
2.824260950088501
0.02038588374853134
-8.54082202911377
11.28115177154541
4.227959156036377
-10.28001594543457
4.100123882293701
-31.474666595458984
1.7178878784179688
-0.20537415146827698
-8.582018852233887
12.354899406433105
2.6969470977783203
-0.046761251986026764
-8.793630599975586
11.207415580749512
4.328512191772461
-10.955135345458984
4.524527549743652
-32.72429275512695
1.6533254384994507
-0.2454800307750702
-8.717670440673828
12.340550422668457
2.5734992027282715
-0.13599476218223572
-9.032668113708496
11.093815803527832
4.439901351928711
-11.658257484436035
4.980926036834717
-34.03310775756836
1.5909709930419922
-0.3086903989315033
-8.842124938964844
12.283985137939453
2.4544272422790527
-0.24801576137542725
-9.25661563873291
10.938207626342773
4.5633158683776855
-12.391810417175293
5.4727301597595215
-35.406593322753906
1.531371831893921
-0.3958754241466522
-8.953910827636719
12.182962417602539
2.3402321338653564
-0.3837001323699951
-9.464170455932617
10.73850154876709
4.700066089630127
-13.158344268798828
6.003654956817627
-36.85051727294922
1.475128412246704
-0.5079647898674011
-9.051413536071777
12.03509521484375
2.231477737426758
-0.5440083742141724
-9.653871536254883
10.492393493652344
4.851578712463379
-13.96075439453125
6.577867031097412
-38.371463775634766
1.422882080078125
-0.6459705829620361
-9.132902145385742
11.837888717651367
2.1288015842437744
-0.7300252914428711
-9.824033737182617
10.197272300720215
5.019451141357422
-14.802138328552246
7.1999711990356445
-39.976627349853516
1.3753294944763184
-0.8109641075134277
-9.196494102478027
11.588728904724121
2.0328431129455566
-0.9428548812866211
-9.972929954528809
9.850552558898926
5.205390453338623
-15.685564041137695
7.874833106994629
-41.673095703125
1.3332043886184692
-1.0041207075119019
-9.240182876586914
11.284842491149902
1.9443130493164062
-1.1837173700332642
-10.098652839660645
9.449397087097168
5.4113078117370605
-16.614341735839844
8.607808113098145
-43.468563079833984
1.2972875833511353
-1.2267006635665894
-9.261828422546387
10.92331600189209
1.8639949560165405
-1.4539469480514526
-10.199105262756348
8.990723609924316
5.6391987800598145
-17.591854095458984
9.404438018798828
-45.370853424072266
1.268339991569519
-1.4799379110336304
-9.259418487548828
10.501501083374023
1.7927390336990356
-1.754960536956787
-10.272019386291504
8.47130012512207
5.891118049621582
-18.621530532836914
10.270350456237793
-47.38780975341797
1.2472251653671265
-1.7652122974395752
-9.230594635009766
10.016383171081543
