2
3
-6.167928695678711
-6.25413179397583
4.770529747009277
-9.670453071594238
0.21588434278964996
0.8783974051475525
-7.263015270233154
-3.7717466354370117
7.830406188964844
7.764754295349121
-10.192426681518555
-8.248238563537598
-5.709033012390137
-6.173585414886475
5.644709587097168
-9.438008308410645
0.14714717864990234
0.8134240508079529
-7.525483131408691
-3.965940237045288
7.297473430633545
7.250607967376709
-11.169459342956543
-9.250286102294922
-5.259435653686523
-6.103175640106201
6.509443283081055
-9.220988273620605
0.0719984844326973
0.7374457120895386
-7.788427829742432
-4.176557540893555
6.772846221923828
6.737865447998047
-12.127494812011719
-10.24992847442627
-4.818655967712402
-6.04341459274292
7.364928245544434
-9.020705223083496
-0.009377337992191315
0.6504271030426025
-8.051750183105469
-4.403869152069092
6.257387161254883
6.226349830627441
-13.069357872009277
-11.24975872039795
-4.386129379272461
-5.994744300842285
8.211529731750488
-8.838293075561523
-0.0967945083975792
0.552226722240448
-8.315533638000488
-4.648442268371582
5.750661373138428
5.714930057525635
-13.998170852661133
-12.252937316894531
-3.961017370223999
-5.957878112792969
9.049867630004883
-8.676102638244629
-0.19001320004463196
0.44268685579299927
-8.5797758102417
-4.910869121551514
5.252062797546387
5.202125072479248
-14.916943550109863
-13.262850761413574
-3.542372703552246
-5.93320369720459
9.88076400756836
-8.53567123413086
-0.28880220651626587
0.32157042622566223
-8.844466209411621
-5.191883563995361
4.7610979080200195
4.686387538909912
-15.828424453735352
-14.282891273498535
-3.1295199394226074
-5.9212846755981445
10.705230712890625
-8.418072700500488
-0.3928975462913513
0.18859431147575378
-9.109541893005371
-5.492303371429443
4.277298927307129
4.166138172149658
-16.73509407043457
-15.316349029541016
-2.7217493057250977
-5.922640323638916
11.524282455444336
-8.324325561523438
-0.5020037293434143
0.04342925548553467
-9.374897003173828
-5.813035488128662
3.8002452850341797
3.639847755432129
-17.639190673828125
-16.36639976501465
-2.31831955909729
-5.93779993057251
12.3389310836792
-8.255505561828613
-0.6157889366149902
-0.11430893838405609
-9.640376091003418
-6.155095100402832
3.3286020755767822
3.1054441928863525
-18.542856216430664
-17.436330795288086
-1.9185221195220947
-5.967153549194336
13.1499605178833
-8.212485313415527
-0.7340967655181885
-0.28520357608795166
-9.905900001525879
-6.51973295211792
2.861079692840576
2.5609307289123535
-19.448030471801758
-18.529361724853516
-1.5216355323791504
-6.011256217956543
13.958250045776367
-8.196529388427734
-0.8572583198547363
-0.47012999653816223
-10.17160701751709
-6.908405780792236
2.397128105163574
2.0048584938049316
-20.356393814086914
-19.64847183227539
-1.1269867420196533
-6.070608139038086
14.764580726623535
-8.20886516571045
-0.9848945140838623
-0.6696262955665588
-10.43763542175293
-7.322554588317871
1.9362237453460693
1.4358711242675781
-21.26947021484375
-20.796554565429688
-0.7339292764663696
-6.1457200050354
15.56973648071289
-8.25074577331543
-1.1166341304779053
-0.884316086769104
-10.704150199890137
-7.763844966888428
1.4778577089309692
0.8525739312171936
-22.188756942749023
-21.97669219970703
-0.3413594365119934
-6.2377166748046875
16.375057220458984
-8.324028015136719
-1.252153754234314
-1.1148985624313354
-10.9717378616333
-8.234200477600098
1.0209400653839111
0.2532445788383484
-23.11646842956543
-23.19265365600586
0.0520530641078949
-6.347751140594482
17.181678771972656
-8.43049144744873
-1.3909714221954346
-1.3619964122772217
-11.240039825439453
-8.735136032104492
0.5645508766174316
-0.36388343572616577
-24.054460525512695
-24.448301315307617
0.4464515149593353
-6.475889682769775
17.9896183013916
-8.571206092834473
-1.532801866531372
-1.6263339519500732
-11.50908088684082
-9.268402099609375
0.10832288861274719
-1.0003111362457275
-25.003623962402344
-25.746959686279297
0.8445736169815063
-6.6240081787109375
18.800931930541992
-8.749177932739258
-1.6771730184555054
-1.9086512327194214
-11.778489112854004
-9.835674285888672
-0.34806933999061584
-1.6575641632080078
-25.96470069885254
-27.091983795166016
1.2469532489776611
-6.792084693908691
19.61481285095215
-8.965904235839844
-1.8234760761260986
-2.2096846103668213
-12.047440528869629
-10.438821792602539
-0.8049807548522949
-2.337350368499756
-26.938724517822266
-28.487323760986328
1.653672218322754
-6.979698181152344
20.428781509399414
-9.222702026367188
-1.971116065979004
-2.5300464630126953
-12.31528091430664
-11.079375267028809
-1.2626872062683105
-3.0409669876098633
-27.925987243652344
-29.93561363220215
2.0652341842651367
-7.187641143798828
21.24163246154785
-9.521807670593262
-2.1185996532440186
-2.8700973987579346
-12.581306457519531
-11.758935928344727
-1.720625400543213
-3.768707275390625
-28.92548942565918
-31.43793487548828
2.4814348220825195
-7.416522026062012
22.04915428161621
-9.863645553588867
-2.2647361755371094
-3.230386734008789
-12.844012260437012
-12.47894287109375
-2.1788008213043213
-4.521072864532471
-29.934940338134766
-32.994625091552734
2.902742624282837
-7.667758464813232
22.852052688598633
-10.250541687011719
-2.4087562561035156
-3.611628532409668
-13.102240562438965
-13.241039276123047
-2.6372292041778564
-5.298745155334473
-30.952238082885742
-34.60628128051758
3.3299450874328613
-7.942795753479004
23.6516170501709
-10.685440063476562
-2.5499861240386963
-4.014707565307617
-13.35548210144043
-14.047423362731934
-3.0958476066589355
-6.102874279022217
-31.976905822753906
-36.275306701660156
3.763551950454712
-8.242923736572266
24.449254989624023
-11.171355247497559
-2.6876351833343506
-4.440313339233398
-13.603560447692871
-14.90038013458252
-3.554269790649414
-6.934691429138184
-33.009681701660156
-38.00592041015625
4.2036237716674805
-8.569293022155762
25.246055603027344
-11.711102485656738
-2.82096266746521
-4.889267921447754
-13.846080780029297
-15.802245140075684
-4.012750625610352
-7.795903205871582
-34.050498962402344
-39.80154800415039
4.65052604675293
-8.923232078552246
26.042617797851562
-12.307332992553711
-2.949324131011963
-5.362639427185059
-14.082353591918945
-16.755502700805664
-4.47172737121582
-8.688483238220215
-35.09949493408203
-41.6661262512207
5.104493141174316
-9.306309700012207
26.84046173095703
-12.963149070739746
-3.072173595428467
-5.861565113067627
-14.311884880065918
-17.762828826904297
-4.929810523986816
-9.613375663757324
-36.156314849853516
-43.603233337402344
5.566107749938965
-9.720059394836426
27.64129638671875
-13.681295394897461
-3.189014434814453
-6.38726282119751
-14.534195899963379
-18.827106475830078
-5.387279987335205
-10.572676658630371
-37.22114944458008
-45.617340087890625
6.035880088806152
-10.16600513458252
28.446470260620117
-14.464570045471191
-3.2993812561035156
-6.941021919250488
-14.748773574829102
-19.951372146606445
-5.8441643714904785
-11.568232536315918
-38.293643951416016
-47.71234130859375
6.51445198059082
-10.645811080932617
29.257749557495117
-15.316117286682129
-3.402803421020508
-7.524166584014893
-14.954819679260254
-21.13868522644043
-6.300724029541016
-12.601947784423828
-39.373443603515625
-49.89205551147461
7.002185344696045
-11.160699844360352
30.074819564819336
-16.238962173461914
-3.4988770484924316
-8.138123512268066
-15.151598930358887
-22.39231300354004
-6.757009506225586
-13.675867080688477
-40.459476470947266
-52.16044616699219
7.499575614929199
-11.712516784667969
30.899816513061523
-17.236391067504883
-3.5872488021850586
-8.784411430358887
-15.338397026062012
-23.715723037719727
-7.213088512420654
-14.792094230651855
-41.55099105834961
-54.52198028564453
8.007194519042969
-12.303260803222656
31.735332489013672
-18.311845779418945
-3.667616844177246
-9.464676856994629
-15.514578819274902
-25.11269187927246
-7.669154644012451
-15.95285701751709
-42.647918701171875
-56.981651306152344
8.526082038879395
-12.934957504272461
32.58448791503906
-19.469200134277344
-3.739717960357666
-10.180602073669434
-15.679378509521484
-26.5870304107666
-8.125383377075195
-17.16080665588379
-43.750057220458984
-59.545204162597656
9.057001113891602
-13.609376907348633
33.44942092895508
-20.711977005004883
-3.8031880855560303
-10.93398666381836
-15.831668853759766
-28.142719268798828
-8.581921577453613
-18.41874885559082
-44.85714340209961
-62.218772888183594
9.60084056854248
-14.328628540039062
34.3327751159668
-22.04448127746582
-3.8577487468719482
-11.72677993774414
-15.970354080200195
-29.784025192260742
-9.038878440856934
-19.72966194152832
-45.96883773803711
-65.0088882446289
10.158716201782227
-15.095110893249512
35.23836898803711
-23.471281051635742
-3.903111457824707
-12.56105899810791
-16.094205856323242
-31.515451431274414
-9.496328353881836
-21.09670639038086
-47.084716796875
-67.92252349853516
10.73184871673584
-15.911372184753418
36.17039489746094
-24.997089385986328
-3.93896222114563
-13.439041137695312
-16.20183563232422
-33.34175491333008
-9.954291343688965
-22.52324676513672
-48.20427703857422
-70.96715545654297
11.32170581817627
-16.7802677154541
37.13325881958008
-26.62747573852539
-3.964946985244751
-14.363137245178223
-16.291746139526367
-35.2680778503418
-10.412724494934082
-24.01286506652832
-49.326873779296875
-74.15081024169922
