2
3
1.9846582412719727
-8.685251235961914
3.0038018226623535
-1.7533164024353027
-0.404221773147583
0.059884149581193924
10.259076118469238
3.4593095779418945
9.37123966217041
8.229284286499023
2.615920305252075
-10.468742370605469
2.158777952194214
-8.20215892791748
3.146667242050171
-0.8716851472854614
0.002128779888153076
0.004342246800661087
11.092041969299316
3.4148459434509277
9.16041088104248
7.535260200500488
2.332071542739868
-11.822565078735352
2.3301165103912354
-7.7275919914245605
3.2925522327423096
-0.009369313716888428
0.4096493124961853
-0.04779411479830742
11.926655769348145
3.373488187789917
8.955147743225098
6.845647811889648
2.078597068786621
-13.159122467041016
2.4987614154815674
-7.264096260070801
3.442713737487793
0.8310924172401428
0.8190938830375671
-0.09685565531253815
12.763687133789062
3.3341891765594482
8.758060455322266
6.158295631408691
1.857343077659607
-14.482698440551758
2.664853096008301
-6.815832138061523
3.5990633964538574
1.6460051536560059
1.2312419414520264
-0.14331939816474915
13.60411548614502
3.2957167625427246
8.572407722473145
5.470368385314941
1.6714491844177246
-15.7986421585083
2.8292956352233887
-6.385581016540527
3.763227939605713
2.4330177307128906
1.6469001770019531
-0.1879165768623352
14.449058532714844
3.2563960552215576
8.400453567504883
4.778960704803467
1.5229688882827759
-17.112934112548828
2.993016242980957
-5.972917556762695
3.9361073970794678
3.1920976638793945
2.066880464553833
-0.23156316578388214
15.299678802490234
3.214265823364258
8.243773460388184
4.081860542297363
1.4128847122192383
-18.431142807006836
3.1569983959198
-5.577478408813477
4.118713855743408
3.923135995864868
2.493805408477783
-0.2745227515697479
16.157312393188477
3.1670596599578857
8.103708267211914
3.3773860931396484
1.3420695066452026
-19.758499145507812
3.3227603435516357
-5.198818683624268
4.312088966369629
4.625224590301514
2.92970609664917
-0.31735438108444214
17.023393630981445
3.11264705657959
7.981712818145752
2.663464069366455
1.3123430013656616
-21.101703643798828
3.4913418292999268
-4.837259292602539
4.517808437347412
5.2970380783081055
3.3759093284606934
-0.361086368560791
17.8992862701416
3.048837423324585
7.879007816314697
1.937895655632019
1.3253910541534424
-22.46710968017578
3.6634299755096436
-4.493452072143555
4.7375359535217285
5.937171936035156
3.83362078666687
-0.4068904221057892
18.786357879638672
2.9733481407165527
7.796501636505127
1.196373462677002
1.384101152420044
-23.862661361694336
3.8399109840393066
-4.168094635009766
4.973155498504639
6.5440568923950195
4.30378532409668
-0.45608246326446533
19.685649871826172
2.8837220668792725
7.735293865203857
0.43567097187042236
1.4914284944534302
-25.296716690063477
4.021734237670898
-3.8619301319122314
5.22662878036499
7.115973472595215
4.787245750427246
-0.5100916624069214
20.598312377929688
2.7774698734283447
7.696304798126221
-0.3485819101333618
1.650825023651123
-26.778841018676758
4.20975399017334
-3.5758681297302246
5.500024795532227
7.650964736938477
5.284547805786133
-0.5702725648880005
21.52545738220215
2.6518514156341553
7.680004119873047
-1.1625226736068726
1.866695761680603
-28.31974220275879
4.405393600463867
-3.3104453086853027
5.79532527923584
8.14687442779541
5.794849395751953
-0.6387437582015991
22.466087341308594
2.5036144256591797
7.687312126159668
-2.0090579986572266
2.1423192024230957
-29.925960540771484
4.610154151916504
-3.0660502910614014
6.114383220672607
8.601471900939941
6.317221641540527
-0.717932939529419
23.419790267944336
2.3291518688201904
7.719449520111084
-2.891244649887085
2.4814231395721436
-31.604766845703125
4.825178623199463
-2.8441503047943115
6.45924711227417
9.012555122375488
6.85167121887207
-0.8103034496307373
24.38628578186035
2.1245920658111572
7.777198314666748
-3.811825752258301
2.8879408836364746
-33.36139678955078
5.050596237182617
-2.6497530937194824
6.832332134246826
9.374541282653809
7.397240161895752
-0.9185645580291748
25.36458969116211
1.885935664176941
7.860622406005859
-4.769688129425049
3.3627705574035645
-35.19156265258789
5.286801338195801
-2.4861271381378174
7.235793113708496
9.68302059173584
7.9534711837768555
-1.0452066659927368
26.35529327392578
1.60947585105896
7.970656394958496
-5.765235900878906
3.907752752304077
-37.096988677978516
5.534445285797119
-2.35587477684021
7.671783447265625
9.934266090393066
8.520133972167969
-1.1927149295806885
27.359085083007812
1.2913854122161865
8.10875129699707
-6.799847602844238
4.526135444641113
-39.08107376098633
5.794323921203613
-2.261495590209961
8.141974449157715
10.123947143554688
9.097476959228516
-1.3635177612304688
28.377492904663086
0.9277963042259216
8.276684761047363
-7.873281478881836
5.219797611236572
-41.146690368652344
6.067193984985352
-2.2046563625335693
8.647992134094238
10.248680114746094
9.686088562011719
-1.5599437952041626
29.412853240966797
0.514826238155365
8.475908279418945
-8.987863540649414
5.99261474609375
-43.299869537353516
6.353919506072998
-2.186476230621338
9.191339492797852
10.304451942443848
10.286744117736816
-1.784119725227356
30.46825408935547
0.04871094226837158
8.708080291748047
-10.14670181274414
6.849380016326904
-45.54768371582031
6.655106067657471
-2.2082855701446533
9.773696899414062
10.28699779510498
10.900049209594727
-2.0378966331481934
31.546092987060547
-0.4740957021713257
8.975141525268555
-11.35278606414795
7.794849395751953
-47.89817810058594
6.97150182723999
-2.2711265087127686
10.396794319152832
10.192729949951172
11.527338981628418
-2.3230783939361572
32.650474548339844
-1.0570334196090698
9.279338836669922
-12.609823226928711
8.834609031677246
-50.36178207397461
7.304018497467041
-2.3757505416870117
11.062905311584473
10.01927661895752
12.170295715332031
-2.641446352005005
33.78414535522461
-1.7040659189224243
9.623266220092773
-13.922593116760254
9.97553825378418
-52.951438903808594
7.653637886047363
-2.5232608318328857
11.7742919921875
9.763331413269043
12.830547332763672
-2.9949123859405518
34.94963073730469
-2.4194631576538086
10.009576797485352
-15.295487403869629
11.224686622619629
-55.67831802368164
8.021402359008789
-2.7149317264556885
12.53341007232666
9.421380043029785
13.510285377502441
-3.385483980178833
36.15025329589844
-3.2080307006835938
10.440997123718262
-16.732872009277344
12.589193344116211
-58.55350112915039
8.408380508422852
-2.9522204399108887
13.342984199523926
8.989829063415527
14.211134910583496
-3.815401077270508
37.389686584472656
-4.074512004852295
10.920381546020508
-18.2391414642334
14.076394081115723
-61.58833312988281
8.815852165222168
-3.2365691661834717
14.20605182647705
8.465250968933105
14.936239242553711
-4.286719799041748
38.672393798828125
-5.023992538452148
11.450569152832031
-19.818557739257812
15.693292617797852
-64.79399871826172
9.245165824890137
-3.5695877075195312
15.125921249389648
7.844024181365967
15.687896728515625
-4.801731586456299
40.003997802734375
-6.060788631439209
12.034743309020996
-21.47547721862793
17.44790267944336
-68.18274688720703
9.697885513305664
-3.953345537185669
16.105854034423828
7.1212687492370605
16.468860626220703
-5.3628997802734375
41.39020538330078
-7.189994812011719
12.676687240600586
-23.21498680114746
19.349393844604492
-71.77001190185547
10.175521850585938
-4.390064716339111
17.149658203125
6.292438983917236
17.282154083251953
-5.972834587097168
42.83734130859375
-8.416963577270508
13.380270004272461
-25.041902542114258
21.406835556030273
-75.57100677490234
10.679738998413086
-4.881883144378662
18.26146125793457
5.353090286254883
18.13052749633789
-6.634285926818848
44.35096740722656
-9.747397422790527
14.149438858032227
-26.9606990814209
23.62906265258789
-79.6007080078125
11.212287902832031
-5.431085109710693
19.445858001708984
4.2987236976623535
19.01695442199707
-7.350143909454346
45.93718719482422
-11.187200546264648
14.988361358642578
-28.97564697265625
26.024913787841797
-83.87456512451172
11.77497386932373
-6.040470600128174
20.707242965698242
3.12321138381958
19.944581985473633
-8.123473167419434
47.60267639160156
-12.742520332336426
15.901269912719727
-31.090301513671875
28.602685928344727
-88.40733337402344
12.36934757232666
-6.711947441101074
22.049560546875
1.8227907419204712
20.916385650634766
-8.957353591918945
49.35352325439453
-14.419357299804688
16.89263153076172
-33.3083381652832
31.37117576599121
-93.21417999267578
12.997698783874512
-7.447035789489746
23.479576110839844
0.3957545757293701
21.93539047241211
-9.855083465576172
51.196197509765625
-16.22405433654785
17.967405319213867
-35.63406753540039
34.34070587158203
-98.31075286865234
13.662503242492676
-8.247068405151367
25.00354766845703
-1.1597228050231934
23.004793167114258
-10.820243835449219
53.13791275024414
-18.163454055786133
19.13079071044922
-38.08504104614258
37.53643035888672
-103.71810150146484
14.366549491882324
-9.114571571350098
26.627849578857422
-2.8491897583007812
24.12773895263672
-11.856822967529297
55.186195373535156
-20.245126724243164
20.388172149658203
-40.67081069946289
40.97514724731445
-109.45536041259766
