2
3
-5.023353099822998
-4.159476280212402
3.0152711868286133
-1.7009013891220093
4.87788200378418
4.85379695892334
5.577969074249268
7.5836052894592285
3.695941686630249
-7.6954169273376465
8.648834228515625
6.2883100509643555
-4.722804069519043
-4.4956183433532715
4.114765167236328
-1.4070303440093994
4.774692058563232
5.01287841796875
5.296330451965332
6.52421760559082
4.010786533355713
-7.171718597412109
7.7878241539001465
6.831554889678955
-4.358719348907471
-4.846343040466309
5.182498455047607
-0.9980878233909607
4.6559858322143555
5.09171199798584
5.122608184814453
5.4822235107421875
4.239068031311035
-6.609097480773926
6.978955268859863
7.321557998657227
-3.9305009841918945
-5.188506603240967
6.187981605529785
-0.5046036243438721
4.532119274139404
5.077301502227783
5.060722827911377
4.488536834716797
4.3862690925598145
-6.026782035827637
6.242584705352783
7.769931316375732
-3.444016456604004
-5.508208751678467
7.1109209060668945
0.05787843465805054
4.415922164916992
4.976135730743408
5.095554828643799
3.5502309799194336
4.461367607116699
-5.43208122253418
5.586458683013916
8.170477867126465
-2.90785551071167
-5.797544479370117
7.932994365692139
0.6818187832832336
4.3200273513793945
4.80429744720459
5.2076005935668945
2.6585025787353516
4.470841407775879
-4.8212504386901855
5.009795665740967
8.511727333068848
-2.329348564147949
-6.041711807250977
8.624349594116211
1.3502110242843628
4.249935150146484
4.577009201049805
5.367422580718994
1.8118079900741577
4.4173264503479
-4.209672927856445
4.5456461906433105
8.807910919189453
-1.7110419273376465
-6.221771717071533
9.149188995361328
2.033747673034668
4.211360454559326
4.3103742599487305
5.548047065734863
0.9961734414100647
4.315199375152588
-3.6112258434295654
4.20390510559082
9.064151763916016
-1.0638996362686157
-6.334135055541992
9.507675170898438
2.7249863147735596
4.205504417419434
4.004780292510986
5.744991302490234
0.2174721360206604
4.183669567108154
-3.023543357849121
3.9690866470336914
9.261918067932129
-0.40595465898513794
-6.38139533996582
9.728046417236328
3.4267163276672363
4.234643936157227
3.655031442642212
5.954812049865723
-0.5070365071296692
4.032370567321777
-2.4473793506622314
3.8396403789520264
9.392840385437012
0.24693679809570312
-6.362081050872803
9.837823867797852
4.130707263946533
4.305174827575684
3.2551896572113037
6.157772064208984
-1.1543304920196533
3.8733534812927246
-1.8843696117401123
3.810542106628418
9.45113754272461
0.8829096555709839
-6.272641658782959
9.860342025756836
4.820537567138672
4.423177719116211
2.804978132247925
6.327054023742676
-1.7059340476989746
3.7171554565429688
-1.3385576009750366
3.8756017684936523
9.435746192932129
1.492671012878418
-6.1111159324646
9.819550514221191
5.479633808135986
4.583539962768555
2.312103509902954
6.45521354675293
-2.157041549682617
3.5735931396484375
-0.814583420753479
4.029128074645996
9.345975875854492
2.0729801654815674
-5.881894111633301
9.729738235473633
6.096465110778809
4.776555061340332
1.7877647876739502
6.545316696166992
-2.506883144378662
3.4500069618225098
-0.3164939880371094
4.2694525718688965
9.181977272033691
2.6232845783233643
-5.591796875
9.598067283630371
6.664731502532959
4.98899507522583
1.2456638813018799
6.609236717224121
-2.760894298553467
3.3521485328674316
0.1507859230041504
4.595208644866943
8.943557739257812
3.1381137371063232
-5.243171215057373
9.446392059326172
7.1718268394470215
5.209433555603027
0.6973018646240234
6.656861782073975
-2.9247169494628906
3.285362482070923
0.5820784568786621
5.0026350021362305
8.63374137878418
3.613879442214966
-4.840767860412598
9.29269790649414
7.608107566833496
5.428121089935303
0.1534280776977539
6.698403835296631
-3.003549814224243
3.2545230388641357
0.9725584387779236
5.484429836273193
8.25987720489502
4.049964904785156
-4.391414642333984
9.150001525878906
7.966451168060303
5.636588096618652
-0.37630826234817505
6.750491142272949
-3.0040388107299805
3.2638814449310303
1.3175632953643799
6.029961109161377
7.83374547958374
4.446770668029785
-3.9029152393341064
9.028993606567383
8.24161434173584
5.831204891204834
-0.8839132189750671
6.825526237487793
-2.9341320991516113
3.316131114959717
1.6127209663391113
6.62710428237915
7.366154193878174
4.807301044464111
-3.3859517574310303
8.932291984558105
8.435321807861328
6.010519504547119
-1.3663164377212524
6.9274001121521
-2.7938544750213623
3.413346290588379
1.855393648147583
7.262017726898193
6.86861515045166
5.133974075317383
-2.851372480392456
8.867053985595703
8.549577713012695
6.17703104019165
-1.820289134979248
7.052029132843018
-2.580214023590088
3.556239128112793
2.043269157409668
7.920247554779053
6.352725028991699
5.4301581382751465
-2.3092949390411377
8.834397315979004
8.587389945983887
6.332579135894775
-2.243299961090088
7.193109512329102
-2.2889866828918457
3.7454376220703125
2.17626690864563
8.586094856262207
5.828612804412842
5.698921203613281
-1.767941951751709
8.835598945617676
8.551684379577637
6.477468967437744
-2.63118839263916
7.3515424728393555
-1.9214444160461426
3.9781196117401123
2.2560575008392334
9.247374534606934
5.308799743652344
5.943349838256836
-1.2347967624664307
8.87105941772461
8.447385787963867
6.611601829528809
-2.977708101272583
7.5284905433654785
-1.4826031923294067
4.253235816955566
2.2828733921051025
9.88730239868164
4.807199478149414
6.166706085205078
-0.7179139852523804
8.940649032592773
8.2805814743042
6.733189582824707
-3.2741174697875977
7.726787090301514
-0.9818064570426941
4.572092056274414
2.2549591064453125
10.484098434448242
4.342414379119873
6.373330116271973
-0.2250579595565796
9.047370910644531
8.060075759887695
6.843523025512695
-3.515347957611084
7.957087993621826
-0.4369816184043884
4.93143892288208
2.174494504928589
11.028141021728516
3.9294540882110596
6.566230297088623
0.23685765266418457
9.197842597961426
7.7913360595703125
6.943222999572754
-3.701056957244873
8.229736328125
0.14015048742294312
5.324006080627441
2.048585891723633
11.522263526916504
3.5756187438964844
6.747783660888672
0.6608461141586304
9.400300025939941
7.480910301208496
7.033982753753662
-3.8318517208099365
8.547633171081543
0.7415212392807007
5.740489959716797
1.8856432437896729
11.973840713500977
3.2820374965667725
6.920209884643555
1.0401647090911865
9.662016868591309
7.1367316246032715
7.119383335113525
-3.9094579219818115
8.908902168273926
1.3586201667785645
6.170891284942627
1.6942734718322754
12.39377212524414
3.0463597774505615
7.085881233215332
1.3687760829925537
9.988097190856934
6.766238212585449
7.203372955322266
-3.9345288276672363
9.313676834106445
1.9779645204544067
6.6089348793029785
1.4859256744384766
12.788344383239746
2.8568599224090576
7.24905252456665
1.643612265586853
10.37901496887207
6.377049446105957
7.290815353393555
-3.9071600437164307
9.761322021484375
2.583719253540039
7.047743797302246
1.2653025388717651
13.168721199035645
2.7133703231811523
7.4147186279296875
1.864363431930542
10.833389282226562
5.9732747077941895
7.387279987335205
-3.8284196853637695
10.248044967651367
3.1601786613464355
7.4826812744140625
1.0380767583847046
13.542924880981445
2.6125800609588623
7.5856709480285645
2.029092311859131
11.35301399230957
5.5676164627075195
7.499874114990234
-3.703129768371582
10.768414497375488
3.6948282718658447
7.909709453582764
0.8100878000259399
13.919239044189453
2.5485408306121826
7.7659220695495605
2.137427806854248
11.935891151428223
5.169261455535889
7.633208751678467
-3.5375564098358154
11.313892364501953
4.18070125579834
8.32592487335205
0.585586428642273
14.307125091552734
2.518110752105713
7.959508419036865
2.191612720489502
12.577943801879883
4.784459114074707
7.791576862335205
-3.338380813598633
11.878154754638672
4.610984802246094
8.730172157287598
0.36757829785346985
14.713126182556152
2.51879620552063
8.170331001281738
2.195424795150757
13.274107933044434
4.418676853179932
7.974325656890869
-3.1140618324279785
12.461250305175781
4.986937522888184
9.121850967407227
0.15829673409461975
15.142046928405762
2.549083709716797
8.401311874389648
2.1529788970947266
14.017364501953125
4.07589054107666
8.178775787353516
-2.871722459793091
13.065764427185059
5.311242580413818
9.500189781188965
-0.039894670248031616
15.600988388061523
2.6074368953704834
8.654839515686035
2.0671026706695557
14.80038070678711
3.762300968170166
8.401811599731445
-2.6170642375946045
13.693792343139648
5.586028575897217
9.865294456481934
-0.22488313913345337
16.09369468688965
2.6905243396759033
8.931812286376953
1.9412068128585815
15.616727828979492
3.4830949306488037
8.64004898071289
-2.354682207107544
14.348101615905762
5.813417911529541
10.217141151428223
-0.39415740966796875
16.626251220703125
2.794055938720703
9.232634544372559
1.7793340682983398
16.46101188659668
3.2417964935302734
8.891156196594238
-2.0889370441436768
15.033716201782227
5.9940876960754395
10.55748462677002
-0.5464980602264404
17.203826904296875
2.9128100872039795
