2
3
-1.4838286638259888
9.316282272338867
-5.774758338928223
-3.7248148918151855
-3.5722413063049316
-5.643575668334961
-1.909677505493164
-1.0900176763534546
9.732614517211914
7.153120994567871
9.012304306030273
8.650016784667969
-1.3702925443649292
8.839045524597168
-5.4975972175598145
-4.660831928253174
-3.300692319869995
-5.108675003051758
-1.5952081680297852
-0.12533527612686157
9.518333435058594
7.106902122497559
8.363177299499512
8.495509147644043
-1.2593580484390259
8.379838943481445
-5.226162910461426
-5.565455913543701
-3.0331389904022217
-4.579329967498779
-1.2833348512649536
0.8311032652854919
9.302501678466797
7.065040111541748
7.722087383270264
8.351210594177246
-1.1504790782928467
7.937520503997803
-4.958734512329102
-6.441315650939941
-2.7710683345794678
-4.059703350067139
-0.9750874638557434
1.774782657623291
9.085249900817871
7.027622699737549
7.088997840881348
8.217124938964844
-1.0433948040008545
7.5108160972595215
-4.694441318511963
-7.290793418884277
-2.5149831771850586
-3.5504140853881836
-0.671589732170105
2.7033541202545166
8.866633415222168
6.994495868682861
6.463916778564453
8.092896461486816
-0.9375325441360474
7.098250389099121
-4.432668685913086
-8.116608619689941
-2.2657065391540527
-3.0516414642333984
-0.37496036291122437
3.615892171859741
8.646581649780273
6.965332984924316
5.846954822540283
7.977973937988281
-0.832951009273529
6.697715759277344
-4.173007488250732
-8.921579360961914
-2.0237717628479004
-2.563422679901123
-0.08585494756698608
4.511964797973633
8.425260543823242
6.939833641052246
5.238324165344238
7.871733665466309
-0.7299460768699646
6.306782245635986
-3.9154679775238037
-9.708599090576172
-1.7896809577941895
-2.0853676795959473
0.19517844915390015
5.391801834106445
8.202847480773926
6.917670726776123
4.6382293701171875
7.773508548736572
-0.6284168362617493
5.922904968261719
-3.659459352493286
-10.480534553527832
-1.5636451244354248
-1.6171810626983643
0.46777698397636414
6.255510330200195
7.97961950302124
6.898717403411865
4.047001838684082
7.6830854415893555
-0.5282524228096008
5.543587684631348
-3.4045281410217285
-11.24027156829834
-1.345203161239624
-1.1586412191390991
0.7322429418563843
7.1030731201171875
7.755744457244873
6.882569789886475
3.464761972427368
7.599640846252441
-0.4293954372406006
5.166633129119873
-3.149989366531372
-11.990360260009766
-1.1336908340454102
-0.7094519138336182
0.9886766672134399
7.93437385559082
7.531396865844727
6.868810653686523
2.8915750980377197
7.522356033325195
-0.33166617155075073
4.790192604064941
-2.895085096359253
-12.733264923095703
-0.9273759722709656
-0.26917076110839844
1.2374688386917114
8.749100685119629
7.306728363037109
6.856930255889893
2.3275656700134277
7.450125694274902
-0.23486486077308655
4.412795543670654
-2.639148235321045
-13.471372604370117
-0.7264379858970642
0.1620321273803711
1.4785921573638916
9.546957969665527
7.0820512771606445
6.846653461456299
1.773362159729004
7.382425308227539
-0.1395263969898224
4.0326056480407715
-2.381348133087158
-14.207048416137695
-0.5311059355735779
0.5839353799819946
1.7119981050491333
10.32755184173584
6.8573408126831055
6.836946487426758
1.2295050621032715
7.3180389404296875
-0.045353151857852936
3.6486175060272217
-2.1207830905914307
-14.942261695861816
-0.34162235260009766
0.9965829849243164
1.937469482421875
11.090641975402832
6.6328535079956055
6.826958179473877
0.6961743235588074
7.255565166473389
0.04790407419204712
3.2598657608032227
-1.856644630432129
-15.679062843322754
-0.15793997049331665
1.4002652168273926
2.154900074005127
11.83596134185791
6.40897798538208
6.816018104553223
0.1737843155860901
7.194075584411621
0.1405036300420761
2.864652395248413
-1.5878028869628906
-16.421476364135742
0.02011360228061676
1.7950540781021118
2.364335536956787
12.563201904296875
6.186033248901367
6.803277015686035
-0.33752650022506714
7.132258415222168
0.23282310366630554
2.462066411972046
-1.3128399848937988
-17.171466827392578
0.1926785707473755
2.18131422996521
2.5655810832977295
13.272866249084473
5.964348793029785
6.787993431091309
-0.8373217582702637
7.069179058074951
0.32530221343040466
2.0513603687286377
-1.0302870273590088
-17.930612564086914
0.36001306772232056
2.559189558029175
2.7587945461273193
13.964860916137695
5.744272232055664
6.769266605377197
-1.3253196477890015
7.003526210784912
0.4180009961128235
1.6329237222671509
-0.7398421764373779
-18.698028564453125
0.5217598676681519
2.9259748458862305
2.9440484046936035
14.635383605957031
5.526216506958008
6.74625825881958
-1.8011397123336792
6.934135437011719
0.511219322681427
1.2070749998092651
-0.44101181626319885
-19.473209381103516
0.6777210831642151
3.278167724609375
3.1218700408935547
15.28078842163086
5.310549736022949
6.718120574951172
-2.2644386291503906
6.8598222732543945
0.6054695844650269
0.7730803489685059
-0.13277855515480042
-20.257984161376953
0.8287389278411865
3.6150283813476562
3.2929883003234863
15.899396896362305
5.097639083862305
6.683964252471924
-2.714902877807617
6.779253005981445
0.7013072967529297
0.330036997795105
0.18594706058502197
-21.054611206054688
0.9757890701293945
3.9361889362335205
3.457979440689087
16.48968505859375
4.887943744659424
6.643097877502441
-3.152304172515869
6.691269397735596
0.7993481159210205
-0.1229243278503418
0.5163588523864746
-21.86528778076172
1.119363784790039
4.240832805633545
3.6173670291900635
17.050460815429688
4.681850433349609
6.594752788543701
-3.5763442516326904
6.594535827636719
0.9008357524871826
-0.5858939290046692
0.8595829010009766
-22.691877365112305
1.2599347829818726
4.528030872344971
3.771745443344116
17.580270767211914
4.479735374450684
6.538243293762207
-3.986679792404175
6.4877729415893555
1.0070353746414185
-1.0590872764587402
1.2167491912841797
-23.536766052246094
1.3980016708374023
4.796777725219727
3.9218080043792725
18.07747459411621
4.281864166259766
6.472595691680908
-4.382859706878662
6.369420051574707
1.1185165643692017
-1.5436893701553345
1.5892598628997803
-24.402935028076172
1.5339773893356323
5.046024799346924
4.068127632141113
18.540149688720703
4.088535308837891
6.396982192993164
-4.764364242553711
6.238173007965088
1.2359811067581177
-2.0409135818481445
1.9784491062164307
-25.294048309326172
1.6677684783935547
5.2747039794921875
4.2115702629089355
18.965782165527344
3.900233507156372
6.31049108505249
-5.130542278289795
6.092015266418457
1.3601192235946655
-2.552016258239746
2.385913848876953
-26.21338653564453
1.799801230430603
5.482594966888428
4.353003978729248
19.35306167602539
3.7174360752105713
6.212226390838623
-5.480749130249023
5.928879737854004
1.4916449785232544
-3.0783944129943848
2.8134474754333496
-27.164283752441406
1.9305052757263184
5.669370174407959
4.493194103240967
19.700429916381836
3.5405898094177246
6.101432800292969
-5.814358234405518
5.74705171585083
1.6313133239746094
-3.621849298477173
3.26302170753479
-28.150808334350586
2.0604333877563477
5.834592819213867
4.632971286773682
20.005788803100586
3.3701295852661133
5.977434158325195
-6.130728244781494
5.544731140136719
1.7798258066177368
-4.183938980102539
3.736724615097046
-29.176551818847656
2.190124034881592
5.97771692276001
4.773226261138916
20.26679229736328
3.2065391540527344
5.8401641845703125
-6.429442405700684
5.320436954498291
1.9379178285598755
-4.766366958618164
4.236863613128662
-30.245323181152344
2.3200137615203857
6.098121643066406
4.915026664733887
20.481491088867188
3.0502870082855225
5.689012050628662
-6.709682941436768
5.072144985198975
2.106675863265991
-5.370729923248291
4.765908241271973
-31.36141014099121
2.450422763824463
6.1950507164001465
5.059559345245361
20.648052215576172
2.9019367694854736
5.523201942443848
-6.970456600189209
4.797704696655273
2.287069082260132
-5.998867034912109
5.3265275955200195
-32.5291862487793
2.58180570602417
6.267900466918945
5.208035945892334
20.764726638793945
2.7619333267211914
5.3419413566589355
-7.210774898529053
4.495213508605957
2.4801077842712402
-6.652838230133057
5.921642303466797
-33.753543853759766
2.7145326137542725
6.315901279449463
5.361650466918945
20.82979393005371
2.6307711601257324
5.144463539123535
-7.429357528686523
4.1628851890563965
2.6867852210998535
-7.334738731384277
6.554119110107422
-35.03927230834961
2.8491456508636475
6.33842658996582
5.521596431732178
20.84151840209961
2.5095229148864746
4.930346965789795
-7.624950885772705
3.7988381385803223
2.908302068710327
-8.046725273132324
7.22718620300293
-36.39152145385742
2.986140012741089
6.3347272872924805
5.689296722412109
20.798309326171875
2.3988072872161865
4.698919296264648
-7.7966227531433105
3.401149272918701
3.146010398864746
-8.791128158569336
7.944438457489014
-37.81600570678711
3.1260335445404053
6.3040618896484375
5.8662848472595215
20.698766708374023
2.299222469329834
4.4493913650512695
-7.943243503570557
2.9677062034606934
3.4013748168945312
-9.570403099060059
8.709741592407227
-39.31879806518555
3.2693698406219482
6.24559211730957
6.05422306060791
20.541324615478516
2.2114193439483643
4.180860996246338
-8.06347370147705
2.496105432510376
