2
3
6.320590019226074
2.4569904804229736
-8.876276969909668
2.2603485584259033
4.683713436126709
8.099234580993652
6.888815879821777
-0.7769773602485657
-8.922983169555664
-3.0370566844940186
-3.7883498668670654
10.396123886108398
5.867915153503418
2.563524007797241
-9.909440994262695
2.427968740463257
4.610738277435303
7.743139266967773
6.74084997177124
-1.513647437095642
-8.429450035095215
-2.542707920074463
-2.998175621032715
11.31724739074707
5.4229302406311035
2.6742968559265137
-10.925457000732422
2.6048946380615234
4.538376808166504
7.400003910064697
6.59956169128418
-2.2209277153015137
-7.953402519226074
-2.0539891719818115
-2.2345592975616455
12.228561401367188
4.985395908355713
2.789405107498169
-11.926040649414062
2.791233539581299
4.466971397399902
7.069147109985352
6.464990139007568
-2.899996757507324
-7.492348670959473
-1.5703635215759277
-1.4968067407608032
13.129979133605957
4.555059909820557
2.908957004547119
-12.912853240966797
2.987147569656372
4.396615505218506
6.74970817565918
6.336738586425781
-3.5521557331085205
-7.045658588409424
-1.0914441347122192
-0.7845488786697388
14.021904945373535
4.1315693855285645
3.032996416091919
-13.887606620788574
3.19273042678833
4.3274664878845215
6.440730094909668
6.21468448638916
-4.178581714630127
-6.613183498382568
-0.6170163154602051
-0.09750491380691528
14.904706001281738
3.7143921852111816
3.1615097522735596
-14.852315902709961
3.4080939292907715
4.259827136993408
6.1411638259887695
6.0991926193237305
-4.780351161956787
-6.194814682006836
-0.1467941403388977
0.5644586682319641
15.778924942016602
3.3029236793518066
3.294423818588257
-15.809049606323242
3.633348226547241
4.193745136260986
5.849944591522217
5.989965438842773
-5.35862922668457
-5.790444374084473
0.3194829225540161
1.2014567852020264
16.645118713378906
2.896819829940796
3.431490898132324
-16.759159088134766
3.868309736251831
4.129362106323242
5.566267967224121
5.886911392211914
-5.914402484893799
-5.40009069442749
0.7823059558868408
1.8133480548858643
17.504255294799805
2.495326042175293
3.5720114707946777
-17.703624725341797
4.1127543449401855
4.066882610321045
5.289244651794434
5.790575981140137
-6.4489030838012695
-5.023608684539795
1.242087483406067
2.4003467559814453
18.357065200805664
2.0967049598693848
3.715655565261841
-18.644214630126953
4.36665153503418
4.006234645843506
5.018179416656494
5.700717926025391
-6.963150501251221
-4.660821914672852
1.6999605894088745
2.962266445159912
19.20469093322754
1.700663447380066
3.8622169494628906
-19.581819534301758
4.629620552062988
3.9473726749420166
4.752519607543945
5.617072582244873
-7.458248615264893
-4.31116247177124
2.1581029891967773
3.4983837604522705
20.048927307128906
1.307099461555481
4.011534214019775
-20.517030715942383
4.901301383972168
3.8903121948242188
4.491811752319336
5.539736747741699
-7.935356140136719
-3.973447799682617
2.618666648864746
4.008335590362549
20.89068603515625
0.9159197211265564
4.1635966300964355
-21.45052719116211
5.181735038757324
3.835099935531616
4.235667705535889
5.4685893058776855
-8.395709037780762
-3.6462252140045166
3.0836679935455322
4.491845607757568
21.730981826782227
0.5276914238929749
4.317534923553467
-22.381940841674805
5.470522880554199
3.7806553840637207
3.984962224960327
5.402275085449219
-8.839088439941406
-3.328159809112549
3.552238702774048
4.949740409851074
22.568862915039062
0.14263984560966492
4.473030090332031
-23.31116485595703
5.767602920532227
3.7266132831573486
3.7407095432281494
5.33924674987793
-9.264681816101074
-3.017987012863159
4.022238731384277
5.383105278015137
23.402130126953125
-0.2385050356388092
4.629761219024658
-24.237747192382812
6.0726542472839355
3.672762870788574
3.5036098957061768
5.278091907501221
-9.671810150146484
-2.7148778438568115
4.492424964904785
5.792483806610107
24.2294864654541
-0.6153064966201782
4.787293434143066
-25.16099739074707
6.384979724884033
3.6188879013061523
3.27412748336792
5.217840194702148
-10.060335159301758
-2.4183478355407715
4.961806774139404
6.1782732009887695
25.049898147583008
-0.9867614507675171
4.945028781890869
-26.079309463500977
6.70374059677124
3.564756393432617
3.0529143810272217
5.15723991394043
-10.429781913757324
-2.128091335296631
5.429042816162109
6.541012763977051
25.861186981201172
-1.3525283336639404
5.102750301361084
-26.992464065551758
7.028683185577393
3.510462522506714
2.840654134750366
5.0955915451049805
-10.780414581298828
-1.844122290611267
5.893091678619385
6.880867004394531
26.66191291809082
-1.7123050689697266
5.2602691650390625
-27.89938735961914
7.359604358673096
3.456829071044922
2.6362056732177734
5.033382415771484
-11.113502502441406
-1.566361904144287
6.352970123291016
7.197760105133057
27.450305938720703
-2.0653076171875
5.417261123657227
-28.797536849975586
7.695915222167969
3.4038119316101074
2.4393959045410156
4.970001697540283
-11.429247856140137
-1.295579195022583
6.806099891662598
7.4908976554870605
28.221023559570312
-2.410064220428467
5.573545455932617
-29.685117721557617
8.037056922912598
3.3512420654296875
2.250424385070801
4.904713153839111
-11.727704048156738
-1.0322935581207275
7.250804901123047
7.7598371505737305
28.9704647064209
-2.7448036670684814
5.728764533996582
-30.560537338256836
8.382369041442871
3.298999547958374
2.0694708824157715
4.836906909942627
-12.008939743041992
-0.776809811592102
7.686237812042236
8.003962516784668
29.6970157623291
-3.06953501701355
5.8828935623168945
-31.424150466918945
8.731926918029785
3.2469334602355957
1.8967303037643433
4.766049385070801
-12.272683143615723
-0.5293354392051697
8.111114501953125
8.223129272460938
30.39798355102539
-3.3843586444854736
6.035927772521973
-32.27630615234375
9.085753440856934
3.194937229156494
1.7323331832885742
4.691636085510254
-12.518852233886719
-0.29055601358413696
8.52474594116211
8.416671752929688
31.071735382080078
-3.689399242401123
6.187874794006348
-33.11732482910156
9.44383716583252
3.143028974533081
1.576222538948059
4.613572597503662
-12.748072624206543
-0.061033040285110474
8.926607131958008
8.584193229675293
31.7174129486084
-3.9848415851593018
6.338785648345947
-33.94761657714844
9.806195259094238
3.0912058353424072
1.4284473657608032
4.531617164611816
-12.960810661315918
0.15931889414787292
9.31722354888916
8.72494888305664
32.33491897583008
-4.270918369293213
6.488776683807373
-34.767669677734375
10.1729097366333
3.0393412113189697
1.2892953157424927
4.445098400115967
-13.156801223754883
0.3702172636985779
9.696355819702148
8.838823318481445
32.923709869384766
-4.54792594909668
6.638002395629883
-35.57805633544922
10.544105529785156
2.9873416423797607
1.1589263677597046
4.35353946685791
-13.335929870605469
0.5716719627380371
10.064231872558594
8.9259614944458
33.48395919799805
-4.816322326660156
6.786693572998047
-36.38032150268555
10.920099258422852
2.9351518154144287
1.0373445749282837
4.256711959838867
-13.49830436706543
0.7636452913284302
10.421097755432129
8.986595153808594
34.016136169433594
-5.076602458953857
6.935140609741211
-37.17579650878906
11.301244735717773
2.8826420307159424
0.9245862364768982
4.154238224029541
-13.644010543823242
0.9461815357208252
10.76749324798584
9.02077579498291
34.521148681640625
-5.329250335693359
7.083570957183838
-37.96553421020508
11.6878080368042
2.829638957977295
0.820716142654419
4.045630931854248
-13.77303695678711
1.1192995309829712
11.103954315185547
9.028555870056152
34.999969482421875
-5.574865818023682
7.232251167297363
-38.75109100341797
12.080129623413086
2.7758800983428955
0.7258602976799011
3.9301235675811768
-13.885189056396484
1.2829968929290771
11.430999755859375
9.010034561157227
35.45362854003906
-5.81392765045166
7.381399631500244
-39.53330993652344
12.478509902954102
2.7212047576904297
0.6400896310806274
3.8073177337646484
-13.980473518371582
1.4372925758361816
11.749078750610352
8.965497016906738
35.883094787597656
-6.047088623046875
7.531106948852539
-40.31256103515625
12.88315200805664
2.6654200553894043
0.5634685754776001
3.6767802238464355
-14.058891296386719
1.5822148323059082
12.05846118927002
8.895354270935059
36.28911590576172
-6.274857521057129
7.681561470031738
-41.08955001831055
13.294363021850586
2.608276128768921
0.49610593914985657
3.5379555225372314
-14.120299339294434
1.717751145362854
12.359625816345215
8.800024032592773
36.67293930053711
-6.497717380523682
7.832973480224609
-41.86503219604492
13.712488174438477
2.5495026111602783
0.43813103437423706
3.390254259109497
-14.16450309753418
1.8438293933868408
12.653419494628906
8.679997444152832
37.03666687011719
-6.716057777404785
7.98555326461792
-42.639705657958984
14.137911796569824
2.4888100624084473
0.3897011876106262
3.233051300048828
-14.191240310668945
1.960427165031433
12.94029426574707
8.535572052001953
37.38146209716797
-6.930381774902344
8.139459609985352
-43.41407012939453
14.570981979370117
2.4258921146392822
0.35099703073501587
3.0656917095184326
-14.20019817352295
2.0675084590911865
13.220684051513672
8.367037773132324
37.70846939086914
