2
3
-2.203238010406494
-5.5551581382751465
-4.199826240539551
-2.4425618648529053
-2.583794593811035
-4.624217987060547
-2.1422605514526367
-1.066426396369934
-9.555028915405273
3.8161394596099854
-1.6994342803955078
-7.981658935546875
-2.4229736328125
-5.360490322113037
-4.717131614685059
-2.083838701248169
-2.7447965145111084
-4.461629867553711
-2.5289461612701416
-0.7649685144424438
-9.304891586303711
3.2392632961273193
-1.005650281906128
-9.082042694091797
-2.6436386108398438
-5.172393321990967
-5.234650611877441
-1.7392399311065674
-2.9071812629699707
-4.306478023529053
-2.9159274101257324
-0.4781743288040161
-9.063291549682617
2.674776554107666
-0.33086472749710083
-10.16281795501709
-2.8651938438415527
-4.991334438323975
-5.7523722648620605
-1.409136176109314
-3.0709586143493652
-4.159250259399414
-3.3031656742095947
-0.20631608366966248
-8.82930850982666
2.1190061569213867
0.32740795612335205
-11.228633880615234
-3.0875656604766846
-4.817866325378418
-6.270155429840088
-1.0940701961517334
-3.2361137866973877
-4.0203423500061035
-3.6906158924102783
0.050105154514312744
-8.602087020874023
1.5677974224090576
0.9720478653907776
-12.28441047668457
-3.310751438140869
-4.653105735778809
-6.787745952606201
-0.795024037361145
-3.4027535915374756
-3.8897922039031982
-4.078513145446777
0.2910132110118866
-8.380481719970703
1.0171294212341309
1.6061227321624756
-13.335039138793945
-3.5348081588745117
-4.497509479522705
-7.305227279663086
-0.5126252174377441
-3.570949077606201
-3.7677273750305176
-4.466998100280762
0.5161357522010803
-8.163222312927246
0.46354103088378906
2.232717514038086
-14.38512134552002
-3.7597341537475586
-4.351365089416504
-7.822691917419434
-0.2476026713848114
-3.740752696990967
-3.6543829441070557
-4.8560991287231445
0.7250130772590637
-7.94894552230835
-0.09559696912765503
2.8547520637512207
-15.438806533813477
-3.9855642318725586
-4.214879989624023
-8.340229988098145
-0.0003568977117538452
-3.912234306335449
-3.5499863624572754
-5.245901107788086
0.9172441363334656
-7.736438274383545
-0.6623995900154114
3.47491717338562
-16.500141143798828
-4.212320327758789
-4.088413715362549
-8.85788631439209
0.2283293753862381
-4.085365295410156
-3.4549129009246826
-5.636257648468018
1.0920093059539795
-7.524501800537109
-1.2386488914489746
4.095900535583496
-17.573200225830078
-4.439931392669678
-3.9723172187805176
-9.375515937805176
0.4376988708972931
-4.260081768035889
-3.369593858718872
-6.026923179626465
1.248386263847351
-7.311722755432129
-1.8272161483764648
4.721426486968994
-18.665618896484375
-4.6682891845703125
-3.8670969009399414
-9.892848014831543
0.6266756653785706
-4.436282634735107
-3.2945568561553955
-6.417562961578369
1.3852747678756714
-7.0966715812683105
-2.4309799671173096
5.3555097579956055
-19.784778594970703
-4.896972179412842
-3.7733006477355957
-10.409390449523926
0.794019877910614
-4.613612174987793
-3.230442523956299
-6.807613372802734
1.5013644695281982
-6.87794303894043
-3.052583694458008
6.00193452835083
-20.936887741088867
-5.125821113586426
-3.691472053527832
-10.925314903259277
0.938559889793396
-4.791933536529541
-3.1778604984283447
-7.196843147277832
1.5954227447509766
-6.654029846191406
-3.69404935836792
6.66441011428833
-22.127553939819336
-5.354707717895508
-3.622262477874756
-11.440500259399414
1.0590065717697144
-4.970870018005371
-3.1376702785491943
-7.584477424621582
1.6657755374908447
-6.423609733581543
-4.356030464172363
7.34574556350708
-23.359426498413086
-5.582578182220459
-3.5670671463012695
-11.953031539916992
1.1531507968902588
-5.149815082550049
-3.111546277999878
-7.969094276428223
1.7101471424102783
-6.186303615570068
-5.037132263183594
8.047428131103516
-24.630126953125
-5.808475017547607
-3.5279221534729004
-12.460820198059082
1.2184386253356934
-5.328205585479736
-3.1010355949401855
-8.349414825439453
1.7264554500579834
-5.941029071807861
-5.738531112670898
8.772332191467285
-25.943260192871094
-6.031383991241455
-3.5068328380584717
-12.961642265319824
1.2520837783813477
-5.505256175994873
-3.107880115509033
-8.723727226257324
1.7122275829315186
-5.686948299407959
-6.4609293937683105
9.522948265075684
-27.301362991333008
-6.250442028045654
-3.505633592605591
-13.453910827636719
1.2514303922653198
-5.680023670196533
-3.1339213848114014
-9.090027809143066
1.664659857749939
-5.423226833343506
-7.206159591674805
10.302861213684082
-28.7081298828125
-6.464722633361816
-3.526104688644409
-13.935734748840332
1.2137908935546875
-5.851630210876465
-3.1808547973632812
-9.4464693069458
1.5811012983322144
-5.148646354675293
-7.976166725158691
11.115715026855469
-30.16829490661621
-6.673284530639648
-3.569925308227539
-14.40511417388916
1.1364436149597168
-6.019193172454834
-3.2502670288085938
-9.791158676147461
1.4588791131973267
-4.861854553222656
-8.773015975952148
11.965356826782227
-31.68690299987793
-6.875243663787842
-3.638615846633911
-14.860164642333984
1.0166423320770264
-6.181947708129883
-3.343646287918091
-10.122105598449707
1.2952390909194946
-4.561368465423584
-9.598864555358887
12.855874061584473
-33.26939392089844
-7.069675922393799
-3.733595609664917
-15.298786163330078
0.8515341281890869
-6.338939189910889
-3.4623849391937256
-10.437267303466797
1.08744478225708
-4.2455973625183105
-10.455820083618164
13.791351318359375
-34.92180252075195
-7.255678176879883
-3.8561465740203857
-15.718941688537598
0.6382970213890076
-6.489218235015869
-3.6077880859375
-10.73458194732666
0.8327280879020691
-3.912825345993042
-11.346013069152832
14.775856018066406
-36.6507453918457
-7.432341575622559
-4.007480144500732
-16.11847686767578
0.37403836846351624
-6.631901264190674
-3.7810776233673096
-11.011825561523438
0.5283161997795105
-3.5612521171569824
-12.271760940551758
15.813633918762207
-38.463199615478516
-7.598804473876953
-4.18871545791626
-16.49534034729004
0.05591315031051636
-6.766049385070801
-3.983518123626709
-11.26658821105957
0.17123445868492126
-3.1889631748199463
-13.235514640808105
16.909202575683594
-40.366554260253906
-7.7542009353637695
-4.400935173034668
-16.847414016723633
-0.31898266077041626
-6.890639305114746
-4.2163519859313965
-11.496414184570312
-0.24158906936645508
-2.7935452461242676
-14.240547180175781
18.068809509277344
-42.36996841430664
-7.897641181945801
-4.645232677459717
-17.172468185424805
-0.7536720633506775
-7.004550457000732
-4.4809675216674805
-11.698678970336914
-0.7136021852493286
-2.3726999759674072
-15.290130615234375
19.29836082458496
-44.482147216796875
-8.028289794921875
-4.922730445861816
-17.46839141845703
-1.2512800693511963
-7.106741428375244
-4.778591632843018
-11.870762825012207
-1.247955322265625
-1.9240293502807617
-16.387651443481445
20.60398292541504
-46.71208572387695
-8.145162582397461
-5.234812259674072
-17.732789993286133
-1.8154642581939697
-7.196135997772217
-5.110518455505371
-12.009952545166016
-1.8479576110839844
-1.4449007511138916
-17.536739349365234
21.99245262145996
-49.06951904296875
-8.247274398803711
-5.582780838012695
-17.963092803955078
-2.4497807025909424
-7.271783351898193
-5.477822780609131
-12.113836288452148
-2.5164942741394043
-0.9324913620948792
-18.74122428894043
23.47104263305664
-51.56475830078125
-8.333786010742188
-5.967813491821289
-18.157032012939453
-3.1575961112976074
-7.3326802253723145
-5.881744384765625
-12.17992877960205
-3.256709098815918
-0.38380271196365356
-20.005126953125
25.047473907470703
-54.208656311035156
-8.404096603393555
-6.390850067138672
-18.313051223754883
-3.9416608810424805
-7.378067493438721
-6.323195934295654
-12.205768585205078
-4.07140588760376
0.2044040560722351
-21.332815170288086
26.729997634887695
-57.01282501220703
-8.457304000854492
-6.853247165679932
-18.428665161132812
-4.805685997009277
-7.406470775604248
-6.803954124450684
-12.187637329101562
-4.964561462402344
0.83547443151474
-22.728670120239258
28.52725601196289
-59.98910140991211
-8.492719650268555
-7.356042385101318
-18.501306533813477
-5.752769470214844
-7.4165425300598145
-7.325690269470215
-12.121986389160156
-5.939733505249023
1.5129406452178955
-24.197261810302734
30.4483699798584
-63.14979553222656
-8.50922966003418
-7.9009199142456055
-18.527830123901367
-6.787053108215332
-7.406660079956055
-7.890588760375977
-12.004326820373535
-7.001893997192383
2.240537643432617
-25.743375778198242
32.502967834472656
-66.50769805908203
-8.505484580993652
-8.489775657653809
-18.50442886352539
-7.912985801696777
-7.375292778015137
-8.500751495361328
-11.83041000366211
-8.155591011047363
3.022225856781006
-27.372034072875977
34.701229095458984
-70.07605743408203
-8.479963302612305
-9.12484073638916
-18.42654800415039
-9.135648727416992
-7.320912837982178
-9.158308982849121
-11.596076965332031
-9.405294418334961
3.862208366394043
-29.088516235351562
37.05388641357422
-73.86852264404297
-8.431166648864746
-9.808420181274414
-18.289714813232422
-10.460075378417969
-7.242051124572754
-9.865468978881836
-11.29700756072998
-10.755560874938965
4.764963626861572
-30.898372650146484
39.57225799560547
-77.89900970458984
-8.357301712036133
-10.542988777160645
-18.089101791381836
-11.891597747802734
-7.13704252243042
-10.62466812133789
-10.92861557006836
-12.211210250854492
5.735339641571045
-32.80769729614258
42.268760681152344
-82.18157958984375
