2
3
9.775568008422852
4.292760848999023
5.355179786682129
-1.6907339096069336
5.261746883392334
7.3326416015625
-2.775050640106201
-7.513942718505859
-10.231963157653809
2.1204347610473633
-3.138030529022217
-4.49330472946167
9.807663917541504
4.515401840209961
3.601682424545288
-1.8666318655014038
4.92464542388916
7.0246357917785645
-3.2018930912017822
-7.951411247253418
-9.99295711517334
2.0649211406707764
-1.5729496479034424
-4.663721084594727
9.700236320495605
4.782008171081543
1.9471194744110107
-2.0984387397766113
4.630711555480957
6.7501068115234375
-3.7166213989257812
-8.417851448059082
-9.632887840270996
2.012895107269287
-0.09969747066497803
-4.879765033721924
9.484081268310547
5.046290874481201
0.41318678855895996
-2.3262836933135986
4.371968746185303
6.511800765991211
-4.308132648468018
-8.919169425964355
-9.173260688781738
1.9434021711349487
1.309245228767395
-5.099974155426025
9.180901527404785
5.307651042938232
-1.0142388343811035
-2.572192668914795
4.110353469848633
6.27971887588501
-4.8807525634765625
-9.423319816589355
-8.631404876708984
1.850529432296753
2.663694381713867
-5.3054585456848145
8.809366226196289
5.577178001403809
-2.3794705867767334
-2.8748722076416016
3.8358559608459473
6.047780990600586
-5.409541130065918
-9.921491622924805
-8.009482383728027
1.7302680015563965
3.9406073093414307
-5.479991436004639
8.383418083190918
5.858185768127441
-3.6910524368286133
-3.263155460357666
3.5494697093963623
5.813828945159912
-5.886809825897217
-10.410538673400879
-7.311257362365723
1.583617091178894
5.1130170822143555
-5.610411643981934
7.907900810241699
6.1435017585754395
-4.931987762451172
-3.74214243888855
3.2560853958129883
5.574252605438232
-6.312002182006836
-10.885952949523926
-6.5437493324279785
1.4165955781936646
6.1515398025512695
-5.6876959800720215
7.3856048583984375
6.422874450683594
-6.086928367614746
-4.310136318206787
2.9596972465515137
5.325586795806885
-6.685977935791016
-11.345017433166504
-5.720273017883301
1.2381640672683716
7.042641639709473
-5.7089996337890625
6.819156169891357
6.685822486877441
-7.143177509307861
-4.962963104248047
2.661993980407715
5.065957546234131
-7.008460998535156
-11.784648895263672
-4.853227615356445
1.0558464527130127
7.773120880126953
-5.669870853424072
6.216343402862549
6.923346519470215
-8.088995933532715
-5.694506645202637
2.3639442920684814
4.794447898864746
-7.2779436111450195
-12.203001976013184
-3.9523544311523438
0.8782408237457275
8.323892593383789
-5.570857524871826
5.586684703826904
7.128015995025635
-8.916299819946289
-6.497363090515137
2.0675384998321533
4.510767936706543
-7.491456985473633
-12.59643268585205
-3.025764226913452
0.7153085470199585
8.672235488891602
-5.419392108917236
4.940217018127441
7.294272422790527
-9.618002891540527
-7.362364768981934
1.7747758626937866
4.215538024902344
-7.646694660186768
-12.962316513061523
-2.093916177749634
0.5769028663635254
8.835463523864746
-5.221982002258301
4.2863874435424805
7.415755271911621
-10.191388130187988
-8.277541160583496
1.487316608428955
3.910702705383301
-7.7433013916015625
-13.302138328552246
-1.1717623472213745
0.47184768319129944
8.817967414855957
-4.98875093460083
3.634713888168335
7.486010551452637
-10.63818359375
-9.227334022521973
1.2079780101776123
3.599543333053589
-7.783287525177002
-13.621225357055664
-0.27291566133499146
0.4068109691143036
8.624299049377441
-4.729931354522705
2.993239402770996
7.498512268066406
-10.96379566192627
-10.1947603225708
0.9437918663024902
3.2886714935302734
-7.777273178100586
-13.937049865722656
0.5919377207756042
0.39078715443611145
8.253525733947754
-4.463826656341553
2.368405342102051
7.446456432342529
-11.175761222839355
-11.161409378051758
0.6977134943008423
2.9811642169952393
-7.731873035430908
-14.25992202758789
1.4112666845321655
0.43519431352615356
7.718571186065674
-4.220433712005615
1.767115831375122
7.326815605163574
-11.283524513244629
-12.113964080810547
0.4716876149177551
2.677445650100708
-7.653892517089844
-14.596835136413574
2.1661417484283447
0.5322836637496948
7.057384014129639
-3.9979407787323
1.1938648223876953
7.138566017150879
-11.29748249053955
-13.043926239013672
0.2647598087787628
2.3726465702056885
-7.551440238952637
-14.951006889343262
2.8475918769836426
0.6809325218200684
6.285950183868408
-3.8083252906799316
0.6526965498924255
6.879820823669434
-11.231256484985352
-13.948055267333984
0.0736529678106308
2.0571181774139404
-7.436933517456055
-15.322325706481934
3.4485080242156982
0.8802549242973328
5.421871185302734
-3.6659109592437744
0.144290030002594
6.5478997230529785
-11.105695724487305
-14.82490348815918
-0.10359713435173035
1.7242629528045654
-7.321127891540527
-15.709800720214844
3.961845874786377
1.1290957927703857
4.483421325683594
-3.5866360664367676
-0.3300088047981262
6.144061088562012
-10.945140838623047
-15.67505168914795
-0.2659780979156494
1.3754851818084717
-7.199793338775635
-16.11142349243164
4.381810188293457
1.4251148700714111
3.4917397499084473
-3.5914275646209717
-0.7672644257545471
5.678778648376465
-10.747801780700684
-16.49658203125
-0.4102294445037842
1.011056661605835
-7.063621997833252
-16.522064208984375
4.705249309539795
1.7642170190811157
2.4699292182922363
-3.697624683380127
-1.1624544858932495
5.162411689758301
-10.502035140991211
-17.288658142089844
-0.5321980118751526
0.6311908960342407
-6.910891056060791
-16.939456939697266
4.935381889343262
2.13577938079834
1.4252023696899414
-3.9101250171661377
-1.5123374462127686
4.601977825164795
-10.202784538269043
-18.048521041870117
-0.6289226412773132
0.23607707023620605
-6.74450159072876
-17.364948272705078
5.08133602142334
2.523829698562622
0.36173057556152344
-4.231066703796387
-1.8094720840454102
4.00480318069458
-9.852110862731934
-18.77629852294922
-0.6989554762840271
-0.17177492380142212
-6.567039966583252
-17.79851531982422
5.145817279815674
2.9190831184387207
-0.7079849243164062
-4.657887935638428
-2.0545365810394287
3.3751654624938965
-9.458065032958984
-19.471477508544922
-0.7427316308021545
-0.5894780158996582
-6.383560657501221
-18.240535736083984
5.131649017333984
3.3115756511688232
-1.7626081705093384
-5.194230556488037
-2.250990390777588
2.7170557975769043
-9.029006004333496
-20.133174896240234
-0.7632125020027161
-1.0138375759124756
-6.1979851722717285
-18.690095901489258
5.044220924377441
3.69262957572937
-2.7873177528381348
-5.841131687164307
-2.406291961669922
2.0340211391448975
-8.56440544128418
-20.756744384765625
-0.7657122611999512
-1.4425867795944214
-6.015432357788086
-19.14056396484375
4.889998435974121
4.054100036621094
-3.7735447883605957
-6.595861434936523
-2.525085926055908
1.330223798751831
-8.072583198547363
-21.344783782958984
-0.7547029852867126
-1.872133493423462
-5.84364128112793
-19.594528198242188
4.674442291259766
4.38918399810791
-4.710772514343262
-7.4577412605285645
-2.6111042499542236
0.6105507016181946
-7.564123630523682
-21.901029586791992
-0.7328961491584778
-2.2933781147003174
-5.696106433868408
-20.065902709960938
4.40264892578125
4.6923394203186035
-5.588927268981934
-8.4257230758667
-2.6668601036071777
-0.11440390348434448
-7.053869247436523
-22.443422317504883
-0.6903203129768372
-2.6771538257598877
-5.611523151397705
-20.61318016052246
4.081171989440918
4.958275318145752
-6.39886474609375
-9.498115539550781
-2.678474187850952
-0.8039894700050354
-6.590381145477295
-23.047958374023438
-0.6216810941696167
-3.0122804641723633
-5.614391803741455
-21.268095016479492
3.718043327331543
5.18308162689209
-7.134374618530273
-10.67086410522461
-2.628892660140991
-1.432344675064087
-6.231827259063721
-23.766759872436523
-0.5430242419242859
-3.317420721054077
-5.6762261390686035
-22.013647079467773
3.323192596435547
5.365386962890625
-7.793790340423584
-11.940134048461914
-2.542145252227783
-2.03292179107666
-5.939065456390381
-24.561203002929688
-0.46377524733543396
-3.603553533554077
-5.7781291007995605
-22.8425235748291
2.907402276992798
5.505739688873291
-8.379276275634766
-13.30417537689209
-2.431262493133545
-2.615541458129883
-5.692461013793945
-25.42214584350586
-0.3898746371269226
-3.8800413608551025
-5.904756546020508
-23.750722885131836
2.4793660640716553
5.603452205657959
-8.893932342529297
-14.7623872756958
-2.3043391704559326
-3.1842024326324463
-5.481186866760254
-26.349641799926758
-0.32451772689819336
-4.151496410369873
-6.045027732849121
-24.740917205810547
2.046543836593628
5.657052516937256
-9.342422485351562
-16.3145694732666
-2.1658191680908203
-3.7381715774536133
-5.299985408782959
-27.351016998291016
-0.2692880630493164
-4.420062065124512
-6.190155506134033
-25.819873809814453
1.6154439449310303
5.665350437164307
-9.730867385864258
-17.960525512695312
-2.018522024154663
-4.274654388427734
-5.144984245300293
-28.437816619873047
-0.22486072778701782
-4.6868157386779785
-6.33231782913208
-26.997007369995117
1.191514492034912
5.6264214515686035
-10.064693450927734
-19.699621200561523
-1.8646632432937622
-4.790156364440918
-5.012248516082764
-29.626089096069336
-0.19121703505516052
-4.955927848815918
-6.463428497314453
-28.278942108154297
0.7794060707092285
5.538595676422119
-10.350011825561523
-21.532209396362305
