2
3
3.455876588821411
8.284014701843262
6.974784851074219
-1.0148298740386963
-3.07098650932312
4.977380752563477
6.738948345184326
5.649688243865967
-2.3970353603363037
5.840029239654541
-1.668021321296692
-4.226616859436035
3.384316921234131
8.156234741210938
6.79695463180542
-1.2846262454986572
-2.8005521297454834
5.159582614898682
7.215162754058838
5.996647834777832
-2.3200058937072754
5.766750812530518
-1.5128084421157837
-4.371462821960449
3.3172078132629395
8.028108596801758
6.634040355682373
-1.5517017841339111
-2.530550718307495
5.337763786315918
7.690950393676758
6.335257053375244
-2.2401623725891113
5.692390441894531
-1.3484394550323486
-4.515414714813232
3.254842519760132
7.899469375610352
6.486294269561768
-1.8164112567901611
-2.260617971420288
5.512011528015137
8.166708946228027
6.665496826171875
-2.1573598384857178
5.616703987121582
-1.174717903137207
-4.658928871154785
3.197516918182373
7.770147800445557
6.353978633880615
-2.0791139602661133
-1.9895694255828857
5.683004379272461
8.642868995666504
6.987508773803711
-2.071410894393921
5.539506435394287
-0.9913380146026611
-4.802313327789307
3.145545721054077
7.639980792999268
6.237407684326172
-2.340153217315674
-1.7171969413757324
5.850642204284668
9.119072914123535
7.300664901733398
-1.9821549654006958
5.460870265960693
-0.7981811761856079
-4.945524215698242
3.0992884635925293
7.50878381729126
6.13699197769165
-2.599912405014038
-1.4434473514556885
6.014612674713135
9.594910621643066
7.604183197021484
-1.8894184827804565
5.38089656829834
-0.5951159000396729
-5.088499546051025
3.0591416358947754
7.376360893249512
6.053238868713379
-2.858826160430908
-1.1678807735443115
6.174915790557861
10.070662498474121
7.897769451141357
-1.7929134368896484
5.299492835998535
-0.38172808289527893
-5.231450080871582
3.0256550312042236
7.242452621459961
5.986944198608398
-3.1174123287200928
-0.8900842070579529
6.331527233123779
10.546592712402344
8.181068420410156
-1.6923246383666992
5.216577529907227
-0.15752965211868286
-5.374551773071289
2.9993085861206055
7.106823444366455
5.938790798187256
-3.3761518001556396
-0.6097098588943481
6.484317779541016
11.022841453552246
8.453496932983398
-1.5873034000396729
5.132035255432129
0.0779033899307251
-5.518162727355957
2.980212926864624
6.969277381896973
5.9091877937316895
-3.635450839996338
-0.3263680338859558
6.63313627243042
11.499728202819824
8.714659690856934
-1.477485179901123
5.045820713043213
0.3250572085380554
-5.662470817565918
2.9686357975006104
6.829715728759766
5.898556709289551
-3.895646333694458
-0.03977292776107788
6.777736663818359
11.977532386779785
8.964073181152344
-1.3624881505966187
4.95781135559082
0.5844876766204834
-5.807796478271484
2.9648749828338623
6.687972545623779
5.907251834869385
-4.15707540512085
0.2502909004688263
6.917859077453613
12.45644760131836
9.201173782348633
-1.241955280303955
4.867863178253174
0.8567579984664917
-5.954477310180664
2.969264507293701
6.543842792510986
5.935743808746338
-4.420161247253418
0.543936014175415
7.053196430206299
12.936541557312012
9.425261497497559
-1.115433931350708
4.775923252105713
1.1424202919006348
-6.102779865264893
2.9821088314056396
6.397148609161377
5.984564304351807
-4.685345649719238
0.8409639596939087
7.1832804679870605
13.417928695678711
9.635619163513184
-0.9825132489204407
4.681797504425049
1.4420907497406006
-6.253227233886719
3.003696918487549
6.2477521896362305
6.054226875305176
-4.95306921005249
1.1412923336029053
7.307677268981934
13.900715827941895
9.831411361694336
-0.8429205417633057
4.585191249847412
1.7564200162887573
-6.406323432922363
3.0344343185424805
6.095439910888672
6.145328521728516
-5.223873615264893
1.4449958801269531
7.426024913787842
14.384954452514648
10.011906623840332
-0.6963422298431396
4.485842704772949
2.0860681533813477
-6.562572956085205
3.074712038040161
5.939972877502441
6.258392333984375
-5.49826192855835
1.7521113157272339
7.537883758544922
14.870506286621094
10.17613697052002
-0.5424491763114929
4.383490085601807
2.4317257404327393
-6.72245454788208
3.125016689300537
5.781017303466797
6.3943939208984375
-5.776967525482178
2.062723398208618
7.642878532409668
15.357443809509277
10.323378562927246
-0.3809608221054077
4.2777419090271
2.794180154800415
-6.886566638946533
3.185744524002075
5.618314743041992
6.553947448730469
-6.060400009155273
2.3769261837005615
7.740592002868652
15.845963478088379
10.452872276306152
-0.21156242489814758
4.168139934539795
3.1742923259735107
-7.055643081665039
3.257483720779419
5.451422214508057
6.737888813018799
-6.349264621734619
2.694790840148926
7.830626964569092
16.336410522460938
10.563974380493164
-0.03383129835128784
4.054276466369629
3.572949171066284
-7.230499744415283
3.340651512145996
5.2799458503723145
6.946961402893066
-6.644200325012207
3.016450881958008
7.912573337554932
16.828920364379883
10.655769348144531
0.1526539921760559
3.9357402324676514
3.9910924434661865
-7.411896705627441
3.4356584548950195
5.1035003662109375
7.181876182556152
-6.9459028244018555
3.3422818183898926
7.98619270324707
17.323915481567383
10.72758674621582
0.3483251631259918
3.8121278285980225
4.429691314697266
-7.600538730621338
3.542910575866699
4.921657562255859
7.443465709686279
-7.255133152008057
3.6721673011779785
8.050955772399902
17.82225227355957
10.779073715209961
0.5536370277404785
3.683032989501953
4.889759540557861
-7.797135829925537
3.662803888320923
4.733949661254883
7.732569217681885
-7.572747707366943
4.0063323974609375
8.106496810913086
18.324296951293945
10.809426307678223
0.7690552473068237
3.548079490661621
5.372324466705322
-8.002317428588867
3.7957420349121094
4.539851188659668
8.05007266998291
-7.899750232696533
4.345346450805664
8.1526460647583
18.83056640625
10.81792163848877
0.995144248008728
3.406931161880493
5.878446102142334
-8.216938018798828
3.942199230194092
4.338817119598389
8.396997451782227
-8.237140655517578
4.6893486976623535
8.188958168029785
19.34218406677246
10.804226875305176
1.232408881187439
3.2591071128845215
6.409258842468262
-8.441822052001953
4.10267448425293
4.130285263061523
8.774499893188477
-8.585946083068848
5.038655757904053
8.215071678161621
19.860544204711914
10.768207550048828
1.4813876152038574
3.1041064262390137
6.965958595275879
-8.67785930633545
4.277702808380127
3.91367506980896
9.183806419372559
-8.947245597839355
5.393726825714111
8.230670928955078
20.38677406311035
10.709436416625977
1.7426447868347168
2.9413843154907227
7.549816131591797
-8.926034927368164
4.467864990234375
3.688465118408203
9.626153945922852
-9.322016716003418
5.755006313323975
8.235424041748047
20.92207908630371
10.627443313598633
2.0168042182922363
2.770303964614868
8.162262916564941
-9.187614440917969
4.673746585845947
3.453993558883667
10.102943420410156
-9.711481094360352
6.123002052307129
8.228967666625977
21.46772003173828
10.521684646606445
2.3045296669006348
2.5901877880096436
8.804844856262207
-9.463951110839844
4.895972728729248
3.209566593170166
10.615663528442383
-10.116925239562988
6.4982686042785645
8.21092700958252
22.025087356567383
10.391616821289062
2.6064891815185547
2.400397539138794
9.479105949401855
-9.756226539611816
5.135219573974609
2.954430341720581
11.165942192077637
-10.539775848388672
6.881423473358154
8.180923461914062
22.595748901367188
10.236720085144043
2.9234378337860107
2.200179100036621
10.186771392822266
-10.065933227539062
5.3921217918396
2.6878609657287598
11.755349159240723
-10.98147964477539
7.2730536460876465
8.138506889343262
23.18117904663086
10.056297302246094
3.256134510040283
1.9887982606887817
10.92961311340332
-10.394493103027344
5.6674017906188965
2.40905499458313
12.38564682006836
-11.443612098693848
7.673805236816406
8.083219528198242
23.78302574157715
9.84965991973877
3.6054368019104004
1.7649571895599365
11.709816932678223
-10.743680953979492
5.961864471435547
2.1171298027038574
13.058775901794434
-11.927888870239258
8.084375381469727
8.014555931091309
24.402978897094727
9.616007804870605
3.9722323417663574
1.527769923210144
12.529385566711426
-11.115096092224121
6.276360988616943
1.8111791610717773
13.776782035827637
-12.436073303222656
8.505799293518066
7.932065963745117
25.043254852294922
9.354769706726074
4.3574748039245605
1.2763550281524658
13.39044189453125
-11.510395050048828
6.611789226531982
1.490243911743164
14.541826248168945
-12.97003173828125
8.939043045043945
7.8352131843566895
25.705951690673828
9.065098762512207
4.762186527252197
1.009749174118042
14.29527473449707
-11.931398391723633
6.969119548797607
1.153293490409851
15.356236457824707
-13.53178596496582
9.38498592376709
7.723396301269531
26.39309310913086
8.74600887298584
5.1874566078186035
0.7269353866577148
15.246313095092773
-12.380044937133789
7.349381923675537
0.7992540597915649
16.22247314453125
-14.12342357635498
9.844557762145996
7.595973968505859
27.106807708740234
8.396439552307129
5.634435176849365
0.4268531799316406
16.24612045288086
-12.85837173461914
