2
3
-4.660841464996338
-6.915383815765381
7.543868541717529
3.1821253299713135
7.246767044067383
-2.2027711868286133
-3.256783962249756
9.329010009765625
9.711763381958008
-2.794581890106201
4.438449859619141
2.1068286895751953
-3.7966535091400146
-7.12204647064209
8.487747192382812
3.6295888423919678
6.722158432006836
-1.6393309831619263
-3.782827377319336
9.05130672454834
9.69081974029541
-2.9086649417877197
3.5517358779907227
2.1992905139923096
-2.8786683082580566
-7.3018293380737305
9.231678009033203
4.140688896179199
6.1816205978393555
-1.1135339736938477
-4.177736759185791
8.66884994506836
9.630819320678711
-2.997962474822998
2.663468837738037
2.3090925216674805
-1.9265416860580444
-7.445268630981445
9.777063369750977
4.714376926422119
5.636972427368164
-0.6376529932022095
-4.439391613006592
8.197134017944336
9.530461311340332
-3.0628416538238525
1.7900137901306152
2.4295876026153564
-0.9564915299415588
-7.543524265289307
10.122539520263672
5.343782424926758
5.100772380828857
-0.22041070461273193
-4.56491756439209
7.652355194091797
9.387372016906738
-3.1049981117248535
0.947064995765686
2.5563013553619385
0.01690572500228882
-7.588798522949219
10.268291473388672
6.018828868865967
4.586295127868652
0.13214784860610962
-4.553317546844482
7.053305149078369
9.198931694030762
-3.1261308193206787
0.15123498439788818
2.6859779357910156
0.9805572628974915
-7.571310043334961
10.220056533813477
6.721456527709961
4.1055097579956055
0.4138224124908447
-4.407033443450928
6.419130802154541
8.962689399719238
-3.127469778060913
-0.5772377252578735
2.8183891773223877
1.916283130645752
-7.479086399078369
10.01200008392334
7.425830364227295
3.668830633163452
0.6207714080810547
-4.133147716522217
5.768438339233398
8.674275398254395
-3.1082794666290283
-1.2140568494796753
2.9506032466888428
2.8123908042907715
-7.307633876800537
9.666029930114746
8.110481262207031
3.28974986076355
0.7514617443084717
-3.7492516040802
5.1232805252075195
8.334660530090332
-3.071084976196289
-1.742335557937622
3.0804736614227295
3.6640501022338867
-7.0549235343933105
9.190711975097656
8.753168106079102
2.979337692260742
0.8050532937049866
-3.2770822048187256
4.505181789398193
7.9557881355285645
-3.0211923122406006
-2.156902551651001
3.2097971439361572
4.466318130493164
-6.7244415283203125
8.593775749206543
9.343477249145508
2.7421531677246094
0.7826950550079346
-2.7375006675720215
3.930595874786377
7.555731773376465
-2.966383457183838
-2.4654459953308105
3.346707820892334
5.215477466583252
-6.321700096130371
7.881390571594238
9.87196159362793
2.5824785232543945
0.6875115036964417
-2.1552367210388184
3.418832540512085
7.153497219085693
-2.9109816551208496
-2.685849905014038
3.499258518218994
5.905527114868164
-5.852921962738037
7.062132835388184
10.331210136413574
2.499777317047119
0.5244249701499939
-1.5678398609161377
2.992347478866577
6.7604660987854
-2.858764171600342
-2.8361151218414307
3.6773927211761475
6.52780818939209
-5.324480056762695
6.148176670074463
10.715033531188965
2.4899463653564453
0.30172955989837646
-1.0033323764801025
2.6672098636627197
6.3865838050842285
-2.812392473220825
-2.9486804008483887
3.8968658447265625
7.068587779998779
-4.740267753601074
5.1657233238220215
11.013544082641602
2.5422022342681885
0.03250637650489807
-0.4528968930244446
2.4403164386749268
6.035547256469727
-2.7695858478546143
-3.0346598625183105
4.160951614379883
7.515814781188965
-4.117637634277344
4.159348964691162
11.237460136413574
2.6482133865356445
-0.2740718722343445
0.08989143371582031
2.3091156482696533
5.707035541534424
-2.7243096828460693
-3.0734236240386963
4.458227157592773
7.8709025382995605
-3.4798202514648438
3.1498889923095703
11.405577659606934
2.8037288188934326
-0.6120622158050537
0.614263653755188
2.275393009185791
5.402640342712402
-2.6749541759490967
-3.054499864578247
4.779581546783447
8.132607460021973
-2.8391594886779785
2.164983034133911
11.523003578186035
3.003945827484131
-0.9720135927200317
1.1088535785675049
2.342106342315674
5.125644207000732
-2.622237205505371
-2.978158950805664
5.119662761688232
8.29749870300293
-2.203026294708252
1.2333687543869019
11.585369110107422
3.2440032958984375
-1.3447864055633545
1.5641223192214966
2.510737180709839
4.880012512207031
-2.5662074089050293
-2.846820831298828
5.47351598739624
8.36604118347168
-1.577669620513916
0.38059890270233154
11.590669631958008
3.5203046798706055
-1.7213906049728394
1.9661765098571777
2.782637357711792
4.671602725982666
-2.5069541931152344
-2.6680307388305664
5.837055683135986
8.345477104187012
-0.9711350202560425
-0.3769460916519165
11.538962364196777
3.829432249069214
-2.091238260269165
2.2964444160461426
3.157346248626709
4.503863334655762
-2.4431889057159424
-2.4536330699920654
6.208625316619873
8.247535705566406
-0.39349812269210815
-1.0292272567749023
11.438638687133789
4.168146133422852
-2.4401140213012695
2.529787063598633
3.6270198822021484
4.377856254577637
-2.370619773864746
-2.2198758125305176
6.58482551574707
8.084774017333984
0.1478327512741089
-1.5689254999160767
11.29666805267334
4.5320725440979
-2.7494516372680664
2.6366209983825684
4.1697187423706055
4.292327880859375
-2.283478260040283
-1.982702374458313
6.96007776260376
7.873263835906982
0.6430734395980835
-1.9972705841064453
11.122915267944336
4.910953998565674
-3.002619504928589
2.6045243740081787
4.763710021972656
4.243888854980469
-2.1774404048919678
-1.7531986236572266
7.3292999267578125
7.6286091804504395
1.0882350206375122
-2.3205788135528564
10.923782348632812
5.288643836975098
-3.1932942867279053
2.4460806846618652
5.400359630584717
4.227093696594238
-2.054527759552002
-1.5337692499160767
7.69464111328125
7.364372253417969
1.47821044921875
-2.548487663269043
10.71534252166748
5.6475830078125
-3.321500062942505
2.1839680671691895
6.078833103179932
4.237098693847656
-1.9202251434326172
-1.3269399404525757
8.06561279296875
7.092589378356934
1.8109346628189087
-2.6953072547912598
10.51232624053955
5.9758195877075195
-3.3826868534088135
1.8355196714401245
6.786741733551025
4.270936489105225
-1.7764661312103271
-1.14381742477417
8.44965648651123
6.82468843460083
2.088273525238037
-2.780231475830078
10.32654857635498
6.263652324676514
-3.375020742416382
1.4210116863250732
7.513733863830566
4.328589916229248
-1.6235319375991821
-1.0011663436889648
8.851282119750977
6.570833683013916
2.314218521118164
-2.8246772289276123
10.168181419372559
6.504385948181152
-3.3008880615234375
0.9614834189414978
8.253979682922363
4.409304141998291
-1.460931420326233
-0.9158661365509033
9.274600982666016
6.337665557861328
2.493849992752075
-2.8486874103546143
10.050806045532227
6.6948957443237305
-3.1634984016418457
0.4756408929824829
9.001670837402344
4.507328033447266
-1.286057710647583
-0.8899914622306824
9.718618392944336
6.129880905151367
2.6326229572296143
-2.8720273971557617
9.987654685974121
6.8349103927612305
-2.966618061065674
-0.021332621574401855
9.751656532287598
4.616722583770752
-1.0956435203552246
-0.9210488796234131
10.179265975952148
5.948885917663574
2.736741304397583
-2.901181936264038
9.977893829345703
6.927083492279053
-2.714754581451416
-0.5196334719657898
10.498409271240234
4.733160018920898
-0.8883302211761475
-1.0061702728271484
10.654550552368164
5.794139862060547
2.812429904937744
-2.936554431915283
10.020587921142578
6.976376533508301
-2.4133424758911133
-1.0140581130981445
11.23696517944336
4.852247714996338
-0.6639471650123596
-1.136626958847046
11.140016555786133
5.665704250335693
2.8650925159454346
-2.983457326889038
10.119331359863281
6.988853454589844
-2.0689542293548584
-1.502447485923767
11.96528434753418
4.972099781036377
-0.4233105182647705
-1.3077045679092407
11.633309364318848
5.5624003410339355
2.8992652893066406
-3.044463872909546
10.276590347290039
6.971773624420166
-1.688273549079895
-1.9884775876998901
12.683570861816406
5.091932773590088
-0.16792738437652588
-1.5204497575759888
12.136529922485352
5.48256778717041
2.9195034503936768
-3.125025987625122
10.497601509094238
6.930050849914551
-1.2772059440612793
-2.472604513168335
13.390386581420898
5.209693908691406
0.10107281804084778
-1.7737921476364136
12.651487350463867
5.423466682434082
2.930647611618042
-3.2299184799194336
10.786378860473633
6.8671793937683105
-0.8401769399642944
-2.95428204536438
14.085088729858398
5.322983741760254
0.383504718542099
-2.0671370029449463
13.180476188659668
5.381877422332764
2.9370033740997314
-3.3626060485839844
11.144804000854492
6.7860612869262695
-0.38101381063461304
-3.4333410263061523
14.768198013305664
5.429149150848389
0.6794726848602295
-2.3998541831970215
13.72568130493164
5.354409694671631
2.943634271621704
-3.5260891914367676
11.574752807617188
6.689095973968506
0.09681853652000427
-3.909273624420166
15.440193176269531
5.5253586769104
0.9887347221374512
-2.7693097591400146
14.288830757141113
5.338064670562744
2.955707311630249
-3.7245311737060547
12.077966690063477
6.578570365905762
0.5899713039398193
-4.3829240798950195
16.102386474609375
5.609419822692871
1.3114510774612427
-3.174722671508789
14.872385025024414
