2
3
-1.9754796028137207
-8.495925903320312
4.348141670227051
-4.027663230895996
6.967832565307617
-5.6840739250183105
-7.828387260437012
-4.533119201660156
3.711235761642456
-9.273030281066895
3.6964328289031982
-7.15074348449707
-1.3932123184204102
-8.619560241699219
4.974376678466797
-4.232976913452148
6.253605842590332
-5.623987674713135
-8.418383598327637
-4.93585205078125
3.9994726181030273
-9.516807556152344
3.6473100185394287
-7.0469069480896
-0.7749749422073364
-8.761884689331055
5.469432353973389
-4.403480529785156
5.53103494644165
-5.584775447845459
-8.899065017700195
-5.3779730796813965
4.2688212394714355
-9.720964431762695
3.55464768409729
-6.932346343994141
-0.13227581977844238
-8.91405963897705
5.830024719238281
-4.5408477783203125
4.808050155639648
-5.568537712097168
-9.262327194213867
-5.858231544494629
4.520456314086914
-9.889753341674805
3.416193723678589
-6.808727264404297
0.5260860323905945
-9.067771911621094
6.046489715576172
-4.649351119995117
4.092684268951416
-5.57790994644165
-9.503101348876953
-6.374204635620117
4.753493785858154
-10.026062965393066
3.2323033809661865
-6.680702209472656
1.1889734268188477
-9.215888977050781
6.116434574127197
-4.734193801879883
3.393371343612671
-5.616196632385254
-9.619285583496094
-6.922396659851074
4.965760231018066
-10.13227653503418
3.0050013065338135
-6.553790092468262
1.844569206237793
-9.352790832519531
6.043334484100342
-4.800889015197754
2.718916177749634
-5.6861572265625
-9.611934661865234
-7.499181747436523
5.155430316925049
-10.210994720458984
2.737968921661377
-6.433459758758545
2.4822001457214355
-9.473247528076172
5.832267761230469
-4.857615947723389
2.0784401893615723
-5.790589332580566
-9.483061790466309
-8.100199699401855
5.322267055511475
-10.264127731323242
2.4365851879119873
-6.324219703674316
3.091043710708618
-9.57266902923584
5.493351936340332
-4.913631439208984
1.480422019958496
-5.931674480438232
-9.238052368164062
-8.72063159942627
5.465021133422852
-10.293953895568848
2.1048192977905273
-6.230918884277344
3.659356117248535
-9.645503997802734
5.048020362854004
-4.979828834533691
0.9325593113899231
-6.1119914054870605
-8.88455867767334
-9.354652404785156
5.581876277923584
-10.303064346313477
1.7460588216781616
-6.157990455627441
4.177182197570801
-9.689473152160645
4.515883445739746
-5.067004203796387
0.44186413288116455
-6.334221363067627
-8.432012557983398
-9.996126174926758
5.671592712402344
-10.293122291564941
1.3636852502822876
-6.113453388214111
4.636734485626221
-9.704286575317383
3.9147255420684814
-5.185104846954346
0.013188034296035767
-6.60188102722168
-7.892538547515869
-10.637513160705566
5.7320451736450195
-10.266047477722168
0.9634131789207458
-6.105224132537842
5.031157493591309
-9.69035816192627
3.2652587890625
-5.345468521118164
-0.3515940308570862
-6.9188971519470215
-7.286771774291992
-11.271717071533203
5.761259078979492
-10.223481178283691
0.5527489185333252
-6.143719673156738
5.354800701141357
-9.649733543395996
2.592778205871582
-5.561368942260742
-0.6511508822441101
-7.286896705627441
-6.636516094207764
-11.892345428466797
5.759399890899658
-10.167145729064941
0.1353665590286255
-6.240555763244629
5.604196548461914
-9.58487319946289
1.913944959640503
-5.840486526489258
-0.8823091983795166
-7.700967311859131
-5.947751045227051
-12.49347972869873
5.729375839233398
-10.09677505493164
-0.2935105264186859
-6.405546188354492
5.777402877807617
-9.496747016906738
1.2356196641921997
-6.186225891113281
-1.0407710075378418
-8.154220581054688
-5.217508316040039
-13.067120552062988
5.674370765686035
-10.008617401123047
-0.7554373145103455
-6.640390396118164
5.876397609710693
-9.389193534851074
0.5802167654037476
-6.602538585662842
-1.1266244649887085
-8.643335342407227
-4.453690528869629
-13.604588508605957
5.596445083618164
-9.904960632324219
-1.2437502145767212
-6.947619915008545
5.913963794708252
-9.27625560760498
-0.053800761699676514
-7.0793046951293945
-1.1448204517364502
-9.16450309753418
-3.66780948638916
-14.101177215576172
5.4945268630981445
-9.792811393737793
-1.7427866458892822
-7.324765205383301
5.898494243621826
-9.167889595031738
-0.6652966141700745
-7.608462333679199
-1.100019931793213
-9.710468292236328
-2.8741941452026367
-14.555986404418945
5.364998817443848
-9.679190635681152
-2.231266736984253
-7.767233848571777
5.834005355834961
-9.070724487304688
-1.2414231300354004
-8.18930721282959
-0.9928081631660461
-10.267333984375
-2.0993707180023193
-14.983803749084473
5.205739974975586
-9.570650100708008
-2.687941074371338
-8.273271560668945
5.724295616149902
-8.989238739013672
-1.7693359851837158
-8.821224212646484
-0.8216100931167603
-10.817923545837402
-1.375924825668335
-15.406463623046875
5.017763614654541
-9.470440864562988
-3.1026387214660645
-8.843998908996582
5.57432222366333
-8.926862716674805
-2.2389299869537354
-9.503396987915039
-0.5952901840209961
-11.362082481384277
-0.7080150842666626
-15.819085121154785
4.80372428894043
-9.381498336791992
-3.4687881469726562
-9.480692863464355
5.388327121734619
-8.884937286376953
-2.6467723846435547
-10.236311912536621
-0.3239869773387909
-11.898958206176758
-0.09566116333007812
-16.218294143676758
4.568353652954102
-9.30809497833252
-3.7791688442230225
-10.1836519241333
5.172614574432373
-8.866395950317383
-2.9900588989257812
-11.021042823791504
-0.01762959361076355
-12.426064491271973
0.4594167470932007
-16.605751037597656
4.316856384277344
-9.254672050476074
-4.028095722198486
-10.950456619262695
4.93372106552124
-8.874465942382812
-3.2663166522979736
-11.855199813842773
0.31543439626693726
-12.938446998596191
0.9526427984237671
-16.98781394958496
4.053243637084961
-9.227180480957031
-4.210213661193848
-11.775552749633789
4.677626609802246
-8.91592025756836
-3.4706504344940186
-12.730183601379395
0.6679399013519287
-13.432108879089355
1.3780887126922607
-17.369770050048828
3.7814197540283203
-9.23337459564209
-4.319878101348877
-12.648733139038086
4.412503242492676
-8.997864723205566
-3.6012065410614014
-13.636520385742188
1.0363259315490723
-13.903975486755371
1.7283313274383545
-17.761295318603516
3.5081615447998047
-9.282316207885742
-4.3542680740356445
-13.55688762664795
4.145761966705322
-9.11983871459961
-3.659062385559082
-14.576541900634766
1.413858413696289
-14.349562644958496
2.001631259918213
-18.17479133605957
3.240372657775879
-9.373946189880371
-4.315203666687012
-14.501598358154297
3.8835761547088623
-9.280373573303223
-3.6468658447265625
-15.55616569519043
1.7922937870025635
-14.764582633972168
2.2023887634277344
-18.624927520751953
2.984069347381592
-9.506771087646484
-4.206790924072266
-15.488126754760742
3.630950927734375
-9.478028297424316
-3.5678091049194336
-16.581417083740234
2.1638221740722656
-15.147573471069336
2.3398776054382324
-19.1254825592041
2.7439534664154053
-9.678836822509766
-4.033743858337402
-16.522668838500977
3.3917551040649414
-9.711408615112305
-3.424635171890259
-17.658180236816406
2.520979166030884
-15.496550559997559
2.4277403354644775
-19.694944381713867
2.523170232772827
-9.887775421142578
-3.7996411323547363
-17.611827850341797
3.1687846183776855
-9.97895622253418
-3.219481945037842
-18.791475296020508
2.854001045227051
-15.811002731323242
2.4956533908843994
-20.35927391052246
2.32415509223938
-10.132624626159668
-3.507506847381592
-18.759868621826172
2.964085578918457
-10.279497146606445
-2.9541587829589844
-19.986392974853516
3.1579012870788574
-16.094383239746094
2.565232515335083
-21.136655807495117
2.1483237743377686
-10.412066459655762
-3.16001033782959
-19.97222900390625
2.7791895866394043
-10.611536979675293
-2.630222797393799
-21.249364852905273
3.430981159210205
-16.352733612060547
2.653021812438965
-22.039791107177734
1.9965300559997559
-10.72514820098877
-2.759218215942383
-21.25531768798828
2.6153626441955566
-10.973503112792969
-2.248882293701172
-22.58826446533203
3.673408031463623
-16.59351348876953
2.7731547355651855
-23.077741622924805
1.8694077730178833
-11.0704984664917
-2.306403398513794
-22.616945266723633
2.473769187927246
-11.363551139831543
-1.8107061386108398
-24.011625289916992
3.887993574142456
-16.824142456054688
2.931302070617676
-24.25311851501465
1.767065167427063
-11.446829795837402
-1.8005775213241577
-24.06422996520996
2.3547496795654297
-11.780776023864746
-1.3128175735473633
-25.526958465576172
4.077311038970947
-17.051794052124023
3.133869171142578
-25.56636619567871
1.6897399425506592
-11.853178977966309
-1.2393293380737305
-25.60458755493164
2.259542465209961
-12.223965644836426
-0.7535015940666199
-27.142723083496094
4.244438171386719
-17.284181594848633
3.384385824203491
-27.012126922607422
1.638249397277832
-12.288716316223145
-0.6202091574668884
-27.245819091796875
2.1893954277038574
-12.692689895629883
-0.12959712743759155
-28.86704444885254
4.3923659324646
-17.526100158691406
3.69065523147583
-28.591432571411133
1.6134673357009888
-12.753570556640625
0.060458481311798096
-28.995189666748047
2.145240306854248
-13.187467575073242
0.5641900897026062
-30.70781707763672
4.524852275848389
-17.780702590942383
4.061652660369873
-30.307151794433594
1.6162770986557007
-13.248444557189941
0.8077701926231384
-30.858291625976562
