2
3
5.111778736114502
8.75674057006836
1.6356604099273682
4.683009624481201
3.0337610244750977
7.826073169708252
2.499134063720703
9.956594467163086
-6.071249485015869
6.897367477416992
0.14120608568191528
-9.364838600158691
4.901820182800293
8.836189270019531
1.1287572383880615
4.802666187286377
2.9580657482147217
8.064187049865723
2.2315313816070557
10.372720718383789
-5.701315879821777
6.668001174926758
0.9609206318855286
-9.76411247253418
4.692916393280029
8.913018226623535
0.6311326026916504
4.918673515319824
2.882559061050415
8.297492980957031
1.966065764427185
10.777783393859863
-5.335587501525879
6.439520359039307
1.773604154586792
-10.15488052368164
4.485217571258545
8.98670768737793
0.14303672313690186
5.03066873550415
2.8071649074554443
8.525588989257812
1.7027757167816162
11.17139720916748
-4.973061561584473
6.212256908416748
2.5805752277374268
-10.537372589111328
4.279096603393555
9.056818962097168
-0.3349703550338745
5.138500690460205
2.731600284576416
8.746971130371094
1.441877007484436
11.55262565612793
-4.61317253112793
5.986490249633789
3.3827877044677734
-10.912018775939941
4.0750532150268555
9.122956275939941
-0.8022450804710388
5.241753578186035
2.6560022830963135
8.960793495178223
1.1838736534118652
11.920652389526367
-4.255419731140137
5.761979579925537
4.181119918823242
-11.279593467712402
3.8736331462860107
9.184735298156738
-1.2581032514572144
5.340025424957275
2.5806379318237305
9.16634750366211
0.9295262098312378
12.274615287780762
-3.8996083736419678
5.537853240966797
4.976658821105957
-11.641590118408203
3.675346851348877
9.241957664489746
-1.70183527469635
5.433228492736816
2.5057780742645264
9.363171577453613
0.6795549392700195
12.614174842834473
-3.5453381538391113
5.3131608963012695
5.770704746246338
-11.999730110168457
3.4806265830993652
9.294260025024414
-2.133077621459961
5.520791530609131
2.4317221641540527
9.550898551940918
0.4347003996372223
12.939064979553223
-3.1918327808380127
5.087276935577393
6.564594268798828
-12.355618476867676
3.2899835109710693
9.34143352508545
-2.5513815879821777
5.602410316467285
2.3588006496429443
9.729043960571289
0.19571931660175323
13.248857498168945
-2.8383703231811523
4.859668254852295
7.359765529632568
-12.710421562194824
3.1038451194763184
9.383275032043457
-2.9563210010528564
5.6777777671813965
2.2873384952545166
9.89721393585205
-0.03668627142906189
13.54311466217041
-2.4841384887695312
4.629500389099121
8.157759666442871
-13.065971374511719
2.9225821495056152
9.41954231262207
-3.3475148677825928
5.7465033531188965
2.2176878452301025
10.055112838745117
-0.2617400288581848
13.821521759033203
-2.128340482711792
4.396062850952148
8.960171699523926
-13.423720359802246
2.7465949058532715
9.450031280517578
-3.7246365547180176
5.808077812194824
2.1501753330230713
10.202630043029785
-0.4786108434200287
14.08404541015625
-1.7701359987258911
4.158447742462158
9.768689155578613
-13.78548812866211
2.576314687728882
9.47465705871582
-4.087380409240723
5.86198091506958
2.0852153301239014
10.339492797851562
-0.6864453554153442
14.330207824707031
-1.4087108373641968
3.915954351425171
10.585027694702148
-14.152785301208496
2.4120585918426514
9.493110656738281
-4.435257434844971
5.907665252685547
2.023252248764038
10.465468406677246
-0.8843426704406738
14.559513092041016
-1.043255090713501
3.667961597442627
11.410877227783203
-14.526930809020996
2.254161834716797
9.505030632019043
-4.767734527587891
5.944410800933838
1.9647231101989746
10.58035945892334
-1.0714941024780273
14.77146053314209
-0.6729472279548645
3.413821220397949
12.247971534729004
-14.909310340881348
2.102999210357666
9.510102272033691
-5.084225177764893
5.971558094024658
1.9100922346115112
10.683943748474121
-1.247009038925171
14.96548080444336
-0.29701006412506104
3.1530325412750244
13.09790325164795
-15.301040649414062
1.9589331150054932
9.507974624633789
-5.384174823760986
5.9883928298950195
1.8597917556762695
10.775849342346191
-1.409969687461853
15.14069938659668
0.08545941114425659
2.884989023208618
13.962596893310547
-15.703923225402832
1.8223538398742676
9.498126983642578
-5.666825294494629
5.993875980377197
1.8142751455307007
10.855754852294922
-1.5593595504760742
15.29636001586914
0.4751649796962738
2.6094987392425537
14.843352317810059
-16.1186580657959
1.6936837434768677
9.480049133300781
-5.931325912475586
5.986928462982178
1.774071455001831
10.92343807220459
-1.694116234779358
15.431816101074219
0.872789740562439
2.3262104988098145
15.741570472717285
-16.546180725097656
1.573387861251831
9.453237533569336
-6.176780700683594
5.966486930847168
1.73969304561615
10.978588104248047
-1.8131836652755737
15.546374320983887
1.2790837287902832
2.0345957279205322
16.658910751342773
-16.987882614135742
1.4619581699371338
9.417214393615723
-6.402205467224121
5.931498050689697
1.7117054462432861
11.020967483520508
-1.915414810180664
15.639348983764648
1.6948469877243042
1.734013319015503
17.597152709960938
-17.445337295532227
1.3598679304122925
9.371560096740723
-6.606612205505371
5.881042957305908
1.69069504737854
11.050344467163086
-1.9996273517608643
15.710063934326172
2.1210410594940186
1.4234917163848877
18.558544158935547
-17.920780181884766
1.2676780223846436
9.31582260131836
-6.788848876953125
5.814101219177246
1.677268147468567
11.066454887390137
-2.064584970474243
15.757786750793457
2.558669090270996
1.1020863056182861
19.545358657836914
-18.41639518737793
1.186031460762024
9.24937915802002
-6.947502136230469
5.729258060455322
1.6720377206802368
11.069026947021484
-2.1090245246887207
15.781759262084961
3.0087320804595947
0.7689052224159241
20.55984115600586
-18.934232711791992
1.1155359745025635
9.17160701751709
-7.081090450286865
5.625168800354004
1.6756123304367065
11.057778358459473
-2.131669282913208
15.781197547912598
3.4722506999969482
0.42302459478378296
21.604320526123047
-19.47643280029297
1.0568184852600098
9.081965446472168
-7.188080310821533
5.500695705413818
1.6886109113693237
11.032376289367676
-2.131186008453369
15.755207061767578
3.9503231048583984
0.06343695521354675
22.681299209594727
-20.045330047607422
1.0105290412902832
8.979941368103027
-7.266959190368652
5.354720115661621
1.7116682529449463
10.992403030395508
-2.1061553955078125
15.702713966369629
4.444035530090332
-0.3108105957508087
23.793230056762695
-20.643150329589844
0.9772653579711914
8.864744186401367
-7.316103935241699
5.185819625854492
1.745343565940857
10.937214851379395
-2.0550389289855957
15.622673988342285
4.954368591308594
-0.7002967596054077
24.942094802856445
-21.27204704284668
0.9578508138656616
8.73537826538086
-7.333259582519531
4.992049694061279
1.7902988195419312
10.866354942321777
-1.9763332605361938
15.514098167419434
5.4825334548950195
-1.1057686805725098
26.130725860595703
-21.934951782226562
0.9532313346862793
8.59118938446045
-7.316251754760742
4.771693229675293
1.8472405672073364
10.779419898986816
-1.8685238361358643
15.375982284545898
6.0292510986328125
-1.5273159742355347
27.35984992980957
-22.633546829223633
0.9641571044921875
8.431589126586914
-7.263251781463623
4.523399353027344
1.9169076681137085
10.675938606262207
-1.7300069332122803
15.207151412963867
6.595530033111572
-1.9658011198043823
28.63138198852539
-23.370267868041992
0.9913486242294312
8.25601863861084
-7.172462463378906
4.245914936065674
1.999882698059082
10.554715156555176
-1.5585613250732422
15.005683898925781
7.182640552520752
-2.4222991466522217
29.947233200073242
-24.147724151611328
1.0355459451675415
8.063847541809082
-7.042047023773193
3.9378724098205566
2.096891403198242
10.415091514587402
-1.3523526191711426
14.770299911499023
7.792834758758545
-2.899745464324951
31.311491012573242
-24.970142364501953
1.0975583791732788
7.854240894317627
-6.870019912719727
3.5976734161376953
2.2088263034820557
10.25614070892334
-1.1090538501739502
14.499143600463867
8.427804946899414
-3.4001352787017822
32.728363037109375
-25.84156036376953
1.1782994270324707
7.626023769378662
-6.654202461242676
3.2234268188476562
2.336639642715454
10.077157974243164
-0.8265288472175598
14.190594673156738
9.089174270629883
-3.925473213195801
34.201656341552734
-26.765743255615234
1.27841317653656
7.378612041473389
-6.392985820770264
2.81353497505188
2.481229066848755
9.877420425415039
-0.5027366876602173
13.843168258666992
9.77872085571289
-4.477841854095459
35.735565185546875
-27.746761322021484
1.3986754417419434
7.111212253570557
-6.084413528442383
2.3663339614868164
2.6435067653656006
9.656174659729004
-0.13559836149215698
13.455362319946289
10.498409271240234
-5.059502601623535
37.334808349609375
-28.78923797607422
1.5399796962738037
6.822915077209473
-5.726222038269043
1.8799326419830322
2.8244452476501465
9.412596702575684
0.27708113193511963
13.025490760803223
11.250218391418457
-5.672614574432373
39.00392532348633
-29.89767074584961
1.703342318534851
6.512657642364502
-5.315934658050537
1.3521543741226196
3.02498197555542
9.145797729492188
0.7375088334083557
12.551726341247559
12.037799835205078
-6.321163177490234
40.74989700317383
-31.07890510559082
