2
3
-5.684169769287109
-0.32358065247535706
-7.0546488761901855
-3.1181132793426514
-4.879360198974609
-6.057805061340332
-9.134279251098633
3.226161479949951
0.8667669296264648
-0.8690395355224609
6.342076778411865
2.8634705543518066
-5.656525611877441
-0.533349871635437
-6.980666160583496
-3.5324759483337402
-4.944002628326416
-5.73159122467041
-9.400321960449219
3.8229217529296875
0.7806757092475891
-0.8934891819953918
6.096555233001709
2.7905852794647217
-5.633119106292725
-0.7336521744728088
-6.917865753173828
-3.9317758083343506
-5.012181758880615
-5.411289691925049
-9.67025375366211
4.4097795486450195
0.6912410259246826
-0.9137598872184753
5.846122741699219
2.7252163887023926
-5.614560604095459
-0.925495982170105
-6.866189956665039
-4.317068576812744
-5.084011554718018
-5.096590995788574
-9.944650650024414
4.987036228179932
0.598355770111084
-0.9300253391265869
5.590571880340576
2.667173385620117
-5.6009674072265625
-1.1097004413604736
-6.825535774230957
-4.689180374145508
-5.159120559692383
-4.787187099456787
-10.223584175109863
5.554912090301514
0.501897931098938
-0.9424471855163574
5.329661846160889
2.6162807941436768
-5.592433929443359
-1.2870551347732544
-6.795889854431152
-5.048907279968262
-5.237724304199219
-4.482862949371338
-10.507490158081055
6.113685131072998
0.4017234146595001
-0.9511681795120239
5.063106060028076
2.5723791122436523
-5.5890092849731445
-1.4582735300064087
-6.777159690856934
-5.3968987464904785
-5.320108890533447
-4.183366298675537
-10.797042846679688
6.663725852966309
0.2976977825164795
-0.9563586711883545
4.790616035461426
2.535273313522339
-5.590846538543701
-1.6240403652191162
-6.7695631980896
-5.733798503875732
-5.4066057205200195
-3.888395071029663
-11.093098640441895
7.205550670623779
0.18970565497875214
-0.9581722617149353
4.511965751647949
2.5047972202301025
-5.598170757293701
-1.7850044965744019
-6.773406028747559
-6.060222148895264
-5.4974565505981445
-3.597708225250244
-11.396191596984863
7.739628791809082
0.07744158804416656
-0.9568560123443604
4.226902961730957
2.480773687362671
-5.611063003540039
-1.9416918754577637
-6.7886433601379395
-6.376574993133545
-5.593075752258301
-3.311014413833618
-11.707267761230469
8.266777992248535
-0.039242036640644073
-0.9525445103645325
3.935131788253784
2.4630351066589355
-5.629611968994141
-2.0945546627044678
-6.815369606018066
-6.683234214782715
-5.693629264831543
-3.0280723571777344
-12.026894569396973
8.787492752075195
-0.16048187017440796
-0.9453452825546265
3.63631534576416
2.4514505863189697
-5.653937339782715
-2.243969202041626
-6.853804588317871
-6.980535984039307
-5.7992753982543945
-2.748649835586548
-12.355517387390137
9.302231788635254
-0.2864019274711609
-0.9353735446929932
3.330174446105957
2.445871114730835
-5.683988094329834
-2.390089273452759
-6.903804302215576
-7.268521308898926
-5.910210132598877
-2.472460985183716
-12.693757057189941
9.811507225036621
-0.4171336591243744
-0.922764241695404
3.0165390968322754
2.446218967437744
-5.719869613647461
-2.5330634117126465
-6.965555191040039
-7.547318458557129
-6.02653694152832
-2.1993563175201416
-13.041964530944824
10.315625190734863
-0.5528014898300171
-0.9076642990112305
2.6950998306274414
2.452359914779663
-5.76170015335083
-2.672469139099121
-7.039585113525391
-7.816612720489502
-6.1480793952941895
-1.9304535388946533
-13.39968490600586
10.813720703125
-0.6935228705406189
-0.8902108073234558
2.3655123710632324
2.4641518592834473
-5.809647560119629
-2.808152675628662
-7.126358985900879
-8.076258659362793
-6.2743635177612305
-1.6669176816940308
-13.765904426574707
11.304657936096191
-0.8394408822059631
-0.8705608248710632
2.027492046356201
2.481478691101074
-5.863858222961426
-2.940094470977783
-7.226253509521484
-8.326265335083008
-6.40482234954834
-1.4092119932174683
-14.140077590942383
11.788029670715332
-0.9906865358352661
-0.8488297462463379
1.6807377338409424
2.5041868686676025
-5.924470901489258
-3.068263530731201
-7.339620590209961
-8.566618919372559
-6.539168357849121
-1.1576697826385498
-14.521862030029297
12.263636589050293
-1.1473735570907593
-0.8250796794891357
1.3249320983886719
2.532163143157959
-5.991661071777344
-3.1926639080047607
-7.466958999633789
-8.797430038452148
-6.677526950836182
-0.9123461246490479
-14.911531448364258
12.731603622436523
-1.3096435070037842
-0.7994057536125183
0.9596990346908569
2.5652079582214355
-6.065586566925049
-3.3132622241973877
-7.6087188720703125
-9.018747329711914
-6.820060729980469
-0.6732324361801147
-15.309427261352539
13.192099571228027
-1.4775575399398804
-0.7718812823295593
0.5847589373588562
2.603151559829712
-6.146401405334473
-3.4300105571746826
-7.765353679656982
-9.230599403381348
-6.9669189453125
-0.4402883052825928
-15.715874671936035
13.645323753356934
-1.6512086391448975
-0.7426703572273254
0.19996732473373413
2.6458206176757812
-6.2342658042907715
-3.5428521633148193
-7.9373345375061035
-9.433009147644043
-7.11823034286499
-0.21347567439079285
-16.131080627441406
14.091391563415527
-1.8306047916412354
-0.7118420004844666
-0.1948333978652954
2.693119525909424
-6.329338073730469
-3.651766538619995
-8.125210762023926
-9.626116752624512
-7.2741827964782715
0.0073441267013549805
-16.555458068847656
14.530662536621094
-2.015789747238159
-0.6794397830963135
-0.5998688340187073
2.7449727058410645
-6.431754112243652
-3.7566981315612793
-8.329483032226562
-9.809988021850586
-7.4348578453063965
0.2224491834640503
-16.989498138427734
14.963769912719727
-2.2068843841552734
-0.6455577611923218
-1.0154709815979004
2.8011763095855713
-6.541327953338623
-3.857353448867798
-8.5506591796875
-9.984598159790039
-7.600406169891357
0.43199241161346436
-17.433578491210938
15.39107608795166
-2.4039268493652344
-0.6102187633514404
-1.4419280290603638
2.861628770828247
-6.658170223236084
-3.9536173343658447
-8.789368629455566
-10.150079727172852
-7.77099084854126
0.6361533403396606
-17.888103485107422
15.81300163269043
-2.6069319248199463
-0.5733522176742554
-1.8795137405395508
2.9264605045318604
-6.782508850097656
-4.045405864715576
-9.04623031616211
-10.306455612182617
-7.946815490722656
0.8351637125015259
-18.35358428955078
16.230064392089844
-2.8159759044647217
-0.5349348187446594
-2.328545570373535
2.995702028274536
-6.914572715759277
-4.1326470375061035
-9.321976661682129
-10.45383358001709
-8.128079414367676
1.0292867422103882
-18.830547332763672
16.64281463623047
-3.031137228012085
-0.4949144721031189
-2.789372444152832
3.0694339275360107
-7.054595947265625
-4.215224742889404
-9.617268562316895
-10.59217357635498
-8.315091133117676
1.21889066696167
-19.319562911987305
17.05180549621582
-3.252526044845581
-0.4532240927219391
-3.262388229370117
3.1477854251861572
-7.202823162078857
-4.293009281158447
-9.932792663574219
-10.721417427062988
-8.508072853088379
1.4043116569519043
-19.82118797302246
17.4576358795166
-3.4802680015563965
-0.4097747504711151
-3.74804949760437
3.230924129486084
-7.359506607055664
-4.365859031677246
-10.269272804260254
-10.841490745544434
-8.70720386505127
1.585862636566162
-20.335960388183594
17.86091423034668
-3.714500665664673
-0.3644840717315674
-4.246891021728516
3.3189661502838135
-7.524875164031982
-4.433568477630615
-10.627427101135254
-10.952194213867188
-8.912668228149414
1.763864278793335
-20.86443328857422
18.262271881103516
-3.9553215503692627
-0.31716641783714294
-4.7595109939575195
3.4120821952819824
-7.699175834655762
-4.495937824249268
-11.008002281188965
-11.053340911865234
-9.124655723571777
1.938645362854004
-21.40717124938965
18.662363052368164
-4.202874660491943
-0.26760947704315186
-5.286569118499756
3.510479211807251
-7.882660865783691
-4.552745342254639
-11.411765098571777
-11.144702911376953
-9.343345642089844
2.110527515411377
-21.96472930908203
19.061826705932617
-4.457400798797607
-0.21570387482643127
-5.828729629516602
3.6143410205841064
-8.075587272644043
-4.603774547576904
-11.839506149291992
-11.226064682006836
-9.568917274475098
2.2798280715942383
-22.53766632080078
19.461294174194336
-4.7191548347473145
-0.16131068766117096
-6.386706352233887
3.7239198684692383
-8.278215408325195
-4.648794651031494
-12.292033195495605
-11.297181129455566
-9.8015775680542
2.4468905925750732
-23.1265926361084
19.861482620239258
-4.988400936126709
-0.10428132116794586
-6.961235046386719
3.8394813537597656
-8.49080753326416
-4.687560558319092
-12.77017593383789
-11.357781410217285
-10.041540145874023
2.612062454223633
-23.732135772705078
20.26312255859375
-5.265416622161865
-0.044441260397434235
-7.553099632263184
3.961343765258789
-8.713627815246582
-4.719812393188477
-13.27477741241455
-11.407564163208008
-10.289026260375977
2.775696039199829
-24.354938507080078
20.66696548461914
-5.550493240356445
0.01840098947286606
-8.163117408752441
4.089864253997803
-8.946940422058105
-4.745276927947998
-13.806696891784668
-11.44620132446289
-10.544246673583984
2.938138484954834
-24.9956111907959
21.073755264282227
-5.843924045562744
0.08443916589021683
-8.792118072509766
4.225408554077148
-9.191008567810059
-4.763667106628418
-14.366802215576172
-11.473335266113281
-10.807426452636719
3.099747896194458
-25.654808044433594
21.484264373779297
-6.146008014678955
0.15387752652168274
-9.44095230102539
4.368370056152344
