2
3
6.598785877227783
-8.049567222595215
-10.138026237487793
1.4474692344665527
3.3618087768554688
0.6823557019233704
10.887861251831055
-1.9360108375549316
8.330083847045898
-2.6222145557403564
-2.6283226013183594
5.442598342895508
5.871674060821533
-7.719327926635742
-10.335721969604492
2.253746747970581
4.418554306030273
0.08930951356887817
10.923712730407715
-2.55403470993042
8.155244827270508
-2.217371702194214
-3.159090518951416
5.2875285148620605
5.159413814544678
-7.342350006103516
-10.384038925170898
2.9727888107299805
5.459624290466309
-0.5473867654800415
10.770949363708496
-3.0109457969665527
7.958270072937012
-1.8443301916122437
-3.6260769367218018
5.086141586303711
4.475244998931885
-6.926152229309082
-10.290802955627441
3.591104507446289
6.466503620147705
-1.2049355506896973
10.441878318786621
-3.3155322074890137
7.738827705383301
-1.5066856145858765
-4.01796293258667
4.848067760467529
3.8288958072662354
-6.482097625732422
-10.06017017364502
4.106869697570801
7.4274582862854
-1.8655866384506226
9.943366050720215
-3.4769465923309326
7.496910572052002
-1.2039501667022705
-4.323373794555664
4.578689098358154
3.2303059101104736
-6.018873691558838
-9.694228172302246
4.516025066375732
8.329818725585938
-2.5184428691864014
9.279388427734375
-3.4930927753448486
7.240041255950928
-0.9358193874359131
-4.536937236785889
4.277684211730957
2.6865460872650146
-5.548373222351074
-9.197957038879395
4.820240020751953
9.161450386047363
-3.1505367755889893
8.447136878967285
-3.3654606342315674
6.980257511138916
-0.7049738764762878
-4.660792350769043
3.9428822994232178
2.203385829925537
-5.083132743835449
-8.582300186157227
5.026024341583252
9.90800666809082
-3.746546745300293
7.4521684646606445
-3.098660469055176
6.729457855224609
-0.517417311668396
-4.705926418304443
3.5757975578308105
1.7884185314178467
-4.634294033050537
-7.867164134979248
5.142009735107422
10.55358600616455
-4.289454460144043
6.317452430725098
-2.704831600189209
6.493795394897461
-0.37823158502578735
-4.681849956512451
3.189141273498535
1.4499263763427734
-4.210277080535889
-7.078780174255371
5.176710605621338
11.082429885864258
-4.760927200317383
5.086766719818115
-2.205656051635742
6.276159286499023
-0.2917634844779968
-4.598362922668457
2.798229932785034
1.1969751119613647
-3.817129135131836
-6.256505012512207
5.142251491546631
11.485833168029785
-5.147835731506348
3.7941737174987793
-1.6210336685180664
6.078226566314697
-0.2597416341304779
-4.469017028808594
2.417102575302124
1.035859227180481
-3.4618520736694336
-5.44586706161499
5.0546112060546875
11.756484985351562
-5.437739372253418
2.4951186180114746
-0.9821517467498779
5.902315616607666
-0.27864518761634827
-4.316614151000977
2.0560271739959717
0.9595719575881958
-3.1503281593322754
-4.661766529083252
4.935451507568359
11.894430160522461
-5.626218795776367
1.2236570119857788
-0.31154966354370117
5.7471489906311035
-0.3397567868232727
-4.166308879852295
1.7260743379592896
0.9615656137466431
-2.8818235397338867
-3.9472012519836426
4.813374042510986
11.904472351074219
-5.717136383056641
0.012514233589172363
0.37181591987609863
5.610718250274658
-0.43496614694595337
-4.048509120941162
1.4422950744628906
1.03331458568573
-2.6529929637908936
-3.3290793895721436
4.698222637176514
11.799606323242188
-5.716943740844727
-1.1141117811203003
1.0462672710418701
5.492188453674316
-0.5571115016937256
-3.9857029914855957
1.2126150131225586
1.16182279586792
-2.4568912982940674
-2.7570390701293945
4.564598560333252
11.601984977722168
-5.633271217346191
-2.1685714721679688
1.6963540315628052
5.385799407958984
-0.6981572508811951
-3.9244539737701416
1.0129846334457397
1.3409425020217896
-2.289851188659668
-2.207885265350342
4.402374267578125
11.328723907470703
-5.472849369049072
-3.1743311882019043
2.311593532562256
5.29393196105957
-0.8546002507209778
-3.845780611038208
0.8341365456581116
1.568521499633789
-2.1518101692199707
-1.6864731311798096
4.215403079986572
10.993583679199219
-5.249361515045166
-4.143980503082275
2.8903849124908447
5.221526622772217
-1.024087905883789
-3.756917715072632
0.6791954636573792
1.8416248559951782
-2.0425963401794434
-1.2086877822875977
4.016106128692627
10.605366706848145
-4.974111557006836
-5.070878982543945
3.4270458221435547
5.170738220214844
-1.2042324542999268
-3.666276216506958
0.5552819967269897
2.1564290523529053
-1.9630011320114136
-0.7901117205619812
3.8183352947235107
10.170340538024902
-4.656191349029541
-5.943212985992432
3.9154934883117676
5.1411261558532715
-1.3918038606643677
-3.5799732208251953
0.4685295820236206
2.5080175399780273
-1.912926435470581
-0.44259554147720337
3.6338117122650146
9.693596839904785
-4.304570198059082
-6.748416423797607
4.351591110229492
5.1315693855285645
-1.584357500076294
-3.502195358276367
0.4245845079421997
2.890181064605713
-1.8901525735855103
-0.17638710141181946
3.4714179039001465
9.180370330810547
-3.9279277324676514
-7.475066661834717
4.732052326202393
5.140044689178467
-1.77955961227417
-3.4383840560913086
0.4289824068546295
3.2954890727996826
-1.8908240795135498
-0.0004462897777557373
3.3384194374084473
8.636722564697266
-3.5339503288269043
-8.113324165344238
5.053786277770996
5.164679050445557
-1.975292444229126
-3.3935041427612305
0.48609381914138794
3.715477705001831
-1.9099229574203491
0.07590191066265106
3.241696357727051
8.070307731628418
-3.129370927810669
-8.655821800231934
5.31320333480835
5.2029194831848145
-2.1692440509796143
-3.373704433441162
0.6004888415336609
4.14087438583374
-1.9422508478164673
0.047093603760004044
3.1862993240356445
7.488582611083984
-2.721287488937378
-9.096263885498047
5.507735252380371
5.25221061706543
-2.358346939086914
-3.3851089477539062
0.7746857404708862
4.562312126159668
-1.9828674793243408
-0.08901134133338928
3.1757218837738037
6.899787425994873
-2.317683219909668
-9.430830001831055
5.637143135070801
5.309338092803955
-2.5386648178100586
-3.4346303939819336
1.0098474025726318
4.969780921936035
-2.0269229412078857
-0.3311419188976288
3.2126994132995605
6.314165115356445
-1.9275703430175781
-9.661224365234375
5.704456329345703
5.37059211730957
-2.7054991722106934
-3.529010772705078
1.3049867153167725
5.353414535522461
-2.0692033767700195
-0.6770121455192566
3.2984166145324707
5.740943908691406
-1.5593851804733276
-9.791236877441406
5.7171196937561035
5.431933403015137
-2.85349440574646
-3.6743433475494385
1.656111717224121
5.70354700088501
-2.1046066284179688
-1.1211905479431152
3.432291269302368
5.190458297729492
-1.2216782569885254
-9.831730842590332
5.686911582946777
5.489119052886963
-2.9761383533477783
-3.876105785369873
2.0551559925079346
6.011220455169678
-2.128262758255005
-1.6543101072311401
3.611785888671875
4.672912120819092
-0.9213255643844604
-9.79908275604248
5.627130508422852
5.538021087646484
-3.067946195602417
-4.137657165527344
2.4926631450653076
6.269453525543213
-2.1358563899993896
-2.263063430786133
3.831831693649292
4.195738315582275
-0.6632035970687866
-9.711670875549316
5.551753997802734
5.574863910675049
-3.1239426136016846
-4.460832118988037
2.9575257301330566
6.472950458526611
-2.123582363128662
-2.9320735931396484
4.086533069610596
3.765702724456787
-0.449582040309906
-9.596405982971191
5.476701259613037
5.595537185668945
-3.1394083499908447
-4.844264030456543
3.4373602867126465
6.617732524871826
-2.0878520011901855
-3.6457319259643555
4.368988037109375
3.3881890773773193
-0.27930331230163574
-9.489201545715332
5.418292999267578
5.5960164070129395
-3.111562728881836
-5.284562110900879
3.921656608581543
6.703012466430664
-2.0267884731292725
-4.390312194824219
4.673137664794922
3.064479351043701
-0.14753805100917816
-9.421939849853516
5.3886542320251465
5.573544979095459
-3.040328025817871
-5.776961326599121
4.403378486633301
6.730434894561768
-1.9398653507232666
-5.15444278717041
4.9942169189453125
2.7913641929626465
-0.04755623638629913
-9.405707359313965
5.393208026885986
5.5251898765563965
-2.9275693893432617
-6.313910961151123
4.87885046005249
6.702398777008057
-1.827703833580017
-5.930319309234619
5.329644680023193
2.563042640686035
0.027484558522701263
-9.432452201843262
5.430879592895508
5.448730945587158
-2.77693510055542
-6.8874640464782715
5.34830379486084
6.622990608215332
-1.6921541690826416
-6.715527534484863
5.679203033447266
2.373140811920166
0.08432657271623611
-9.502610206604004
5.502076625823975
5.343690395355225
-2.5936405658721924
-7.492712020874023
5.814939975738525
6.497416973114014
-1.5356011390686035
-7.511745452880859
6.043795585632324
2.216366767883301
0.12792667746543884
-9.622025489807129
5.609428882598877
5.212313652038574
-2.3830394744873047
-8.128626823425293
6.281856536865234
6.332052230834961
-1.3611655235290527
-8.323310852050781
6.42508602142334
2.0877609252929688
0.16263575851917267
-9.797053337097168
5.756453037261963
5.057867527008057
-2.149822950363159
-8.796965599060059
6.751582622528076
6.1327924728393555
-1.1715031862258911
-9.154417037963867
6.824415683746338
1.9826445579528809
0.19149282574653625
-10.02971363067627
5.945076942443848
4.883273124694824
-1.8978402614593506
-9.498512268066406
7.22539758682251
