2
3
-7.225590229034424
9.485167503356934
-1.4295419454574585
7.211842060089111
-7.4119977951049805
3.3652939796447754
8.155216217041016
-4.4776811599731445
7.700819492340088
-3.6236727237701416
-4.109579086303711
-5.366125106811523
-7.244023323059082
9.973589897155762
-0.27280735969543457
5.630114555358887
-6.606400966644287
2.930281639099121
8.976156234741211
-4.778004169464111
7.169868469238281
-3.53658127784729
-5.684264183044434
-4.434144973754883
-7.192150115966797
10.33908748626709
0.9543852806091309
3.9964640140533447
-5.759868144989014
2.4955058097839355
9.640332221984863
-5.03650426864624
6.528922080993652
-3.354564666748047
-7.1670942306518555
-3.546186685562134
-7.057562351226807
10.561294555664062
2.2403054237365723
2.352206230163574
-4.8816094398498535
2.0576024055480957
10.146300315856934
-5.242785930633545
5.780974388122559
-3.0919203758239746
-8.526124954223633
-2.711357355117798
-6.827396392822266
10.634848594665527
3.5474345684051514
0.7380410432815552
-3.9874939918518066
1.6239428520202637
10.515867233276367
-5.3976664543151855
4.932190418243408
-2.7631642818450928
-9.736177444458008
-1.9287309646606445
-6.496282577514648
10.556836128234863
4.846919059753418
-0.8066568374633789
-3.081369638442993
1.1956877708435059
10.72548770904541
-5.492530822753906
3.9937188625335693
-2.38179087638855
-10.777854919433594
-1.1945832967758179
-6.065158843994141
10.328940391540527
6.113746166229248
-2.2527666091918945
-2.1778335571289062
0.7803779244422913
10.768498420715332
-5.515614986419678
2.9845757484436035
-1.960181474685669
-11.639487266540527
-0.5107845664024353
-5.542795181274414
9.95958137512207
7.307488441467285
-3.572267770767212
-1.2940139770507812
0.39582502841949463
10.620818138122559
-5.4569993019104
1.9350359439849854
-1.5103049278259277
-12.331668853759766
0.11181658506393433
-4.928987503051758
9.456161499023438
8.347232818603516
-4.7285027503967285
-0.46034079790115356
0.0740114152431488
10.318694114685059
-5.335941314697266
0.8698469400405884
-1.0409739017486572
-12.878195762634277
0.6739913821220398
-4.220954418182373
8.823258399963379
9.147444725036621
-5.68393611907959
0.30415159463882446
-0.17653730511665344
9.904346466064453
-5.167837142944336
-0.18941152095794678
-0.5606567859649658
-13.306089401245117
1.1829135417938232
-3.441007375717163
8.09002685546875
9.701115608215332
-6.4464216232299805
1.0018479824066162
-0.37231606245040894
9.382018089294434
-4.954807281494141
-1.22856867313385
-0.07120949029922485
-13.598834037780762
1.6146633625030518
-2.6255335807800293
7.304495811462402
10.067035675048828
-7.060815334320068
1.628432035446167
-0.5151883363723755
8.765949249267578
-4.7032976150512695
-2.2447128295898438
0.425833523273468
-13.721829414367676
1.9438197612762451
-1.7896791696548462
6.487353324890137
10.25337028503418
-7.538475513458252
2.178978443145752
-0.6062762141227722
8.08047866821289
-4.426568031311035
-3.2336015701293945
0.9263166785240173
-13.644978523254395
2.149430751800537
-0.9465070962905884
5.653528213500977
10.25742244720459
-7.885185241699219
2.653796672821045
-0.6504068970680237
7.336245536804199
-4.132984638214111
-4.1851325035095215
1.4204740524291992
-13.355876922607422
2.219026565551758
-0.11322510242462158
4.81838846206665
10.082855224609375
-8.106060981750488
3.0570225715637207
-0.6542293429374695
6.535738945007324
-3.8283309936523438
-5.0911478996276855
1.9014551639556885
-12.843002319335938
2.1471166610717773
0.6931374669075012
3.995898723602295
9.733306884765625
-8.2066650390625
3.3905036449432373
-0.6212025880813599
5.693634033203125
-3.526078701019287
-5.942686080932617
2.359614372253418
-12.10012435913086
1.9308353662490845
1.4551069736480713
3.2021894454956055
9.221169471740723
-8.19947624206543
3.655029058456421
-0.5539720058441162
4.82558536529541
-3.2414724826812744
-6.72689962387085
2.783052921295166
-11.131478309631348
1.5744624137878418
2.1570851802825928
2.4524824619293213
8.559869766235352
-8.099796295166016
3.850062608718872
-0.455016165971756
3.946080207824707
-2.986849308013916
-7.420823574066162
3.160853862762451
-9.964293479919434
1.0874559879302979
2.786663055419922
1.7599256038665771
7.765937328338623
-7.924684524536133
3.975024700164795
-0.32866254448890686
3.0710880756378174
-2.77124285697937
-7.997960090637207
3.4809932708740234
-8.645122528076172
0.49215686321258545
3.3331844806671143
1.1339499950408936
6.867431640625
-7.692165374755859
4.02863883972168
-0.18061000108718872
2.222032308578491
-2.6027774810791016
-8.444574356079102
3.739013671875
-7.203217506408691
-0.19735419750213623
3.782374620437622
0.584191083908081
5.92446756362915
-7.420943737030029
4.005404949188232
-0.012761339545249939
1.4321925640106201
-2.4919214248657227
-8.74694538116455
3.9295222759246826
-5.686598777770996
-0.9593557119369507
4.124992370605469
0.1143491268157959
4.990482807159424
-7.126096248626709
3.89776873588562
0.1772402673959732
0.7516785264015198
-2.4579904079437256
-8.891284942626953
4.0452494621276855
-4.171708106994629
-1.7627203464508057
4.355978965759277
-0.26817435026168823
4.118353843688965
-6.839821815490723
3.7179312705993652
0.37987861037254333
0.1992652416229248
-2.5036604404449463
-8.882566452026367
4.0758514404296875
-2.691958427429199
-2.5768370628356934
4.483154296875
-0.5595277547836304
3.321575164794922
-6.5863494873046875
3.4996862411499023
0.5815377831459045
-0.3064066171646118
-2.602130174636841
-8.740458488464355
4.02029275894165
-1.2810823917388916
-3.372624397277832
4.527494430541992
-0.7612087726593018
2.4943981170654297
-6.335386753082275
3.2591068744659424
0.7777414321899414
-0.88167405128479
-2.7051403522491455
-8.492976188659668
3.889878749847412
0.06441938877105713
-4.141516208648682
4.495107650756836
-0.8859903812408447
1.686298131942749
-6.092813968658447
2.9920177459716797
0.9685276746749878
-1.5140557289123535
-2.8017430305480957
-8.151997566223145
3.6908788681030273
1.360856533050537
-4.876801490783691
4.3950653076171875
-0.9483798742294312
0.8853199481964111
-5.851309299468994
2.6926677227020264
1.1568052768707275
-2.131993293762207
-2.914973258972168
-7.722964286804199
3.426647186279297
2.601508855819702
-5.565812110900879
4.238290786743164
-0.9603023529052734
0.08091968297958374
-5.615785598754883
2.3600072860717773
1.344691514968872
-2.703428030014038
-3.0609238147735596
-7.2142181396484375
3.099618911743164
3.769643783569336
-6.1935505867004395
4.029132843017578
-0.9257649779319763
-0.7116174101829529
-5.402233600616455
1.9968194961547852
1.5302283763885498
-3.21126651763916
-3.248516082763672
-6.634331703186035
2.7160496711730957
4.847731113433838
-6.749734878540039
3.770219087600708
-0.8491544723510742
-1.471449613571167
-5.224274635314941
1.607983946800232
1.7091784477233887
-3.641157388687134
-3.483099937438965
-5.993488311767578
2.2844595909118652
5.819145202636719
-7.227761268615723
3.464289426803589
-0.7373948693275452
-2.1814141273498535
-5.091282844543457
1.2009990215301514
1.8770252466201782
-3.9805469512939453
-3.7688565254211426
-5.301462650299072
1.815081000328064
6.667169570922852
-7.624896049499512
3.115407943725586
-0.5987820625305176
-2.8259780406951904
-5.01301383972168
0.7840738892555237
2.029594659805298
-4.220949649810791
-4.107762813568115
-4.569169044494629
1.320784091949463
7.3806328773498535
-7.941586971282959
2.7280192375183105
-0.4406903088092804
-3.391566514968872
-4.997081279754639
0.3676798939704895
2.161592721939087
-4.358985424041748
-4.500211715698242
-3.806987762451172
0.8136359453201294
7.946566104888916
-8.179678916931152
2.3090317249298096
-0.27067723870277405
-3.867852210998535
-5.047767162322998
-0.03638821840286255
2.266958236694336
-4.395572185516357
-4.94391393661499
-3.0238380432128906
0.3052409291267395
8.347046852111816
-8.341581344604492
1.8678154945373535
-0.09614671766757965
-4.247798442840576
-5.1671857833862305
-0.4182254672050476
2.340778350830078
-4.334270000457764
-5.434341907501221
-2.232529401779175
-0.19310420751571655
8.574666976928711
-8.430643081665039
1.4127475023269653
0.07608790695667267
-4.525483131408691
-5.357125282287598
-0.7697647213935852
2.3790416717529297
-4.180934429168701
-5.965602874755859
-1.4458805322647095
-0.6706492900848389
8.624100685119629
-8.45433521270752
0.9533463716506958
0.23910455405712128
-4.697141170501709
-5.6177825927734375
-1.0854990482330322
2.378735065460205
-3.943232297897339
-6.530503749847412
-0.675366222858429
-1.1162952184677124
8.490983009338379
-8.423260688781738
0.4995812773704529
0.3869234323501587
-4.76264762878418
-5.945478439331055
-1.3589746952056885
2.337336778640747
-3.631155490875244
-7.120127201080322
0.05999511480331421
-1.5174577236175537
8.206982612609863
-8.355082511901855
0.060481518507003784
0.513563334941864
-4.72510290145874
-6.336137294769287
-1.5874205827713013
2.2529871463775635
-3.2556278705596924
-7.724155426025391
0.7481260895729065
-1.8672865629196167
7.786506175994873
-8.262060165405273
-0.3563046157360077
0.613017201423645
-4.589491844177246
-6.784111022949219
-1.7707306146621704
2.1246497631073
-2.826820135116577
-8.333636283874512
1.376356601715088
-2.1587581634521484
7.2579474449157715
-8.162692070007324
