2
3
8.894794464111328
-1.8867168426513672
3.6252286434173584
4.0549492835998535
-5.0289506912231445
7.825836181640625
-1.1171154975891113
-6.50784969329834
6.5834641456604
-2.1770081520080566
-7.067544460296631
6.473710060119629
8.676972389221191
-1.5571223497390747
3.042783260345459
4.659736156463623
-4.550928115844727
7.2069854736328125
0.038188815116882324
-7.674943447113037
6.295180320739746
-1.7754300832748413
-7.7913312911987305
7.216622829437256
8.458409309387207
-1.232661485671997
2.46094012260437
5.253471851348877
-4.087596893310547
6.61306095123291
1.1615791320800781
-8.800333023071289
6.008658409118652
-1.3818074464797974
-8.509066581726074
7.945100784301758
8.238932609558105
-0.9130399227142334
1.8792688846588135
5.836700916290283
-3.6381173133850098
6.040734767913818
2.2556679248809814
-9.888784408569336
5.7237868309021
-0.9958127737045288
-9.221137046813965
8.659950256347656
8.018312454223633
-0.5980496406555176
1.2973264455795288
6.410046577453613
-3.2014055252075195
5.485544204711914
3.3239567279815674
-10.945667266845703
5.440450191497803
-0.617019772529602
-9.92790412902832
9.361873626708984
7.796910762786865
-0.2877234220504761
0.7159631252288818
6.973471641540527
-2.77571177482605
4.942488670349121
4.370311260223389
-11.976716995239258
5.158836841583252
-0.24519884586334229
-10.629496574401855
10.051285743713379
7.574731826782227
0.017837166786193848
0.1354493498802185
7.526759624481201
-2.359067916870117
4.406694412231445
5.3990020751953125
-12.987689018249512
4.879169464111328
0.11978214979171753
-11.326004981994629
10.72844409942627
7.3518242835998535
0.31848055124282837
-0.4438559412956238
8.069602966308594
-1.9493367671966553
3.874023914337158
6.414606094360352
-13.983903884887695
4.601375102996826
0.47807323932647705
-12.01766586303711
11.393528938293457
7.12812614440918
0.6136420965194702
-1.0214440822601318
8.60128116607666
-1.5441861152648926
3.3415451049804688
7.42139196395874
-14.970044136047363
4.3253374099731445
0.8297613263130188
-12.704774856567383
12.046663284301758
6.903709888458252
0.9030171036720276
-1.5970144271850586
9.121126174926758
-1.1415464878082275
2.807206630706787
8.423487663269043
-15.950084686279297
4.050811767578125
1.175022840499878
-13.388113021850586
12.688393592834473
6.678749084472656
1.1862764358520508
-2.169980525970459
9.628440856933594
-0.7391992807388306
2.2679755687713623
9.425950050354004
-16.932323455810547
3.777393341064453
1.5143580436706543
-14.068960189819336
13.320158004760742
6.453570365905762
1.46299409866333
-2.739443302154541
10.122295379638672
-0.33490830659866333
1.7212371826171875
10.434099197387695
-17.92378044128418
3.505225896835327
1.847594976425171
-14.747114181518555
13.941661834716797
6.228214263916016
1.7328375577926636
-3.304760456085205
10.602278709411621
0.07326889038085938
1.1660152673721313
11.451959609985352
-18.927780151367188
3.234334707260132
2.1741089820861816
-15.422168731689453
14.551922798156738
6.002670764923096
1.9951832294464111
-3.865334987640381
11.067662239074707
0.48670369386672974
0.6022886633872986
12.482569694519043
-19.945289611816406
2.965287923812866
2.491726875305176
-16.092565536499023
15.14797306060791
5.777399063110352
2.248415231704712
-4.42010498046875
11.515629768371582
0.9061366319656372
0.03042513132095337
13.528436660766602
-20.975875854492188
2.6993446350097656
2.795815944671631
-16.755186080932617
15.725421905517578
5.553037166595459
2.4884657859802246
-4.967098236083984
11.942692756652832
1.3328723907470703
-0.5500583052635193
14.592318534851074
-22.021936416625977
2.437164068222046
3.0844085216522217
-17.40806770324707
16.282176971435547
5.3303608894348145
2.713296413421631
-5.504486083984375
12.346895217895508
1.7682037353515625
-1.14091956615448
15.677656173706055
-23.087642669677734
2.1795296669006348
3.355375051498413
-18.0492000579834
16.816024780273438
5.110137939453125
2.921135425567627
-6.030543327331543
12.726628303527832
2.213313341140747
-1.7432990074157715
16.787601470947266
-24.176408767700195
1.9279128313064575
3.605846881866455
-18.675268173217773
17.3233699798584
4.893208026885986
3.110212564468384
-6.543341636657715
13.08004379272461
2.6696102619171143
-2.3588690757751465
17.925918579101562
-25.2927188873291
1.6830495595932007
3.8343143463134766
-19.28448486328125
17.80276870727539
4.680421829223633
3.279212474822998
-7.041043281555176
13.405858993530273
3.1383306980133057
-2.989102602005005
19.09583854675293
-26.440622329711914
1.4459779262542725
4.039346218109131
-19.874671936035156
18.25200653076172
4.473011493682861
3.4262335300445557
-7.521134853363037
13.7008695602417
3.620621681213379
-3.635214328765869
20.30023765563965
-27.623807907104492
1.2179079055786133
4.219899654388428
-20.44301986694336
18.668407440185547
4.272467136383057
3.5495102405548096
-7.9806413650512695
13.961459159851074
4.118166446685791
-4.299588203430176
21.543325424194336
-28.848209381103516
0.9999507665634155
4.3753228187561035
-20.987241744995117
19.049766540527344
4.080130100250244
3.6480093002319336
-8.416901588439941
14.184830665588379
4.632495880126953
-4.984005928039551
22.82884979248047
-30.119050979614258
0.7929736375808716
4.505184173583984
-21.50545310974121
19.393930435180664
3.897251605987549
3.721072196960449
-8.827388763427734
14.368626594543457
5.165351867675781
-5.690359592437744
24.160505294799805
-31.442052841186523
0.5977976322174072
4.609103679656982
-21.995859146118164
19.698699951171875
3.7251882553100586
3.7678353786468506
-9.209246635437012
14.510076522827148
5.718794345855713
-6.421224594116211
25.543670654296875
-32.823936462402344
0.41536498069763184
4.686733722686768
-22.45625114440918
19.962038040161133
3.565300464630127
3.7874064445495605
-9.559507369995117
14.606269836425781
6.294378757476807
-7.178350925445557
26.9814453125
-34.2685661315918
0.24659569561481476
4.737582206726074
-22.884279251098633
20.181520462036133
3.419027805328369
3.77890682220459
-9.875030517578125
14.654325485229492
6.893244743347168
-7.961926460266113
28.474384307861328
-35.77767562866211
0.09245885908603668
4.761013031005859
-23.277441024780273
20.35448455810547
3.28775954246521
3.741548776626587
-10.15275764465332
14.651636123657227
7.517374038696289
-8.774557113647461
30.027212142944336
-37.357391357421875
-0.046161383390426636
4.7565107345581055
-23.633419036865234
20.478593826293945
3.1728851795196533
3.674443006515503
-10.38951301574707
14.595480918884277
8.169136047363281
-9.61943244934082
31.64632797241211
-39.01565170288086
-0.16838425397872925
4.723477840423584
-23.949853897094727
20.551410675048828
3.075819969177246
3.5757877826690674
-10.58096981048584
14.481752395629883
8.851040840148926
-10.49911880493164
33.33774948120117
-40.760047912597656
-0.2731062173843384
4.660917282104492
-24.223876953125
20.569805145263672
2.9979655742645264
3.444504499435425
-10.723636627197266
14.307634353637695
9.5653076171875
-11.416975021362305
35.106834411621094
-42.59727096557617
-0.3592159152030945
4.5677900314331055
-24.452552795410156
20.530607223510742
2.94095516204834
3.2794721126556396
-10.813394546508789
14.069673538208008
10.314306259155273
-12.376799583435059
36.95991897583008
-44.534423828125
-0.4256170392036438
4.443049907684326
-24.632925033569336
20.4306583404541
2.9061574935913086
3.0800600051879883
-10.847214698791504
13.765429496765137
11.101114273071289
-13.38306713104248
38.9056510925293
-46.580726623535156
-0.4711349606513977
4.285501956939697
-24.761823654174805
20.266550064086914
2.894968032836914
2.845008611679077
-10.821539878845215
13.391806602478027
11.928749084472656
-14.439900398254395
40.95186233520508
-48.7446403503418
-0.4944674074649811
4.093687534332275
-24.835649490356445
20.034320831298828
2.908839225769043
2.5729222297668457
-10.732617378234863
12.945425987243652
12.800445556640625
-15.551558494567871
43.10678482055664
-51.03514862060547
-0.4943007230758667
3.866140365600586
-24.850784301757812
19.730060577392578
2.9492058753967285
2.26239013671875
-10.57677173614502
12.422966003417969
13.71967887878418
-16.72254180908203
45.3792724609375
-53.46197509765625
-0.46917304396629333
3.601212739944458
-24.803356170654297
19.3496150970459
3.0175774097442627
1.911717414855957
-10.350269317626953
11.82098388671875
14.690133094787598
-17.957517623901367
47.778621673583984
-56.035369873046875
-0.41728973388671875
3.296739101409912
-24.68903160095215
18.888410568237305
3.1155612468719482
1.519100546836853
-10.049057960510254
11.135526657104492
15.715679168701172
-19.261333465576172
50.31460189819336
-58.76607894897461
-0.3369331955909729
2.9506537914276123
-24.503433227539062
18.34186363220215
3.2447237968444824
1.082841157913208
-9.669156074523926
10.362608909606934
16.80038070678711
-20.639022827148438
52.9974365234375
-61.66533660888672
-0.2253861278295517
2.5599753856658936
-24.23989486694336
17.703533172607422
3.4072554111480713
0.6004742980003357
-9.20502758026123
9.496074676513672
17.948505401611328
-22.095834732055664
55.83784866333008
-64.744873046875
-0.0803578644990921
2.1220717430114746
-23.89260482788086
16.96786880493164
