2
3
3.6034164428710938
4.269041538238525
6.969546318054199
-4.073026657104492
1.9694030284881592
4.050817489624023
-1.9338922500610352
-5.796389579772949
5.656991958618164
3.7546746730804443
9.895894050598145
5.414333820343018
3.7638165950775146
4.12017297744751
7.335359573364258
-4.335257530212402
2.0317959785461426
3.89522385597229
-1.7560606002807617
-6.081345081329346
5.7721076011657715
3.898225784301758
10.011138916015625
5.653998374938965
3.9306769371032715
3.9678285121917725
7.714105606079102
-4.601415634155273
2.100252628326416
3.7369823455810547
-1.5652241706848145
-6.3692121505737305
5.8901286125183105
4.034679412841797
10.130814552307129
5.877416610717773
4.104342937469482
3.811554193496704
8.106544494628906
-4.872204780578613
2.175022602081299
3.5756640434265137
-1.3608003854751587
-6.660660266876221
6.011013984680176
4.163630485534668
10.25517749786377
6.083837985992432
4.285172462463379
3.6509134769439697
8.513463973999023
-5.148289203643799
2.256378412246704
3.410861015319824
-1.142181634902954
-6.95638370513916
6.134989261627197
4.284778118133545
10.384477615356445
6.272447109222412
4.473415851593018
3.4857373237609863
8.935413360595703
-5.4300971031188965
2.3446085453033447
3.2422544956207275
-0.9086331129074097
-7.256887912750244
6.262117385864258
4.397543907165527
10.51920223236084
6.4424662590026855
4.669397830963135
3.315727710723877
9.373112678527832
-5.718275547027588
2.4400110244750977
3.069624423980713
-0.6595427989959717
-7.56281042098999
6.392439842224121
4.501206398010254
10.659977912902832
6.593123912811279
4.8734965324401855
3.140411138534546
9.827364921569824
-6.013610363006592
2.5428996086120605
2.8926336765289307
-0.39423656463623047
-7.874865531921387
6.526183128356934
4.595263957977295
10.807683944702148
6.72377872467041
5.086134433746338
2.959292411804199
10.29907512664795
-6.316947937011719
2.6535422801971436
2.7107954025268555
-0.1119842529296875
-8.193936347961426
6.663680553436279
4.679288864135742
10.963356971740723
6.833871841430664
5.307770252227783
2.7718427181243896
10.789230346679688
-6.629229545593262
2.772239923477173
2.5236098766326904
0.1880096197128296
-8.520928382873535
6.8053364753723145
4.7528886795043945
11.1281156539917
6.9228668212890625
5.538960933685303
2.5774075984954834
11.299027442932129
-6.951638698577881
2.899343252182007
2.3305909633636475
0.5065886974334717
-8.856758117675781
6.95145320892334
4.815623760223389
11.30286979675293
6.990116596221924
5.7802557945251465
2.3753607273101807
11.829681396484375
-7.285302639007568
3.035227060317993
2.131188154220581
0.8446412086486816
-9.20248794555664
7.102406024932861
4.867088794708252
11.488764762878418
7.03511381149292
6.032217502593994
2.1650805473327637
12.382413864135742
-7.631349563598633
3.180288553237915
1.9248936176300049
1.2031497955322266
-9.559064865112305
7.258625507354736
4.906914710998535
11.686881065368652
7.0572991371154785
6.295451641082764
1.9459093809127808
12.958539009094238
-7.990995407104492
3.334942102432251
1.7111598253250122
1.583146095275879
-9.927536010742188
7.420532703399658
4.9347333908081055
11.898246765136719
7.056033134460449
6.5705976486206055
1.7171704769134521
13.559441566467285
-8.365511894226074
3.499629497528076
1.4894094467163086
1.9857257604599
-10.309042930603027
7.588569641113281
4.950173377990723
12.123926162719727
7.030649662017822
6.858325958251953
1.4781742095947266
14.186559677124023
-8.756211280822754
3.674751043319702
1.2589117288589478
2.4120500087738037
-10.704984664916992
7.7632269859313965
4.952884674072266
12.365165710449219
6.980567455291748
7.159330368041992
1.228213906288147
14.8413724899292
-9.164461135864258
3.860751152038574
1.0189346075057983
2.8634328842163086
-11.11667251586914
7.9449615478515625
4.942473411560059
12.623146057128906
6.905097484588623
7.474367141723633
0.9665123820304871
15.525506019592285
-9.591775894165039
4.058172225952148
0.7688637375831604
3.341200351715088
-11.545334815979004
8.13439655303955
4.918588161468506
12.89932632446289
6.803663730621338
7.804216384887695
0.6922727823257446
16.24063491821289
-10.039730072021484
4.267582416534424
0.5079936981201172
3.8467538356781006
-11.992403030395508
8.332161903381348
4.880826950073242
13.19511604309082
6.6755523681640625
8.149702072143555
0.4046821892261505
16.98853302001953
-10.509953498840332
4.489587306976318
0.23557424545288086
4.381585121154785
-12.459421157836914
8.538832664489746
4.828737258911133
13.511861801147461
6.519948482513428
8.511717796325684
0.10285404324531555
17.7711124420166
-11.004232406616211
4.724758148193359
-0.04943442344665527
4.947441101074219
-12.948272705078125
8.75502872467041
4.761857032775879
13.851009368896484
6.33601713180542
8.891222953796387
-0.2141568958759308
18.590421676635742
-11.52448844909668
4.973672866821289
-0.3481844663619995
5.546294212341309
-13.460907936096191
8.98136043548584
4.679692268371582
14.214020729064941
6.122879505157471
9.289231300354004
-0.5473510026931763
19.448623657226562
-12.072775840759277
5.237078666687012
-0.6616032123565674
6.180046558380127
-13.999194145202637
9.218483924865723
4.581713676452637
14.602450370788574
5.879583835601807
9.706811904907227
-0.8977826237678528
20.34799575805664
-12.65127182006836
5.515878677368164
-0.9907965660095215
6.850893974304199
-14.565605163574219
9.467117309570312
4.467355251312256
15.017966270446777
5.605094909667969
10.145102500915527
-1.266571283340454
21.29096794128418
-13.262307167053223
5.810939311981201
-1.336805820465088
7.561042785644531
-15.16228199005127
9.72807788848877
4.336032867431641
15.462450981140137
5.298354625701904
10.605287551879883
-1.6548948287963867
22.279970169067383
-13.908354759216309
6.123182773590088
-1.7007262706756592
8.312841415405273
-15.791496276855469
10.00223445892334
4.187122821807861
15.937901496887207
4.958230972290039
11.088630676269531
-2.0640063285827637
23.317646026611328
-14.592059135437012
6.453580379486084
-2.083672046661377
9.108762741088867
-16.455577850341797
10.29035472869873
4.0198845863342285
16.445945739746094
4.5832390785217285
11.596479415893555
-2.4952383041381836
24.4068546295166
-15.31624984741211
6.803166389465332
-2.486830711364746
9.951433181762695
-17.15701675415039
10.593219757080078
3.8335182666778564
16.988161087036133
4.171758651733398
12.13025951385498
-2.9500081539154053
25.550609588623047
-16.08395004272461
7.173046112060547
-2.911473274230957
10.843644142150879
-17.89852523803711
10.912063598632812
3.627326488494873
17.566997528076172
3.722482204437256
12.691452980041504
-3.4297797679901123
26.752038955688477
-16.898292541503906
7.564395904541016
-3.358952760696411
11.78837776184082
-18.6829891204834
11.247978210449219
3.400585889816284
18.184646606445312
3.2337570190429688
13.281700134277344
-3.936206579208374
28.014728546142578
-17.76285743713379
7.978465557098389
-3.8306915760040283
12.788786888122559
-19.513446807861328
11.60234260559082
3.152766227722168
18.84368133544922
2.7039549350738525
13.902717590332031
-4.47101354598999
29.34239387512207
-18.681386947631836
8.41661548614502
-4.328293800354004
13.848334312438965
-20.39337730407715
11.976339340209961
2.882894992828369
19.54667091369629
2.1312923431396484
14.556285858154297
-5.036012172698975
30.738872528076172
-19.657821655273438
8.880292892456055
-4.853447914123535
14.970693588256836
-21.326444625854492
12.371463775634766
2.5899887084960938
20.297222137451172
1.5142245292663574
15.244282722473145
-5.633128643035889
32.208221435546875
-20.69636344909668
9.370972633361816
-5.407776832580566
16.15953826904297
-22.316020965576172
12.789202690124512
2.272905111312866
21.098867416381836
0.8508992195129395
15.96868896484375
-6.264407634735107
33.75469207763672
-21.801511764526367
9.890252113342285
-5.993045330047607
17.4188289642334
-23.365888595581055
13.230766296386719
1.9302701950073242
21.954177856445312
0.13887125253677368
16.73160743713379
-6.9320454597473145
35.38286590576172
-22.978111267089844
10.439840316772461
-6.61115026473999
18.752792358398438
-24.480175018310547
13.697846412658691
1.5607657432556152
22.866853713989258
-0.6242160201072693
17.53529167175293
-7.638235569000244
37.097496032714844
-24.23125648498535
11.02152156829834
-7.264046669006348
20.16575050354004
-25.66305160522461
14.192159652709961
1.1629257202148438
23.840652465820312
-1.4409198760986328
18.382129669189453
-8.3854398727417
38.9037971496582
-25.56652069091797
11.637203216552734
-7.953790187835693
21.662349700927734
-26.919057846069336
14.715459823608398
0.7351433038711548
24.879316329956055
-2.3140649795532227
19.274648666381836
-9.176337242126465
40.807373046875
-26.98993682861328
12.288932800292969
-8.682573318481445
23.247522354125977
-28.253042221069336
15.269523620605469
0.27562350034713745
25.98688507080078
-3.2467026710510254
20.21548080444336
-10.013748168945312
42.81396484375
-28.50782012939453
12.978899955749512
-9.45278263092041
24.926546096801758
-29.67030906677246
15.857967376708984
-0.2169228494167328
27.167556762695312
-4.2421722412109375
