2
3
-7.771518230438232
-3.9420642852783203
9.411080360412598
0.21845436096191406
-0.52565598487854
0.02117455005645752
2.4221081733703613
-2.998230457305908
-3.247009038925171
7.29033899307251
9.980677604675293
3.4778199195861816
-7.371772289276123
-3.6846048831939697
10.124277114868164
0.7197251319885254
-0.6635513305664062
0.027571972459554672
2.11462140083313
-2.992547035217285
-3.069854736328125
6.939894199371338
10.372649192810059
2.767030954360962
-6.971467971801758
-3.4320273399353027
10.840049743652344
1.2100961208343506
-0.7920013070106506
0.032276954501867294
1.8295420408248901
-2.989833116531372
-2.886836290359497
6.596446514129639
10.77668285369873
2.0724833011627197
-6.570309162139893
-3.184431791305542
11.5590238571167
1.68946373462677
-0.9106103777885437
0.0351627916097641
1.5673552751541138
-2.9902946949005127
-2.6973631381988525
6.259941101074219
11.193548202514648
1.393317461013794
-6.167913436889648
-2.942228078842163
12.28209400177002
2.1574997901916504
-1.0189828872680664
0.0360875129699707
1.3286054134368896
-2.994152545928955
-2.500896453857422
5.930196285247803
11.62393856048584
0.7284597158432007
-5.763009071350098
-2.7060606479644775
13.010794639587402
2.613616943359375
-1.116768479347229
0.03491742163896561
1.1138169765472412
-3.0015358924865723
-2.2965919971466064
5.606949329376221
12.069721221923828
0.07756388187408447
-5.354788303375244
-2.475961446762085
13.746077537536621
3.057788372039795
-1.2035748958587646
0.03144434094429016
0.9236737489700317
-3.012779712677002
-2.0831737518310547
5.289628505706787
12.5327730178833
-0.5605587959289551
-4.942248821258545
-2.2521767616271973
14.489152908325195
3.489936590194702
-1.2789959907531738
0.025410402566194534
0.758905291557312
-3.028312921524048
-1.8598524332046509
4.9773406982421875
13.014239311218262
-1.187479019165039
-4.524483680725098
-2.03462553024292
15.241067886352539
3.9100687503814697
-1.342607855796814
0.016558611765503883
0.6203030943870544
-3.0485568046569824
-1.6257176399230957
4.669124126434326
13.515616416931152
-1.8046696186065674
-4.099559307098389
-1.8230340480804443
16.00318717956543
4.31796407699585
-1.394281029701233
0.004449334926903248
0.5085715651512146
-3.0740232467651367
-1.3788189888000488
4.364211082458496
14.038863182067871
-2.413642406463623
-3.6657042503356934
-1.6170321702957153
16.776750564575195
4.713422775268555
-1.4334700107574463
-0.01116964127868414
0.4247233271598816
-3.1051690578460693
-1.11800217628479
4.061275959014893
14.586000442504883
-3.016075611114502
-3.2219386100769043
-1.4163345098495483
17.5627384185791
5.096302032470703
-1.4595668315887451
-0.03056839108467102
0.3698346018791199
-3.14253568649292
-0.8423093557357788
3.7588281631469727
15.158802032470703
-3.6137948036193848
-2.7672359943389893
-1.2207677364349365
18.36216926574707
5.466333389282227
-1.4718706607818604
-0.053977273404598236
0.34522995352745056
-3.1865131855010986
-0.5507020354270935
3.455296516418457
15.7593994140625
-4.20872163772583
-2.300605535507202
-1.030274748802185
19.176166534423828
5.823115825653076
-1.469681739807129
-0.08168128877878189
0.35227546095848083
-3.237630605697632
-0.24240684509277344
3.14898943901062
16.39048957824707
-4.802767753601074
-1.821169137954712
-0.8448866605758667
20.005836486816406
6.166164398193359
-1.4524304866790771
-0.11396807432174683
0.39222484827041626
-3.2963311672210693
0.0838155746459961
2.8384971618652344
17.053831100463867
-5.397997856140137
-1.3280879259109497
-0.6647536754608154
20.852401733398438
6.494871616363525
-1.4195387363433838
-0.15109118819236755
0.46641793847084045
-3.3629260063171387
0.42872875928878784
2.5224761962890625
17.751142501831055
-5.99619197845459
-0.8208195567131042
-0.490136981010437
21.71677017211914
6.80848503112793
-1.3705767393112183
-0.19366377592086792
0.5762622356414795
-3.438143730163574
0.7934431433677673
2.199575901031494
18.484926223754883
-6.599386215209961
-0.2998046278953552
-0.32160648703575134
22.598041534423828
7.105471611022949
-1.3049931526184082
-0.24210819602012634
0.7230212688446045
-3.522697925567627
1.1792218685150146
1.868455171585083
19.258068084716797
-7.2099456787109375
0.2349901795387268
-0.1597449779510498
23.496015548706055
7.3843865394592285
-1.2220356464385986
-0.29678013920783997
0.9081743955612183
-3.617280960083008
1.5872347354888916
1.5278880596160889
20.07359504699707
-7.8301520347595215
0.7834797501564026
-0.0052100419998168945
24.41027069091797
7.643890380859375
-1.1210558414459229
-0.35834354162216187
1.1332594156265259
-3.723083019256592
2.018678665161133
1.1766791343688965
20.93446922302246
-8.462334632873535
1.3453164100646973
0.1412590742111206
25.340930938720703
7.882472515106201
-1.0013188123703003
-0.4272746741771698
1.3998382091522217
-3.8409218788146973
2.4745571613311768
0.8137388229370117
21.843517303466797
-9.108837127685547
1.9204797744750977
0.27886462211608887
26.28879165649414
8.098729133605957
-0.8621314764022827
-0.5041163563728333
1.7094860076904297
-3.9717812538146973
2.9556148052215576
0.4380667805671692
22.80328941345215
-9.772006034851074
2.508777618408203
0.40671807527542114
27.2541446685791
8.291276931762695
-0.7027754783630371
-0.589464008808136
2.063795328140259
-4.116840362548828
3.4630966186523438
0.04861298203468323
23.816635131835938
-10.454395294189453
3.1086370944976807
0.5232627391815186
28.23456573486328
8.457985877990723
-0.5224209427833557
-0.6836276054382324
2.464338541030884
-4.277143955230713
3.9972612857818604
-0.35474157333374023
24.884502410888672
-11.156787872314453
3.719609260559082
0.6272189617156982
29.22978973388672
8.596829414367676
-0.3204360902309418
-0.7872487306594849
2.9127376079559326
-4.45376443862915
4.558075904846191
-0.7720878720283508
26.006906509399414
-11.879685401916504
4.342087268829346
0.7174906134605408
30.240995407104492
8.70613956451416
-0.09621205925941467
-0.9010428190231323
3.4105632305145264
-4.647764205932617
5.146280288696289
-1.2040210962295532
27.185056686401367
-12.624452590942383
4.976774215698242
0.7930713891983032
31.27008819580078
8.784460067749023
0.15089933574199677
-1.0258504152297974
3.959397792816162
-4.860607147216797
5.76296854019165
-1.6513878107070923
28.421064376831055
-13.393073081970215
5.624303817749023
0.8529046773910522
32.31891632080078
8.830345153808594
0.42165321111679077
-1.1623777151107788
4.560853958129883
-5.093656539916992
6.409262180328369
-2.1150920391082764
29.71719741821289
-14.1876802444458
6.285513877868652
0.8959873914718628
33.38984680175781
8.84249210357666
0.7167654633522034
-1.311579942703247
5.216630935668945
-5.34862756729126
7.086501121520996
-2.596341848373413
31.076047897338867
-15.011067390441895
6.961456298828125
0.9213752746582031
34.485538482666016
8.819686889648438
1.0369536876678467
-1.474431037902832
5.928560256958008
-5.62717866897583
7.795953273773193
-3.0962443351745605
32.499874114990234
-15.865739822387695
7.653200626373291
0.9281300902366638
35.608612060546875
8.760722160339355
1.3829740285873413
-1.6519461870193481
6.698579788208008
-5.931044578552246
8.539079666137695
-3.616023063659668
33.991554260253906
-16.754528045654297
8.361825942993164
0.9153041243553162
36.76168441772461
8.664213180541992
1.7556296586990356
-1.8451716899871826
7.5287604331970215
-6.262007713317871
9.317553520202637
-4.157138824462891
35.55451202392578
-17.680763244628906
9.08841323852539
0.8820327520370483
37.947242736816406
8.52874755859375
2.155780553817749
-2.0552029609680176
8.421308517456055
-6.621951580047607
10.133158683776855
-4.721175670623779
37.1923942565918
-18.648054122924805
9.83408260345459
0.8275570869445801
39.16682434082031
8.352527618408203
2.584287166595459
-2.2833597660064697
9.37864875793457
-7.012936592102051
10.987665176391602
-5.309706211090088
38.908809661865234
-19.660003662109375
10.600252151489258
0.7511502504348755
40.42308044433594
8.133934020996094
3.042117118835449
-2.531005859375
10.403373718261719
-7.4371018409729
11.88293170928955
-5.924407482147217
40.707542419433594
-20.720462799072266
11.389129638671875
0.6523895263671875
41.719722747802734
7.871313095092773
3.530384063720703
-2.7993946075439453
11.498178482055664
-7.896583557128906
12.820911407470703
-6.567068099975586
42.592586517333984
-21.83354377746582
12.202457427978516
0.5304650068283081
43.059871673583984
7.562849998474121
4.05031156539917
-3.0898637771606445
12.665993690490723
-8.39372444152832
13.803632736206055
-7.2395710945129395
44.568111419677734
-23.003585815429688
13.041702270507812
0.38440394401550293
44.44633102416992
7.206601619720459
4.603219509124756
-3.403803825378418
13.909927368164062
-8.930968284606934
14.83321475982666
-7.943909168243408
46.63848876953125
-24.235193252563477
13.908342361450195
0.21316319704055786
45.882164001464844
6.80062198638916
5.190524101257324
-3.74267315864563
15.233288764953613
-9.510889053344727
15.911914825439453
-8.682225227355957
48.808414459228516
-25.53333854675293
14.804046630859375
0.015681639313697815
47.37084197998047
6.342987537384033
5.813747406005859
-4.108004570007324
16.639575958251953
-10.136213302612305
17.04210662841797
-9.456811904907227
51.0828742980957
-26.903339385986328
