2
3
-9.545162200927734
-6.8138227462768555
0.27758699655532837
6.105201721191406
-7.437925815582275
-1.1703604459762573
9.005919456481934
-0.5735146999359131
7.457250595092773
-2.1623520851135254
-7.524991989135742
1.5435222387313843
-9.321466445922852
-6.400911808013916
1.264973759651184
6.360260486602783
-6.652806282043457
-1.655373454093933
9.679741859436035
-0.9189857840538025
6.5309648513793945
-1.9899884462356567
-9.055015563964844
1.645310640335083
-9.026932716369629
-5.97599983215332
2.195572853088379
6.533698558807373
-5.844574451446533
-2.1728031635284424
10.217915534973145
-1.1158102750778198
5.538423538208008
-1.8015614748001099
-10.429929733276367
1.7021112442016602
-8.66134262084961
-5.548758029937744
3.0539870262145996
6.630802154541016
-5.014997482299805
-2.7074317932128906
10.60318660736084
-1.1593091487884521
4.494166374206543
-1.6042962074279785
-11.644015312194824
1.7088470458984375
-8.232173919677734
-5.128946304321289
3.8317251205444336
6.661072254180908
-4.171718597412109
-3.2411975860595703
10.8192720413208
-1.058547854423523
3.4102017879486084
-1.403865933418274
-12.687150955200195
1.6625956296920776
-7.746424674987793
-4.725368976593018
4.522231578826904
6.634851932525635
-3.3311033248901367
-3.754735231399536
10.877298355102539
-0.8253159523010254
2.2992002964019775
-1.2069032192230225
-13.551992416381836
1.5622692108154297
-7.211435317993164
-4.3450493812561035
5.123644828796387
6.566175937652588
-2.5038843154907227
-4.236210346221924
10.772915840148926
-0.4612738788127899
1.1741087436676025
-1.0188652276992798
-14.235464096069336
1.408835768699646
-6.634289741516113
-3.9919257164001465
5.624818801879883
6.467103481292725
-1.700901746749878
-4.671961307525635
10.502070426940918
0.024807482957839966
0.047840237617492676
-0.845005989074707
-14.739336013793945
1.2049376964569092
-6.023061752319336
-3.66923189163208
6.013019561767578
6.352514266967773
-0.9318482279777527
-5.048365116119385
10.055389404296875
0.6163374185562134
-1.0670325756072998
-0.690126895904541
-15.06753921508789
0.9538587927818298
-5.384311199188232
-3.3764808177948
6.2730255126953125
6.233739852905273
-0.21109050512313843
-5.351049423217773
9.438764572143555
1.2913247346878052
-2.1611738204956055
-0.5584586262702942
-15.220542907714844
0.6624228358268738
-4.723536968231201
-3.1127982139587402
6.381661415100098
6.12013053894043
0.4485110640525818
-5.567177772521973
8.671186447143555
2.0227322578430176
-3.2214884757995605
-0.4560813903808594
-15.208991050720215
0.3373008668422699
-4.0420918464660645
-2.8821072578430176
6.299219131469727
6.029531955718994
1.0388548374176025
-5.689897060394287
7.782463550567627
2.7825119495391846
-4.239967346191406
-0.38850662112236023
-15.035478591918945
-0.011054784059524536
-3.348850727081299
-2.684950113296509
6.005124092102051
5.981836795806885
1.5537443161010742
-5.712148666381836
6.802173614501953
3.5375518798828125
-5.210923194885254
-0.3630935549736023
-14.693744659423828
-0.3699704706668854
-2.6611971855163574
-2.5089399814605713
5.50362491607666
5.973722457885742
1.9938887357711792
-5.637013912200928
5.749535083770752
4.264552593231201
-6.118605136871338
-0.37781962752342224
-14.192416191101074
-0.736039400100708
-2.00510311126709
-2.3394691944122314
4.838478088378906
5.992059707641602
2.3627772331237793
-5.4739298820495605
4.631487846374512
4.9514899253845215
-6.947580814361572
-0.4313962757587433
-13.537004470825195
-1.1065099239349365
-1.399436116218567
-2.167090892791748
4.042126178741455
6.025552749633789
2.659881830215454
-5.23028564453125
3.4641613960266113
5.5862860679626465
-7.672149181365967
-0.5302990078926086
-12.773781776428223
-1.4629595279693604
-0.8572139143943787
-1.9848326444625854
3.1411690711975098
6.0655107498168945
2.886990547180176
-4.914648532867432
2.25709867477417
6.1613945960998535
-8.277937889099121
-0.6820048093795776
-11.981840133666992
-1.7790738344192505
-0.38756638765335083
-1.7868024110794067
2.1705031394958496
6.098382949829102
3.0424246788024902
-4.536424160003662
1.0186424255371094
6.673130512237549
-8.75994873046875
-0.8838908672332764
-11.21540355682373
-2.0428905487060547
0.0039549171924591064
-1.5720372200012207
1.1540290117263794
6.117760181427002
3.1221580505371094
-4.106802940368652
-0.2410721778869629
7.120732307434082
-9.123371124267578
-1.1273835897445679
-10.43485164642334
-2.2542545795440674
0.3095375597476959
-1.3422883749008179
0.10074925422668457
6.120246887207031
3.1149184703826904
-3.6374454498291016
-1.5340739488601685
7.507672309875488
-9.369665145874023
-1.4081640243530273
-9.605941772460938
-2.4113569259643555
0.519187331199646
-1.0946365594863892
-0.9521209001541138
6.08735990524292
3.0096397399902344
-3.130737781524658
-2.8359389305114746
7.8296098709106445
-9.504823684692383
-1.7206774950027466
-8.725140571594238
-2.510652780532837
0.6380009651184082
-0.8297884464263916
-1.97545325756073
6.005350112915039
2.8177402019500732
-2.5971591472625732
-4.113241195678711
8.084623336791992
-9.535602569580078
-2.064042091369629
-7.816836357116699
-2.5378034114837646
0.689640998840332
-0.560813307762146
-2.993309497833252
5.888974189758301
2.5531063079833984
-2.04579496383667
-5.353857040405273
8.264548301696777
-9.474010467529297
-2.4346518516540527
-6.903560161590576
-2.47782039642334
0.6812681555747986
-0.29749011993408203
-3.9996371269226074
5.754244327545166
2.2234151363372803
-1.484611988067627
-6.537954330444336
8.366122245788574
-9.332588195800781
-2.8258919715881348
-6.005983352661133
-2.3174386024475098
0.6128352284431458
-0.050328388810157776
-4.966101169586182
5.618924140930176
1.83205246925354
-0.9242696166038513
-7.646503448486328
8.39238166809082
-9.1199312210083
-3.227055549621582
-5.146862983703613
-2.04695200920105
0.4865173101425171
0.17605409026145935
-5.877829551696777
5.4920268058776855
1.3782589435577393
-0.37936800718307495
-8.655198097229004
8.354833602905273
-8.840578079223633
-3.6172780990600586
-4.352540493011475
-1.6749448776245117
0.3069895803928375
0.3790772259235382
-6.729727268218994
5.380331516265869
0.8701627850532532
0.14201611280441284
-9.553694725036621
8.258310317993164
-8.494680404663086
-3.991190195083618
-3.648582935333252
-1.2001757621765137
0.08181679248809814
0.5754699110984802
-7.534150123596191
5.266547679901123
0.32466405630111694
0.6516279578208923
-10.358162879943848
8.078461647033691
-8.092622756958008
-4.341090202331543
-3.045485019683838
-0.6286976337432861
-0.1915186047554016
0.7543200850486755
-8.272492408752441
5.169848442077637
-0.25467580556869507
1.130372166633606
-11.047346115112305
7.841033458709717
-7.64431619644165
-4.651116847991943
-2.5621232986450195
0.023990154266357422
-0.5024041533470154
0.9176520705223083
-8.954352378845215
5.081634044647217
-0.8550360798835754
1.5685423612594604
-11.623733520507812
7.550860404968262
-7.160393714904785
-4.907639503479004
-2.2182679176330566
0.7424865365028381
-0.8409155011177063
1.0669212341308594
-9.587347984313965
4.995337009429932
-1.460519552230835
1.9606189727783203
-12.097382545471191
7.213802814483643
-6.655677318572998
-5.100877285003662
-2.0292000770568848
1.5136442184448242
-1.2007908821105957
1.20556640625
-10.175591468811035
4.9032816886901855
-2.055433988571167
2.303323745727539
-12.480854034423828
6.835347652435303
-6.145179271697998
-5.227468967437744
-2.002073049545288
2.3317694664001465
-1.5781117677688599
1.3326064348220825
-10.717606544494629
4.803495407104492
-2.631002187728882
2.5933990478515625
-12.783398628234863
6.426153182983398
-5.641155242919922
-5.288148880004883
-2.1408090591430664
3.194312572479248
-1.9693877696990967
1.4472947120666504
-11.214397430419922
4.6957573890686035
-3.180438995361328
2.8277368545532227
-13.018349647521973
6.0027618408203125
-5.157498359680176
-5.279895782470703
-2.440063714981079
4.0917887687683105
-2.3701183795928955
1.5478668212890625
-11.671972274780273
4.587765216827393
-3.69834566116333
3.005937337875366
-13.2023286819458
5.581515312194824
-4.705104827880859
-5.20116662979126
-2.8944203853607178
5.013837814331055
-2.775602340698242
1.6325581073760986
-12.10600471496582
4.491750240325928
-4.1805806159973145
3.129197120666504
-13.363018989562988
5.182922840118408
-4.2917160987854
-5.051451683044434
-3.49995756149292
5.948526382446289
-3.1784634590148926
1.7005194425582886
-12.552064895629883
4.425061225891113
-4.622226238250732
3.2001070976257324
-13.563126564025879
4.839050769805908
-3.9289517402648926
-4.83067512512207
-4.236259937286377
6.886542320251465
-3.5726072788238525
1.7518749237060547
-13.049103736877441
4.402213096618652
-5.023069381713867
3.224607229232788
-13.853459358215332
4.5705037117004395
-3.622906446456909
-4.540701866149902
-5.0836968421936035
7.818259239196777
-3.9565491676330566
1.788499116897583
-13.607166290283203
4.430617332458496
-5.391375541687012
3.2088637351989746
-14.218283653259277
4.374912738800049
-3.3772952556610107
-4.184526443481445
-6.025373935699463
8.733678817749023
-4.332930564880371
1.8129042387008667
-14.20715045928955
4.506689071655273
-5.735695838928223
3.1583967208862305
-14.62045669555664
4.244924068450928
-3.193509101867676
-3.766411066055298
-7.04786491394043
9.624420166015625
