2
3
-7.141124725341797
-2.301638126373291
12.606395721435547
-9.474692344665527
7.504598140716553
2.770062208175659
-4.812317848205566
7.57696533203125
4.985907077789307
-1.6838839054107666
3.2471671104431152
2.1591060161590576
-6.0105156898498535
-3.263542890548706
13.854667663574219
-9.122108459472656
6.722627639770508
3.4823415279388428
-5.778429985046387
7.017103672027588
4.973099231719971
-1.3375957012176514
2.4488048553466797
2.2811498641967773
-4.809455394744873
-4.218884468078613
14.852191925048828
-8.569326400756836
5.892928600311279
4.152440547943115
-6.533871173858643
6.292569160461426
4.906057357788086
-0.9867927432060242
1.7344985008239746
2.3519229888916016
-3.5592405796051025
-5.143655776977539
15.557512283325195
-7.814265251159668
5.018826484680176
4.755340576171875
-7.049483299255371
5.429701805114746
4.796151638031006
-0.6346988677978516
1.1018712520599365
2.347668409347534
-2.271815299987793
-6.000795841217041
15.922136306762695
-6.883297920227051
4.124718189239502
5.265948295593262
-7.323421001434326
4.472050189971924
4.648983955383301
-0.29381245374679565
0.5595777034759521
2.267756462097168
-0.9694347381591797
-6.7638397216796875
15.91421127319336
-5.797549724578857
3.251328945159912
5.672548770904541
-7.38405179977417
3.4419403076171875
4.4709320068359375
0.033765584230422974
0.10805118083953857
2.096945285797119
0.3034154176712036
-7.3975300788879395
15.577436447143555
-4.604434967041016
2.4250266551971436
5.985001564025879
-7.256767272949219
2.334160327911377
4.269949913024902
0.33651748299598694
-0.24644595384597778
1.8408615589141846
1.5120238065719604
-7.882392406463623
14.987284660339355
-3.345399856567383
1.663583755493164
6.206448554992676
-6.960162162780762
1.1580784320831299
4.05233097076416
0.6094644069671631
-0.5006705522537231
1.504873275756836
2.6372623443603516
-8.210095405578613
14.197271347045898
-2.054255485534668
0.979213297367096
6.336941719055176
-6.508325576782227
-0.06688797473907471
3.822606086730957
0.8505734205245972
-0.653468132019043
1.0897407531738281
3.6644701957702637
-8.375741958618164
13.241434097290039
-0.7610946893692017
0.38725149631500244
6.379954814910889
-5.922786712646484
-1.3200926780700684
3.5877153873443604
1.0575885772705078
-0.7054876089096069
0.6099302768707275
4.584384918212891
-8.380656242370605
12.150325775146484
0.505781888961792
-0.10443592071533203
6.3382649421691895
-5.224577903747559
-2.5838398933410645
3.3547348976135254
1.2274357080459595
-0.6593390703201294
0.08942288160324097
5.39154577255249
-8.230182647705078
10.948627471923828
1.7279858589172363
-0.4905208945274353
6.208897590637207
-4.431737422943115
-3.8373489379882812
3.131699323654175
1.3568495512008667
-0.5214943289756775
-0.44955551624298096
6.080692768096924
-7.931297302246094
9.669455528259277
2.878176212310791
-0.7687753438949585
5.982473373413086
-3.5708179473876953
-5.048924922943115
2.9271421432495117
1.4423779249191284
-0.29828310012817383
-0.9953041076660156
6.647099018096924
-7.496191501617432
8.366480827331543
3.9214627742767334
-0.9443739056587219
5.651496410369873
-2.7026515007019043
-6.1783037185668945
2.7556252479553223
1.4740129709243774
-0.025547325611114502
-1.525264024734497
7.083460330963135
-6.932046890258789
7.063041687011719
4.843034267425537
-1.024303674697876
5.2298808097839355
-1.8359248638153076
-7.217841148376465
2.6329855918884277
1.4484622478485107
0.1900373101234436
-1.987277865409851
7.406378746032715
-6.266041278839111
5.749542713165283
5.653960704803467
-1.0175939798355103
4.731807708740234
-0.9377419948577881
-8.170157432556152
2.548966884613037
1.3818126916885376
0.3981815576553345
-2.4005675315856934
7.636641502380371
-5.528911590576172
4.397238731384277
6.372664451599121
-0.9361484050750732
4.164705753326416
0.01510775089263916
-9.052305221557617
2.497771739959717
1.286750078201294
0.6397081613540649
-2.796185255050659
7.773548126220703
-4.732438087463379
3.036113739013672
6.9872941970825195
-0.7808338403701782
3.5276894569396973
1.0085747241973877
-9.854387283325195
2.486747980117798
1.1643040180206299
0.9163486957550049
-3.184403896331787
7.812446594238281
-3.88613224029541
1.699634313583374
7.486544609069824
-0.5493637323379517
2.81874418258667
2.0126187801361084
-10.550087928771973
2.5213088989257812
1.0154637098312378
1.217414379119873
-3.56331205368042
7.755317211151123
-3.003920078277588
0.4226367473602295
7.858990669250488
-0.2413228154182434
2.0397884845733643
2.994659900665283
-11.11153793334961
2.601419687271118
0.8419297933578491
1.5344719886779785
-3.9258229732513428
7.602985858917236
-2.10103702545166
-0.7602047920227051
8.097999572753906
0.142062246799469
1.1971466541290283
3.9252758026123047
-11.511634826660156
2.719109535217285
0.6460094451904297
1.8617995977401733
-4.2583794593811035
7.359638690948486
-1.189498782157898
-1.8236327171325684
8.189531326293945
0.5982840061187744
0.3007183074951172
4.775050163269043
-11.728252410888672
2.870103359222412
0.4272505044937134
2.195192575454712
-4.55182409286499
7.033068656921387
-0.2849576473236084
-2.7380640506744385
8.123129844665527
1.1212645769119263
-0.6346474885940552
5.512961387634277
-11.749856948852539
3.0518136024475098
0.1876474916934967
2.5259313583374023
-4.800543785095215
6.631268501281738
0.5946564078330994
-3.4726369380950928
7.897011756896973
1.7021183967590332
-1.588566780090332
6.112144947052002
-11.575958251953125
3.2623379230499268
-0.0692000687122345
2.84405779838562
-5.0041656494140625
6.16807746887207
1.4375866651535034
-4.010964870452881
7.50291109085083
2.3258872032165527
-2.533937454223633
6.558842182159424
-11.220800399780273
3.4991536140441895
-0.3373735249042511
3.138256549835205
-5.167012691497803
5.659210205078125
2.232560634613037
-4.342652320861816
6.934582710266113
2.9704689979553223
-3.4379217624664307
6.861733436584473
-10.720699310302734
3.7584807872772217
-0.6094305515289307
3.3981804847717285
-5.295873165130615
5.124391078948975
2.9688234329223633
-4.466020584106445
6.188532829284668
3.6192822456359863
-4.273738384246826
7.015053749084473
-10.101155281066895
4.034468650817871
-0.878384530544281
3.61932110786438
-5.396045684814453
4.582708358764648
3.6358699798583984
-4.39169979095459
5.268455505371094
4.254647254943848
-5.023558616638184
7.0250244140625
-9.380784034729004
4.319689750671387
-1.142143726348877
3.805098533630371
-5.464080810546875
4.055267333984375
4.213653564453125
-4.13875150680542
4.215517044067383
4.860505104064941
-5.670860767364502
6.895884037017822
-8.580742835998535
4.605210304260254
-1.4072935581207275
3.9611449241638184
-5.4835205078125
3.558887481689453
4.6887712478637695
-3.720153570175171
3.058317184448242
5.4215569496154785
-6.202225208282471
6.637198448181152
-7.726032257080078
4.883187294006348
-1.6729485988616943
4.092404842376709
-5.454912185668945
3.1094212532043457
5.048409461975098
-3.1507062911987305
1.8317687511444092
5.925045490264893
-6.604343414306641
6.270031929016113
-6.853446006774902
5.147739410400391
-1.9327658414840698
4.1984543800354
-5.3893609046936035
2.724421977996826
5.280697345733643
-2.4564826488494873
0.5762161016464233
6.354351043701172
-6.862760066986084
5.841162204742432
-6.017948627471924
5.397106647491455
-2.1812071800231934
4.269499778747559
-5.296322345733643
2.4146041870117188
5.3804192543029785
-1.665392279624939
-0.6704310178756714
6.708122730255127
-6.977926254272461
5.385942459106445
-5.2669758796691895
5.6299638748168945
-2.4119091033935547
4.293464183807373
-5.1821675300598145
2.183258295059204
5.3549299240112305
-0.8074698448181152
-1.8807892799377441
6.980942249298096
-6.96337890625
4.95008659362793
-4.628829479217529
5.843799591064453
-2.6144139766693115
4.275844573974609
-5.069268703460693
2.032479763031006
5.2188310623168945
0.08522510528564453
-3.0390400886535645
7.174834251403809
-6.842893600463867
4.567025184631348
-4.112127304077148
6.026815891265869
-2.7763571739196777
4.257757186889648
-4.992486953735352
1.9614677429199219
4.988043308258057
0.9917863607406616
-4.147644996643066
7.303920269012451
-6.648991584777832
4.2051310539245605
-3.6647756099700928
6.171822547912598
-2.8929991722106934
4.2723917961120605
-4.975783824920654
1.9689252376556396
4.677235126495361
1.9027063846588135
-5.216118812561035
7.377347946166992
-6.402340412139893
3.8445043563842773
-3.2631657123565674
6.290332317352295
-2.9760234355926514
4.2746968269348145
-4.98154878616333
2.0531058311462402
4.294088840484619
2.8031134605407715
-6.235929489135742
7.403763294219971
-6.117203235626221
3.4676027297973633
-2.8945767879486084
6.3856964111328125
-3.025552988052368
4.243069171905518
-4.995675086975098
2.2118887901306152
3.844958543777466
3.6829023361206055
-7.1995439529418945
7.389959812164307
-5.802173614501953
3.0643410682678223
-2.5504956245422363
6.4580302238464355
-3.04801344871521
4.203464031219482
-5.025753974914551
2.4430394172668457
3.3360297679901123
4.533127784729004
-8.09912395477295
7.340191841125488
-5.464827060699463
2.6538686752319336
-2.239259719848633
6.515615463256836
-3.0521814823150635
4.158347129821777
-5.072688102722168
