2
3
-6.690572738647461
7.726646900177002
-1.849319577217102
-5.3440093994140625
2.0518882274627686
-7.5368332862854
-1.1188063621520996
-8.15908145904541
-4.728907108306885
6.321391582489014
-3.8478057384490967
-2.6989223957061768
-6.486763954162598
7.160309791564941
-1.2540748119354248
-6.387302398681641
1.7816109657287598
-7.185097694396973
-1.7998547554016113
-7.437772750854492
-4.661120414733887
5.891995429992676
-3.5836925506591797
-3.471571922302246
-6.289865970611572
6.605926513671875
-0.6742519736289978
-7.412405967712402
1.506983757019043
-6.831644058227539
-2.4877068996429443
-6.7261576652526855
-4.598587989807129
5.472458362579346
-3.332362174987793
-4.228482246398926
-6.099534511566162
6.062373161315918
-0.10863924026489258
-8.422211647033691
1.2289024591445923
-6.47825288772583
-3.1805427074432373
-6.027531147003174
-4.540952205657959
5.061784744262695
-3.0924506187438965
-4.972779750823975
-5.915342330932617
5.528100967407227
0.4440484046936035
-9.419722557067871
0.9481090307235718
-6.127144813537598
-3.876650094985962
-5.345279216766357
-4.488107681274414
4.659417629241943
-2.8633828163146973
-5.706331253051758
-5.736613750457764
5.000758647918701
0.9856691360473633
-10.408733367919922
0.6651556491851807
-5.7803449630737305
-4.5748748779296875
-4.681984901428223
-4.439749240875244
4.264285564422607
-2.644007682800293
-6.431809425354004
-5.562397003173828
4.477203845977783
1.5187158584594727
-11.393600463867188
0.38049161434173584
-5.439883232116699
-5.27416467666626
-4.039881706237793
-4.395673751831055
3.875077962875366
-2.433504104614258
-7.151577472686768
-5.391520023345947
3.953810214996338
2.0459725856781006
-12.379029273986816
0.09449076652526855
-5.107605934143066
-5.973582744598389
-3.420783758163452
-4.355522632598877
3.4899556636810303
-2.2306876182556152
-7.868560791015625
-5.222731113433838
3.426769256591797
2.5704336166381836
-13.369976043701172
-0.19253721833229065
-4.785320281982422
-6.672152996063232
-2.8264145851135254
-4.318981647491455
3.1067347526550293
-2.034409523010254
-8.585906028747559
-5.054708480834961
2.8925514221191406
3.095182180404663
-14.371384620666504
-0.4801928997039795
-4.475068092346191
-7.368896961212158
-2.2590508460998535
-4.285579204559326
2.722914457321167
-1.8432031869888306
-9.306965827941895
-4.88608455657959
2.348224639892578
3.623300075531006
-15.388040542602539
-0.7680525779724121
-4.178854465484619
-8.062849044799805
-1.720931053161621
-4.254716873168945
2.3358137607574463
-1.6553738117218018
-10.035253524780273
-4.715607166290283
1.7915093898773193
4.157655715942383
-16.42436408996582
-1.0557653903961182
-3.899071216583252
-8.752991676330566
-1.2144522666931152
-4.225678443908691
1.942799687385559
-1.4691179990768433
-10.774351119995117
-4.542154312133789
1.2206995487213135
4.7009100914001465
-17.484298706054688
-1.3432292938232422
-3.6386563777923584
-9.438403129577637
-0.7422283887863159
-4.197850704193115
1.5413084030151367
-1.282602310180664
-11.527754783630371
-4.364826679229736
0.6339529752731323
5.255739212036133
-18.571887969970703
-1.6301161050796509
-3.3984060287475586
-10.118439674377441
-0.3060274124145508
-4.170746803283691
1.1287169456481934
-1.0938026905059814
-12.299108505249023
-4.182730197906494
0.028911590576171875
5.825259208679199
-19.691932678222656
-1.9160741567611694
-3.1791164875030518
-10.792292594909668
0.09236052632331848
-4.143579483032227
0.7028622627258301
-0.9006943106651306
-13.091999053955078
-3.994384765625
-0.5971882343292236
6.413664817810059
-20.851821899414062
-2.200678825378418
-2.981640100479126
-11.458961486816406
0.45101919770240784
-4.115593910217285
0.26189661026000977
-0.701332151889801
-13.909805297851562
-3.7983598709106445
-1.2474212646484375
7.025192737579346
-22.058931350708008
-2.483492851257324
-2.806988477706909
-12.117366790771484
0.7677590847015381
-4.0860137939453125
-0.19590458273887634
-0.49367523193359375
-14.755946159362793
-3.5933492183685303
-1.9241492748260498
7.663639068603516
-23.318870544433594
-2.764211416244507
-2.656264543533325
-12.76683235168457
1.0402345657348633
-4.054009437561035
-0.6721670627593994
-0.2756078839302063
-15.633774757385254
-3.378006935119629
-2.6297402381896973
8.332847595214844
-24.63735580444336
-3.042736530303955
-2.530585527420044
-13.407147407531738
1.2662603855133057
-4.0187296867370605
-1.169181227684021
-0.04471591114997864
-16.548664093017578
-3.151085376739502
-3.3658766746520996
9.03627872467041
-26.019001007080078
-3.318431854248047
-2.4309961795806885
-14.03741455078125
1.443685531616211
-3.979327917098999
-1.6889431476593018
0.20141816139221191
-17.50518798828125
-2.912132501602173
-4.131518840789795
9.77547836303711
-27.462543487548828
-3.5884785652160645
-2.3606534004211426
-14.6527681350708
1.568343162536621
-3.9349212646484375
-2.2334022521972656
0.4653356075286865
-18.507671356201172
-2.660120964050293
-4.92768669128418
10.553023338317871
-28.971393585205078
-3.850980043411255
-2.3221542835235596
-15.249218940734863
1.6363378763198853
-3.8845105171203613
-2.804190158843994
0.7496327757835388
-19.559764862060547
-2.3937859535217285
-5.7563276290893555
11.372365951538086
-30.550783157348633
-4.103385925292969
-2.3177642822265625
-15.822809219360352
1.6439282894134521
-3.8269853591918945
-3.4015069007873535
1.056493878364563
-20.66254234313965
-2.111586570739746
-6.619867324829102
12.237812995910645
-32.206851959228516
-4.343750953674316
-2.3496294021606445
-16.369829177856445
1.58732271194458
-3.7614359855651855
-4.026429176330566
1.3885624408721924
-21.81859588623047
-1.811841607093811
-7.520848274230957
13.153992652893066
-33.946083068847656
-4.570853233337402
-2.4194023609161377
-16.887670516967773
1.4631946086883545
-3.6867640018463135
-4.680814743041992
1.7488689422607422
-23.031986236572266
-1.492733120918274
-8.46196174621582
14.125865936279297
-35.7753791809082
-4.783824920654297
-2.528303861618042
-17.374380111694336
1.268662691116333
-3.6017725467681885
-5.3665971755981445
2.1405794620513916
-24.307104110717773
-1.1522868871688843
-9.446087837219238
15.15878677368164
-37.70213317871094
-4.981771945953369
-2.6773838996887207
-17.82794761657715
1.0009222030639648
-3.5051820278167725
-6.0860161781311035
2.5672190189361572
-25.64887809753418
-0.7883673310279846
-10.47629165649414
16.25852394104004
-39.7342643737793
-5.163820266723633
-2.86761736869812
-18.24628448486328
0.6572206020355225
-3.395620346069336
-6.841434955596924
3.03256893157959
-27.062484741210938
-0.39865946769714355
-11.555830955505371
17.431270599365234
-41.88018798828125
-5.32914924621582
-3.0999202728271484
-18.627370834350586
0.23482102155685425
-3.2716050148010254
-7.635344982147217
3.540707588195801
-28.5533447265625
0.019500792026519775
-12.688333511352539
18.684179306030273
-44.14949417114258
-5.476955890655518
-3.3751957416534424
-18.96916961669922
-0.26907485723495483
-3.1315248012542725
-8.470388412475586
4.096055507659912
-30.127243041992188
0.4689594507217407
-13.877618789672852
20.02483558654785
-46.55233383178711
-5.606415271759033
-3.6943857669830322
-19.269512176513672
-0.85740727186203
-2.973637819290161
-9.349346160888672
4.70337438583374
-31.79029655456543
0.952649712562561
-15.127602577209473
21.46100616455078
-49.099098205566406
-5.716767311096191
-4.058431625366211
-19.526412963867188
-1.5330826044082642
-2.796062707901001
-10.275135040283203
5.367788314819336
-33.548946380615234
1.473709225654602
-16.44240951538086
23.00096321105957
-51.800785064697266
-5.807143211364746
-4.468510627746582
-19.73767852783203
-2.2993927001953125
-2.5967743396759033
-11.250740051269531
6.094693183898926
-35.410030364990234
2.0354857444763184
-17.826400756835938
24.653535842895508
-54.66904830932617
-5.876457214355469
-4.926028728485107
-19.9005069732666
-3.160161018371582
-2.3736119270324707
-12.279486656188965
6.889981269836426
-37.38118362426758
2.641537666320801
-19.284175872802734
26.428096771240234
-57.71625518798828
-5.924248218536377
-5.431768417358398
-20.013349533081055
-4.117993354797363
-2.12422513961792
-13.36474609375
7.759979724884033
-39.47011184692383
3.2956314086914062
-20.820573806762695
28.334564208984375
-60.9554328918457
-5.949927806854248
-5.986870288848877
-20.074478149414062
-5.176090240478516
-1.8461209535598755
-14.509803771972656
8.711155891418457
-41.68488693237305
4.001749515533447
-22.4406795501709
30.3834171295166
-64.4002914428711
-5.95271110534668
-6.592436790466309
-20.08129119873047
-6.338045120239258
-1.5366445779800415
-15.71804428100586
9.750350952148438
-44.0340576171875
4.764095306396484
-24.149824142456055
32.58572006225586
-68.06519317626953
-5.9316325187683105
-7.250099182128906
-20.0308837890625
-7.608010292053223
-1.1929433345794678
-16.993139266967773
10.885043144226074
-46.526695251464844
5.587063789367676
-25.953563690185547
34.9530143737793
-71.96495819091797
-5.884976863861084
-7.962137699127197
-19.918434143066406
-8.991628646850586
-0.8119983673095703
-18.338769912719727
12.123114585876465
-49.172183990478516
6.475333213806152
-27.8577880859375
37.49760055541992
-76.11518096923828
-5.8113179206848145
-8.730646133422852
-19.73990821838379
-10.493748664855957
-0.39076748490333557
-19.75870704650879
13.472225189208984
-51.9800910949707
