2
3
-0.0698823481798172
3.5561816692352295
-2.230703353881836
4.530792236328125
3.2402632236480713
-2.392751455307007
0.9088009595870972
1.8419543504714966
2.979454517364502
-4.554891586303711
-1.0010135173797607
-2.9057793617248535
0.022419705986976624
3.2884578704833984
-1.9517264366149902
4.04665994644165
3.192002773284912
-2.2661960124969482
0.7639732956886292
2.082106828689575
2.9098973274230957
-4.394542217254639
-1.199774146080017
-2.6003637313842773
0.11262984573841095
3.0323545932769775
-1.6806720495224
3.58351469039917
3.143036365509033
-2.14190673828125
0.6184799671173096
2.317878484725952
2.839534282684326
-4.23457145690918
-1.3999812602996826
-2.2977707386016846
0.20077693462371826
2.7875752449035645
-1.4173798561096191
3.14066219329834
3.0933117866516113
-2.019583225250244
0.4721095561981201
2.5498855113983154
2.7683751583099365
-4.075107097625732
-1.6015989780426025
-1.9979729652404785
0.2868892550468445
2.553814649581909
-1.1616932153701782
2.7174136638641357
3.0428125858306885
-1.898966908454895
0.3247479200363159
2.7785890102386475
2.6964340209960938
-3.9162492752075195
-1.8045848608016968
-1.7009093761444092
0.3709963858127594
2.3307552337646484
-0.9134526252746582
2.3130745887756348
2.9915199279785156
-1.779841423034668
0.17630323767662048
3.004371166229248
2.623734474182129
-3.758120536804199
-2.008901834487915
-1.4065649509429932
0.4531162679195404
2.118088483810425
-0.6725260019302368
1.9270408153533936
2.939410448074341
-1.6620101928710938
0.02667573094367981
3.2275736331939697
2.550302505493164
-3.6008403301239014
-2.21449613571167
-1.1149225234985352
0.5332467555999756
1.9155514240264893
-0.43884536623954773
1.558795690536499
2.8864564895629883
-1.5452826023101807
-0.1242382675409317
3.4485323429107666
2.476156711578369
-3.4445178508758545
-2.421346664428711
-0.8259752988815308
0.6114041805267334
1.7229008674621582
-0.2123597264289856
1.2078126668930054
2.8326315879821777
-1.4294706583023071
-0.27655771374702454
3.6675539016723633
2.4013242721557617
-3.289219856262207
-2.6294164657592773
-0.5396444201469421
0.6876223087310791
1.5397961139678955
0.007059991359710693
0.8734501600265503
2.7779088020324707
-1.3144084215164185
-0.4303750991821289
3.884932279586792
2.325784206390381
-3.1351842880249023
-2.8386969566345215
-0.2559606432914734
0.7618948817253113
1.3659663200378418
0.2194758802652359
0.555243968963623
2.7222607135772705
-1.1999480724334717
-0.5857768058776855
4.100931644439697
2.2494823932647705
-2.9827721118927
-3.0491721630096436
0.024987608194351196
0.8342291116714478
1.2011061906814575
0.42500078678131104
0.2526921033859253
2.665661573410034
-1.0859613418579102
-0.7428442239761353
4.315773010253906
2.172372341156006
-2.8318657875061035
-3.2609901428222656
0.3033467233181
0.904608428478241
1.04497230052948
0.6236786842346191
-0.034569233655929565
2.608078718185425
-0.9723083972930908
-0.9016772508621216
4.529714584350586
2.0944247245788574
-2.6822831630706787
-3.474256753921509
0.5794273018836975
0.9730221629142761
0.8974702954292297
0.8155786991119385
-0.3068763017654419
2.5494775772094727
-0.8588472604751587
-1.062382698059082
4.743023872375488
2.0155088901519775
-2.5338587760925293
-3.6891372203826904
0.8535994291305542
1.039499044418335
0.7583589553833008
1.0007942914962769
-0.5646188855171204
2.4898650646209717
-0.7453526258468628
-1.2251036167144775
4.956007957458496
1.9355812072753906
-2.3864028453826904
-3.905768394470215
1.126150369644165
1.1041120290756226
0.6271846294403076
1.1795316934585571
-0.8084360361099243
2.4292068481445312
-0.6316677331924438
-1.3899650573730469
5.168917179107666
1.8546102046966553
-2.2397332191467285
-4.124260902404785
1.39736008644104
1.166891098022461
0.5034860968589783
1.3519444465637207
-1.0389515161514282
2.3674538135528564
-0.5176548361778259
-1.5570878982543945
5.381994724273682
1.7725638151168823
-2.093672275543213
-4.344718933105469
1.6675055027008057
1.2278386354446411
0.3868655562400818
1.5181275606155396
-1.2566044330596924
2.304548978805542
-0.40317073464393616
-1.7266008853912354
5.595508098602295
1.6894104480743408
-1.9480476379394531
-4.567246437072754
1.9368574619293213
1.2869738340377808
0.27698516845703125
1.6781542301177979
-1.4617565870285034
2.240417718887329
-0.2879938781261444
-1.8987174034118652
5.809952259063721
1.605109453201294
-1.8026940822601318
-4.791965961456299
2.2056756019592285
1.3443061113357544
0.1735333651304245
1.8320660591125488
-1.6547315120697021
2.175008535385132
-0.17200398445129395
-2.0735700130462646
6.025545120239258
1.51961088180542
-1.657447099685669
-5.019023418426514
2.474226236343384
1.3998194932937622
0.07621946930885315
1.979894757270813
-1.8358008861541748
2.108267307281494
-0.055005356669425964
-2.2513539791107178
6.242623805999756
1.4328749179840088
-1.512148380279541
-5.248533725738525
2.7427618503570557
1.4535183906555176
-0.015217520296573639
2.121685028076172
-2.0052411556243896
2.0401527881622314
0.06314338743686676
-2.432265043258667
6.46141242980957
1.3448503017425537
-1.3666417598724365
-5.480649948120117
3.0115442276000977
1.5053801536560059
-0.100945383310318
2.2573704719543457
-2.163181781768799
1.9706047773361206
0.18252569437026978
-2.616438865661621
6.682080268859863
1.2554640769958496
-1.2207634449005127
-5.715599536895752
3.280872344970703
1.5553618669509888
-0.1809549778699875
2.3868095874786377
-2.309551477432251
1.8996127843856812
0.30299854278564453
-2.8038995265960693
6.904542922973633
1.1646673679351807
-1.0743660926818848
-5.953530311584473
3.551004409790039
1.6034059524536133
-0.255301296710968
2.5098800659179688
-2.444424867630005
1.8271617889404297
0.4244551956653595
-2.994673252105713
7.128749370574951
1.0723907947540283
-0.9272987246513367
-6.19464111328125
3.822242498397827
1.6494497060775757
-0.3240509629249573
2.62644624710083
-2.5678553581237793
1.753200650215149
0.5469471216201782
-3.188901662826538
7.35491418838501
0.9786086678504944
-0.7794326543807983
-6.439054012298584
4.094823837280273
1.6934385299682617
-0.3872499167919159
2.7363836765289307
-2.6798810958862305
1.6776825189590454
0.6704334020614624
-3.3866488933563232
7.58314847946167
0.8832380771636963
-0.6305994987487793
-6.687021255493164
4.369057655334473
1.735267996788025
-0.44485634565353394
2.8394761085510254
-2.7803688049316406
1.6005717515945435
0.7949429154396057
-3.588024139404297
7.813607692718506
0.7862866520881653
-0.480658620595932
-6.938656806945801
4.645181655883789
1.7747529745101929
-0.4966874122619629
2.9353318214416504
-2.8690643310546875
1.5218212604522705
0.9205559492111206
-3.79317569732666
8.04653263092041
0.687835693359375
-0.3296988606452942
-7.193902492523193
4.92325496673584
1.8117098808288574
-0.5425480008125305
3.0235507488250732
-2.9456772804260254
1.4413853883743286
1.0473461151123047
-4.002249240875244
8.282146453857422
0.5879629254341125
-0.17793436348438263
-7.452669620513916
5.203243255615234
1.8459635972976685
-0.5822795033454895
3.1037559509277344
-3.0099294185638428
1.359232783317566
1.1753695011138916
-4.215356826782227
8.520633697509766
0.48671090602874756
-0.025354593992233276
-7.714982509613037
5.485274314880371
1.87738037109375
-0.6157512068748474
3.1756234169006348
-3.0616297721862793
1.275321125984192
1.304703712463379
-4.432643413543701
8.76221752166748
0.38407278060913086
0.1281137466430664
-7.98098087310791
5.769584655761719
1.9058377742767334
-0.6428358554840088
3.2388556003570557
-3.100613594055176
1.189595341682434
1.435452938079834
-4.654283046722412
9.00716495513916
0.27998629212379456
0.28256022930145264
-8.250847816467285
6.0564422607421875
1.9311856031417847
-0.6633603572845459
3.293098211288452
-3.126636505126953
1.1019949913024902
1.567728042602539
-4.880455493927002
9.255754470825195
0.17439235746860504
0.4380844235420227
-8.524764060974121
6.346128463745117
1.953252911567688
-0.6771158576011658
3.337933301925659
-3.1394059658050537
1.012455940246582
1.701633095741272
-5.111331462860107
9.508257865905762
0.06723019480705261
0.5947951078414917
-8.802910804748535
6.6389336585998535
1.971859097480774
-0.6838998198509216
3.3729443550109863
-3.1386404037475586
0.9209064841270447
1.8373090028762817
-5.34712553024292
9.764999389648438
-0.0416029617190361
0.7528564929962158
-9.085556983947754
6.935251235961914
1.9868226051330566
-0.683506190776825
3.397714138031006
-3.124061346054077
0.8272705078125
1.9749153852462769
-5.5880632400512695
10.026325225830078
-0.15220263600349426
0.9124292135238647
-9.37296199798584
7.2354631423950195
1.9979480504989624
-0.6756819486618042
3.4117891788482666
-3.0953574180603027
0.7314645648002625
2.114649534225464
-5.8343634605407715
10.292624473571777
-0.2646622061729431
1.07367742061615
-9.665388107299805
7.539953708648682
2.00504469871521
-0.6602141857147217
3.4147534370422363
-3.0522477626800537
0.6334000825881958
2.2566943168640137
-6.0862860679626465
10.564276695251465
-0.37908273935317993
1.2367826700210571
-9.963114738464355
7.849134922027588
2.0079140663146973
-0.6368740797042847
3.406170129776001
-2.994433641433716
0.5329841375350952
2.401243209838867
-6.344106674194336
10.841670036315918
-0.495572030544281
1.4019423723220825
-10.266439437866211
8.163442611694336
