2
3
-6.92166805267334
-2.1046550273895264
8.434109687805176
0.5479470491409302
-7.104587554931641
-8.20700740814209
-8.378134727478027
-0.08551812171936035
-4.645255088806152
2.38899564743042
-5.042893409729004
4.542185306549072
-6.717046737670898
-2.184049606323242
8.867837905883789
0.4226749539375305
-7.206923484802246
-7.827926158905029
-8.738226890563965
0.5973787903785706
-4.817176818847656
2.132168769836426
-5.318943977355957
4.071523666381836
-6.514808654785156
-2.2558670043945312
9.2926664352417
0.30819588899612427
-7.311031818389893
-7.456105709075928
-9.098761558532715
1.2696157693862915
-4.987645149230957
1.8877121210098267
-5.594351291656494
3.6242833137512207
-6.314789772033691
-2.320474624633789
9.708765983581543
0.20411154627799988
-7.417104244232178
-7.091418266296387
-9.459789276123047
1.9312297105789185
-5.156453609466553
1.655456781387329
-5.869394302368164
3.199573040008545
-6.116257667541504
-2.3782272338867188
10.116364479064941
0.10972937941551208
-7.5252509117126465
-6.7337846755981445
-9.821474075317383
2.5820016860961914
-5.323408126831055
1.4349796772003174
-6.1442060470581055
2.7961504459381104
-5.918842315673828
-2.429464817047119
10.515508651733398
0.02463926374912262
-7.635284423828125
-6.3829545974731445
-10.18351936340332
3.2220988273620605
-5.488353252410889
1.2259865999221802
-6.419048309326172
2.4131648540496826
-5.722543239593506
-2.4745430946350098
10.905829429626465
-0.05161582678556442
-7.746891021728516
-6.038748741149902
-10.545393943786621
3.851588726043701
-5.651149749755859
1.0281684398651123
-6.694084167480469
2.0497732162475586
-5.527251720428467
-2.513756275177002
11.286955833435059
-0.11943621933460236
-7.8600263595581055
-5.700963497161865
-10.907093048095703
4.470621109008789
-5.811309814453125
0.841172456741333
-6.9693284034729
1.7050676345825195
-5.332884311676025
-2.5474395751953125
11.658778190612793
-0.1791355013847351
-7.974580764770508
-5.369311332702637
-11.268607139587402
5.079524993896484
-5.968635082244873
0.6646651029586792
-7.244963645935059
1.3782360553741455
-5.139232158660889
-2.5759146213531494
12.021611213684082
-0.23105698823928833
-8.090323448181152
-5.043518543243408
-11.629650115966797
5.678603172302246
-6.123279094696045
0.49843937158584595
-7.521365642547607
1.0686235427856445
-4.946386337280273
-2.599378824234009
12.375064849853516
-0.2753000259399414
-8.207010269165039
-4.723294258117676
-11.989999771118164
6.268190860748291
-6.275360584259033
0.34188181161880493
-7.7986226081848145
0.7753500938415527
-4.754717826843262
-2.6178908348083496
12.717893600463867
-0.3119441568851471
-8.3246431350708
-4.408330917358398
-12.349825859069824
6.8487935066223145
-6.4248833656311035
0.19457823038101196
-8.076850891113281
0.49779337644577026
-4.564387321472168
-2.6316072940826416
13.049545288085938
-0.34100809693336487
-8.443119049072266
-4.0983195304870605
-12.709076881408691
7.4208598136901855
-6.571951389312744
0.05622050166130066
-8.356147766113281
0.23532629013061523
-4.375386714935303
-2.6406595706939697
13.369959831237793
-0.36258774995803833
-8.562517166137695
-3.79287052154541
-13.068196296691895
7.985080718994141
-6.716543197631836
-0.07355454564094543
-8.636560440063477
-0.012704640626907349
-4.187764644622803
-2.645156145095825
13.67888355255127
-0.37663936614990234
-8.682757377624512
-3.4916858673095703
-13.427129745483398
8.541919708251953
-6.858656883239746
-0.1950559914112091
-8.918142318725586
-0.24686592817306519
-4.001816272735596
-2.6451289653778076
13.975688934326172
-0.38302287459373474
-8.803661346435547
-3.1946377754211426
-13.785613059997559
9.09170913696289
-6.998563766479492
-0.30861201882362366
-9.200918197631836
-0.46767985820770264
-3.817950487136841
-2.6404924392700195
14.25976848602295
-0.3815784752368927
-8.924872398376465
-2.90231990814209
-14.143221855163574
9.634560585021973
-7.136699676513672
-0.41452479362487793
-9.485283851623535
-0.6754986047744751
-3.636406660079956
-2.6311492919921875
14.530549049377441
-0.37211889028549194
-9.046204566955566
-2.6147706508636475
-14.499826431274414
10.170793533325195
-7.27315616607666
-0.5131282210350037
-9.771363258361816
-0.8707947731018066
-3.4574241638183594
-2.6170337200164795
14.787564277648926
-0.3545277714729309
-9.167362213134766
-2.3319308757781982
-14.855067253112793
10.70060920715332
-7.4080071449279785
-0.6047408580780029
-10.059293746948242
-1.0539768934249878
-3.2813377380371094
-2.598031759262085
15.030129432678223
-0.3285983204841614
-9.287920951843262
-2.053741931915283
-15.208659172058105
11.224284172058105
-7.541226863861084
-0.6896164417266846
-10.348967552185059
-1.2253881692886353
-3.1084187030792236
-2.574056625366211
15.257757186889648
-0.29422497749328613
-9.407346725463867
-1.7801759243011475
-15.560323715209961
11.74211597442627
-7.672811031341553
-0.7679818272590637
-10.640294075012207
-1.3853471279144287
-2.939032793045044
-2.5450446605682373
15.470133781433105
-0.25129714608192444
-9.525394439697266
-1.5111242532730103
-15.909978866577148
12.254499435424805
-7.80288553237915
-0.839982807636261
-10.933540344238281
-1.5340261459350586
-2.7734475135803223
-2.510910749435425
15.666974067687988
-0.19971433281898499
-9.64196491241455
-1.2464430332183838
-16.2575740814209
12.76181411743164
-7.93156099319458
-0.9057497978210449
-11.22885513305664
-1.6716266870498657
-2.611880302429199
-2.471540689468384
15.84783935546875
-0.13939660787582397
-9.75671100616455
-0.9861059188842773
-16.602909088134766
13.264330863952637
-8.058955192565918
-0.9654051065444946
-11.526652336120605
-1.7983112335205078
-2.4545209407806396
-2.426753044128418
16.011972427368164
-0.07024887204170227
-9.869210243225098
-0.730526864528656
-16.945293426513672
13.76168441772461
-8.185175895690918
-1.0188580751419067
-11.827136039733887
-1.9140722751617432
-2.301630735397339
-2.376415729522705
16.158857345581055
0.00781935453414917
-9.97938060760498
-0.4797336459159851
-17.284669876098633
14.254012107849121
-8.31027889251709
-1.066113829612732
-12.130393028259277
-2.0189127922058105
-2.153618574142456
-2.3204264640808105
16.288225173950195
0.09493467956781387
-10.08729076385498
-0.2335471212863922
-17.621379852294922
14.741815567016602
-8.43435287475586
-1.1071295738220215
-12.436503410339355
-2.11275053024292
-2.010911464691162
-2.258676528930664
16.399524688720703
0.1912182718515396
-10.19306755065918
0.008376553654670715
-17.95568084716797
15.22575569152832
-8.557596206665039
-1.1418989896774292
-12.74581241607666
-2.1955337524414062
-1.8738551139831543
-2.191052198410034
16.492280960083008
0.296786367893219
-10.296789169311523
0.24629248678684235
-18.287721633911133
15.706249237060547
-8.680195808410645
-1.1703853607177734
-13.058688163757324
-2.2671918869018555
-1.742645025253296
-2.1176068782806396
16.566917419433594
0.4116442799568176
-10.398604393005371
0.4805271625518799
-18.617826461791992
16.183868408203125
-8.80225944519043
-1.1925567388534546
-13.375319480895996
-2.327667236328125
-1.617598295211792
-2.0382184982299805
16.623008728027344
0.5359172821044922
-10.49870491027832
0.7114524841308594
-18.946426391601562
16.65928077697754
-8.923929214477539
-1.2083806991577148
-13.695996284484863
-2.3768906593322754
-1.4990713596343994
-1.9527536630630493
16.660045623779297
0.6697553396224976
-10.597272872924805
0.9394356608390808
-19.27393913269043
17.133106231689453
-9.045275688171387
-1.2178114652633667
-14.02080249786377
-2.41473126411438
-1.3873443603515625
-1.8610893487930298
16.6777286529541
0.8132581114768982
-10.694439888000488
1.1648021936416626
-19.600587844848633
17.605796813964844
-9.166494369506836
-1.2207591533660889
-14.350126266479492
-2.440953493118286
-1.2827038764953613
-1.763145089149475
16.675851821899414
0.9665334224700928
-10.790374755859375
1.3879375457763672
-19.926738739013672
18.077972412109375
-9.287575721740723
-1.217119812965393
-14.684203147888184
-2.455397129058838
-1.1854145526885986
-1.6588380336761475
16.65425682067871
1.129699468612671
-10.885265350341797
1.6092263460159302
-20.252796173095703
18.55024528503418
-9.40864372253418
-1.2067906856536865
-15.023320198059082
-2.457841396331787
-1.095816969871521
-1.5480196475982666
16.61248207092285
1.3029680252075195
-10.979358673095703
1.829103946685791
-20.579317092895508
19.023353576660156
-9.529878616333008
-1.1896700859069824
-15.367854118347168
-2.44805908203125
-1.0142626762390137
-1.4305367469787598
16.550050735473633
1.4865694046020508
-11.07291030883789
2.048013210296631
-20.906879425048828
19.4980525970459
-9.651470184326172
-1.1656440496444702
-15.7182035446167
-2.4257965087890625
-0.9410885572433472
-1.3062424659729004
16.46653175354004
1.6807206869125366
-11.166186332702637
2.2664036750793457
-21.236083984375
19.975107192993164
-9.773619651794434
-1.1345857381820679
-16.07478904724121
-2.390772581100464
-0.8766597509384155
-1.174985647201538
16.361433029174805
1.8856700658798218
-11.25946044921875
2.484726905822754
-21.567546844482422
20.455289840698242
-9.896536827087402
-1.0963554382324219
-16.438051223754883
-2.342677354812622
-0.8213214874267578
-1.0366264581680298
16.23431396484375
2.1016592979431152
-11.35300350189209
2.7034215927124023
-21.90188217163086
20.9393367767334
-10.020490646362305
-1.050796627998352
-16.808544158935547
-2.281172037124634
