2
3
-5.809784889221191
-0.1712893843650818
9.642215728759766
4.187408924102783
5.07620906829834
7.743764400482178
-10.703721046447754
2.3116517066955566
-6.770238876342773
-1.9208735227584839
-9.83061408996582
-2.9013824462890625
-5.435492038726807
0.0035680681467056274
10.317244529724121
4.521457195281982
4.502220153808594
7.488796710968018
-11.830156326293945
1.8193633556365967
-6.672643184661865
-1.7178694009780884
-9.808963775634766
-2.578545331954956
-5.071189880371094
0.17808349430561066
10.972307205200195
4.854349613189697
3.934051990509033
7.2404561042785645
-12.938697814941406
1.346427321434021
-6.584845066070557
-1.518225908279419
-9.796037673950195
-2.2572367191314697
-4.716235160827637
0.3526446223258972
11.60764217376709
5.186409950256348
3.372860908508301
7.000105381011963
-14.03199291229248
0.8934565186500549
-6.506562232971191
-1.3219510316848755
-9.792016983032227
-1.9376204013824463
-4.370080947875977
0.5276169776916504
12.223371505737305
5.517933368682861
2.819728374481201
6.768784046173096
-15.11274242401123
0.46057671308517456
-6.4377970695495605
-1.1292805671691895
-9.797083854675293
-1.619687795639038
-4.0322346687316895
0.7033443450927734
12.819571495056152
5.849201202392578
2.275620937347412
6.546661376953125
-16.183298110961914
0.047248899936676025
-6.378384590148926
-0.9401589632034302
-9.811729431152344
-1.303470492362976
-3.7022488117218018
0.8801819086074829
13.396414756774902
6.180637359619141
1.7412892580032349
6.334200859069824
-17.246185302734375
-0.34699177742004395
-6.328091621398926
-0.7542974948883057
-9.83619499206543
-0.9888474345207214
-3.379242420196533
1.0586888790130615
13.953985214233398
6.512664794921875
1.216928482055664
6.13195276260376
-18.304086685180664
-0.7225837707519531
-6.286747932434082
-0.5713894367218018
-9.870909690856934
-0.6757233142852783
-3.060882568359375
1.2400237321853638
14.4923734664917
6.845589637756348
0.701514720916748
5.9402666091918945
-19.360023498535156
-1.0799105167388916
-6.253798484802246
-0.3909858167171478
-9.915740966796875
-0.3637038469314575
-2.7466652393341064
1.4245972633361816
15.011001586914062
7.179477691650391
0.19473040103912354
5.758957386016846
-20.416231155395508
-1.4197479486465454
-6.228625774383545
-0.21257823705673218
-9.970356941223145
-0.05223667621612549
-2.436565637588501
1.612692952156067
15.50908088684082
7.514317512512207
-0.3052403926849365
5.587796688079834
-21.475364685058594
-1.7427170276641846
-6.21069860458374
-0.035718828439712524
-10.034525871276855
0.25918668508529663
-2.1309614181518555
1.804424524307251
15.98555850982666
7.849884510040283
-0.7990504503250122
5.426416873931885
-22.539316177368164
-2.049628257751465
-6.1994853019714355
0.1400628685951233
-10.107994079589844
0.5711053609848022
-1.8297984600067139
2.000121593475342
16.43971061706543
8.186408996582031
-1.2873008251190186
5.2745041847229
-23.6098575592041
-2.3411824703216553
-6.194462299346924
0.31523722410202026
-10.190511703491211
0.8840677738189697
-1.533519983291626
2.199958324432373
16.870195388793945
8.523910522460938
-1.7699863910675049
5.1316680908203125
-24.687734603881836
-2.618149757385254
-6.195186614990234
0.4903545379638672
-10.282228469848633
1.1986310482025146
-1.243685007095337
2.4037702083587646
17.273290634155273
8.861475944519043
-2.247070550918579
4.997532844543457
-25.773469924926758
-2.881293535232544
-6.201096057891846
0.6661447286605835
-10.38353443145752
1.5154144763946533
-0.9613924026489258
2.6113290786743164
17.646408081054688
9.198413848876953
-2.71876859664917
4.871967315673828
-26.867963790893555
-3.1309945583343506
-6.212204933166504
0.8429676294326782
-10.494744300842285
1.834945559501648
-0.6875563859939575
2.8226146697998047
17.986467361450195
9.53403377532959
-3.185235023498535
4.754857063293457
-27.9713191986084
-3.367550849914551
-6.228614330291748
1.0211559534072876
-10.616464614868164
2.1577200889587402
-0.4227237403392792
3.0376837253570557
18.290843963623047
9.867841720581055
-3.6465556621551514
4.646195411682129
-29.08285903930664
-3.5910239219665527
-6.250146389007568
1.2010440826416016
-10.748716354370117
2.484217643737793
-0.16726800799369812
3.256364345550537
18.55971336364746
10.200170516967773
-4.102936744689941
4.545989513397217
-30.202390670776367
-3.8014070987701416
-6.276768684387207
1.3829967975616455
-10.89192008972168
2.814995765686035
0.07871219515800476
3.478823661804199
18.79097557067871
10.53032398223877
-4.554475784301758
4.454245567321777
-31.329442977905273
-3.9985275268554688
-6.308412551879883
1.5673489570617676
-11.046305656433105
3.150561571121216
0.3142445385456085
3.7048068046569824
18.984703063964844
10.858705520629883
-5.000903129577637
4.370844841003418
-32.463382720947266
-4.182369232177734
-6.345023155212402
1.7544310092926025
-11.212112426757812
3.491420030593872
0.5385331511497498
3.934162139892578
19.140647888183594
11.185591697692871
-5.442636013031006
4.295839309692383
-33.60474395751953
-4.352622985839844
-6.385464668273926
1.944718837738037
-11.389302253723145
3.8379364013671875
0.7510009407997131
4.166801929473877
19.258535385131836
11.51115608215332
-5.879838466644287
4.229429244995117
-34.754356384277344
-4.509016990661621
-6.4297895431518555
2.138561248779297
-11.578778266906738
4.190576076507568
0.9512183666229248
4.402698516845703
19.338390350341797
11.835701942443848
-6.31245756149292
4.1717352867126465
-35.91200637817383
-4.651241302490234
-6.477997779846191
2.336275815963745
-11.78104305267334
4.549814701080322
1.1390589475631714
4.641990661621094
19.380538940429688
12.159699440002441
-6.740735054016113
4.1228132247924805
-37.077476501464844
-4.7789387702941895
-6.5302629470825195
2.5381784439086914
-11.997296333312988
4.916175842285156
1.3138303756713867
4.884604454040527
19.384931564331055
12.483560562133789
-7.164901256561279
4.082786560058594
-38.25046157836914
-4.891635894775391
-6.5867791175842285
2.74458646774292
-12.228219032287598
5.290229797363281
1.4751321077346802
5.130724906921387
19.352346420288086
12.808161735534668
-7.585400581359863
4.051769733428955
-39.431556701660156
-4.988882064819336
-6.6477460861206055
2.9558064937591553
-12.474562644958496
5.672487735748291
1.622680902481079
5.380556583404541
19.283004760742188
13.134116172790527
-8.002493858337402
4.0298967361450195
-40.62057876586914
-5.070102691650391
-6.713327407836914
3.172055721282959
-12.736788749694824
6.063266277313232
1.756107211112976
5.634244918823242
19.176651000976562
13.461960792541504
-8.41645622253418
4.017293930053711
-41.817081451416016
-5.13472318649292
-6.783746719360352
3.393523693084717
-13.015438079833984
6.46279764175415
1.8749663829803467
5.891894817352295
19.03288459777832
13.792035102844238
-8.827553749084473
4.014090061187744
-43.02103805541992
-5.182163238525391
-6.859283447265625
3.620434522628784
-13.311219215393066
6.871432304382324
1.97882878780365
6.153611660003662
18.85133171081543
14.124664306640625
-9.23593807220459
4.020442485809326
-44.23213195800781
-5.211787223815918
-6.940280914306641
3.8530163764953613
-13.624922752380371
7.289556980133057
2.067288875579834
6.419510364532471
18.631683349609375
14.460189819335938
-9.642036437988281
4.0365986824035645
-45.450923919677734
-5.222956657409668
-7.027420520782471
4.091304779052734
-13.957366943359375
7.717504501342773
2.139960765838623
6.689718723297119
18.37368392944336
14.798981666564941
-10.046195030212402
4.062766075134277
-46.67790985107422
-5.21508264541626
-7.121076583862305
4.335428714752197
-14.309020042419434
8.155645370483398
2.1964027881622314
6.964262962341309
18.077064514160156
15.141403198242188
-10.449042320251465
4.0991034507751465
-47.914188385009766
-5.187642574310303
-7.221528053283691
4.5855560302734375
-14.680346488952637
8.604300498962402
2.2361996173858643
7.243153095245361
17.74160385131836
15.487881660461426
-10.85070514678955
4.1456427574157715
-49.16050338745117
-5.140315532684326
-7.328930377960205
4.84183406829834
-15.071208953857422
9.063826560974121
2.259222984313965
7.526591777801514
17.36634063720703
15.838310241699219
-11.251669883728027
4.202531337738037
-50.41779708862305
-5.072638034820557
-7.443678855895996
5.104421615600586
-15.482202529907227
9.534565925598145
2.265270948410034
7.814727306365967
16.950590133666992
16.192726135253906
-11.652217864990234
4.26983118057251
-51.68662643432617
-4.984146595001221
-7.56619930267334
5.37338924407959
-15.914105415344238
10.016908645629883
2.2538530826568604
8.107486724853516
16.494144439697266
16.551435470581055
-12.052787780761719
4.347701072692871
-52.96772384643555
-4.874300003051758
-7.696905612945557
5.648807525634766
-16.367650985717773
10.511282920837402
2.2246479988098145
8.404955863952637
15.996830940246582
16.914743423461914
-12.453916549682617
4.436344623565674
-54.26197052001953
-4.742530822753906
-7.836104393005371
5.930876731872559
-16.84337615966797
11.018146514892578
2.177351713180542
8.707230567932129
15.458525657653809
17.282968521118164
-12.8563814163208
4.535947322845459
-55.571006774902344
-4.588443279266357
-7.9842143058776855
6.2196831703186035
-17.34202003479004
11.537972450256348
