2
3
6.84542179107666
-4.553303241729736
-4.922285079956055
-1.6496787071228027
-8.075406074523926
8.403493881225586
4.737393856048584
-5.741856098175049
-4.398858070373535
2.3353562355041504
1.6512974500656128
-3.0261597633361816
6.318460464477539
-4.112532615661621
-6.138549327850342
-0.8343982696533203
-7.61865234375
7.783390045166016
5.870232105255127
-6.880651950836182
-4.173046588897705
2.1548004150390625
2.1453938484191895
-3.317460060119629
5.795836448669434
-3.684875726699829
-7.341612815856934
-0.04570305347442627
-7.17232608795166
7.182531356811523
6.9809794425964355
-7.99080753326416
-3.955488920211792
1.9821486473083496
2.6247897148132324
-3.6004722118377686
5.278520584106445
-3.2732269763946533
-8.52962875366211
0.7141650915145874
-6.734522342681885
6.597447872161865
8.073820114135742
-9.077438354492188
-3.745229959487915
1.815862774848938
3.091522693634033
-3.8773977756500244
4.766838073730469
-2.8775675296783447
-9.702330589294434
1.4452946186065674
-6.302877426147461
6.023447036743164
9.153841972351074
-10.146538734436035
-3.541476011276245
1.6544148921966553
3.547269821166992
-4.150196552276611
4.260995388031006
-2.4979045391082764
-10.859434127807617
2.1480252742767334
-5.874634742736816
5.455007076263428
10.226855278015137
-11.204610824584961
-3.343148708343506
1.4959532022476196
3.994176149368286
-4.42120361328125
3.7611677646636963
-2.1338953971862793
-12.000954627990723
2.823092460632324
-5.446961879730225
4.886639595031738
11.298694610595703
-12.257976531982422
-3.1491522789001465
1.338548183441162
4.434508800506592
-4.692870140075684
3.2677011489868164
-1.7856171131134033
-13.126470565795898
3.470154047012329
-5.0170159339904785
4.313578128814697
12.375205039978027
-13.312828063964844
-2.958461284637451
1.1802226305007935
4.870512008666992
-4.9676289558410645
2.7809865474700928
-1.4532603025436401
-14.235489845275879
4.0886969566345215
-4.582087993621826
3.732060432434082
13.462029457092285
-14.375045776367188
-2.770063638687134
1.0191681385040283
5.304286003112793
-5.247783660888672
2.3014886379241943
-1.137141227722168
-15.327356338500977
4.678037166595459
-4.139717102050781
3.1391355991363525
14.56449031829834
-15.450261116027832
-2.582840919494629
0.8535429835319519
5.738182067871094
-5.535798072814941
1.8296375274658203
-0.8376574516296387
-16.401573181152344
5.237425327301025
-3.6876957416534424
2.532571792602539
15.687407493591309
-16.543378829956055
-2.395698070526123
0.6816178560256958
6.174549102783203
-5.834146499633789
1.3657691478729248
-0.555243968963623
-17.457870483398438
5.7662200927734375
-3.2231595516204834
1.9095439910888672
16.83760643005371
-17.661935806274414
-2.207456588745117
0.5016130208969116
6.615870475769043
-6.14533805847168
0.9101580381393433
-0.29032695293426514
-18.496227264404297
6.263960838317871
-2.7435073852539062
1.2670944929122925
18.021587371826172
-18.813579559326172
-2.0167365074157715
0.3116282820701599
7.065140247344971
-6.4724602699279785
0.4629480242729187
-0.043317824602127075
-19.516939163208008
6.730423450469971
-2.24626088142395
0.602475643157959
19.245630264282227
-20.005369186401367
-1.821985125541687
0.10965241491794586
7.525739669799805
-6.819234371185303
0.02463710308074951
0.18513405323028564
-20.519397735595703
7.16477632522583
-1.7287871837615967
-0.08723938465118408
20.516096115112305
-21.244531631469727
-1.6218534708023071
-0.10594166815280914
8.000571250915527
-7.188543796539307
-0.4024132192134857
0.3936995267868042
-21.500511169433594
7.564455986022949
-1.1888189315795898
-0.8045874834060669
21.838645935058594
-22.537303924560547
-1.4150859117507935
-0.3364821672439575
8.492393493652344
-7.582952499389648
-0.8137611150741577
0.5758060812950134
-22.452369689941406
7.922036647796631
-0.6275145411491394
-1.5472114086151123
23.211669921875
-23.878671646118164
-1.2016693353652954
-0.581341028213501
9.001370429992676
-8.001965522766113
-1.206390619277954
0.7276777625083923
-23.36945343017578
8.233187675476074
-0.04410964250564575
-2.315372943878174
24.63698959350586
-25.2706241607666
-0.9806113243103027
-0.8417383432388306
9.529869079589844
-8.447915077209473
-1.5762813091278076
0.8458377122879028
-24.244216918945312
8.492494583129883
0.562221348285675
-3.1089158058166504
26.116893768310547
-26.716737747192383
-0.7509250044822693
-1.1189309358596802
10.080207824707031
-8.923138618469238
-1.921202301979065
0.9282888174057007
-25.07170867919922
8.69604778289795
1.1926056146621704
-3.9281811714172363
27.653181076049805
-28.221084594726562
-0.5115249156951904
-1.4142415523529053
10.654726028442383
-9.430216789245605
-2.2391350269317627
0.9734387993812561
-25.84746742248535
8.840350151062012
1.848949909210205
-4.775214672088623
29.25031280517578
-29.78924560546875
-0.26115018129348755
-1.7290939092636108
11.2561674118042
-9.972249031066895
-2.528672456741333
0.9805378913879395
-26.568817138671875
8.922992706298828
2.5332870483398438
-5.652225494384766
30.913042068481445
-31.42706871032715
0.0016900897026062012
-2.0653223991394043
11.888111114501953
-10.552961349487305
-2.7885215282440186
0.9490736722946167
-27.23305320739746
8.941572189331055
3.2478225231170654
-6.561727046966553
32.64653778076172
-33.140769958496094
0.2784144878387451
-2.4245970249176025
12.553857803344727
-11.17564582824707
-3.017409324645996
0.8785791993141174
-27.837005615234375
8.893467903137207
3.994774103164673
-7.50666618347168
34.45476531982422
-34.934993743896484
0.570497989654541
-2.808616876602173
13.256757736206055
-11.843626022338867
-3.2143657207489014
0.768682062625885
-28.377721786499023
8.77623462677002
4.776698589324951
-8.490496635437012
36.34276580810547
-36.815635681152344
0.8796099424362183
-3.2192494869232178
14.000821113586426
-12.560786247253418
-3.3787901401519775
0.6191532015800476
-28.85344696044922
8.587746620178223
5.596132278442383
-9.516619682312012
38.316017150878906
-38.788639068603516
1.207360029220581
-3.6583282947540283
14.789863586425781
-13.330814361572266
-3.510202646255493
0.429747611284256
-29.262802124023438
8.325919151306152
6.456007480621338
-10.58858585357666
40.3819580078125
-40.8624267578125
1.5554462671279907
-4.12777042388916
15.627985954284668
-14.157636642456055
-3.6078763008117676
0.19997239112854004
-29.60335922241211
7.988163948059082
7.359896659851074
-11.710712432861328
42.550086975097656
-43.047706604003906
1.9256348609924316
-4.629557132720947
16.51947593688965
-15.045348167419434
-3.671112537384033
-0.07079750299453735
-29.872692108154297
7.571737289428711
8.311256408691406
-12.887340545654297
44.828880310058594
-45.353599548339844
2.3197715282440186
-5.165759086608887
17.46877098083496
-15.998208045959473
-3.6991400718688965
-0.38334453105926514
-30.068147659301758
7.073637962341309
9.31369400024414
-14.123003005981445
47.22702407836914
-47.78949737548828
2.7397615909576416
-5.738511085510254
18.480451583862305
-17.020627975463867
-3.6911025047302246
-0.7386144399642944
-30.186832427978516
6.49057149887085
10.37089729309082
-15.42232894897461
49.753231048583984
-50.36494064331055
3.1875836849212646
-6.350022315979004
19.559253692626953
-18.117189407348633
-3.6463205814361572
-1.137587308883667
-30.226232528686523
5.819309711456299
11.486876487731934
-16.7902889251709
52.417198181152344
-53.0904541015625
3.665318489074707
-7.002612113952637
20.710153579711914
-19.2927188873291
-3.563871145248413
-1.5814553499221802
-30.183197021484375
5.0561370849609375
12.665925025939941
-18.2321720123291
55.22947692871094
-55.97737121582031
4.175138473510742
-7.698720932006836
21.93837547302246
-20.55228614807129
-3.442758321762085
-2.0715460777282715
-30.054344177246094
4.197074890136719
13.912450790405273
-19.75341033935547
58.200592041015625
-59.037132263183594
4.719313621520996
-8.440918922424316
23.249408721923828
-21.901222229003906
-3.2820932865142822
-2.6092872619628906
-29.836448669433594
3.23793888092041
15.231066703796387
-21.359697341918945
61.341548919677734
-62.281673431396484
5.300219535827637
-9.231903076171875
24.648998260498047
-23.345138549804688
-3.081423282623291
-3.1960692405700684
-29.527271270751953
2.1748876571655273
16.626598358154297
-23.05698013305664
64.66386413574219
-65.72343444824219
5.9203410148620605
-10.074502944946289
26.143152236938477
-24.889934539794922
-2.8397295475006104
-3.833723306655884
-29.122665405273438
1.003049373626709
18.10407829284668
-24.851482391357422
68.17952728271484
-69.37533569335938
6.582275390625
-10.97169017791748
27.738143920898438
-26.541812896728516
-2.5555496215820312
-4.524505615234375
-28.617828369140625
-0.2831137180328369
19.668701171875
-26.74965476989746
71.90080261230469
-73.25056457519531
7.288750648498535
-11.926602363586426
29.440568923950195
-28.307334899902344
-2.226860284805298
-5.27107048034668
-28.006786346435547
-1.6897211074829102
21.32593536376953
-28.758304595947266
75.8407211303711
-77.36300659179688
8.042646408081055
-12.942591667175293
31.25734519958496
-30.19337272644043
-1.851211428642273
-6.077269554138184
-27.282867431640625
-3.224761724472046
23.08148956298828
-30.884552001953125
80.01289367675781
-81.72708129882812
8.84704303741455
-14.023378372192383
33.19581604003906
-32.207088470458984
