2
3
8.844219207763672
-4.938272476196289
-7.532780170440674
2.9352707862854004
-1.1210601329803467
-7.402222633361816
-7.91607141494751
4.415816783905029
-5.356122016906738
-3.0383877754211426
6.69345760345459
-5.903725624084473
8.043425559997559
-4.5175676345825195
-8.877166748046875
3.0937063694000244
-1.4464292526245117
-6.899440765380859
-7.904721736907959
4.657469749450684
-4.476929664611816
-3.8099024295806885
7.603559494018555
-6.137936592102051
7.176146030426025
-4.0905866622924805
-10.051626205444336
3.1653318405151367
-1.7423787117004395
-6.401363849639893
-7.81231164932251
4.806633949279785
-3.5562572479248047
-4.601207256317139
8.350140571594238
-6.221745491027832
6.257933616638184
-3.668989658355713
-11.047649383544922
3.14725923538208
-2.007939338684082
-5.913180828094482
-7.6364593505859375
4.858732223510742
-2.6007912158966064
-5.395476341247559
8.892970085144043
-6.1521172523498535
5.303676128387451
-3.2626163959503174
-11.858254432678223
3.0393166542053223
-2.239419937133789
-5.443080425262451
-7.381856918334961
4.814673900604248
-1.6231645345687866
-6.172280788421631
9.209888458251953
-5.932206630706787
4.329678058624268
-2.8803977966308594
-12.481550216674805
2.8429982662200928
-2.434649705886841
-4.998210906982422
-7.058953285217285
4.681003093719482
-0.6381611227989197
-6.913349151611328
9.277947425842285
-5.567427158355713
3.352158784866333
-2.5288565158843994
-12.920480728149414
2.5594894886016846
-2.5935046672821045
-4.583615303039551
-6.674747467041016
4.463687896728516
0.3392567038536072
-7.601978778839111
9.0706148147583
-5.068820953369141
2.3864777088165283
-2.213345766067505
-13.18297004699707
2.191882610321045
-2.7140960693359375
-4.204957485198975
-6.240588665008545
4.172478675842285
1.290125846862793
-8.219626426696777
8.577513694763184
-4.44653844833374
1.447638750076294
-1.9391992092132568
-13.282247543334961
1.7479796409606934
-2.79374623298645
-3.8711791038513184
-5.772220134735107
3.8274636268615723
2.1977062225341797
-8.752294540405273
7.789936542510986
-3.7108206748962402
0.5501530170440674
-1.7108014822006226
-13.23597526550293
1.2384371757507324
-2.8304078578948975
-3.5898516178131104
-5.287817001342773
3.450385808944702
3.0348105430603027
-9.181411743164062
6.752079963684082
-2.8891303539276123
-0.2956170439720154
-1.5333154201507568
-13.058783531188965
0.6795770525932312
-2.822059392929077
-3.3656747341156006
-4.804976940155029
3.061020612716675
3.77731990814209
-9.492353439331055
5.520186424255371
-2.015241861343384
-1.0801024436950684
-1.4108585119247437
-12.76585578918457
0.08892405033111572
-2.7684340476989746
-3.199998378753662
-4.3418989181518555
2.674494743347168
4.40823221206665
-9.680968284606934
4.139866828918457
-1.1108465194702148
-1.7964701652526855
-1.3476965427398682
-12.372845649719238
-0.5171235203742981
-2.6698899269104004
-3.092719078063965
-3.923185110092163
2.3055405616760254
4.916167736053467
-9.742264747619629
2.6720666885375977
-0.21075642108917236
-2.434823751449585
-1.3469419479370117
-11.921689987182617
-1.1156291961669922
-2.5261411666870117
-3.0398528575897217
-3.603835105895996
1.9819612503051758
5.297300338745117
-9.67868709564209
1.157570242881775
0.6601885557174683
-2.9869985580444336
-1.4116026163101196
-11.499481201171875
-1.6729406118392944
-2.337873697280884
-3.0247042179107666
-3.4597368240356445
1.7172760963439941
5.552467346191406
-9.500536918640137
-0.37074482440948486
1.4824981689453125
-3.4502522945404053
-1.5373189449310303
-11.142857551574707
-2.17553448677063
-2.1197025775909424
-3.0251331329345703
-3.4595632553100586
1.470011830329895
5.678646087646484
-9.21094799041748
-1.882971167564392
2.2409627437591553
-3.8357083797454834
-1.7164108753204346
-10.777791976928711
-2.6358425617218018
-1.891221046447754
-3.031491279602051
-3.5482659339904785
1.2174243927001953
5.677387714385986
-8.823307991027832
-3.342855930328369
2.9211483001708984
-4.151183128356934
-1.9392305612564087
-10.366636276245117
-3.06750750541687
-1.6703828573226929
-3.0405259132385254
-3.6677775382995605
0.941563069820404
5.557407379150391
-8.360858917236328
-4.745431900024414
3.5317928791046143
-4.395004749298096
-2.199836492538452
-9.922176361083984
-3.4656591415405273
-1.4602140188217163
-3.0545501708984375
-3.7912521362304688
0.6397849917411804
5.331874370574951
-7.846191883087158
-6.088717460632324
4.083662509918213
-4.569024085998535
-2.492689609527588
-9.45429801940918
-3.8241264820098877
-1.2562609910964966
-3.078756332397461
-3.9329261779785156
0.33197474479675293
5.018247604370117
-7.2970380783081055
-7.375171661376953
4.581600189208984
-4.678432464599609
-2.813530921936035
-8.969571113586426
-4.13551139831543
-1.0530004501342773
-3.1179778575897217
-4.117396354675293
0.03870224952697754
4.625972270965576
-6.7234392166137695
-8.5978422164917
5.023045063018799
-4.730693817138672
-3.1594200134277344
-8.479921340942383
-4.388858795166016
-0.8518964648246765
-3.172283411026001
-4.356772422790527
-0.22710737586021423
4.1629533767700195
-6.132819175720215
-9.74769401550293
5.401639938354492
-4.729617118835449
-3.526651620864868
-8.001256942749023
-4.574360370635986
-0.6573269367218018
-3.2401373386383057
-4.655493259429932
-0.45797255635261536
3.6376678943634033
-5.531035423278809
-10.816497802734375
5.709165573120117
-4.675608158111572
-3.9081432819366455
-7.554154872894287
-4.686416149139404
-0.47607630491256714
-3.3178274631500244
-5.009766578674316
-0.6506906747817993
3.0584259033203125
-4.923168182373047
-11.796610832214355
5.936520576477051
-4.56899881362915
-4.296754360198975
-7.162418842315674
-4.7217488288879395
-0.3140389919281006
-3.4010531902313232
-5.412606716156006
-0.8045828938484192
2.4343020915985107
-4.314718246459961
-12.680021286010742
6.07330846786499
-4.41517448425293
-4.685176849365234
-6.847061634063721
-4.677052974700928
-0.17575503885746002
-3.4862208366394043
-5.858890533447266
-0.9179987907409668
1.7746702432632446
-3.7120847702026367
-13.459189414978027
6.1118974685668945
-4.224435329437256
-5.069708824157715
-6.616349220275879
-4.545004844665527
-0.06368917226791382
-3.571774959564209
-6.349159240722656
-0.9871158599853516
1.0903148651123047
-3.1222167015075684
-14.131062507629395
6.048166275024414
-4.0058465003967285
-5.444826126098633
-6.47644567489624
-4.32061767578125
0.019146256148815155
-3.65584659576416
-6.885115146636963
-1.0089091062545776
0.3930564522743225
-2.5532217025756836
-14.697491645812988
5.8818678855896
-3.7686820030212402
-5.799020767211914
-6.438759803771973
-4.0100202560424805
0.06920808553695679
-3.7360801696777344
-7.46671199798584
-0.9826561212539673
-0.3066173195838928
-2.011413812637329
-15.159560203552246
5.611462116241455
-3.522216320037842
-6.123267650604248
-6.510091304779053
-3.61776065826416
0.08251931518316269
-3.809943437576294
-8.091499328613281
-0.9082170128822327
-0.9978174567222595
-1.5043199062347412
-15.519250869750977
5.239278793334961
-3.2757577896118164
-6.406766891479492
-6.6958327293396
-3.153714656829834
0.05543730780482292
-3.8749663829803467
-8.756341934204102
-0.7873436212539673
-1.6704108715057373
-1.0449178218841553
-15.782841682434082
4.783058166503906
-3.0402109622955322
-6.635645389556885
-7.000228404998779
-2.6392338275909424
-0.014418695122003555
-3.9280645847320557
-9.457536697387695
-0.6256253123283386
-2.3157315254211426
-0.6439435482025146
-15.96202278137207
4.26388692855835
-2.825237512588501
-6.802015781402588
-7.421570301055908
-2.0921168327331543
-0.1300116330385208
-3.9653165340423584
-10.193524360656738
-0.43102899193763733
-2.925145387649536
-0.30958396196365356
-16.076522827148438
3.7047393321990967
-2.6403188705444336
-6.902572154998779
-7.95307731628418
-1.5274736881256104
-0.29321756958961487
-3.9818804264068604
-10.963776588439941
-0.21538978815078735
-3.490382194519043
-0.04870527982711792
-16.154212951660156
3.1317524909973145
-2.4930899143218994
-6.938151836395264
-8.585412979125977
-0.956763744354248
-0.5026410222053528
-3.973923921585083
-11.770893096923828
0.010217532515525818
-4.004673480987549
0.13727274537086487
-16.250417709350586
2.575289487838745
-2.3887906074523926
-6.9130167961120605
-9.309701919555664
-0.3872085213661194
-0.7537276744842529
-3.9389936923980713
-12.616909980773926
0.24033845961093903
-4.465762615203857
0.2550399899482727
-16.43292236328125
2.0635669231414795
-2.329294443130493
-6.832643985748291
-10.118318557739258
0.17787736654281616
-1.0431357622146606
-3.8754961490631104
-13.503073692321777
0.46827757358551025
-4.882014274597168
0.31537267565727234
-16.71945571899414
1.6049833297729492
-2.3146915435791016
-6.702714920043945
-11.00699234008789
0.737188994884491
-1.3668485879898071
-3.784696102142334
-14.432868957519531
0.6906466484069824
-5.263012886047363
0.327091246843338
-17.090517044067383
1.1968967914581299
-2.3441731929779053
-6.528561592102051
-11.97425651550293
1.2910537719726562
-1.7190666198730469
-3.6700990200042725
-15.410444259643555
0.9076909422874451
-5.616562366485596
0.2975793778896332
-17.525131225585938
0.8351255655288696
-2.4161150455474854
-6.315367221832275
-13.021631240844727
1.8413751125335693
-2.0947890281677246
-3.5351643562316895
-16.438810348510742
1.1202512979507446
-5.948663711547852
0.2331436574459076
-18.00846290588379
0.514746367931366
