2
3
3.7538514137268066
1.0764907598495483
-8.775542259216309
0.344757080078125
-5.374088287353516
2.7745819091796875
-4.339641571044922
8.84488296508789
5.4335737228393555
6.708489894866943
8.724587440490723
-9.302660942077637
3.1242752075195312
1.35966956615448
-9.099803924560547
0.7464185953140259
-5.382974624633789
3.4121851921081543
-3.424123764038086
8.64905071258545
6.0143327713012695
5.718808174133301
8.233911514282227
-9.355881690979004
2.4881982803344727
1.6564216613769531
-9.293744087219238
1.069213628768921
-5.31768274307251
4.017553329467773
-2.5025739669799805
8.328476905822754
6.5578460693359375
4.750519752502441
7.590285778045654
-9.246502876281738
1.8558239936828613
1.9601531028747559
-9.358501434326172
1.3081721067428589
-5.184784412384033
4.5829057693481445
-1.5790857076644897
7.890477180480957
7.058584213256836
3.816692352294922
6.7781572341918945
-8.979486465454102
1.2358506917953491
2.263315200805664
-9.298322677612305
1.4609278440475464
-4.984726905822754
5.097522258758545
-0.6646097898483276
7.346338272094727
7.506336212158203
2.9344027042388916
5.7999420166015625
-8.565505027770996
0.6377522945404053
2.5604472160339355
-9.120011329650879
1.5259851217269897
-4.719605922698975
5.55116605758667
0.2271309494972229
6.710256576538086
7.881437301635742
2.127652645111084
4.7129340171813965
-8.037555694580078
0.07194650173187256
2.8474178314208984
-8.834968566894531
1.5003358125686646
-4.394763946533203
5.935759544372559
1.080476999282837
5.99820613861084
8.174452781677246
1.4110357761383057
3.5404880046844482
-7.418479919433594
-0.455888032913208
3.1172983646392822
-8.455202102661133
1.3941172361373901
-4.0160722732543945
6.243265151977539
1.872004508972168
5.241333484649658
8.378944396972656
0.7961607575416565
2.3036129474639893
-6.731276035308838
-0.9417485594749451
3.36405348777771
-7.995766639709473
1.2236336469650269
-3.582223653793335
6.473345756530762
2.561767578125
4.470254898071289
8.482829093933105
0.30128753185272217
1.0091631412506104
-5.995505332946777
-1.3686654567718506
3.583892822265625
-7.517782211303711
1.0238220691680908
-3.087165355682373
6.622637748718262
3.09462571144104
3.7245187759399414
8.473214149475098
-0.05066603422164917
-0.3061434030532837
-5.244743824005127
-1.7306020259857178
3.7739691734313965
-7.043583869934082
0.8119670152664185
-2.547581434249878
6.704339981079102
3.494922637939453
2.9972147941589355
8.348148345947266
-0.26715728640556335
-1.5745970010757446
-4.512618064880371
-2.033407688140869
3.934755802154541
-6.519023895263672
0.5729603171348572
-1.9847973585128784
6.728166103363037
3.8050475120544434
2.278886318206787
8.115767478942871
-0.3673727512359619
-2.776595115661621
-3.80672287940979
-2.2748923301696777
4.0659284591674805
-5.917335033416748
0.296957790851593
-1.416677713394165
6.705986022949219
4.062010765075684
1.5548069477081299
7.7846760749816895
-0.3736836612224579
-3.9056835174560547
-3.1247618198394775
-2.440955400466919
4.161104202270508
-5.258999824523926
-0.0072934627532958984
-0.8527321219444275
6.645156383514404
4.2861738204956055
0.8182457089424133
7.368794918060303
-0.30438950657844543
-4.961901664733887
-2.4608631134033203
-2.5281128883361816
4.221012592315674
-4.558803081512451
-0.33241885900497437
-0.2888501286506653
6.54166841506958
4.458932876586914
0.09053784608840942
6.879609107971191
-0.1724095642566681
-5.940793991088867
-1.8140087127685547
-2.539844036102295
4.247376441955566
-3.8282229900360107
-0.6698984503746033
0.2800869345664978
6.390074253082275
4.549559593200684
-0.5995617508888245
6.3254241943359375
0.014897182583808899
-6.831966876983643
-1.18980872631073
-2.485605001449585
4.242708683013916
-3.079829692840576
-1.0068144798278809
0.8499547839164734
6.188836574554443
4.545461654663086
-1.2268089056015015
5.715198993682861
0.2514365017414093
-7.62404727935791
-0.597642719745636
-2.372779607772827
4.204818248748779
-2.3299636840820312
-1.3295869827270508
1.4120876789093018
5.940773963928223
4.444056510925293
-1.7734119892120361
5.059040069580078
0.5305066108703613
-8.30709171295166
-0.04916679859161377
-2.2064573764801025
4.130667209625244
-1.5976895093917847
-1.6261334419250488
1.9563714265823364
5.653518199920654
4.243563652038574
-2.23042893409729
4.371234893798828
0.8435487747192383
-8.877403259277344
0.44391167163848877
-1.9885005950927734
4.019688606262207
-0.9093283414840698
-1.8877952098846436
2.469830274581909
5.339434623718262
3.9542806148529053
-2.597907066345215
3.6647439002990723
1.1819106340408325
-9.33502197265625
0.8714742660522461
-1.7163946628570557
3.873279333114624
-0.3029758334159851
-2.1092960834503174
2.943472385406494
5.009968280792236
3.5794789791107178
-2.878091812133789
2.9492835998535156
1.5386853218078613
-9.680084228515625
1.2267088890075684
-1.388495683670044
3.69620943069458
0.17642664909362793
-2.2901856899261475
3.3703629970550537
4.675234317779541
3.1265621185302734
-3.073784351348877
2.234703540802002
1.9080212116241455
-9.914010047912598
1.5028254985809326
-1.015904188156128
3.493594169616699
0.5154113173484802
-2.424724578857422
3.745135545730591
4.344518184661865
2.6076183319091797
-3.189985752105713
1.531726360321045
2.2845983505249023
-10.037917137145996
1.692375898361206
-0.6148072481155396
3.270613670349121
0.7210774421691895
-2.503113269805908
4.060726165771484
4.027303218841553
2.04215407371521
-3.232003688812256
0.84995436668396
2.6626229286193848
-10.04630184173584
1.7884198427200317
-0.2001781463623047
3.0379834175109863
0.799064040184021
-2.525068998336792
4.314711093902588
3.7303121089935303
1.4424680471420288
-3.2081634998321533
0.1973041296005249
3.0339810848236084
-9.931382179260254
1.787129282951355
0.2118368148803711
2.8076579570770264
0.7642308473587036
-2.4944703578948975
4.505154132843018
3.4587550163269043
0.8221343755722046
-3.126887083053589
-0.4183518886566162
3.3895115852355957
-9.68916130065918
1.6892712116241455
0.6092836856842041
2.5882785320281982
0.6221505999565125
-2.4159786701202393
4.634446620941162
3.2161102294921875
0.18624579906463623
-2.9997711181640625
-0.9883788824081421
3.719770669937134
-9.32263469696045
1.5000483989715576
0.9812158346176147
2.388439893722534
0.3813377022743225
-2.2967333793640137
4.705498218536377
3.005303144454956
-0.46196556091308594
-2.838895559310913
-1.4994242191314697
4.013963222503662
-8.8489408493042
1.2310158014297485
1.3187761306762695
2.2155516147613525
0.05387383699417114
-2.1471924781799316
4.719868183135986
2.828927993774414
-1.1171625852584839
-2.656684637069702
-1.940613031387329
4.262959003448486
-8.290081977844238
0.8972185254096985
1.6134146451950073
2.0748207569122314
-0.3455943763256073
-1.9773821830749512
4.6786298751831055
2.6880369186401367
-1.7707090377807617
-2.4645073413848877
-2.3017964363098145
4.457556247711182
-7.680842399597168
0.5221070647239685
1.8580255508422852
1.9698033332824707
-0.7980155944824219
-1.7974587678909302
4.582615852355957
2.5833261013031006
-2.4101648330688477
-2.2734951972961426
-2.5799758434295654
4.595788478851318
-7.052237510681152
0.12426701188087463
2.04618501663208
1.903404712677002
-1.2785451412200928
-1.619611144065857
4.432559967041016
2.515655994415283
-3.021233320236206
-2.0945169925689697
-2.776031494140625
4.679245948791504
-6.4431939125061035
-0.2788695991039276
2.1752238273620605
1.8761396408081055
-1.7637317180633545
-1.4555504322052002
4.231366157531738
2.483400821685791
-3.5944604873657227
-1.9349254369735718
-2.8955090045928955
4.712498664855957
-5.881982326507568
-0.6758043169975281
2.249237060546875
1.8844313621520996
-2.2408719062805176
-1.311792254447937
3.9896581172943115
2.480581521987915
-4.134755611419678
-1.7954307794570923
-2.946624517440796
4.700847148895264
-5.363221645355225
-1.064275860786438
2.2763099670410156
1.9227505922317505
-2.7149879932403564
-1.1862390041351318
3.720282793045044
2.50022292137146
-4.668231010437012
-1.6662874221801758
-2.9386918544769287
4.648962497711182
-4.876556396484375
-1.4425139427185059
2.2638368606567383
1.9865169525146484
-3.1988909244537354
-1.0743635892868042
3.427415370941162
2.5413870811462402
-5.201516628265381
-1.5445342063903809
-2.8798372745513916
4.560111999511719
-4.414494514465332
-1.8066444396972656
2.214681386947632
2.0739850997924805
-3.6914548873901367
-0.9768868088722229
3.1122491359710693
2.60388445854187
-5.725500583648682
-1.4338912963867188
-2.776517152786255
4.438634395599365
-3.978330612182617
-2.1511478424072266
2.1308557987213135
2.181433916091919
-4.188748359680176
-0.8929170370101929
2.7765016555786133
2.685793399810791
-6.228178024291992
-1.3386516571044922
-2.6337950229644775
4.288275718688965
-3.5727293491363525
-2.469733238220215
2.0151374340057373
2.3043041229248047
-4.685080528259277
-0.822215735912323
2.4230990409851074
2.7836153507232666
-6.700690269470215
-1.2623459100723267
-2.4572129249572754
4.113097190856934
-3.204881191253662
-2.756673812866211
1.8693796396255493
2.4386563301086426
-5.172994613647461
-0.7654191851615906
2.0552639961242676
2.893453359603882
-7.13593864440918
-1.207876443862915
-2.252230405807495
3.916782855987549
-2.882963180541992
-3.006600856781006
