2
3
5.360845565795898
2.538501262664795
2.186295986175537
-8.789204597473145
3.3918745517730713
4.395569324493408
2.6481552124023438
7.46875524520874
3.25551176071167
-5.375382900238037
4.871367931365967
-0.26729726791381836
5.33685302734375
2.1841251850128174
2.2521212100982666
-9.452207565307617
3.4837098121643066
4.234810829162598
2.867488145828247
7.183864116668701
3.4014534950256348
-5.025659084320068
5.035683631896973
0.3864098787307739
5.32097864151001
1.82979416847229
2.3345792293548584
-10.112082481384277
3.5789787769317627
4.080880641937256
3.0909833908081055
6.90817403793335
3.5458459854125977
-4.682724475860596
5.200141429901123
1.0247793197631836
5.313412189483643
1.4740245342254639
2.4341959953308105
-10.770856857299805
3.6776938438415527
3.9332237243652344
3.319077491760254
6.640804767608643
3.6891238689422607
-4.347601413726807
5.365561485290527
1.6464073657989502
5.314366817474365
1.115503191947937
2.5516371726989746
-11.430530548095703
3.779895782470703
3.7909560203552246
3.5522098541259766
6.380212783813477
3.831780433654785
-4.022542953491211
5.533310413360596
2.249776601791382
5.324085712432861
0.7530638575553894
2.6875791549682617
-12.093212127685547
3.885735034942627
3.6532633304595947
3.790823459625244
6.124946117401123
3.9739556312561035
-3.707695960998535
5.703812122344971
2.834744453430176
5.3427958488464355
0.38577723503112793
2.8426461219787598
-12.760790824890137
3.995373010635376
3.5193333625793457
4.035406112670898
5.8736748695373535
4.115840435028076
-3.4032509326934814
5.8775811195373535
3.4009947776794434
5.370739459991455
0.012833625078201294
3.0175275802612305
-13.4351167678833
4.108845233917236
3.3881466388702393
4.2865309715271
5.6249918937683105
4.257691383361816
-3.1095333099365234
6.0553460121154785
3.94789981842041
5.408327102661133
-0.36669865250587463
3.2133100032806396
-14.118724822998047
4.226151943206787
3.258566379547119
4.544803619384766
5.3773274421691895
4.400177001953125
-2.8268256187438965
6.237887382507324
4.474862098693848
5.4559197425842285
-0.7538098096847534
3.4310848712921143
-14.814288139343262
4.347509860992432
3.1296603679656982
4.810842514038086
5.1291728019714355
4.544015407562256
-2.555280923843384
6.426037311553955
4.98116397857666
5.513700008392334
-1.1504266262054443
3.672430992126465
-15.524917602539062
4.473136901855469
3.0004382133483887
5.085329532623291
4.8789753913879395
4.6896867752075195
-2.2950620651245117
6.6205220222473145
5.466071128845215
5.581891059875488
-1.5575212240219116
3.938542127609253
-16.252422332763672
4.603275775909424
2.869865655899048
5.368978500366211
4.625115394592285
4.837636470794678
-2.046393871307373
6.822019100189209
5.9287614822387695
5.660752773284912
-1.975459337234497
4.230348587036133
-16.9979248046875
4.738185882568359
2.7368853092193604
5.662530899047852
4.365975856781006
4.988667011260986
-1.8091888427734375
7.031106472015381
6.368535995483398
5.750545978546143
-2.4045982360839844
4.548614501953125
-17.762590408325195
4.878130912780762
2.6005144119262695
5.96687126159668
4.1001715660095215
5.1433892250061035
-1.584246039390564
7.2489728927612305
6.7841572761535645
5.851531505584717
-2.844921112060547
4.893947124481201
-18.546871185302734
5.023420810699463
2.4597322940826416
6.282901287078857
3.826165199279785
5.301947116851807
-1.3737488985061646
7.4766693115234375
7.173157215118408
5.963971138000488
-3.2962872982025146
5.266678333282471
-19.350568771362305
5.174412250518799
2.3135464191436768
6.611636638641357
3.5424602031707764
5.464747428894043
-1.178699016571045
7.714756488800049
7.533602237701416
6.0885138511657715
-3.7583281993865967
5.667276382446289
-20.174612045288086
5.33156681060791
2.161038637161255
6.954218864440918
3.247645378112793
5.632021903991699
-1.000166654586792
7.963871002197266
7.863752841949463
6.225759983062744
-4.231588840484619
6.096975326538086
-21.02100372314453
5.495306491851807
2.0012645721435547
7.311797142028809
2.9402499198913574
5.804082870483398
-0.8392090797424316
8.224898338317871
8.161906242370605
6.376283168792725
-4.7168803215026855
6.5571818351745605
-21.891979217529297
5.6660475730896
1.8331571817398071
7.68537712097168
2.618417978286743
5.981415271759033
-0.6966640949249268
8.499027252197266
8.426714897155762
6.5406599044799805
-5.215047836303711
7.04935884475708
-22.789823532104492
5.844229698181152
1.6557459831237793
8.076098442077637
2.2804758548736572
6.164434909820557
-0.5734074115753174
8.78730297088623
8.656731605529785
6.719535827636719
-5.727062702178955
7.575104713439941
-23.717145919799805
6.0302958488464355
1.4680863618850708
8.485100746154785
1.9247394800186157
6.353552341461182
-0.4702593982219696
9.090755462646484
8.85044002532959
6.913718223571777
-6.254213333129883
8.136432647705078
-24.67759132385254
6.224514961242676
1.2691470384597778
8.913477897644043
1.5495305061340332
6.549201965332031
-0.3878958821296692
9.410411834716797
9.006295204162598
7.123966217041016
-6.79762601852417
8.735194206237793
-25.674243927001953
6.427398204803467
1.0582783222198486
9.36262321472168
1.153346300125122
6.7518696784973145
-0.32695528864860535
9.74722957611084
9.122486114501953
7.35109281539917
-7.358526706695557
9.37341022491455
-26.710336685180664
6.63962984085083
0.8346056938171387
9.834211349487305
0.7344256639480591
6.962093353271484
-0.28811344504356384
10.102283477783203
9.197243690490723
7.595896244049072
-7.93904447555542
10.054062843322754
-27.790042877197266
6.861886024475098
0.5970914959907532
10.330093383789062
0.2907692790031433
7.180428504943848
-0.27182474732398987
10.477007865905762
9.229422569274902
7.859304904937744
-8.54075813293457
10.779685020446777
-28.91724395751953
7.094843864440918
0.344794899225235
10.851859092712402
-0.17946404218673706
7.407459735870361
-0.278607577085495
10.872757911682129
9.217679977416992
8.142318725585938
-9.165314674377441
11.552972793579102
-30.096019744873047
7.339383125305176
0.07687413692474365
11.401516914367676
-0.6779835224151611
7.643763542175293
-0.30902165174484253
11.29085636138916
9.160542488098145
8.44609546661377
-9.814569473266602
12.376836776733398
-31.330984115600586
7.596261024475098
-0.20787197351455688
11.980899810791016
-1.2072231769561768
7.88998556137085
-0.36362260580062866
11.73277473449707
9.056622505187988
8.771796226501465
-10.490272521972656
13.254300117492676
-32.626617431640625
7.866389751434326
-0.5105394721031189
12.591936111450195
-1.7694091796875
8.146777153015137
-0.4429919123649597
12.199974060058594
8.904515266418457
9.120670318603516
-11.194273948669434
14.1885986328125
-33.98768997192383
8.151177406311035
-0.8320043683052063
13.23672866821289
-2.3666718006134033
8.414709091186523
-0.5477908849716187
12.693963050842285
8.702714920043945
9.494218826293945
-11.92870044708252
15.183609008789062
-35.419864654541016
8.45160961151123
-1.173195719718933
13.917532920837402
-3.000875473022461
8.694449424743652
-0.678658664226532
13.216211318969727
8.449649810791016
9.894103050231934
-12.695856094360352
16.243606567382812
-36.929325103759766
8.768816947937012
-1.5353628396987915
14.636783599853516
-3.6745545864105225
8.986883163452148
-0.8362969160079956
13.768840789794922
8.143847465515137
10.32194709777832
-13.498013496398926
17.37276840209961
-38.52204895019531
9.104013442993164
-1.919866919517517
15.397078514099121
-4.3903961181640625
9.292887687683105
-1.021577000617981
14.35405158996582
7.7836527824401855
10.779499053955078
-14.33758544921875
18.5755615234375
-40.20438766479492
9.458465576171875
-2.3281090259552
16.201112747192383
-5.151050090789795
9.613568305969238
-1.2353132963180542
14.974333763122559
7.3674635887146
11.268635749816895
-15.218045234680176
19.857751846313477
-41.9837532043457
9.833599090576172
-2.7616589069366455
17.05194854736328
-5.959522724151611
9.94999885559082
-1.4784622192382812
15.632183074951172
6.893373012542725
11.791421890258789
-16.143325805664062
21.225826263427734
-43.86818313598633
10.230917930603027
-3.222214698791504
17.952800750732422
-6.819043159484863
10.30339241027832
-1.752316951751709
16.329893112182617
6.358503341674805
12.350119590759277
-17.116689682006836
22.685827255249023
-45.86557388305664
10.652053833007812
-3.7116405963897705
18.90719223022461
-7.733116626739502
10.674867630004883
-2.05826473236084
17.070241928100586
5.7602458000183105
12.947160720825195
-18.141489028930664
24.24411392211914
-47.984214782714844
11.098750114440918
-4.231943130493164
19.918903350830078
-8.705486297607422
11.065539360046387
-2.3977112770080566
17.85618782043457
5.096059322357178
13.58515453338623
-19.22127342224121
25.90748405456543
-50.23285675048828
11.572851181030273
-4.785251617431641
20.99189567565918
-9.74013614654541
11.476677894592285
-2.772022008895874
18.690704345703125
4.3634748458862305
14.266910552978516
-20.3598575592041
27.683256149291992
-52.62086486816406
12.076286315917969
-5.373855113983154
22.130334854125977
-10.841399192810059
11.909523010253906
-3.1826188564300537
19.576648712158203
3.559877872467041
