2
3
0.11467528343200684
5.477428913116455
-4.75905704498291
-6.374967098236084
1.6591126918792725
5.1054463386535645
5.096950054168701
3.4231221675872803
1.7524406909942627
7.585725784301758
-3.49918270111084
-1.0379467010498047
-0.07254859805107117
5.189014911651611
-4.567195892333984
-6.372919082641602
2.155083417892456
5.424489498138428
4.462536811828613
3.379852533340454
1.5169520378112793
7.660261154174805
-3.5108530521392822
-1.455780267715454
-0.23662282526493073
4.894406795501709
-4.348892688751221
-6.313040733337402
2.591095209121704
5.766800403594971
3.760446786880493
3.2682018280029297
1.3025104999542236
7.6939897537231445
-3.4841439723968506
-1.8712739944458008
-0.3766036033630371
4.599349498748779
-4.102818965911865
-6.195498943328857
2.956965208053589
6.1258625984191895
3.0150575637817383
3.0830931663513184
1.110528588294983
7.686942100524902
-3.4247477054595947
-2.276265859603882
-0.489419162273407
4.310250759124756
-3.832099676132202
-6.0217204093933105
3.2480201721191406
6.494598388671875
2.247652053833008
2.8201920986175537
0.9408355355262756
7.640446662902832
-3.3344321250915527
-2.6627697944641113
-0.5733591914176941
4.033052921295166
-3.544703722000122
-5.796158313751221
3.465092182159424
6.862144470214844
1.4717564582824707
2.4832699298858643
0.7926490306854248
7.556206703186035
-3.2131409645080566
-3.021635055541992
-0.6255179047584534
3.7775144577026367
-3.253798484802246
-5.533350944519043
3.608475923538208
7.217281341552734
0.7031776905059814
2.0810015201568604
0.6673675179481506
7.435436248779297
-3.063861846923828
-3.3437342643737793
-0.6460821628570557
3.5500340461730957
-2.9714713096618652
-5.244414806365967
3.6780850887298584
7.549454212188721
-0.03572416305541992
1.6247670650482178
0.5675627589225769
7.281031608581543
-2.893450975418091
-3.6228187084198
-0.6368322372436523
3.355611801147461
-2.7093758583068848
-4.938674449920654
3.675145387649536
7.848186492919922
-0.7197343111038208
1.1304341554641724
0.49252748489379883
7.0993242263793945
-2.7108211517333984
-3.8577089309692383
-0.6015757918357849
3.199507236480713
-2.479011297225952
-4.625205039978027
3.608196496963501
8.10782241821289
-1.3379627466201782
0.6088367700576782
0.4409319758415222
6.898850440979004
-2.5267529487609863
-4.05248498916626
-0.5420957803726196
3.0897440910339355
-2.2971343994140625
-4.319967269897461
3.487069845199585
8.325240135192871
-1.883406162261963
0.0684998631477356
0.4135247766971588
6.689650535583496
-2.357668876647949
-4.21661376953125
-0.4611170291900635
3.032935857772827
-2.1754040718078613
-4.044230937957764
3.321030378341675
8.497979164123535
-2.3525445461273193
-0.48143619298934937
0.41050174832344055
6.483582496643066
-2.220644474029541
-4.366308212280273
-0.36814048886299133
3.021279811859131
-2.1032233238220215
-3.79583477973938
3.1203677654266357
8.625375747680664
-2.746201515197754
-1.032989740371704
0.42823097109794617
6.286940574645996
-2.1214730739593506
-4.510632514953613
-0.2721995413303375
3.0485036373138428
-2.070032835006714
-3.5735867023468018
2.8948867321014404
8.707438468933105
-3.0678822994232178
-1.579192876815796
0.45806288719177246
6.094768524169922
-2.0481483936309814
-4.639285087585449
-0.1807241141796112
3.1079182624816895
-2.066823959350586
-3.376692771911621
2.6526618003845215
8.744616508483887
-3.322230339050293
-2.1144533157348633
0.49415910243988037
5.906126499176025
-1.99552321434021
-4.749471187591553
-0.0988612174987793
3.193838119506836
-2.086315393447876
-3.2049553394317627
2.403029680252075
8.739373207092285
-3.5201737880706787
-2.638388156890869
0.5327799320220947
5.72315788269043
-1.9629453420639038
-4.843108177185059
-0.029331669211387634
3.3018174171447754
-2.1236653327941895
-3.059250593185425
2.153085470199585
8.694378852844238
-3.670952558517456
-3.151275396347046
0.5712915062904358
5.54828405380249
-1.9511585235595703
-4.9241108894348145
0.02646714448928833
3.4277334213256836
-2.175901412963867
-2.9412145614624023
1.9075664281845093
8.612360954284668
-3.782031536102295
-3.651909112930298
0.6074262857437134
5.383309841156006
-1.960823893547058
-4.996297836303711
0.06799402832984924
3.5678153038024902
-2.2409651279449463
-2.852626085281372
1.66975736618042
8.496147155761719
-3.8599140644073486
-4.138872146606445
0.6392107009887695
5.229772567749023
-1.9922876358032227
-5.063838958740234
0.09501123428344727
3.718477725982666
-2.3171916007995605
-2.7961838245391846
1.4420058727264404
8.348187446594238
-3.9103376865386963
-4.610554218292236
0.6649347543716431
5.088658809661865
-2.0454039573669434
-5.130733489990234
0.10802898555994034
3.876345634460449
-2.4029765129089355
-2.7740838527679443
1.2258601188659668
8.171063423156738
-3.938382387161255
-5.065517902374268
0.6832225322723389
4.9605393409729
-2.119572877883911
-5.200790882110596
0.10796324163675308
4.03831148147583
-2.497086763381958
-2.788581132888794
1.0223133563995361
7.96759033203125
-3.948270797729492
-5.5027923583984375
0.6928817629814148
4.845183372497559
-2.2136223316192627
-5.27694845199585
0.09617460519075394
4.201648712158203
-2.599064826965332
-2.8415703773498535
0.8319424390792847
7.740401268005371
-3.9438605308532715
-5.9214935302734375
0.6928443312644958
4.741367816925049
-2.3257992267608643
-5.360326290130615
0.07360775023698807
4.3636980056762695
-2.707828998565674
-2.9348998069763184
0.6548270583152771
7.492050647735596
-3.9284305572509766
-6.320927143096924
0.6824405789375305
4.648192882537842
-2.4545090198516846
-5.453181266784668
0.04140584170818329
4.52212381362915
-2.8227639198303223
-3.0691604614257812
0.4909031391143799
7.225362777709961
-3.905027151107788
-6.700977325439453
0.6613991260528564
4.564939498901367
-2.598489284515381
-5.558074474334717
0.0003321059048175812
4.674928665161133
-2.942098379135132
-3.2455697059631348
0.339702844619751
6.943234920501709
-3.8760430812835693
-7.061951637268066
0.6295760273933411
4.491090774536133
-2.756495952606201
-5.6769914627075195
-0.048879969865083694
4.820143699645996
-3.0637612342834473
-3.465085744857788
0.20064173638820648
6.6486897468566895
-3.843682289123535
-7.404571533203125
0.5864829421043396
4.426328182220459
-2.925933837890625
-5.8132100105285645
-0.10542936623096466
4.955987453460693
-3.1857004165649414
-3.7283787727355957
0.07378169894218445
6.344908237457275
-3.8104448318481445
-7.7297844886779785
0.5315868258476257
4.370102882385254
-3.1038708686828613
-5.9699320793151855
-0.1687222421169281
5.08083963394165
-3.305492401123047
-4.035377025604248
-0.04116182029247284
6.03517484664917
-3.7794179916381836
-8.039222717285156
0.4645860195159912
4.321358680725098
-3.2869396209716797
-6.149483680725098
-0.23812933266162872
5.192552089691162
-3.4210972785949707
-4.385393142700195
-0.14481297135353088
5.723300933837891
-3.7536051273345947
-8.336369514465332
0.38567444682121277
4.279092788696289
-3.4725260734558105
-6.354066371917725
-0.3129715025424957
5.288909912109375
-3.53084397315979
-4.777186870574951
-0.23777562379837036
5.412787914276123
-3.7363085746765137
-8.624707221984863
0.2953585088253021
4.242007255554199
-3.658500909805298
-6.585856914520264
-0.39233091473579407
5.3675737380981445
-3.6340925693511963
-5.209011077880859
-0.32137390971183777
5.1068220138549805
-3.7302348613739014
-8.908047676086426
0.1940915286540985
4.208417892456055
-3.8429059982299805
-6.846747875213623
-0.47528377175331116
5.42639684677124
-3.7306768894195557
-5.678589344024658
-0.39718103408813477
4.808311462402344
-3.737684488296509
-9.19117259979248
0.08274111151695251
4.176507949829102
-4.024535179138184
-7.139079570770264
-0.560950756072998
5.463533878326416
-3.8208630084991455
-6.183374881744385
-0.46706217527389526
4.519364356994629
-3.7600154876708984
-9.478907585144043
-0.03797915577888489
4.14396333694458
-4.202136039733887
-7.4638872146606445
-0.6485195755958557
5.47748327255249
-3.9052577018737793
-6.7207441329956055
-0.5332622528076172
4.240966320037842
-3.7969980239868164
-9.77489948272705
-0.167094424366951
4.1086955070495605
-4.374900817871094
-7.821757793426514
-0.7373753190040588
5.4670634269714355
-3.984628677368164
-7.288154602050781
-0.5975145101547241
3.974342107772827
-3.8490259647369385
-10.084439277648926
-0.3037485182285309
4.068531513214111
-4.542033672332764
-8.213516235351562
-0.8271113038063049
5.4314284324646
-4.059937000274658
-7.883645057678223
-0.6614919304847717
3.7200734615325928
-3.9159507751464844
-10.41281509399414
-0.4471237063407898
4.021440505981445
-4.702904224395752
-8.639792442321777
-0.9174410700798035
5.370095252990723
-4.131898880004883
-8.50522518157959
-0.726801335811615
3.478267192840576
-3.9971811771392822
-10.765164375305176
-0.5964011549949646
3.9654505252838135
-4.857059001922607
-9.100848197937012
-1.0082510709762573
5.2829742431640625
-4.201207160949707
-9.15153694152832
-0.794840931892395
3.2483904361724854
-4.091739177703857
-11.14664077758789
-0.7504996061325073
3.8990204334259033
-5.004549503326416
-9.597500801086426
-1.0995826721191406
5.1704864501953125
-4.268491268157959
-9.822381019592285
-0.8668086528778076
3.0292880535125732
-4.198338985443115
-11.562143325805664
-0.9084259271621704
3.821225166320801
-5.145534038543701
-10.13156795501709
