2
3
-7.341693878173828
7.907111167907715
-0.5414261817932129
4.0484466552734375
-4.890488624572754
9.094743728637695
6.789750576019287
0.2839491665363312
-1.6097376346588135
9.133810997009277
-5.945096492767334
-6.402706146240234
-7.187408924102783
8.029422760009766
-0.27409064769744873
4.281578540802002
-4.734414577484131
9.054413795471191
7.108667373657227
0.20831623673439026
-1.8869822025299072
8.990898132324219
-6.478062629699707
-6.672463417053223
-7.036990642547607
8.147558212280273
-0.012636899948120117
4.507120609283447
-4.578586578369141
9.013978958129883
7.425007343292236
0.13216698169708252
-2.15928316116333
8.847029685974121
-7.002070426940918
-6.944225311279297
-6.89024543762207
8.261441230773926
0.2432873547077179
4.725057601928711
-4.422819137573242
8.973251342773438
7.738962173461914
0.05511169135570526
-2.426931619644165
8.702099800109863
-7.518022537231445
-7.218425750732422
-6.746973514556885
8.37099838256836
0.49407845735549927
4.935271739959717
-4.266898155212402
8.932027816772461
8.050752639770508
-0.023226499557495117
-2.6901497840881348
8.555984497070312
-8.026803016662598
-7.495514869689941
-6.606997966766357
8.47614574432373
0.7400802969932556
5.137630462646484
-4.110655307769775
8.89010238647461
8.360550880432129
-0.10322575271129608
-2.949099063873291
8.408586502075195
-8.529181480407715
-7.7758564949035645
-6.470154762268066
8.576834678649902
0.9815940856933594
5.332028865814209
-3.9541306495666504
8.847332000732422
8.668172836303711
-0.18519645929336548
-3.203939199447632
8.259801864624023
-9.025891304016113
-8.059785842895508
-6.336197376251221
8.67336654663086
1.2187312841415405
5.518488883972168
-3.7974228858947754
8.803592681884766
8.973055839538574
-0.2694617509841919
-3.454895257949829
8.109445571899414
-9.517738342285156
-8.347796440124512
-6.204891204833984
8.765666007995605
1.451779842376709
5.696902751922607
-3.640596389770508
8.758756637573242
9.274685859680176
-0.3563033640384674
-3.702009916305542
7.957549095153809
-10.005223274230957
-8.639952659606934
-6.075994491577148
8.85364055633545
1.6810673475265503
5.867023468017578
-3.4836771488189697
8.712642669677734
9.572761535644531
-0.44608503580093384
-3.9452359676361084
7.804211616516113
-10.488277435302734
-8.93596076965332
-5.949268341064453
8.937255859375
1.9068660736083984
6.028694152832031
-3.326760768890381
8.665082931518555
9.867042541503906
-0.53913414478302
-4.184473991394043
7.649477958679199
-10.96682071685791
-9.235673904418945
-5.824488162994385
9.016444206237793
2.129446029663086
6.181673049926758
-3.1701273918151855
8.615880966186523
10.157285690307617
-0.6357622742652893
-4.419651508331299
7.493302345275879
-11.440900802612305
-9.539140701293945
-5.701452732086182
9.09113883972168
2.349052667617798
6.325764179229736
-3.0138766765594482
8.56482982635498
10.443554878234863
-0.7363115549087524
-4.650686740875244
7.335738182067871
-11.910393714904785
-9.846199989318848
-5.579952239990234
9.161206245422363
2.5658340454101562
6.460498332977295
-2.8581554889678955
8.511693954467773
10.725871086120605
-0.8411138653755188
-4.877399921417236
7.176898956298828
-12.374638557434082
-10.156418800354004
-5.459808826446533
9.2264986038208
2.779902458190918
6.585400581359863
-2.703033208847046
8.456249237060547
11.00448226928711
-0.9504910111427307
-5.099648475646973
7.016855716705322
-12.833300590515137
-10.469646453857422
-5.341014385223389
9.286736488342285
2.9913928508758545
6.699871063232422
-2.548436403274536
8.398295402526855
11.27968978881836
-1.064780354499817
-5.317291736602783
6.855567455291748
-13.286224365234375
-10.785998344421387
-5.223503589630127
9.341761589050293
3.2003836631774902
6.803531646728516
-2.3942453861236572
8.337602615356445
11.551929473876953
-1.184342384338379
-5.5302414894104
6.692904949188232
-13.733192443847656
-11.105668067932129
-5.107175827026367
9.391444206237793
3.407010316848755
6.89605188369751
-2.240253448486328
8.273961067199707
11.821443557739258
-1.3095660209655762
-5.7385573387146
6.5286712646484375
-14.174198150634766
-11.42898941040039
-4.991962432861328
9.43571662902832
3.6114399433135986
6.977388858795166
-2.0863547325134277
8.207138061523438
12.088417053222656
-1.4408413171768188
-5.942310333251953
6.362660884857178
-14.609264373779297
-11.756330490112305
-4.877790451049805
9.474451065063477
3.8138012886047363
7.047275543212891
-1.9324520826339722
8.136890411376953
12.353045463562012
-1.5785670280456543
-6.141598224639893
6.1946516036987305
-15.038446426391602
-12.088083267211914
-4.764676094055176
9.507455825805664
4.014167785644531
7.105329990386963
-1.778442144393921
8.062965393066406
12.6155366897583
-1.7231554985046387
-6.3364057540893555
6.0244598388671875
-15.461618423461914
-12.424561500549316
-4.652650833129883
9.534509658813477
4.2126007080078125
7.151111125946045
-1.6242198944091797
7.985108375549316
12.876042366027832
-1.8750358819961548
-6.526833534240723
5.851855754852295
-15.878750801086426
-12.766143798828125
-4.5415849685668945
9.555498123168945
4.4093403816223145
7.18444299697876
-1.4696424007415771
7.903043746948242
13.134827613830566
-2.034665822982788
-6.7129716873168945
5.676582336425781
-16.289857864379883
-13.113290786743164
-4.43136739730835
9.570316314697266
4.604664325714111
7.205159664154053
-1.3145474195480347
7.8164825439453125
13.392190933227539
-2.2025306224823
-6.894877910614014
5.498383045196533
-16.69490623474121
-13.466468811035156
-4.321898460388184
9.578843116760254
4.798800945281982
7.213022232055664
-1.1587939262390137
7.725135326385498
13.648348808288574
-2.3791139125823975
-7.072607517242432
5.316991329193115
-17.093854904174805
-13.826169967651367
-4.213068008422852
9.58091926574707
4.991913795471191
7.2076520919799805
-1.0022566318511963
7.628692150115967
13.903562545776367
-2.564908981323242
-7.246211051940918
5.132128715515137
-17.486658096313477
-14.192914009094238
-4.104750156402588
9.57641315460205
5.184197902679443
7.188702583312988
-0.8448195457458496
7.526824474334717
14.158068656921387
-2.7604453563690186
-7.415736675262451
4.943504333496094
-17.873258590698242
-14.56725025177002
-3.996852397918701
9.565144538879395
5.3759355545043945
7.155867576599121
-0.6863330602645874
7.41917610168457
14.412262916564941
-2.966270923614502
-7.58125638961792
4.750755310058594
-18.25383758544922
-14.94997501373291
-3.889260768890381
9.546918869018555
5.567399501800537
7.108765125274658
-0.5266339778900146
7.305385112762451
14.666516304016113
-3.182957649230957
-7.742832183837891
4.553523063659668
-18.628488540649414
-15.341843605041504
-3.7818498611450195
9.52153491973877
5.758923053741455
7.047023773193359
-0.36555010080337524
7.185072898864746
14.921218872070312
-3.4111032485961914
-7.900506496429443
4.351468563079834
-18.997161865234375
-15.743522644042969
-3.6744956970214844
9.488786697387695
5.95082950592041
6.970259189605713
-0.20289812982082367
7.05784273147583
15.176791191101074
-3.651334762573242
-8.054317474365234
4.144236087799072
-19.35979652404785
-16.15571403503418
-3.5670721530914307
9.448440551757812
6.14342737197876
6.878015518188477
-0.03848385810852051
6.923280239105225
15.433684349060059
-3.9043097496032715
-8.204303741455078
3.9314472675323486
-19.716344833374023
-16.57917594909668
-3.459442138671875
9.400251388549805
6.337064743041992
6.769826889038086
0.1278984248638153
6.780951499938965
15.692380905151367
-4.170719146728516
-8.350522994995117
3.7126853466033936
-20.06682014465332
-17.01476287841797
-3.3514530658721924
9.343963623046875
6.532045364379883
6.645138263702393
0.29646652936935425
6.630402565002441
15.953393936157227
-4.451291561126709
-8.493000030517578
3.487539052963257
-20.4111328125
-17.463300704956055
-3.2429981231689453
9.279280662536621
6.728681564331055
6.503350257873535
0.4674515426158905
6.471156597137451
16.217287063598633
-4.746792316436768
-8.631752967834473
3.2555766105651855
-20.749176025390625
-17.925662994384766
-3.133979082107544
9.205883026123047
6.927401542663574
6.343921184539795
0.6411013603210449
6.302708148956299
16.484699249267578
-5.0580291748046875
-8.766800880432129
3.0162887573242188
-21.08108139038086
-18.40298080444336
-3.0242562294006348
9.123440742492676
7.1286187171936035
6.166250228881836
0.8176774978637695
6.124537944793701
16.756256103515625
-5.385858535766602
-8.898160934448242
2.7691776752471924
-21.40680694580078
-18.896303176879883
-2.9136648178100586
9.031618118286133
7.332798004150391
5.969711780548096
0.997427225112915
5.93612813949585
17.032550811767578
-5.731105804443359
-9.025856018066406
2.513719320297241
-21.72633934020996
-19.40674591064453
-2.80203914642334
8.930049896240234
7.540389060974121
5.753615856170654
1.180648684501648
5.736915588378906
17.314355850219727
-6.094709873199463
-9.149903297424316
2.249361515045166
-22.03965187072754
-19.935487747192383
-2.6891865730285645
8.818375587463379
7.751911640167236
5.517314910888672
1.3676493167877197
5.526311874389648
17.6024227142334
-6.477672576904297
-9.270307540893555
1.975540280342102
-22.346593856811523
-20.48369598388672
