2
3
-2.7153842449188232
-6.410645484924316
-5.401573657989502
6.135770320892334
-0.7491396069526672
-0.658988893032074
-1.360238790512085
-9.204249382019043
-1.452500343322754
-5.821948051452637
-3.7444007396698
4.4411725997924805
-2.750269889831543
-6.126047611236572
-5.576685428619385
6.660025596618652
-0.8202244639396667
-1.0885934829711914
-1.359229326248169
-10.021265029907227
-1.530957579612732
-5.6081132888793945
-3.9834723472595215
4.83457088470459
-2.7900617122650146
-5.846521377563477
-5.759381294250488
7.175082206726074
-0.8898425698280334
-1.5134273767471313
-1.359021782875061
-10.825653076171875
-1.613194465637207
-5.397536754608154
-4.228484630584717
5.2223124504089355
-2.834704637527466
-5.572038650512695
-5.94964075088501
7.6808953285217285
-0.9578443169593811
-1.9352281093597412
-1.359343409538269
-11.620166778564453
-1.6991996765136719
-5.1901750564575195
-4.479496002197266
5.604351997375488
-2.884207010269165
-5.302593231201172
-6.147495746612549
8.177377700805664
-1.0244481563568115
-2.3559412956237793
-1.3598201274871826
-12.407549858093262
-1.788976788520813
-4.986106872558594
-4.736515045166016
5.980473518371582
-2.938671350479126
-5.038143157958984
-6.353250503540039
8.664684295654297
-1.0900746583938599
-2.7775511741638184
-1.360030174255371
-13.190613746643066
-1.8825215101242065
-4.785439491271973
-4.999505519866943
6.350400447845459
-2.998107433319092
-4.778796672821045
-6.566897869110107
9.142632484436035
-1.1547927856445312
-3.2020857334136963
-1.3590856790542603
-13.973642349243164
-1.9799340963363647
-4.588221549987793
-5.26875114440918
6.714094161987305
-3.062624931335449
-4.524537086486816
-6.788704872131348
9.6113862991333
-1.2186616659164429
-3.6314163208007812
-1.3561992645263672
-14.760951042175293
-2.0812880992889404
-4.394530773162842
-5.544444561004639
7.071445465087891
-3.1322386264801025
-4.275590419769287
-7.018637657165527
10.070595741271973
-1.2817243337631226
-4.066945552825928
-1.3507473468780518
-15.555804252624512
-2.1866159439086914
-4.204550743103027
-5.826629638671875
7.422084808349609
-3.206833839416504
-4.032557010650635
-7.256380558013916
10.519479751586914
-1.343910574913025
-4.509634494781494
-1.3422056436538696
-16.361101150512695
-2.295875310897827
-4.0187201499938965
-6.115153789520264
7.765127182006836
-3.2855093479156494
-3.7983450889587402
-7.499891757965088
10.954659461975098
-1.4054852724075317
-4.957725524902344
-1.3308113813400269
-17.17374610900879
-2.4083609580993652
-3.839339256286621
-6.408446788787842
8.09773063659668
-3.367777109146118
-3.5747132301330566
-7.7479634284973145
11.374065399169922
-1.4661751985549927
-5.4107584953308105
-1.3166265487670898
-17.993579864501953
-2.5236754417419434
-3.66797137260437
-6.7054219245910645
8.417830467224121
-3.453608274459839
-3.3624372482299805
-8.00018310546875
11.776470184326172
-1.5258257389068604
-5.8689165115356445
-1.2993911504745483
-18.821313858032227
-2.6417224407196045
-3.5056915283203125
-7.005496025085449
8.723816871643066
-3.5428407192230225
-3.162436008453369
-8.25600814819336
12.160412788391113
-1.5844389200210571
-6.332652568817139
-1.2787045240402222
-19.657793045043945
-2.762464761734009
-3.3533101081848145
-7.308377742767334
9.014575958251953
-3.635265350341797
-2.9757370948791504
-8.5147066116333
12.524377822875977
-1.641960859298706
-6.802573204040527
-1.2541086673736572
-20.504247665405273
-2.885779857635498
-3.2118029594421387
-7.613606929779053
9.288881301879883
-3.7308597564697266
-2.803088665008545
-8.776089668273926
12.867595672607422
-1.6982730627059937
-7.279393196105957
-1.2250959873199463
-21.362268447875977
-3.0114591121673584
-3.0823161602020264
-7.920547008514404
9.545199394226074
-3.829455852508545
-2.6453981399536133
-9.039674758911133
13.188804626464844
-1.753197193145752
-7.76399040222168
-1.1910921335220337
-22.233966827392578
-3.1393275260925293
-2.965898036956787
-8.22858715057373
9.781999588012695
-3.9307918548583984
-2.5034475326538086
-9.304801940917969
13.486503601074219
-1.8065533638000488
-8.257386207580566
-1.1513983011245728
-23.12162208557129
-3.2692227363586426
-2.8633575439453125
-8.537300109863281
9.99799633026123
-4.034606456756592
-2.377807140350342
-9.570828437805176
13.759232521057129
-1.85816490650177
-8.760526657104492
-1.1054587364196777
-24.02753448486328
-3.4009907245635986
-2.7753243446350098
-8.846305847167969
10.19198226928711
-4.1407060623168945
-2.2689943313598633
-9.83720874786377
14.005609512329102
-1.9077770709991455
-9.274602890014648
-1.0524892807006836
-24.95454978942871
-3.534451961517334
-2.702381134033203
-9.155142784118652
10.362630844116211
-4.24901008605957
-2.177406072616577
-10.10360336303711
14.224625587463379
-1.955102801322937
-9.800861358642578
-0.9916630983352661
-25.905685424804688
-3.6694233417510986
-2.6450695991516113
-9.46334171295166
10.508602142333984
-4.359310150146484
-2.1034460067749023
-10.3695068359375
14.414982795715332
-1.9998151063919067
-10.340765953063965
-0.9219353199005127
-26.884239196777344
-3.805713653564453
-2.6039044857025146
-9.770419120788574
10.628535270690918
-4.47136116027832
-2.047546148300171
-10.634325981140137
14.575260162353516
-2.0415091514587402
-10.89600658416748
-0.842130184173584
-27.893949508666992
-3.943138360977173
-2.579376459121704
-10.075928688049316
10.721081733703613
-4.584883213043213
-2.010197877883911
-10.897370338439941
14.703829765319824
-2.0797712802886963
-11.46823501586914
-0.750918447971344
-28.938457489013672
-4.081499099731445
-2.571986675262451
-10.379375457763672
10.784842491149902
-4.699598789215088
-1.9919018745422363
-11.15793514251709
14.79903793334961
-2.1141085624694824
-12.059296607971191
-0.6468189358711243
-30.02179718017578
-4.2206268310546875
-2.582205295562744
-10.680328369140625
10.818495750427246
-4.815227031707764
-1.9931820631027222
-11.415287017822266
14.859262466430664
-2.144005060195923
-12.671015739440918
-0.5281745195388794
-31.147977828979492
-4.360288619995117
-2.610583782196045
-10.97819709777832
10.820505142211914
-4.931473731994629
-2.0146117210388184
-11.66864013671875
14.8828125
-2.168877124786377
-13.30533504486084
-0.3931434154510498
-32.321258544921875
-4.500218391418457
-2.657726287841797
-11.272293090820312
10.789213180541992
-5.048027515411377
-2.0568230152130127
-11.91714859008789
14.867883682250977
-2.1880669593811035
-13.964322090148926
-0.23967991769313812
-33.54617691040039
-4.64013147354126
-2.724283218383789
-11.561875343322754
10.722870826721191
-5.16455078125
-2.1205081939697266
-12.159872055053711
14.812568664550781
-2.2008345127105713
-14.650177955627441
-0.06551317870616913
-34.82756423950195
-4.7797417640686035
-2.8109099864959717
-11.846213340759277
10.619745254516602
-5.280741214752197
-2.2063632011413574
-12.39596176147461
14.715084075927734
-2.206350088119507
-15.365250587463379
0.1318759173154831
-36.17057800292969
-4.918717861175537
-2.9183688163757324
-12.124427795410156
10.477879524230957
-5.39625883102417
-2.3151609897613525
-12.624533653259277
14.573697090148926
-2.2036855220794678
-16.112037658691406
0.3552771210670471
-37.580718994140625
-5.056698799133301
-3.047487497329712
-12.395563125610352
10.29519271850586
-5.5107102394104
-2.4477624893188477
-12.844526290893555
14.386333465576172
-2.1918041706085205
-16.893199920654297
0.6077805161476135
-39.06385803222656
-5.19328498840332
-3.1991469860076904
-12.658570289611816
10.0695219039917
-5.623684883117676
-2.6050972938537598
-13.054841995239258
14.15080738067627
-2.169548511505127
-17.711572647094727
0.892808198928833
-40.62626647949219
-5.3280487060546875
-3.3743114471435547
-12.912314414978027
9.798521041870117
-5.734675884246826
-2.788222551345825
-13.254101753234863
13.864632606506348
-2.1356279850006104
-18.57017707824707
1.2141472101211548
-42.27463912963867
-5.4605278968811035
-3.5740010738372803
-13.15557861328125
9.479730606079102
-5.843190670013428
-2.9982125759124756
-13.440943717956543
13.525357246398926
-2.0886051654815674
-19.472227096557617
1.5759868621826172
-44.01612854003906
-5.590205669403076
-3.799346685409546
-13.386987686157227
9.110479354858398
-5.9486985206604
-3.236178398132324
-13.613990783691406
13.130470275878906
-2.026881694793701
-20.421140670776367
1.9829597473144531
-45.85837173461914
-5.7163286209106445
-4.051856994628906
-13.604565620422363
8.68714427947998
-6.050595283508301
-3.5033979415893555
-13.771697998046875
12.677125930786133
-1.9486804008483887
-21.420557022094727
2.4401915073394775
-47.80951690673828
-5.838132381439209
-4.333062648773193
-13.806303024291992
8.206097602844238
-6.148153305053711
-3.801288366317749
-13.912158012390137
12.16214656829834
-1.852029800415039
-22.474342346191406
2.9533419609069824
-49.87825012207031
-5.954896926879883
-4.644425868988037
-13.99029541015625
7.663948059082031
-6.240583896636963
-4.131355285644531
-14.033305168151855
11.582174301147461
-1.734748125076294
-23.586606979370117
3.5286529064178467
-52.07382583618164
-6.065208911895752
-4.986915588378906
-14.154607772827148
7.057399272918701
-6.327028274536133
-4.495207786560059
-14.132887840270996
10.933611869812012
-1.5944228172302246
-24.761695861816406
4.172999858856201
-54.406070709228516
-6.168231010437012
-5.361894607543945
-14.29742431640625
6.383003234863281
