2
3
4.712764263153076
8.587789535522461
-2.916635513305664
-9.697240829467773
5.441598892211914
7.220192909240723
-8.298380851745605
-7.940513610839844
-6.620758056640625
0.758756160736084
-3.7810068130493164
11.676262855529785
4.741591453552246
7.907703399658203
-3.531515121459961
-10.067110061645508
5.055309295654297
6.871737480163574
-8.986480712890625
-8.198002815246582
-6.557715892791748
1.6046488285064697
-2.9742929935455322
12.202394485473633
4.728553771972656
7.233763694763184
-4.147199630737305
-10.347101211547852
4.639019966125488
6.522282600402832
-9.627758979797363
-8.427834510803223
-6.4117841720581055
2.4655990600585938
-2.200789213180542
12.566240310668945
4.676593780517578
6.572767734527588
-4.764957904815674
-10.542535781860352
4.200491428375244
6.167738437652588
-10.236677169799805
-8.619853973388672
-6.18603515625
3.3398795127868652
-1.4718395471572876
12.758569717407227
4.589000225067139
5.930409908294678
-5.394603729248047
-10.656041145324707
3.741196632385254
5.809450149536133
-10.8163423538208
-8.767560005187988
-5.885507106781006
4.226598262786865
-0.8016900420188904
12.769996643066406
4.468012809753418
5.313110828399658
-6.050650119781494
-10.689642906188965
3.261686086654663
5.4516096115112305
-11.365852355957031
-8.867342948913574
-5.517495632171631
5.118614673614502
-0.2012837529182434
12.598418235778809
4.314669132232666
4.725742816925049
-6.7364277839660645
-10.643603324890137
2.7641963958740234
5.097866535186768
-11.88813591003418
-8.917795181274414
-5.092638969421387
6.005500316619873
0.32093191146850586
12.248977661132812
4.128938674926758
4.173360824584961
-7.452143669128418
-10.519669532775879
2.252392530441284
4.752145767211914
-12.388964653015137
-8.919146537780762
-4.614190101623535
6.880906581878662
0.7361029386520386
11.718229293823242
3.9113454818725586
3.6615307331085205
-8.196094512939453
-10.324197769165039
1.7328860759735107
4.418203353881836
-12.876747131347656
-8.873892784118652
-4.101044654846191
7.724668979644775
1.0553257465362549
11.029265403747559
3.662855625152588
3.1962077617645264
-8.965410232543945
-10.068071365356445
1.209202766418457
4.101203918457031
-13.355382919311523
-8.784599304199219
-3.5697035789489746
8.517435073852539
1.2865769863128662
10.213382720947266
3.3830437660217285
2.7819664478302
-9.753294944763184
-9.761361122131348
0.6836386322975159
3.806648015975952
-13.82209587097168
-8.654085159301758
-3.032844066619873
9.241133689880371
1.4335598945617676
9.296409606933594
3.072472095489502
2.422917604446411
-10.554272651672363
-9.410266876220703
0.15922290086746216
3.5389249324798584
-14.271319389343262
-8.486404418945312
-2.4934768676757812
9.879000663757324
1.4837121963500977
8.312886238098145
2.732170343399048
2.1227643489837646
-11.360919952392578
-9.02084732055664
-0.36100780963897705
3.3007752895355225
-14.69517707824707
-8.286264419555664
-1.9423863887786865
10.431124687194824
1.4063026905059814
7.268226146697998
2.364321708679199
1.8841396570205688
-12.16321849822998
-8.597441673278809
-0.8742425441741943
3.09328293800354
-15.083096504211426
-8.05989933013916
-1.3951668739318848
10.889569282531738
1.2258509397506714
6.175742149353027
1.968567132949829
1.7062866687774658
-12.948307991027832
-8.150622367858887
-1.3766708374023438
2.9159951210021973
-15.429619789123535
-7.816125392913818
-0.8620672821998596
11.252768516540527
0.957919180393219
5.052504062652588
1.5444862842559814
1.586025357246399
-13.705307006835938
-7.692808151245117
-1.8660627603530884
2.76712703704834
-15.73333740234375
-7.562774181365967
-0.3467777967453003
11.525022506713867
0.6023746132850647
3.9109854698181152
1.0916328430175781
1.5184564590454102
-14.424744606018066
-7.23683500289917
-2.341336727142334
2.6443378925323486
-15.996111869812012
-7.310158729553223
0.14619940519332886
11.710299491882324
0.15821757912635803
2.7627339363098145
0.6095282435417175
1.497441291809082
-15.096150398254395
-6.789499759674072
-2.8025214672088623
2.5437347888946533
-16.21957015991211
-7.062259674072266
0.6136493682861328
11.81463623046875
-0.3759405314922333
1.6132546663284302
0.10078626871109009
1.5185822248458862
-15.712345123291016
-6.360588550567627
-3.2488489151000977
2.4621777534484863
-16.409488677978516
-6.823222637176514
1.0523611307144165
11.846364974975586
-1.0004652738571167
0.46773409843444824
-0.4294547438621521
1.5774248838424683
-16.269248962402344
-5.951329708099365
-3.6784379482269287
2.397892713546753
-16.57270050048828
-6.592052459716797
1.4594372510910034
11.817142486572266
-1.7164654731750488
-0.6666439771652222
-0.974977433681488
1.6698449850082397
-16.765789031982422
-5.563770771026611
-4.088804244995117
2.3501040935516357
-16.71487045288086
-6.363787651062012
1.8286991119384766
11.732489585876465
-2.522274971008301
-1.7779014110565186
-1.5309274196624756
1.7912508249282837
-17.201807022094727
-5.198416233062744
-4.480889320373535
2.318474054336548
-16.83922576904297
-6.129430770874023
2.15295672416687
11.5955810546875
-3.41159725189209
-2.854339838027954
-2.0951852798461914
1.9369027614593506
-17.58009910583496
-4.850562572479248
-4.859531879425049
2.3049283027648926
-16.955533981323242
-5.888247966766357
2.424057722091675
11.407062530517578
-4.374096393585205
-3.880208969116211
-2.661925792694092
2.106076955795288
-17.91176986694336
-4.523527145385742
-5.226003646850586
2.3156237602233887
-17.084930419921875
-5.650440216064453
2.6322481632232666
11.165068626403809
-5.39554500579834
-4.834343433380127
-3.211570978164673
2.31182861328125
-18.252046585083008
-4.248578071594238
-5.551906585693359
2.378507614135742
-17.31119155883789
-5.469167709350586
2.7661681175231934
10.865745544433594
-6.455288887023926
-5.687495231628418
-3.7067902088165283
2.5817551612854004
-18.70339584350586
-4.084495544433594
-5.823764801025391
2.50934100151062
-17.693416595458984
-5.381564617156982
2.820652484893799
10.516083717346191
-7.535025596618652
-6.427168846130371
-4.167000770568848
2.888162612915039
-19.233028411865234
-4.007964134216309
-6.075706958770752
2.6709628105163574
-18.167627334594727
-5.345247745513916
2.803560733795166
10.133548736572266
-8.631316184997559
-7.0614471435546875
-4.611600399017334
3.2056143283843994
-19.815149307250977
-3.99324631690979
-6.320150852203369
2.8492772579193115
-18.718780517578125
-5.349160671234131
2.723815441131592
9.73292350769043
-9.75037956237793
-7.603200912475586
-5.045444011688232
3.5245718955993652
-20.45511817932129
-4.033005714416504
-6.563704013824463
3.036424398422241
-19.343324661254883
-5.388063907623291
2.5899152755737305
9.326494216918945
-10.904322624206543
-8.067684173583984
-5.470941543579102
3.839825391769409
-21.162973403930664
-4.1244306564331055
-6.808590412139893
3.22816801071167
-20.042333602905273
-5.461410999298096
2.4084367752075195
8.923229217529297
-12.105886459350586
-8.467486381530762
-5.892329692840576
4.147688865661621
-21.949260711669922
-4.264579772949219
-7.058065891265869
3.421311140060425
-20.82071876525879
-5.567856788635254
2.1840333938598633
8.529723167419434
-13.365739822387695
-8.811821937561035
-6.311495304107666
4.446283340454102
-22.820430755615234
-4.450963497161865
-7.314687252044678
3.6145663261413574
-21.681476593017578
-5.705904483795166
1.9200533628463745
8.151182174682617
-14.69424819946289
-9.108640670776367
-6.729736328125
4.734860897064209
-23.78059959411621
-4.681379795074463
-7.580631256103516
3.807100534439087
-22.62979507446289
-5.875165939331055
1.6186294555664062
7.791759967803955
-16.09979820251465
-9.364068031311035
-7.148037910461426
5.012887477874756
-24.832054138183594
-4.953749179840088
-7.857670783996582
3.998408794403076
-23.671398162841797
-6.075263500213623
1.2806024551391602
7.455495357513428
-17.590147018432617
-9.586039543151855
-7.568222999572754
5.279627799987793
-25.978361129760742
-5.266366958618164
-8.147626876831055
4.1881022453308105
-24.81277847290039
-6.305740833282471
0.9067950248718262
7.145939350128174
-19.173025131225586
-9.781517028808594
-7.992178916931152
5.534451484680176
-27.224824905395508
-5.617337703704834
-8.45176887512207
4.376079082489014
-26.059101104736328
-6.565742492675781
0.4979808032512665
6.866138935089111
-20.855972290039062
-9.957179069519043
-8.42172622680664
5.776968479156494
-28.577791213989258
-6.004382610321045
-8.772101402282715
4.562345027923584
-27.41737174987793
-6.854775905609131
0.054568976163864136
6.618747711181641
-22.647113800048828
-10.120593070983887
-8.859207153320312
6.007330417633057
-30.043659210205078
-6.425495147705078
-9.110832214355469
4.747069358825684
-28.895061492919922
-7.172403335571289
-0.4229426681995392
6.405951023101807
-24.554826736450195
-10.279565811157227
-9.307230949401855
6.2258524894714355
-31.63017463684082
-6.878871917724609
-9.47021484375
4.9304518699646
-30.500865936279297
-7.518080711364746
-0.9344199895858765
6.229498863220215
-26.58827018737793
-10.441975593566895
-9.767971992492676
6.432959079742432
-33.347930908203125
-7.362341403961182
-9.85256290435791
5.112894058227539
-32.243980407714844
-7.8912835121154785
-1.482363224029541
6.089996337890625
-28.755701065063477
-10.61351490020752
