2
3
-6.4622039794921875
-7.679172992706299
3.618075132369995
-1.2792096138000488
-9.861494064331055
0.885652482509613
-7.471293926239014
7.972827434539795
-5.8104987144470215
-3.410972833633423
-8.487141609191895
4.934074401855469
-6.434101104736328
-7.437690258026123
3.5848469734191895
-0.8218669891357422
-9.8330078125
0.7105430364608765
-7.3683366775512695
7.676421642303467
-6.049063682556152
-3.2911012172698975
-9.023585319519043
5.174437522888184
-6.4127421379089355
-7.192885875701904
3.5374250411987305
-0.36163437366485596
-9.809324264526367
0.5491127967834473
-7.279630184173584
7.405118465423584
-6.287215232849121
-3.1687726974487305
-9.56103229522705
5.419270038604736
-6.39828634262085
-6.9448981285095215
3.4755430221557617
0.1015079915523529
-9.790526390075684
0.40130719542503357
-7.205350875854492
7.15864372253418
-6.525191307067871
-3.0436086654663086
-10.100207328796387
5.669312477111816
-6.3906426429748535
-6.6942338943481445
3.399404287338257
0.5672306418418884
-9.776762962341309
0.2671269178390503
-7.145853519439697
6.9369001388549805
-6.763206481933594
-2.9152629375457764
-10.6417818069458
5.925238609313965
-6.389835357666016
-6.441267490386963
3.309051275253296
1.0353237390518188
-9.7681884765625
0.14657214283943176
-7.101480007171631
6.73977518081665
-7.0014328956604
-2.783463954925537
-11.186309814453125
6.1875996589660645
-6.3956499099731445
-6.187147617340088
3.2049221992492676
1.5053060054779053
-9.765021324157715
0.039720430970191956
-7.072614669799805
6.567190170288086
-7.240460395812988
-2.647742748260498
-11.734724044799805
6.457186698913574
-6.408246040344238
-5.931700229644775
3.0866053104400635
1.9777214527130127
-9.767363548278809
-0.05356152355670929
-7.059499740600586
6.418896198272705
-7.480595588684082
-2.5077872276306152
-12.287836074829102
6.734745979309082
-6.427731037139893
-5.674666881561279
2.9538230895996094
2.4531092643737793
-9.775374412536621
-0.133327454328537
-7.062485218048096
6.294771671295166
-7.722105503082275
-2.3632900714874268
-12.846330642700195
7.020998954772949
-6.4542317390441895
-5.415791034698486
2.8062472343444824
2.9320054054260254
-9.789214134216309
-0.19961236417293549
-7.081921577453613
6.194732666015625
-7.965224742889404
-2.2139692306518555
-13.41092300415039
7.316639423370361
-6.487903594970703
-5.154773712158203
2.643380880355835
3.4149856567382812
-9.809053421020508
-0.25243210792541504
-7.118184566497803
6.118733882904053
-8.21013355255127
-2.059579849243164
-13.982220649719238
7.622398853302002
-6.52876091003418
-4.891268730163574
2.4647746086120605
3.902637004852295
-9.835068702697754
-0.29180723428726196
-7.171637058258057
6.066717624664307
-8.45704174041748
-1.8998357057571411
-14.56077766418457
7.93889045715332
-6.576923847198486
-4.62493371963501
2.270103693008423
4.395485877990723
-9.867453575134277
-0.31771332025527954
-7.242701530456543
6.038729190826416
-8.706197738647461
-1.7344239950180054
-15.147257804870605
8.266812324523926
-6.632343292236328
-4.355368614196777
2.059065341949463
4.8940582275390625
-9.906407356262207
-0.33010855317115784
-7.331817626953125
6.034847736358643
-8.957789421081543
-1.5630837678909302
-15.742154121398926
8.606729507446289
-6.695076942443848
-4.082147598266602
1.831174373626709
5.398911952972412
-9.952138900756836
-0.3289228081703186
-7.439431190490723
6.055200099945068
-9.211989402770996
-1.3855375051498413
-16.345874786376953
8.959233283996582
-6.765293598175049
-3.804913282394409
1.585843801498413
5.910505294799805
-10.004855155944824
-0.3140541911125183
-7.565847873687744
6.099857807159424
-9.468971252441406
-1.2015150785446167
-16.95867919921875
9.324849128723145
-6.8430633544921875
-3.523283004760742
1.3227910995483398
6.429383754730225
-10.064964294433594
-0.2852707505226135
-7.711731910705566
6.169053077697754
-9.728918075561523
-1.0107101202011108
-17.581073760986328
9.704244613647461
-6.928554534912109
-3.236860752105713
1.0415772199630737
6.9561309814453125
-10.132688522338867
-0.24249650537967682
-7.8775954246521
6.262945652008057
-9.991903305053711
-0.8128465414047241
-18.213600158691406
10.098129272460938
-7.021946430206299
-2.9452474117279053
0.7417545914649963
7.4913330078125
-10.208229064941406
-0.18564578890800476
-8.063880920410156
6.381699562072754
-10.2581205368042
-0.6075933575630188
-18.856733322143555
10.507209777832031
-7.123418807983398
-2.6480321884155273
0.42289504408836365
8.035614013671875
-10.291787147521973
-0.11461895704269409
-8.271059036254883
6.525519371032715
-10.52776050567627
-0.39464765787124634
-19.51093864440918
10.932123184204102
-7.233229637145996
-2.3448596000671387
0.08450740575790405
8.589521408081055
-10.383540153503418
-0.029362991452217102
-8.499495506286621
6.694546699523926
-10.800981521606445
-0.17370839416980743
-20.17664337158203
11.37353801727295
-7.351641654968262
-2.035388469696045
-0.2738819718360901
9.153583526611328
-10.483715057373047
0.07021071016788483
-8.749693870544434
6.8890380859375
-11.078014373779297
0.055573150515556335
-20.85442543029785
11.832220077514648
-7.478887557983398
-1.7192537784576416
-0.6527232527732849
9.728379249572754
-10.59255313873291
0.18421193957328796
-9.022199630737305
7.109292507171631
-11.359073638916016
0.2934209704399109
-21.544822692871094
12.308868408203125
-7.615203380584717
-1.3961000442504883
-1.0524494647979736
10.31445598602295
-10.710291862487793
0.3127357065677643
-9.317590713500977
7.355628490447998
-11.644333839416504
0.5400910973548889
-22.24827003479004
12.804121017456055
-7.760823726654053
-1.0655567646026611
-1.4734827280044556
10.912432670593262
-10.837175369262695
0.45592284202575684
-9.636414527893066
7.628387451171875
-11.93400764465332
0.7959177494049072
-22.96532440185547
13.318732261657715
-7.915971755981445
-0.727207362651825
-1.916264533996582
11.523009300231934
-10.973432540893555
0.6139200925827026
-9.979186058044434
7.927909851074219
-12.228348731994629
1.061267375946045
-23.69671630859375
13.853671073913574
-8.08084487915039
-0.38048630952835083
-2.3812882900238037
12.147262573242188
-11.11934757232666
0.7869538068771362
-10.346543312072754
8.25468921661377
-12.527682304382324
1.3365298509597778
-24.443180084228516
14.409855842590332
-8.255670547485352
-0.024902135133743286
-2.869055986404419
12.78607177734375
-11.27526569366455
0.9753616452217102
-10.739246368408203
8.609430313110352
-12.832342147827148
1.6221157312393188
-25.205461502075195
14.988219261169434
-8.440710067749023
0.3400134742259979
-3.380162000656128
13.440272331237793
-11.441503524780273
1.17945396900177
-11.158011436462402
8.992779731750488
-13.14263916015625
1.918423056602478
-25.98422622680664
15.589635848999023
-8.636226654052734
0.7146944999694824
-3.91516375541687
14.11063289642334
-11.618349075317383
1.3995153903961182
-11.603500366210938
9.405319213867188
-13.4589262008667
2.2258963584899902
-26.780242919921875
16.215085983276367
-8.84250259399414
1.0995888710021973
-4.474618911743164
14.79797077178955
-11.806098937988281
1.6358590126037598
-12.076397895812988
9.847692489624023
-13.781533241271973
2.544971466064453
-27.594192504882812
16.865507125854492
-9.059825897216797
1.495145320892334
-5.059106826782227
15.503156661987305
-12.005026817321777
1.888798475265503
-12.577342987060547
10.320541381835938
-14.110694885253906
2.876060962677002
-28.426727294921875
17.541845321655273
-9.288476943969727
1.9018405675888062
-5.669216156005859
16.227079391479492
-12.215356826782227
2.1586320400238037
-13.106895446777344
10.824499130249023
-14.446776390075684
3.2196578979492188
-29.27878189086914
18.24521255493164
-9.52868366241455
2.3201656341552734
-6.305560111999512
16.970542907714844
-12.437348365783691
2.445701837539673
-13.665687561035156
11.360257148742676
-14.790149688720703
3.5762593746185303
-30.151182174682617
18.976688385009766
-9.7806978225708
2.7506608963012695
-6.968803405761719
17.73458480834961
-12.671229362487793
2.7503676414489746
-14.254402160644531
11.92859172821045
-15.141188621520996
3.9463744163513184
-31.04474639892578
19.73736000061035
-10.04477310180664
3.1937005519866943
-7.6595306396484375
18.519758224487305
-12.917312622070312
3.0730342864990234
-14.873785018920898
12.53034496307373
-15.500268936157227
4.330523490905762
-31.960298538208008
20.528337478637695
-10.321172714233398
3.649712085723877
-8.3783597946167
19.326749801635742
-13.17587947845459
3.414083242416382
-15.524515151977539
13.166328430175781
-15.867769241333008
4.729238510131836
-32.89866256713867
21.350738525390625
-10.61023998260498
4.119258880615234
-9.126011848449707
20.15671157836914
-13.447176933288574
3.7738265991210938
-16.207199096679688
13.837325096130371
-16.24408721923828
5.143071174621582
-33.86063766479492
22.20561981201172
-10.912257194519043
4.602852821350098
-9.903158187866211
21.010581970214844
-13.731476783752441
4.152589321136475
-16.922515869140625
14.544203758239746
-16.629602432250977
5.5725555419921875
-34.84697723388672
23.09406089782715
-11.227483749389648
5.100957870483398
-10.71044921875
21.889209747314453
-14.029029846191406
4.55073881149292
-17.671098709106445
15.287774085998535
-17.024259567260742
6.018156051635742
-35.85820007324219
24.01698875427246
