2
3
7.244866371154785
-5.988529682159424
-3.7430496215820312
-3.2735180854797363
-7.416042804718018
-8.508648872375488
-4.119645118713379
7.8091583251953125
8.466939926147461
-9.263426780700684
-6.676637172698975
0.8081300258636475
6.9458088874816895
-6.135732650756836
-4.378738880157471
-3.5657827854156494
-6.890225410461426
-8.410857200622559
-3.111660957336426
8.032691955566406
8.047898292541504
-9.093520164489746
-7.6408185958862305
1.1110360622406006
6.6475934982299805
-6.27721643447876
-5.008759021759033
-3.8475801944732666
-6.382469654083252
-8.308279991149902
-2.135451555252075
8.264281272888184
7.631031036376953
-8.925860404968262
-8.595996856689453
1.4102146625518799
6.350026607513428
-6.413189888000488
-5.634352684020996
-4.1192402839660645
-5.893731594085693
-8.199880599975586
-1.1946405172348022
8.504654884338379
7.216188907623291
-8.760185241699219
-9.543530464172363
1.7062216997146606
6.052363395690918
-6.543882846832275
-6.257037162780762
-4.380985736846924
-5.422366619110107
-8.085965156555176
-0.2887304425239563
8.753284454345703
6.803264617919922
-8.596193313598633
-10.484549522399902
1.999674916267395
5.753824234008789
-6.669463634490967
-6.878455638885498
-4.632998943328857
-4.967955589294434
-7.966642379760742
0.5825812220573425
9.010137557983398
6.392039775848389
-8.433548927307129
-11.420425415039062
2.291253089904785
5.4542412757873535
-6.79000997543335
-7.50007438659668
-4.875571250915527
-4.530237197875977
-7.842047691345215
1.4197218418121338
9.27509593963623
5.98220157623291
-8.271892547607422
-12.352703094482422
2.581683397293091
5.153323650360107
-6.905521392822266
-8.123562812805176
-5.108891010284424
-4.109025955200195
-7.71220588684082
2.2229883670806885
9.548243522644043
5.57339334487915
-8.110870361328125
-13.282970428466797
2.8717007637023926
4.85076904296875
-7.015976428985596
-8.750585556030273
-5.333140850067139
-3.704176425933838
-7.577082633972168
2.992605686187744
9.829747200012207
5.164470672607422
-7.950165271759033
-14.213277816772461
3.1622390747070312
4.545620441436768
-7.121677398681641
-9.38294792175293
-5.548536777496338
-3.3154778480529785
-7.436747074127197
3.7289083003997803
10.119587898254395
4.754349231719971
-7.789526462554932
-15.145663261413574
3.4542555809020996
4.2371039390563965
-7.222763538360596
-10.022444725036621
-5.755188941955566
-2.942826509475708
-7.289900779724121
4.431263446807861
10.418559074401855
4.342599868774414
-7.628560543060303
-16.081846237182617
3.7486395835876465
3.9247443675994873
-7.319108963012695
-10.670848846435547
-5.952985763549805
-2.585453510284424
-7.135403156280518
5.099377155303955
10.727086067199707
3.9289140701293945
-7.466892242431641
-17.023258209228516
4.046231269836426
3.608120918273926
-7.410522937774658
-11.329854011535645
-6.141706943511963
-2.242441415786743
-6.973082065582275
5.733494281768799
11.044978141784668
3.5130414962768555
-7.3041534423828125
-17.971193313598633
4.347865581512451
3.2871909141540527
-7.496694087982178
-12.00060749053955
-6.321014404296875
-1.9129635095596313
-6.8027825355529785
6.333723068237305
11.372085571289062
3.0952353477478027
-7.14028263092041
-18.926040649414062
4.6539788246154785
2.9620273113250732
-7.577096462249756
-12.684089660644531
-6.4903130531311035
-1.5964195728302002
-6.624590873718262
6.900145053863525
11.708189010620117
2.6759591102600098
-6.975508689880371
-19.887773513793945
4.964766502380371
2.6324496269226074
-7.65134334564209
-13.381631851196289
-6.6490678787231445
-1.2923372983932495
-6.438611030578613
7.432724952697754
12.052923202514648
2.255059003829956
-6.809596538543701
-20.85736083984375
5.280937194824219
2.2983527183532715
-7.719042778015137
-14.094385147094727
-6.796684741973877
-1.0002106428146362
-6.244604110717773
7.931267738342285
12.40648078918457
1.8324060440063477
-6.642295837402344
-21.8356876373291
5.603164196014404
1.9595963954925537
-7.779841423034668
-14.823537826538086
-6.9326491355896
-0.7196932435035706
-6.042358875274658
8.395620346069336
12.769140243530273
1.4077695608139038
-6.473287105560303
-22.823936462402344
5.93219518661499
1.6161469221115112
-7.83331298828125
-15.570094108581543
-7.056295871734619
-0.4505828022956848
-5.831881999969482
8.825493812561035
13.140762329101562
0.981039822101593
-6.302262306213379
-23.8229923248291
6.2687201499938965
1.2687201499938965
-7.878648281097412
-16.33477210998535
-7.166751861572266
-0.1928275227546692
-5.613267421722412
9.220489501953125
13.521004676818848
0.5527421236038208
-6.1288838386535645
-24.833385467529297
6.6133131980896
0.9172484874725342
-7.915343761444092
-17.117843627929688
-7.262970447540283
0.05368128418922424
-5.386685371398926
9.579859733581543
13.90903091430664
0.12398934364318848
-5.953183650970459
-25.854351043701172
6.965982437133789
0.5617883205413818
-7.942838668823242
-17.919109344482422
-7.343736171722412
0.2885470986366272
-5.153213024139404
9.901402473449707
14.301553726196289
-0.3047947883605957
-5.774869918823242
-26.885757446289062
7.327249526977539
0.20235589146614075
-7.960681438446045
-18.738536834716797
-7.408163547515869
0.5093401670455933
-4.915297508239746
10.181889533996582
14.693864822387695
-0.7324334383010864
-5.594074249267578
-27.92466163635254
7.69674015045166
-0.16100040078163147
-7.96852970123291
-19.576475143432617
-7.455684661865234
0.7150880694389343
-4.673298358917236
10.419469833374023
15.085314750671387
-1.1584409475326538
-5.410768985748291
-28.97035026550293
8.074566841125488
-0.5283223390579224
-7.966118335723877
-20.433372497558594
-7.485825538635254
0.9051122665405273
-4.427474498748779
10.612762451171875
15.475578308105469
-1.582687258720398
-5.2247514724731445
-30.02295684814453
8.461097717285156
-0.8994433283805847
-7.9531965255737305
-21.309349060058594
-7.498130798339844
1.0789514780044556
-4.177934646606445
10.760308265686035
15.86411190032959
-2.005309581756592
-5.035618782043457
-31.083383560180664
8.857126235961914
-1.2741849422454834
-7.929504871368408
-22.204368591308594
-7.492065906524658
1.2358630895614624
-3.924945592880249
10.861136436462402
16.250951766967773
-2.426449775695801
-4.843014717102051
-32.152400970458984
9.263317108154297
-1.6522446870803833
-7.894662380218506
-23.118852615356445
-7.467296123504639
1.375552773475647
-3.6684417724609375
10.914412498474121
16.636362075805664
-2.846353530883789
-4.646514415740967
-33.231075286865234
9.680428504943848
-2.0337448120117188
-7.848457336425781
-24.053598403930664
-7.423589706420898
1.4977513551712036
-3.4083337783813477
10.919568061828613
17.02071189880371
-3.2652430534362793
-4.4457831382751465
-34.3202018737793
10.109131813049316
-2.418743371963501
-7.7906928062438965
-25.008989334106445
-7.360538005828857
1.6021828651428223
-3.1445436477661133
10.87624740600586
17.4044246673584
-3.6834025382995605
-4.240489482879639
-35.42057800292969
10.550118446350098
-2.8073458671569824
-7.721186637878418
-25.98552703857422
-7.277763366699219
1.6885470151901245
-2.8768632411956787
10.78463363647461
17.788482666015625
-4.101160526275635
-4.0302886962890625
-36.53306198120117
11.004103660583496
-3.1996448040008545
-7.639756202697754
-26.98362159729004
-7.174829959869385
1.7565513849258423
-2.605212688446045
10.644660949707031
18.17340850830078
-4.51887321472168
-3.814833641052246
-37.658565521240234
11.471819877624512
-3.5956411361694336
-7.546225547790527
-28.00335693359375
-7.051225662231445
1.805907130241394
-2.329496145248413
10.456341743469238
18.559743881225586
-4.936940670013428
-3.5937647819519043
-38.79804611206055
11.954021453857422
-3.9955241680145264
-7.440487384796143
-29.045513153076172
-6.9066901206970215
1.8363178968429565
-2.049520492553711
10.219993591308594
18.94838523864746
-5.355786323547363
-3.3667221069335938
-39.95247268676758
12.451473236083984
-4.399454116821289
-7.322465419769287
-30.111011505126953
-6.741032600402832
1.8475159406661987
-1.7651386260986328
9.935821533203125
19.340007781982422
-5.775949478149414
-3.133307456970215
-41.12327194213867
12.965023040771484
-4.807588577270508
-7.19203519821167
-31.200376510620117
-6.553861618041992
1.8392562866210938
-1.4761302471160889
9.604255676269531
19.73552894592285
-6.19802188873291
-2.893110752105713
-42.31221389770508
13.495598793029785
-5.220727920532227
-7.049485683441162
-32.314640045166016
-6.344798564910889
1.8113497495651245
-1.1822075843811035
9.225814819335938
20.13599967956543
-6.622487545013428
-2.645786762237549
-43.52037048339844
14.043974876403809
-5.640146255493164
-6.895261764526367
-33.45542526245117
-6.11346435546875
1.7636250257492065
-0.88307785987854
8.800880432128906
20.542341232299805
-7.0498366355896
-2.3910038471221924
-44.74871826171875
14.610904693603516
-6.066219329833984
-6.729201316833496
-34.623512268066406
-5.859342098236084
1.695839524269104
-0.578595757484436
8.329566955566406
20.955093383789062
-7.480595111846924
-2.128432512283325
-45.99830627441406
15.197159767150879
-6.499295234680176
-6.551129341125488
-35.819580078125
-5.581871509552002
1.6079738140106201
-0.2685101330280304
7.811832427978516
21.374549865722656
-7.915304660797119
-1.8577449321746826
-47.270179748535156
15.80351734161377
