2
3
-3.6709115505218506
7.356036186218262
2.2294020652770996
-1.1951792240142822
-9.032981872558594
-1.0509988069534302
-2.8213095664978027
-3.619931697845459
-3.8492555618286133
-3.775433301925659
4.991722583770752
4.322973251342773
-3.6485605239868164
7.031087875366211
2.143028736114502
-2.082684278488159
-9.134920120239258
-1.1735990047454834
-2.1288537979125977
-3.4510843753814697
-3.5331664085388184
-3.247662305831909
4.180832386016846
4.770605087280273
-3.6354305744171143
6.640130519866943
2.102111339569092
-2.8685479164123535
-9.177206993103027
-1.3029539585113525
-1.4121637344360352
-3.2429521083831787
-3.307291030883789
-2.6809420585632324
3.3873186111450195
5.144959926605225
-3.62231183052063
6.199493408203125
2.1040945053100586
-3.568418264389038
-9.15700626373291
-1.4337295293807983
-0.6866905689239502
-3.0074305534362793
-3.1635091304779053
-2.0917916297912598
2.6205663681030273
5.454211235046387
-3.5979671478271484
5.720616817474365
2.1321141719818115
-4.192586898803711
-9.069598197937012
-1.5654265880584717
0.025029420852661133
-2.7513415813446045
-3.0955400466918945
-1.4960975646972656
1.9046156406402588
5.70646333694458
-3.556511163711548
5.21080207824707
2.1661598682403564
-4.741707801818848
-8.918789863586426
-1.7036092281341553
0.7074629068374634
-2.4642200469970703
-3.093154191970825
-0.8992087244987488
1.2499867677688599
5.892378330230713
-3.4924280643463135
4.673524379730225
2.1908466815948486
-5.213022708892822
-8.710883140563965
-1.8448683023452759
1.3478797674179077
-2.142355442047119
-3.1495304107666016
-0.30257201194763184
0.6646857857704163
5.998083591461182
-3.406184434890747
4.11470890045166
2.1950666904449463
-5.602077484130859
-8.450695991516113
-1.981271505355835
1.932450771331787
-1.788189172744751
-3.2573211193084717
0.29010456800460815
0.15724217891693115
6.012147903442383
-3.2973439693450928
3.5430073738098145
2.167311668395996
-5.909311294555664
-8.14344596862793
-2.101405382156372
2.4452524185180664
-1.4113842248916626
-3.407287836074829
0.8756405115127563
-0.2675091624259949
5.921304702758789
-3.168750762939453
2.9715726375579834
2.09700345993042
-6.13973331451416
-7.793896675109863
-2.1889801025390625
2.8638787269592285
-1.035215973854065
-3.5919032096862793
1.4465196132659912
-0.5943965911865234
5.722958087921143
-3.0261707305908203
2.4127261638641357
1.9768452644348145
-6.300781726837158
-7.4090704917907715
-2.2321853637695312
3.1780176162719727
-0.6797895431518555
-3.8062496185302734
1.9903697967529297
-0.8018450140953064
5.424475193023682
-2.878615617752075
1.8728032112121582
1.8105007410049438
-6.3952860832214355
-7.005681037902832
-2.2342770099639893
3.4049036502838135
-0.3409203886985779
-4.039246559143066
2.495654582977295
-0.8843255639076233
5.031408786773682
-2.7366044521331787
1.355910301208496
1.607419729232788
-6.42624568939209
-6.597336292266846
-2.1957483291625977
3.557849407196045
-0.021507203578948975
-4.276683807373047
2.9545135498046875
-0.8499043583869934
4.54593563079834
-2.609574556350708
0.8668899536132812
1.3780372142791748
-6.399127006530762
-6.195087432861328
-2.1170432567596436
3.6482093334198
0.2740892767906189
-4.507582187652588
3.359606981277466
-0.7036524415016174
3.9760398864746094
-2.505915880203247
0.4120129942893982
1.1346834897994995
-6.324509143829346
-5.807170867919922
-1.997542381286621
3.6846485137939453
0.5367387533187866
-4.71851110458374
3.705672025680542
-0.4603322446346283
3.3313634395599365
-2.4314167499542236
-0.0031835436820983887
0.8904560804367065
-6.2149481773376465
-5.440308570861816
-1.8380558490753174
3.6770949363708496
0.7570561170578003
-4.898658275604248
3.9874536991119385
-0.13634151220321655
2.626664161682129
-2.3887057304382324
-0.37540963292121887
0.6569070816040039
-6.08117151260376
-5.099916934967041
-1.6420472860336304
3.6366994380950928
0.9279493093490601
-5.039188385009766
4.200149059295654
0.24984467029571533
1.8830126523971558
-2.3773224353790283
-0.7044888138771057
0.44139015674591064
-5.928048610687256
-4.789729595184326
-1.4133929014205933
3.5756540298461914
1.0401411056518555
-5.133986473083496
4.342234134674072
0.6797245740890503
1.1185685396194458
-2.396430253982544
-0.9927623271942139
0.24968913197517395
-5.753236770629883
-4.509027004241943
-1.1589269638061523
3.5010266304016113
1.090254783630371
-5.179840564727783
4.414024829864502
1.1360923051834106
0.348058819770813
-2.444523334503174
-1.2436140775680542
0.08208753168582916
-5.549466609954834
-4.254001140594482
-0.8877205848693848
3.4126782417297363
1.0801154375076294
-5.174193859100342
4.417628765106201
1.601559042930603
-0.41322940587997437
-2.519829034805298
-1.4582569599151611
-0.06046511232852936
-5.314415454864502
-4.021587371826172
-0.6080165505409241
3.304702043533325
1.0178295373916626
-5.117854118347168
4.355656147003174
2.0592095851898193
-1.149207353591919
-2.620001792907715
-1.6348685026168823
-0.17609795928001404
-5.050396919250488
-3.810709238052368
-0.32339194416999817
3.174877166748047
0.9066565632820129
-5.013789176940918
4.230453014373779
2.4973835945129395
-1.8450846672058105
-2.743359327316284
-1.7723082304000854
-0.2557470202445984
-4.764248371124268
-3.6219234466552734
-0.037889689207077026
3.029615879058838
0.7481357455253601
-4.86773157119751
4.046456336975098
2.9128146171569824
-2.4902613162994385
-2.88444447517395
-1.8723268508911133
-0.2985912561416626
-4.46071195602417
-3.456183671951294
0.2431718409061432
2.8779187202453613
0.544051468372345
-4.685349941253662
3.8081252574920654
3.300429105758667
-3.075441360473633
-3.0370829105377197
-1.936657190322876
-0.3029237687587738
-4.1499433517456055
-3.314962863922119
0.5124523639678955
2.7310550212860107
0.2983574867248535
-4.473332405090332
3.5220370292663574
3.6549625396728516
-3.5944011211395264
-3.1937828063964844
-1.9652186632156372
-0.269047349691391
-3.846885919570923
-3.198493480682373
0.7633940577507019
2.5991222858428955
0.01437649130821228
-4.2383012771606445
3.196582794189453
3.971759796142578
-4.0450944900512695
-3.3511011600494385
-1.9591848850250244
-0.19509080052375793
-3.5601344108581543
-3.10668683052063
0.9907322525978088
2.491121292114258
-0.3028397262096405
-3.98506498336792
2.8416857719421387
4.2455925941467285
-4.430853366851807
-3.505610227584839
-1.919929027557373
-0.08010394871234894
-3.2997426986694336
-3.0383589267730713
1.1902432441711426
2.415849447250366
-0.6491161584854126
-3.716925621032715
2.467703104019165
4.470837116241455
-4.758945941925049
-3.6526427268981934
-1.8499983549118042
0.07540196180343628
-3.0768895149230957
-2.9911749362945557
1.358836054801941
2.3808140754699707
-1.0197598934173584
-3.437501907348633
2.084127426147461
4.643858432769775
-5.0368266105651855
-3.7873737812042236
-1.7532591819763184
0.269709050655365
-2.9005239009857178
-2.9604148864746094
1.4951833486557007
2.3895225524902344
-1.4127941131591797
-3.1520252227783203
1.6987848281860352
4.76535701751709
-5.270072937011719
-3.9058163166046143
-1.6360599994659424
0.5007961988449097
-2.7764711380004883
-2.9408020973205566
1.5979337692260742
2.443906545639038
-1.826115369796753
-2.867194652557373
1.3183345794677734
4.842152118682861
-5.463491916656494
-4.005396842956543
-1.5047760009765625
0.7666153907775879
-2.708073377609253
-2.9272103309631348
1.6659382581710815
2.544013500213623
-2.2565274238586426
-2.5895793437957764
0.948289155960083
4.881044387817383
-5.6218671798706055
-4.084738254547119
-1.3655248880386353
1.065523624420166
-2.6965813636779785
-2.9150185585021973
1.698535680770874
2.6883528232574463
-2.699671745300293
-2.3260979652404785
0.5937618017196655
4.8924384117126465
-5.750417709350586
-4.1432013511657715
-1.2242534160614014
1.3955118656158447
-2.7411208152770996
-2.9001193046569824
1.6953600645065308
2.874293327331543
-3.1506664752960205
-2.0827856063842773
0.2586572766304016
4.887054920196533
-5.854427814483643
-4.1802802085876465
-1.086639404296875
1.7541992664337158
-2.8399264812469482
-2.8790595531463623
1.6564569473266602
3.098407030105591
-3.6045737266540527
-1.8639498949050903
-0.05336347222328186
4.874395847320557
-5.9410014152526855
-4.195581912994385
-0.9577317237854004
2.138761281967163
-2.9904656410217285
-2.8491721153259277
1.5827229022979736
3.3557441234588623
-4.057168960571289
-1.6720060110092163
-0.3393884599208832
4.8642802238464355
-6.018879413604736
-4.188754558563232
-0.8415052890777588
2.545961856842041
-3.1894776821136475
-2.8085405826568604
1.4757312536239624
3.6417958736419678
-4.504910945892334
-1.508037805557251
-0.598230242729187
4.866966724395752
-6.096220016479492
-4.159307956695557
-0.7407400608062744
2.971161365509033
-3.4337496757507324
-2.7556703090667725
1.338100552558899
3.9512248039245605
-4.94571590423584
-1.3716330528259277
-0.8295406103134155
4.889632701873779
-6.179494380950928
-4.107345104217529
-0.6577385067939758
3.411437511444092
-3.7206153869628906
-2.689354658126831
1.1727242469787598
4.279141426086426
-5.3783416748046875
-1.2608062028884888
-1.0343180894851685
4.9383015632629395
-6.275180339813232
-4.0335845947265625
-0.5941151976585388
3.8656299114227295
-4.047812461853027
-2.6092779636383057
0.9834049344062805
4.623897552490234
-5.804136753082275
-1.1718697547912598
-1.2147990465164185
5.014756679534912
-6.3880438804626465
