2
3
2.7452056407928467
-6.9731926918029785
-1.86232590675354
2.1390039920806885
-2.7444071769714355
-8.750356674194336
-4.287498950958252
-2.3598790168762207
-4.787975788116455
-2.6448307037353516
3.1248972415924072
1.035873532295227
2.4470467567443848
-6.66711950302124
-2.6404154300689697
2.295870304107666
-2.9251136779785156
-8.78573226928711
-4.166779518127441
-1.9268888235092163
-4.275537014007568
-2.769040584564209
3.4123892784118652
0.3129150867462158
2.1007323265075684
-6.349723815917969
-3.343421459197998
2.411578416824341
-3.0852293968200684
-8.794088363647461
-4.005086898803711
-1.475310206413269
-3.7476348876953125
-2.9555978775024414
3.625211238861084
-0.3413082957267761
1.7118622064590454
-6.029232978820801
-3.961122989654541
2.4868712425231934
-3.2194509506225586
-8.773393630981445
-3.8121752738952637
-1.0191951990127563
-3.214939832687378
-3.201129913330078
3.7642297744750977
-0.9064984321594238
1.2862792015075684
-5.713263511657715
-4.48435640335083
2.5223982334136963
-3.322998285293579
-8.718466758728027
-3.60394024848938
-0.580435574054718
-2.6885368824005127
-3.4993953704833984
3.831355333328247
-1.3665788173675537
0.8317095637321472
-5.408102035522461
-4.906484603881836
2.5162947177886963
-3.3973333835601807
-8.631778717041016
-3.3862903118133545
-0.1662217676639557
-2.1786444187164307
-3.838451623916626
3.828977346420288
-1.7174336910247803
0.3576703667640686
-5.117784023284912
-5.224324703216553
2.4662418365478516
-3.4447197914123535
-8.516606330871582
-3.1656911373138428
0.21779882907867432
-1.6894245147705078
-4.203977584838867
3.7512731552124023
-1.9648053646087646
-0.12384140491485596
-4.845314025878906
-5.439375877380371
2.3678364753723145
-3.4669606685638428
-8.377019882202148
-2.9469995498657227
0.5687435865402222
-1.2236614227294922
-4.581941604614258
3.5909366607666016
-2.1172842979431152
-0.6002902984619141
-4.594278335571289
-5.556056022644043
2.2160866260528564
-3.4660799503326416
-8.21743392944336
-2.7375354766845703
0.8847436904907227
-0.7858589887619019
-4.960556507110596
3.3418402671813965
-2.1821510791778564
-1.0604478120803833
-4.3698859214782715
-5.5805344581604
2.0116195678710938
-3.4443390369415283
-8.040913581848145
-2.5456855297088623
1.162825107574463
-0.38275671005249023
-5.329931735992432
3.001628875732422
-2.163975954055786
-1.4948534965515137
-4.1781158447265625
-5.5209760665893555
1.7608582973480225
-3.4048197269439697
-7.850550174713135
-2.3784537315368652
1.400922417640686
-0.021284759044647217
-5.6798224449157715
2.5736124515533447
-2.068800210952759
-1.8953227996826172
-4.024581432342529
-5.387408256530762
1.4740495681762695
-3.3523595333099365
-7.650465965270996
-2.237576723098755
1.6008871793746948
0.2907562255859375
-6.000984191894531
2.068328857421875
-1.9038480520248413
-2.2559971809387207
-3.913928508758545
-5.191598415374756
1.165344476699829
-3.292978048324585
-7.445655822753906
-2.11800479888916
1.7679548263549805
0.5451182126998901
-6.285097599029541
1.5038719177246094
-1.6780472993850708
-2.5733284950256348
-3.8489904403686523
-4.947146415710449
0.8477214574813843
-3.2303426265716553
-7.240362644195557
-2.0197129249572754
1.9067543745040894
0.7365453243255615
-6.525171279907227
0.900402307510376
-1.403491735458374
-2.843844413757324
-3.8308939933776855
-4.674678802490234
0.5361149311065674
-3.1669416427612305
-7.037738800048828
-1.9447466135025024
2.0219497680664062
0.8617772459983826
-6.715910911560059
0.2807239294052124
-1.0944838523864746
-3.0675387382507324
-3.8572120666503906
-4.396592140197754
0.2436763346195221
-3.103649139404297
-6.839788913726807
-1.8992242813110352
2.1174676418304443
0.9202920794487
-6.854181289672852
-0.3350107669830322
-0.7667007446289062
-3.2463948726654053
-3.9238173961639404
-4.130999565124512
-0.019581347703933716
-3.040236473083496
-6.646801471710205
-1.8886185884475708
2.194812059402466
0.915306031703949
-6.939665794372559
-0.933906078338623
-0.4344019591808319
-3.384188413619995
-4.024779319763184
-3.8812332153320312
-0.24975231289863586
-2.9771311283111572
-6.4584527015686035
-1.9139404296875
2.2543082237243652
0.852892279624939
-6.975028038024902
-1.5090627670288086
-0.10844463109970093
-3.4861550331115723
-4.153706073760986
-3.6352338790893555
-0.4488476514816284
-2.916266679763794
-6.274204254150391
-1.9636131525039673
2.2918262481689453
0.7405222654342651
-6.9644670486450195
-2.0582997798919678
0.20513716340065002
-3.5549206733703613
-4.305627822875977
-3.391563653945923
-0.6165944337844849
-2.857548236846924
-6.0947699546813965
-2.032055139541626
2.305471181869507
0.5854309797286987
-6.912947177886963
-2.583766222000122
0.5033797025680542
-3.5912225246429443
-4.476800918579102
-3.1522891521453857
-0.7515431642532349
-2.800527334213257
-5.921450138092041
-2.1177210807800293
2.295867681503296
0.39374345541000366
-6.826442241668701
-3.085292100906372
0.7848600149154663
-3.596475601196289
-4.663222312927246
-2.925008773803711
-0.8502101898193359
-2.74566912651062
-5.755553722381592
-2.2208168506622314
2.2654712200164795
0.1708095520734787
-6.710781574249268
-3.5603013038635254
1.0470502376556396
-3.573133945465088
-4.8606414794921875
-2.718669891357422
-0.9095365405082703
-2.6942381858825684
-5.598404407501221
-2.3403964042663574
2.2171030044555664
-0.07844416797161102
-6.571348667144775
-4.005331516265869
1.2872045040130615
-3.5239133834838867
-5.064608097076416
-2.542091131210327
-0.9273369908332825
-2.6478285789489746
-5.451319694519043
-2.475060224533081
2.1540684700012207
-0.349573016166687
-6.413100719451904
-4.416309833526611
1.502671241760254
-3.4522597789764404
-5.270264148712158
-2.4042582511901855
-0.9024476408958435
-2.607671022415161
-5.315696716308594
-2.62392258644104
2.080261707305908
-0.6382023692131042
-6.24058723449707
-4.789875030517578
1.6912133693695068
-3.3615753650665283
-5.472662925720215
-2.3129842281341553
-0.8349997997283936
-2.574852466583252
-5.192885875701904
-2.7862045764923096
1.9999513626098633
-0.9395177364349365
-6.05785608291626
-5.124454975128174
1.8506128787994385
-3.256230592727661
-5.666534900665283
-2.2755331993103027
-0.726081132888794
-2.550382137298584
-5.0839362144470215
-2.9614129066467285
1.9176803827285767
-1.2489144802093506
-5.868978977203369
-5.419474124908447
1.979863166809082
-3.1411190032958984
-5.846757411956787
-2.297370195388794
-0.5778528451919556
-2.5350372791290283
-4.989493370056152
-3.1494557857513428
1.8381099700927734
-1.5620554685592651
-5.678186893463135
-5.674934387207031
2.079224109649658
-3.0218210220336914
-6.008563995361328
-2.3815526962280273
-0.3933071494102478
-2.529381275177002
-4.909581661224365
-3.3509299755096436
1.76559317111969
-1.8746685981750488
-5.489801406860352
-5.892280578613281
2.150506019592285
-2.9046928882598877
-6.147747993469238
-2.5276975631713867
-0.17603108286857605
-2.5341010093688965
-4.843648433685303
-3.5667996406555176
1.704229712486267
-2.1823296546936035
-5.307711124420166
-6.074550628662109
2.1960318088531494
-2.7955894470214844
-6.260532855987549
-2.734192371368408
0.06868857145309448
-2.5498108863830566
-4.790926456451416
-3.7981069087982178
1.657942533493042
-2.480562448501587
-5.135733604431152
-6.227719783782959
2.220216989517212
-2.7000646591186523
-6.343691825866699
-2.9974052906036377
0.3347315788269043
-2.5767669677734375
-4.749995231628418
-4.0461297035217285
1.6296883821487427
-2.765841484069824
-4.977078437805176
-6.359353542327881
2.2289466857910156
-2.6231250762939453
-6.395486831665039
-3.3117012977600098
0.6162420511245728
-2.615300178527832
-4.7187323570251465
-4.312130451202393
1.6213957071304321
-3.035189628601074
-4.8337626457214355
-6.478335380554199
2.228078842163086
-2.5688610076904297
-6.415332794189453
-3.6705691814422607
0.9080405831336975
-2.666048526763916
-4.694437026977539
-4.596816062927246
1.633835792541504
-3.28668212890625
-4.706615447998047
-6.594611167907715
2.2233426570892334
-2.540059804916382
-6.403755187988281
-4.067607402801514
1.206002950668335
-2.729501962661743
-4.674129009246826
-4.900634765625
1.6666706800460815
-3.519510269165039
-4.5954060554504395
-6.717714309692383
2.2198944091796875
-2.538377046585083
-6.361893177032471
-4.49725341796875
1.5066152811050415
-2.8059301376342773
-4.65505838394165
-5.22245454788208
1.718228816986084
-3.734079360961914
-4.499073505401611
-6.854996204376221
2.2220349311828613
-2.5644500255584717
-6.291449546813965
-4.954662799835205
1.8071094751358032
-2.894879102706909
-4.635051727294922
-5.562954902648926
1.7871798276901245
-3.93156361579895
-4.416042804718018
-7.011267185211182
2.2329137325286865
-2.6178417205810547
-6.1945271492004395
-5.436305046081543
2.1054883003234863
-2.9957878589630127
-4.612522125244141
-5.9235310554504395
1.8731274604797363
-4.114050388336182
-4.344463348388672
-7.1864800453186035
2.2534148693084717
-2.697849988937378
-6.073588848114014
-5.940361022949219
2.400742530822754
-3.108158588409424
-4.586133003234863
-6.306034088134766
1.9760651588439941
-4.283198356628418
-4.282451152801514
-7.384513854980469
2.2859275341033936
-2.803006887435913
-5.931458473205566
-6.466404438018799
2.6926627159118652
-3.2314324378967285
-4.554843902587891
-6.712028503417969
2.0958876609802246
-4.440614700317383
-4.228389739990234
-7.6088128089904785
2.332585573196411
