2
3
0.576928436756134
6.013132572174072
-5.163136005401611
-6.636638641357422
0.9124241471290588
4.767045974731445
5.784665584564209
3.4160518646240234
2.0963263511657715
7.41704797744751
-3.479722023010254
-0.521135151386261
0.507850170135498
5.859550952911377
-5.2663726806640625
-6.92829704284668
1.0482821464538574
4.916045188903809
6.0000834465026855
3.696136474609375
1.9773484468460083
7.328461647033691
-3.694640636444092
-0.6893017292022705
0.4386107921600342
5.704625129699707
-5.369141101837158
-7.2204766273498535
1.18088960647583
5.060859680175781
6.208024501800537
3.9670214653015137
1.8602107763290405
7.240338325500488
-3.9066240787506104
-0.857096254825592
0.3692339062690735
5.548182487487793
-5.471319675445557
-7.513339996337891
1.310370683670044
5.201518535614014
6.4082536697387695
4.2284345626831055
1.7448786497116089
7.152539253234863
-4.115952968597412
-1.0249582529067993
0.29966750741004944
5.38996696472168
-5.572873592376709
-7.807209491729736
1.43680739402771
5.3380279541015625
6.600474834442139
4.480062007904053
1.631208062171936
7.0649094581604
-4.322922706604004
-1.1933176517486572
0.229944109916687
5.229863166809082
-5.673717975616455
-8.102190017700195
1.5600252151489258
5.470284938812256
6.784221649169922
4.7214508056640625
1.5189868211746216
6.977227210998535
-4.527832508087158
-1.3626068830490112
0.16020068526268005
5.067797660827637
-5.77385139465332
-8.398537635803223
1.6798070669174194
5.598134994506836
6.959102630615234
4.95215368270874
1.4081366062164307
6.889256477355957
-4.730896472930908
-1.5332900285720825
0.09069447964429855
4.904022693634033
-5.873194694519043
-8.696176528930664
1.795992374420166
5.721222877502441
7.124578952789307
5.171499252319336
1.298581600189209
6.8007636070251465
-4.932333946228027
-1.705825924873352
0.021638259291648865
4.73870849609375
-5.971782684326172
-8.995150566101074
1.908527135848999
5.839224815368652
7.280348300933838
5.378898620605469
1.1903046369552612
6.7115092277526855
-5.132261753082275
-1.8806661367416382
-0.046996407210826874
4.571728229522705
-6.069679260253906
-9.295708656311035
2.0173418521881104
5.951916217803955
7.4260687828063965
5.573759078979492
1.0832916498184204
6.621269226074219
-5.330691337585449
-2.0582163333892822
-0.11524441093206406
4.402928352355957
-6.166957855224609
-9.598160743713379
2.122398614883423
6.059081077575684
7.561538219451904
5.7556257247924805
0.9775094985961914
6.529843330383301
-5.527584075927734
-2.2388346195220947
-0.18314212560653687
4.232146739959717
-6.263692378997803
-9.902836799621582
2.223619222640991
6.160485744476318
7.686633586883545
5.924025058746338
0.8729199171066284
6.437022686004639
-5.723013877868652
-2.4229018688201904
-0.2507283687591553
4.0592122077941895
-6.359957695007324
-10.210091590881348
2.3209710121154785
6.255927085876465
7.801443576812744
6.078652858734131
0.7694520950317383
6.34259557723999
-5.9171013832092285
-2.6108205318450928
-0.3180404603481293
3.883917808532715
-6.455893039703369
-10.520401954650879
2.4144654273986816
6.345206260681152
7.905859470367432
6.219074726104736
0.6670666337013245
6.246371269226074
-6.109996795654297
-2.8029816150665283
-0.38511571288108826
3.7060325145721436
-6.551666259765625
-10.834321975708008
2.5039916038513184
6.428089618682861
8.000019073486328
6.345086097717285
0.5658458471298218
6.148183822631836
-6.301746845245361
-2.9997856616973877
-0.4519997835159302
3.5253515243530273
-6.647355079650879
-11.152288436889648
2.5895769596099854
6.504382610321045
8.083845138549805
6.456270694732666
0.4657554030418396
6.047826766967773
-6.492448806762695
-3.2016477584838867
-0.5187387466430664
3.3416619300842285
-6.7430315017700195
-11.47475814819336
2.671113967895508
6.573826789855957
8.15742015838623
6.552350997924805
0.3667333722114563
5.945075035095215
-6.682229518890381
-3.4089980125427246
-0.5853819847106934
3.1547327041625977
-6.838773250579834
-11.802227020263672
2.748538017272949
6.6361846923828125
8.220892906188965
6.633053779602051
0.26869308948516846
5.839731693267822
-6.871391296386719
-3.6223559379577637
-0.6519781947135925
2.9643242359161377
-6.934654712677002
-12.135212898254395
2.8217926025390625
6.6912312507629395
8.27436351776123
6.6980791091918945
0.1715528666973114
5.731581211090088
-7.060204982757568
-3.8422515392303467
-0.7185739278793335
2.770188808441162
-7.030745506286621
-12.474252700805664
2.890822649002075
6.738757133483887
8.317909240722656
6.7471022605896
0.07522689551115036
5.620370864868164
-7.248879909515381
-4.06921911239624
-0.7852263450622559
2.572056531906128
-7.127123832702637
-12.819931983947754
2.9555771350860596
6.778557300567627
8.351634979248047
6.779810905456543
-0.020378820598125458
5.505837440490723
-7.437644004821777
-4.303815841674805
-0.8520073890686035
2.3696112632751465
-7.2238969802856445
-13.172966957092285
3.016008138656616
6.810431957244873
8.375690460205078
6.795929908752441
-0.11535781621932983
5.3877058029174805
-7.62669038772583
-4.54660701751709
-0.9189810156822205
2.1625406742095947
-7.321150779724121
-13.534046173095703
3.072072982788086
6.8342108726501465
8.39039421081543
6.795316696166992
-0.20980818569660187
5.265687942504883
-7.816214084625244
-4.798182964324951
-0.9861154556274414
1.9505980014801025
-7.4189629554748535
-13.90384578704834
3.123748302459717
6.849699974060059
8.395986557006836
6.777740955352783
-0.3038329780101776
5.139482498168945
-8.006412506103516
-5.0591559410095215
-1.053447961807251
1.7334654331207275
-7.5174150466918945
-14.283102035522461
3.1710216999053955
6.856709003448486
8.392755508422852
6.74298620223999
-0.3975377082824707
5.008774280548096
-8.197481155395508
-5.330160140991211
-1.121017336845398
1.5108004808425903
-7.616546154022217
-14.672565460205078
3.2138280868530273
6.855010509490967
8.38106632232666
6.6909356117248535
-0.4910338819026947
4.873228549957275
-8.389627456665039
-5.611867904663086
-1.1888902187347412
1.2822248935699463
-7.716427326202393
-15.073060989379883
3.2521443367004395
6.84439754486084
8.36119556427002
6.621349811553955
-0.5844464302062988
4.7324934005737305
-8.583091735839844
-5.904988765716553
-1.2571396827697754
1.0473299026489258
-7.817138195037842
-15.485481262207031
3.285945415496826
6.824647903442383
8.333370208740234
6.533929824829102
-0.677886962890625
4.586211204528809
-8.778039932250977
-6.2102203369140625
-1.325835943222046
0.8056951761245728
-7.918742656707764
-15.910740852355957
3.315230369567871
6.79553747177124
8.297806739807129
6.4283342361450195
-0.7714669704437256
4.434003829956055
-8.974638938903809
-6.528297424316406
-1.395047664642334
0.5568700432777405
-8.021306037902832
-16.34982681274414
3.3400719165802
6.756863117218018
8.254631996154785
6.304110527038574
-0.8653045892715454
4.275473117828369
-9.173079490661621
-6.860001087188721
-1.464842677116394
0.3003842830657959
-8.12486743927002
-16.803756713867188
3.3604516983032227
6.708364963531494
8.204097747802734
6.160883903503418
-0.9595175981521606
4.110201835632324
-9.37354850769043
-7.206145286560059
-1.5352879762649536
0.03574103116989136
-8.229455947875977
-17.27359962463379
3.3762636184692383
6.649726867675781
8.146591186523438
5.998361587524414
-1.0542232990264893
3.9377543926239014
-9.5762300491333
-7.56757926940918
-1.6064502000808716
-0.2375865876674652
-8.335094451904297
-17.76049041748047
3.3874847888946533
6.580663204193115
8.082507133483887
5.816203594207764
-1.1495401859283447
3.7576727867126465
-9.781306266784668
-7.945193767547607
-1.6783946752548218
-0.5201544761657715
-8.441791534423828
-18.265628814697266
3.3941054344177246
6.500870227813721
8.012160301208496
5.613964557647705
-1.245585560798645
3.5694775581359863
-9.988956451416016
-8.339919090270996
-1.751183271408081
-0.812565803527832
-8.549562454223633
-18.79033088684082
3.3961150646209717
6.410023212432861
7.935866355895996
5.3911566734313965
-1.3424749374389648
3.3726656436920166
-10.199352264404297
-8.752730369567871
-1.8248778581619263
-1.1154597997665405
-8.658406257629395
-19.335987091064453
3.3935039043426514
6.3077778816223145
7.853950500488281
5.147254467010498
-1.440320611000061
3.166710376739502
-10.412659645080566
-9.184649467468262
-1.8995336294174194
-1.4295086860656738
-8.768293380737305
-19.9040470123291
3.3862791061401367
6.193794250488281
7.766833305358887
4.881770610809326
-1.5392307043075562
2.9510600566864014
-10.629035949707031
-9.636747360229492
-1.9752005338668823
-1.755423903465271
-8.879175186157227
-20.496051788330078
3.3743770122528076
6.06764030456543
7.674892902374268
4.594059944152832
-1.6393415927886963
2.725131034851074
-10.848679542541504
-10.110159873962402
-2.051924228668213
-2.0939602851867676
-8.990983009338379
-21.113636016845703
3.357760190963745
5.92887544631958
7.578515529632568
4.283441066741943
-1.740830659866333
2.4883034229278564
-11.071846961975098
-10.606101036071777
-2.1297447681427
-2.445920705795288
-9.103625297546387
-21.758533477783203
3.336432695388794
5.777050971984863
7.478076457977295
3.949176788330078
-1.8438011407852173
2.2399380207061768
-11.29868221282959
-11.125821113586426
