2
3
-2.6067752838134766
-8.949625968933105
5.888023853302002
5.797036647796631
0.6090772747993469
-4.722082138061523
-4.116053581237793
8.012380599975586
-2.065250873565674
-5.624801158905029
6.8531622886657715
-7.721615314483643
-2.136516571044922
-8.563435554504395
5.709705829620361
5.988640785217285
0.052667200565338135
-4.1448774337768555
-4.239798069000244
7.678983688354492
-1.5023239850997925
-6.473130702972412
7.143146991729736
-7.586613178253174
-1.6895902156829834
-8.152117729187012
5.4806952476501465
6.101370334625244
-0.5003878474235535
-3.603736400604248
-4.191683769226074
7.220225811004639
-0.9313099384307861
-7.311850547790527
7.31283712387085
-7.282102108001709
-1.2733334302902222
-7.723312854766846
5.219607353210449
6.1324782371521
-1.034733772277832
-3.108826160430908
-3.9757845401763916
6.642783164978027
-0.3627486228942871
-8.122979164123535
7.351825714111328
-6.81109619140625
-0.8952593803405762
-7.286982536315918
4.949770927429199
6.083784103393555
-1.5354843139648438
-2.6711697578430176
-3.601945400238037
5.960247993469238
0.19067633152008057
-8.887480735778809
7.256901741027832
-6.183272361755371
-0.5582033395767212
-6.852902412414551
4.690190315246582
5.958016872406006
-1.9861490726470947
-2.304684638977051
-3.0916056632995605
5.200479984283447
0.7132210731506348
-9.584689140319824
7.039371490478516
-5.417126655578613
-0.26259472966194153
-6.429900169372559
4.453935146331787
5.758368968963623
-2.376002311706543
-2.02018666267395
-2.4598052501678467
4.386574745178223
1.188983678817749
-10.196893692016602
6.710907936096191
-4.528613090515137
-0.007985442876815796
-6.028599262237549
4.252369403839111
5.494189739227295
-2.694854259490967
-1.8299610614776611
-1.7246450185775757
3.551445722579956
1.5954734086990356
-10.704194068908691
6.322017192840576
-3.549865484237671
0.20430898666381836
-5.659853935241699
4.098189830780029
5.18604850769043
-2.934006452560425
-1.7491490840911865
-0.9086861610412598
2.7417569160461426
1.9219920635223389
-11.091296195983887
5.900335788726807
-2.5149576663970947
0.37409794330596924
-5.329902172088623
4.0007805824279785
4.8481597900390625
-3.092834234237671
-1.7788971662521362
-0.04140043258666992
1.9952808618545532
2.1701412200927734
-11.343323707580566
5.47446870803833
-1.483384132385254
0.5056399703025818
-5.04184627532959
3.9586081504821777
4.490167617797852
-3.1759448051452637
-1.9011144638061523
0.8484178781509399
1.3220834732055664
2.3415093421936035
-11.458739280700684
5.071222305297852
-0.4984344244003296
0.6104616522789001
-4.797755241394043
3.9450719356536865
4.127540588378906
-3.1806540489196777
-2.0938754081726074
1.720058798789978
0.7207258939743042
2.4487690925598145
-11.448118209838867
4.687498569488525
0.42130160331726074
0.7022991180419922
-4.594295024871826
3.913642168045044
3.7818431854248047
-3.105275869369507
-2.341974973678589
2.5526695251464844
0.17729461193084717
2.506497621536255
-11.325791358947754
4.289117336273193
1.2838094234466553
0.7825621962547302
-4.424455642700195
3.882692575454712
3.441068649291992
-2.9576122760772705
-2.63350248336792
3.3562211990356445
-0.325161874294281
2.5238935947418213
-11.103887557983398
3.8761954307556152
2.075403928756714
0.8520305752754211
-4.288243293762207
3.8800299167633057
3.0959486961364746
-2.744755983352661
-2.963801145553589
4.127073287963867
-0.7823407649993896
2.510589361190796
-10.803017616271973
3.447876453399658
2.7994706630706787
0.9143084287643433
-4.18662691116333
3.912446975708008
2.7514092922210693
-2.472928285598755
-3.3300318717956543
4.855224132537842
-1.184348464012146
2.469536781311035
-10.442659378051758
3.0143675804138184
3.4640753269195557
0.9741172194480896
-4.118177890777588
3.9777488708496094
2.4124419689178467
-2.14799427986145
-3.7299106121063232
5.531313896179199
-1.5185003280639648
2.400306224822998
-10.035840034484863
2.595705270767212
4.069211959838867
1.0345709323883057
-4.08132266998291
4.074093818664551
2.0837795734405518
-1.7765165567398071
-4.158313751220703
6.144461631774902
-1.7737929821014404
2.302924156188965
-9.591896057128906
2.209685802459717
4.611769676208496
1.0979160070419312
-4.076051712036133
4.20163106918335
1.7701756954193115
-1.365038275718689
-4.609231948852539
6.6840410232543945
-1.9438726902008057
2.17911958694458
-9.118545532226562
1.8713696002960205
5.086745738983154
1.1667890548706055
-4.102902889251709
4.359888553619385
1.4769282341003418
-0.921684205532074
-5.073629379272461
7.14476203918457
-2.0274109840393066
2.031585693359375
-8.622279167175293
1.5933411121368408
5.487618923187256
1.244262933731079
-4.161539077758789
4.5457258224487305
1.2069953680038452
-0.4545850157737732
-5.542734622955322
7.520724296569824
-2.022036075592041
1.8635605573654175
-8.110494613647461
1.3878297805786133
5.809499740600586
1.3331162929534912
-4.250411510467529
4.756153106689453
0.963379979133606
0.02781134843826294
-6.007457733154297
7.806892395019531
-1.9266767501831055
1.679667592048645
-7.590208053588867
1.2647162675857544
6.0466532707214355
1.4355894327163696
-4.366607189178467
4.986744403839111
0.7488819360733032
0.5165827870368958
-6.457954406738281
8.000240325927734
-1.743201732635498
1.485320806503296
-7.068609714508057
1.2320142984390259
6.192983150482178
1.5534188747406006
-4.50814962387085
5.23260498046875
0.5682225823402405
1.0027098655700684
-6.882965087890625
8.100799560546875
-1.4769835472106934
1.286779522895813
-6.553617477416992
1.2955771684646606
6.243221282958984
1.687457799911499
-4.672637939453125
5.487473011016846
0.42595916986465454
1.4765839576721191
-7.2707414627075195
8.11290168762207
-1.1372661590576172
1.091689944267273
-6.054310321807861
1.4579886198043823
6.196112632751465
1.8377511501312256
-4.857069969177246
5.743505954742432
0.3264077603816986
1.9285550117492676
-7.60979700088501
8.047860145568848
-0.7386351227760315
0.9081975817680359
-5.58018159866333
1.7177953720092773
6.05418586730957
2.003962993621826
-5.057612419128418
5.990683078765869
0.2734777331352234
2.349280595779419
-7.890478610992432
7.9242095947265625
-0.298737108707428
0.7451118230819702
-5.141760349273682
2.0692334175109863
5.828570365905762
2.1849417686462402
-5.269827365875244
6.21845817565918
0.27013635635375977
2.73158597946167
-8.106785774230957
7.7609076499938965
0.16483718156814575
0.6105577349662781
-4.747456073760986
2.5030884742736816
5.531006336212158
2.3779351711273193
-5.4876298904418945
6.420249938964844
0.3157366216182709
3.067704200744629
-8.253965377807617
7.582751750946045
0.632524311542511
0.5115941166877747
-4.404397964477539
3.0082712173461914
5.174492359161377
2.577204704284668
-5.702510356903076
6.5996270179748535
0.40413469076156616
3.3539085388183594
-8.332109451293945
7.413790225982666
1.0867900848388672
0.4537010192871094
-4.1180548667907715
3.5730056762695312
4.772319316864014
2.7742061614990234
-5.904232025146484
6.772699356079102
0.5222034454345703
3.590378522872925
-8.345342636108398
7.275362014770508
1.5137832164764404
0.44099128246307373
-3.8915529251098633
4.184811592102051
4.339976787567139
2.9632766246795654
-6.0852370262146
6.9552741050720215
0.6581560373306274
3.7820699214935303
-8.300636291503906
7.1828436851501465
1.9031879901885986
0.47537001967430115
-3.7269012928009033
4.831303596496582
3.894758462905884
3.141742467880249
-6.2414870262146
7.1597981452941895
0.8019970059394836
3.9379794597625732
-8.20738410949707
7.135934829711914
2.2533528804779053
0.5572442412376404
-3.6238670349121094
5.500377655029297
3.4530115127563477
3.3125574588775635
-6.373971939086914
7.385303974151611
0.9511431455612183
4.066341400146484
-8.075689315795898
7.126376628875732
2.5686187744140625
0.686279833316803
-3.5801384449005127
6.181034088134766
3.026395559310913
3.479973316192627
-6.485058307647705
7.623518466949463
1.1072406768798828
4.173226356506348
-7.9139556884765625
7.14889669418335
2.852797031402588
0.8609336018562317
-3.594238758087158
6.862061500549316
2.6242380142211914
3.64520263671875
-6.573957920074463
7.865365505218506
1.2705422639846802
4.263157844543457
-7.7284064292907715
7.197673797607422
3.1080236434936523
1.0800551176071167
-3.663024425506592
7.5288543701171875
2.2558445930480957
3.8076586723327637
-6.639890193939209
8.113025665283203
1.4376585483551025
4.339016437530518
-7.523900508880615
7.273616313934326
3.333184242248535
1.3398919105529785
-3.780125617980957
8.172977447509766
1.9274471998214722
3.9669976234436035
-6.682529926300049
8.372428894042969
1.6030428409576416
4.403449535369873
-7.305147647857666
7.381180763244629
3.52653169631958
1.6349972486495972
-3.9376015663146973
8.791376113891602
1.6413984298706055
4.1239728927612305
-6.703239440917969
8.64815616607666
1.7619986534118652
4.459554195404053
-7.076968193054199
7.526231288909912
3.686105728149414
1.9596662521362305
-4.127274513244629
9.383540153503418
1.399063229560852
4.280781269073486
-6.705447196960449
8.942020416259766
1.9121277332305908
4.51055908203125
-6.844217300415039
7.715431213378906
3.8102571964263916
2.309051036834717
-4.342093467712402
9.949132919311523
1.2017450332641602
