2
3
0.13477279245853424
6.556177139282227
-7.674645900726318
-2.7087550163269043
5.463239669799805
-5.595968246459961
2.5524139404296875
9.408589363098145
2.9193553924560547
1.8208495378494263
3.142958402633667
-3.151583194732666
0.18020093441009521
6.093920707702637
-7.464237689971924
-3.571883201599121
5.381139278411865
-4.963852405548096
2.1600124835968018
10.56230354309082
2.987367868423462
1.6391507387161255
3.3397090435028076
-3.469156265258789
0.22276408970355988
5.652286529541016
-7.266633987426758
-4.401249885559082
5.295362949371338
-4.346256256103516
1.7655065059661865
11.6905517578125
3.055131435394287
1.4682899713516235
3.533040761947632
-3.769641160964966
0.26276764273643494
5.229775428771973
-7.080508708953857
-5.200738430023193
5.206324577331543
-3.742927074432373
1.369633674621582
12.793310165405273
3.122831106185913
1.3068910837173462
3.7234301567077637
-4.0548224449157715
0.3002999424934387
4.824977397918701
-6.905195713043213
-5.973271369934082
5.114938735961914
-3.1530752182006836
0.9729533195495605
13.87080192565918
3.190638303756714
1.1535660028457642
3.911343574523926
-4.326336860656738
0.33522599935531616
4.435920238494873
-6.7397260665893555
-6.722318172454834
5.0214033126831055
-2.5762577056884766
0.5757559537887573
14.923048973083496
3.258732795715332
1.006955862045288
4.097286701202393
-4.585733413696289
0.3669334650039673
4.060145378112793
-6.583257675170898
-7.45096492767334
4.926821708679199
-2.0111501216888428
0.17808598279953003
15.950287818908691
3.327220916748047
0.865898847579956
4.281517505645752
-4.8342509269714355
0.39556559920310974
3.6951584815979004
-6.43454122543335
-8.162117004394531
4.831626892089844
-1.4569144248962402
-0.22000756859779358
16.95250701904297
3.3962130546569824
0.7292917370796204
4.464371681213379
-5.073088645935059
0.42115873098373413
3.3383843898773193
-6.292482376098633
-8.858501434326172
4.736002445220947
-0.9125444293022156
-0.618658721446991
17.930757522583008
3.4657678604125977
0.5962085127830505
4.646090984344482
-5.303251266479492
0.44394657015800476
2.98738431930542
-6.155691623687744
-9.542583465576172
4.640049934387207
-0.3776373863220215
-1.0182926654815674
18.884572982788086
3.5360331535339355
0.46578365564346313
4.827142715454102
-5.525930404663086
0.4643169641494751
2.6400346755981445
-6.022765159606934
-10.216487884521484
4.5438408851623535
0.14788496494293213
-1.4191367626190186
19.81290626525879
3.606943368911743
0.3374139666557312
5.0080389976501465
-5.742488861083984
0.4826262891292572
2.2945570945739746
-5.89259672164917
-10.88213062286377
4.447269439697266
0.6642945408821106
-1.8212764263153076
20.71571922302246
3.6786134243011475
0.21029597520828247
5.189197540283203
-5.954024314880371
0.4992900490760803
1.9495933055877686
-5.764098644256592
-11.540983200073242
4.350149154663086
1.1699330806732178
-2.2240986824035645
21.59139633178711
3.7510924339294434
0.08441546559333801
5.370664596557617
-6.160750389099121
0.5149582624435425
1.6042325496673584
-5.636397361755371
-12.194469451904297
4.252350807189941
1.6607614755630493
-2.626342296600342
22.43608283996582
3.824449300765991
-0.04012209177017212
5.552365303039551
-6.362796783447266
0.530453085899353
1.2577234506607056
-5.508959770202637
-12.844552993774414
4.153858184814453
2.1347756385803223
-3.0270395278930664
23.247400283813477
3.8984971046447754
-0.1634119600057602
5.73380708694458
-6.5603556632995605
0.546593189239502
0.9100833535194397
-5.380776882171631
-13.491695404052734
4.0545573234558105
2.5892324447631836
-3.425014019012451
24.02198028564453
3.9733049869537354
-0.2859249711036682
5.915123462677002
-6.754496097564697
0.5636482834815979
0.5613534450531006
-5.251057147979736
-14.13652229309082
3.954639434814453
3.020847797393799
-3.8187882900238037
24.756488800048828
4.048902988433838
-0.40807265043258667
6.096498012542725
-6.946174144744873
0.58175128698349
0.21078556776046753
-5.119503498077393
-14.78084945678711
3.854396343231201
3.428373098373413
-4.207093238830566
25.44973373413086
4.125413417816162
-0.5304515361785889
6.278364658355713
-7.136793613433838
0.6010136604309082
-0.14236634969711304
-4.985612869262695
-15.426385879516602
3.7541513442993164
3.81158709526062
-4.589118957519531
26.101303100585938
4.202910900115967
-0.6536707282066345
6.461050033569336
-7.327695369720459
0.6215323805809021
-0.49890756607055664
-4.848860263824463
-16.075050354003906
3.654160737991333
4.170243263244629
-4.964109897613525
26.710678100585938
4.281423091888428
-0.7782987356185913
6.644777297973633
-7.520104885101318
0.6433063745498657
-0.8595967292785645
-4.70869255065918
-16.728477478027344
3.554706573486328
4.504323959350586
-5.331348419189453
27.27765655517578
4.360907554626465
-0.9048129916191101
6.829660415649414
-7.7150044441223145
0.6665866374969482
-1.225126028060913
-4.564390659332275
-17.38834571838379
3.4561643600463867
4.813876628875732
-5.690124034881592
27.801692962646484
4.441335678100586
-1.0337904691696167
7.015973091125488
-7.913547039031982
0.6915405988693237
-1.5963034629821777
-4.415253639221191
-18.05646324157715
3.358940362930298
5.099069118499756
-6.039620399475098
28.282255172729492
4.522727966308594
-1.1657906770706177
7.2039384841918945
-8.116754531860352
0.7183733582496643
-1.9741473197937012
-4.260646343231201
-18.735166549682617
3.2633352279663086
5.360262393951416
-6.379194259643555
28.719205856323242
4.605162620544434
-1.3014622926712036
7.393941879272461
-8.325912475585938
0.7472852468490601
-2.3595738410949707
-4.099751949310303
-19.42655372619629
3.16968035697937
5.59758996963501
-6.708151817321777
29.11198616027832
4.688691139221191
-1.4414384365081787
7.586299419403076
-8.542342185974121
0.7785348892211914
-2.753422260284424
-3.9316627979278564
-20.132490158081055
3.078260660171509
5.811136245727539
-7.025764465332031
29.46023178100586
4.773391246795654
-1.5863646268844604
7.781402587890625
-8.767417907714844
0.8124561905860901
-3.156514883041382
-3.755429744720459
-20.85488510131836
2.9893195629119873
6.000990390777588
-7.331398010253906
29.763731002807617
4.8593668937683105
-1.73691987991333
7.979718208312988
-9.002583503723145
0.849324643611908
-3.5697989463806152
-3.5700864791870117
-21.595827102661133
2.9030840396881104
6.1673126220703125
-7.624505519866943
30.02251625061035
4.946778297424316
-1.893857479095459
8.181859970092773
-9.249388694763184
0.8893826603889465
-3.99446702003479
-3.3746159076690674
-22.357786178588867
2.819549083709717
6.310847759246826
-7.904665946960449
30.237897872924805
5.035821437835693
-2.0579981803894043
8.388506889343262
-9.509450912475586
0.9329738616943359
-4.431723594665527
-3.1679470539093018
-23.14339828491211
2.7388527393341064
6.431838035583496
-8.171382904052734
30.410266876220703
5.126708507537842
-2.2301816940307617
8.600371360778809
-9.784418106079102
0.9806968569755554
-4.882387161254883
-2.948998212814331
-23.955078125
2.661083459854126
6.530467510223389
-8.424145698547363
30.539920806884766
5.2196736335754395
-2.4112792015075684
8.818220138549805
-10.075997352600098
1.0329437255859375
-5.3476033210754395
-2.7165486812591553
-24.79532241821289
2.586390256881714
6.6066365242004395
-8.662364959716797
30.62666893005371
5.3149733543396
-2.602182388305664
9.042877197265625
-10.385934829711914
1.0901336669921875
-5.828651428222656
-2.469270944595337
-25.666866302490234
2.5149714946746826
6.660229206085205
-8.885443687438965
30.670333862304688
5.4128875732421875
-2.803806781768799
9.275222778320312
-10.716032028198242
1.152700662612915
-6.326976776123047
-2.2056970596313477
-26.572750091552734
2.4470255374908447
6.691100120544434
-9.09278678894043
30.670747756958008
5.513717174530029
-3.0170767307281494
9.516191482543945
-11.068081855773926
1.2211333513259888
-6.844146728515625
-1.9242660999298096
-27.516366958618164
2.3827061653137207
6.6991705894470215
-9.283912658691406
30.628070831298828
5.617799758911133
-3.2429592609405518
9.766806602478027
-11.443968772888184
1.296042799949646
-7.381793975830078
-1.6232521533966064
-28.501359939575195
2.322265625
6.684114456176758
-9.458078384399414
30.541757583618164
5.725555896759033
-3.48256254196167
10.028329849243164
-11.845921516418457
1.3781216144561768
-7.941595077514648
-1.3007521629333496
-29.531494140625
2.2659823894500732
6.645511150360107
-9.61445426940918
30.411075592041016
5.837460994720459
-3.7370715141296387
10.302131652832031
-12.276390075683594
1.468075156211853
-8.525385856628418
-0.9546720385551453
-30.610746383666992
2.2141897678375244
6.5830078125
-9.752270698547363
30.2353458404541
5.953927516937256
-4.007413864135742
10.589487075805664
-12.737227439880371
1.5666766166687012
-9.135107040405273
-0.582734227180481
-31.743309020996094
2.167171001434326
6.496047019958496
-9.870590209960938
30.013708114624023
6.075445652008057
-4.29474401473999
10.891825675964355
-13.230782508850098
1.674743890762329
-9.772740364074707
-0.18253648281097412
-32.933406829833984
2.1252214908599854
6.38396692276001
-9.968361854553223
29.7451229095459
6.20256233215332
-4.600314140319824
11.210738182067871
-13.759596824645996
