2
3
-4.367887496948242
3.208348512649536
-5.688549518585205
-2.5613372325897217
6.819322109222412
-4.7809014320373535
3.5437440872192383
4.771580219268799
9.684890747070312
7.295549392700195
2.531841278076172
-9.922813415527344
-4.494681358337402
3.1644468307495117
-4.148404121398926
-3.108747959136963
6.954046249389648
-4.089419364929199
2.6633992195129395
5.585616588592529
9.754270553588867
6.5600056648254395
1.872424602508545
-10.531106948852539
-4.4849772453308105
3.0414586067199707
-2.610285520553589
-3.6466639041900635
7.011033058166504
-3.343130350112915
1.8248417377471924
6.270359516143799
9.774272918701172
5.828566551208496
1.271895408630371
-11.10361099243164
-4.351444244384766
2.8487470149993896
-1.1035943031311035
-4.163857936859131
7.010056972503662
-2.5545620918273926
0.9813812971115112
6.8287434577941895
9.757834434509277
5.096187591552734
0.7005695104598999
-11.615164756774902
-4.103447914123535
2.5887887477874756
0.34825849533081055
-4.644465923309326
6.958735942840576
-1.7296408414840698
0.10582780838012695
7.253315448760986
9.715398788452148
4.363279342651367
0.09825325012207031
-12.029742240905762
-3.7433085441589355
2.264017105102539
1.732114315032959
-5.066404819488525
6.846319198608398
-0.8818529844284058
-0.7668319940567017
7.553603172302246
9.645777702331543
3.640042304992676
-0.5182470083236694
-12.348004341125488
-3.2770159244537354
1.8807995319366455
3.028749465942383
-5.411863803863525
6.6706414222717285
-0.017496824264526367
-1.5946801900863647
7.715256690979004
9.544815063476562
2.935223340988159
-1.1243867874145508
-12.575102806091309
-2.7119126319885254
1.4488645792007446
4.2060041427612305
-5.666160583496094
6.43568229675293
0.8567575216293335
-2.3401200771331787
7.720784664154053
9.420870780944824
2.2505812644958496
-1.7309250831604004
-12.707320213317871
-2.051208019256592
0.9953444004058838
5.209653377532959
-5.846599102020264
6.147444725036621
1.7335407733917236
-2.9788918495178223
7.553452968597412
9.287026405334473
1.5910394191741943
-2.3602960109710693
-12.745489120483398
-1.3041751384735107
0.5442116260528564
6.008078575134277
-5.971096515655518
5.804208278656006
2.597565174102783
-3.4584734439849854
7.2175703048706055
9.14914608001709
0.9730881452560425
-3.0287904739379883
-12.707290649414062
-0.5006565451622009
0.09723114967346191
6.629478931427002
-6.019225597381592
5.42034387588501
3.4304351806640625
-3.759925603866577
6.7144551277160645
9.000844955444336
0.4042339324951172
-3.723280429840088
-12.609477996826172
0.3395020365715027
-0.33784037828445435
7.079777717590332
-5.9847331047058105
5.018712520599365
4.217685699462891
-3.8880298137664795
6.0441083908081055
8.829591751098633
-0.1158151626586914
-4.415136814117432
-12.464059829711914
1.199941635131836
-0.7489681243896484
7.360779285430908
-5.873198509216309
4.612615585327148
4.94503927230835
-3.829162836074829
5.2111430168151855
8.624935150146484
-0.5854660272598267
-5.076658248901367
-12.288033485412598
2.0630276203155518
-1.11887788772583
7.479610919952393
-5.7047505378723145
4.2199554443359375
5.595993995666504
-3.5915918350219727
4.22726583480835
8.381061553955078
-1.0021557807922363
-5.686297416687012
-12.104310989379883
2.9102535247802734
-1.4290010929107666
7.452173233032227
-5.511195659637451
3.8704588413238525
6.157774448394775
-3.2106685638427734
3.104435443878174
8.100615501403809
-1.3678390979766846
-6.235684394836426
-11.929313659667969
3.7268950939178467
-1.6658258438110352
7.294317722320557
-5.324644565582275
3.5905866622924805
6.617735385894775
-2.7269608974456787
1.873453140258789
7.789282321929932
-1.6906814575195312
-6.73040246963501
-11.75949764251709
4.502212047576904
-1.827197790145874
7.019689559936523
-5.1642608642578125
3.3889412879943848
6.973592758178711
-2.174138069152832
0.5647604465484619
7.449624538421631
-1.9743788242340088
-7.168764114379883
-11.60058879852295
5.225675582885742
-1.9169725179672241
6.652042865753174
-5.043479919433594
3.261070966720581
7.227879047393799
-1.5709558725357056
-0.7951899766921997
7.084269046783447
-2.2223217487335205
-7.546682834625244
-11.457084655761719
5.891886234283447
-1.944309115409851
6.197531223297119
-4.966619491577148
3.202207088470459
7.380041599273682
-0.9341683387756348
-2.176414966583252
6.695491790771484
-2.43912410736084
-7.86063289642334
-11.327016830444336
6.496618747711182
-1.9191763401031494
5.66395902633667
-4.936618328094482
3.209407329559326
7.428977012634277
-0.28169316053390503
-3.553208351135254
6.285218715667725
-2.6301727294921875
-8.107139587402344
-11.20947551727295
7.0371413230896
-1.8509360551834106
5.060687065124512
-4.955681800842285
3.2807681560516357
7.375982284545898
0.3635215759277344
-4.9030022621154785
5.857026100158691
-2.8014883995056152
-8.287553787231445
-11.094939231872559
7.512257099151611
-1.7413545846939087
4.379394054412842
-5.009424209594727
3.417088270187378
7.220912456512451
0.9703860282897949
-6.206614971160889
5.41782283782959
-2.9574215412139893
-8.420540809631348
-10.954361915588379
7.914510726928711
-1.5820648670196533
3.628904342651367
-5.102550506591797
3.6180312633514404
6.9650421142578125
1.5067493915557861
-7.44254207611084
4.974627494812012
-3.0987491607666016
-8.53005313873291
-10.767999649047852
8.241287231445312
-1.3847935199737549
2.8416190147399902
-5.248761177062988
3.8729586601257324
6.621891021728516
1.980318307876587
-8.609524726867676
4.529659271240234
-3.2242822647094727
-8.605615615844727
-10.541282653808594
8.496622085571289
-1.163197636604309
2.022085189819336
-5.444365501403809
4.17407751083374
6.198744773864746
2.39060115814209
-9.699406623840332
4.0857625007629395
-3.33038592338562
-8.621597290039062
-10.303009033203125
8.6846284866333
-0.9323718547821045
1.1783100366592407
-5.685854911804199
4.514272689819336
5.702121257781982
2.728813886642456
-10.704541206359863
3.649552822113037
-3.4078269004821777
-8.564922332763672
-10.082409858703613
8.80600357055664
-0.7022547125816345
0.32517313957214355
-5.9694132804870605
4.8835272789001465
5.142584323883057
2.9858593940734863
-11.623308181762695
3.229226589202881
-3.449930191040039
-8.42892074584961
-9.901355743408203
8.858382225036621
-0.4781482219696045
-0.512104868888855
-6.295156955718994
5.271069526672363
4.5314178466796875
3.161426544189453
-12.456708908081055
2.834277391433716
-3.4527289867401123
-8.21296215057373
-9.783588409423828
8.84026050567627
-0.26426631212234497
-1.3086769580841064
-6.662585258483887
5.66697883605957
3.878044605255127
3.2707161903381348
-13.20383071899414
2.4719533920288086
-3.4188954830169678
-7.92037296295166
-9.743803024291992
8.75271224975586
-0.06275427341461182
-2.042032480239868
-7.073960781097412
6.0662336349487305
3.1933834552764893
3.3208882808685303
-13.869970321655273
2.150986671447754
-3.350800037384033
-7.562857627868652
-9.799070358276367
8.600068092346191
0.12456823885440826
-2.6930594444274902
-7.535832405090332
6.463940143585205
2.487598419189453
3.3147006034851074
-14.461063385009766
1.8849098682403564
-3.2476792335510254
-7.16862154006958
-9.975502967834473
8.389595985412598
0.2963773012161255
-3.2471232414245605
-8.055009841918945
6.853537559509277
1.7680151462554932
3.2540459632873535
-14.976829528808594
1.6722538471221924
-3.125612497329712
-6.742157936096191
-10.267853736877441
8.132892608642578
0.4511610269546509
-3.6995036602020264
-8.639575958251953
7.228201389312744
1.0449646711349487
3.138077974319458
-15.425369262695312
1.5066782236099243
-3.002147912979126
-6.277074813842773
-10.663528442382812
7.843701362609863
0.5847326517105103
-4.053333282470703
-9.297167778015137
7.580561637878418
0.3295549750328064
2.9665110111236572
-15.819245338439941
1.386480689048767
-2.8891518115997314
-5.778769493103027
-11.156097412109375
7.535604000091553
0.6918486952781677
-4.315183639526367
-10.031423568725586
7.904376983642578
-0.36815494298934937
2.7406771183013916
-16.17128562927246
1.3098134994506836
-2.7969698905944824
-5.251166820526123
-11.73531436920166
7.221001625061035
0.7659653425216675
-4.495452880859375
-10.840230941772461
8.193885803222656
-1.0379047393798828
2.464369058609009
-16.49749755859375
1.2756192684173584
-2.7337942123413086
-4.700921058654785
-12.39177417755127
6.90877103805542
0.8009315133094788
-4.602688789367676
-11.718098640441895
8.443071365356445
-1.6690593957901
2.145390033721924
-16.819782257080078
1.2820626497268677
-2.7065372467041016
-4.135481834411621
-13.118428230285645
6.605546951293945
0.7903630137443542
-4.646292209625244
-12.654552459716797
8.645827293395996
-2.2528252601623535
1.8050510883331299
-17.16579818725586
1.3276827335357666
-2.720881938934326
-3.5631837844848633
-13.906891822814941
6.31535530090332
0.7294812798500061
-4.63407039642334
-13.63898754119873
8.799598693847656
-2.784046173095703
1.4622162580490112
-17.56223487854004
1.4087259769439697
-2.779798746109009
-2.992760419845581
-14.754618644714355
6.039737701416016
0.618121325969696
-4.574291706085205
-14.667265892028809
8.905294418334961
-3.260770559310913
1.1252667903900146
-18.030349731445312
1.5206269025802612
-2.8835575580596924
-2.4302988052368164
-15.65962028503418
