2
3
7.91039514541626
3.214508533477783
4.618470668792725
-0.15943124890327454
-3.6111888885498047
1.2065725326538086
7.008596420288086
-1.8007123470306396
-8.100797653198242
-6.1078009605407715
8.942777633666992
-0.14178413152694702
7.548981189727783
3.0353140830993652
3.7772865295410156
-0.552827775478363
-3.338198184967041
1.0094451904296875
7.592222213745117
-2.180262565612793
-7.5496697425842285
-5.843481063842773
9.93978214263916
0.3753230571746826
7.189226150512695
2.8526062965393066
2.9634451866149902
-0.9458121657371521
-3.06087589263916
0.8142490386962891
8.187973022460938
-2.5545096397399902
-7.0043416023254395
-5.586656093597412
10.933516502380371
0.8791243433952332
6.833132743835449
2.6669797897338867
2.178335666656494
-1.3379640579223633
-2.779118299484253
0.6198304891586304
8.796243667602539
-2.9251856803894043
-6.463886260986328
-5.337523460388184
11.925027847290039
1.3692388534545898
6.482180595397949
2.478708505630493
1.423295259475708
-1.7292261123657227
-2.492339611053467
0.42514222860336304
9.417993545532227
-3.2936880588531494
-5.927227973937988
-5.096103668212891
12.915383338928223
1.845524549484253
6.137995719909668
2.2879862785339355
0.6999157667160034
-2.119795322418213
-2.199721336364746
0.22923755645751953
10.054364204406738
-3.6612472534179688
-5.392845153808594
-4.862224578857422
13.905787467956543
2.3077375888824463
5.802109718322754
2.09490966796875
0.010474085807800293
-2.5099356174468994
-1.900291919708252
0.031203866004943848
10.706761360168457
-4.029117107391357
-4.858671188354492
-4.635872840881348
14.897879600524902
2.7554659843444824
5.476240158081055
1.8994381427764893
-0.6432160139083862
-2.900245189666748
-1.5931165218353271
-0.16992469131946564
11.376570701599121
-4.398538112640381
-4.323575019836426
-4.417155742645264
15.892827987670898
3.188523769378662
5.161858558654785
1.7014294862747192
-1.2602651119232178
-3.2915754318237305
-1.2772210836410522
-0.3750891387462616
12.065238952636719
-4.770746231079102
-3.7863781452178955
-4.206084728240967
16.891944885253906
3.6066648960113525
4.860357761383057
1.5006225109100342
-1.8398321866989136
-3.6849427223205566
-0.9514840841293335
-0.5852643251419067
12.774616241455078
-5.147220611572266
-3.2457592487335205
-4.0028252601623535
17.89676856994629
4.009493827819824
4.5728607177734375
1.296895980834961
-2.381415367126465
-4.081330299377441
-0.6148338317871094
-0.80133455991745
13.506426811218262
-5.529236793518066
-2.699904441833496
-3.807443618774414
18.909053802490234
4.396508693695068
4.300443649291992
1.089867115020752
-2.884617328643799
-4.481968879699707
-0.2660505473613739
-1.0241742134094238
14.262550354003906
-5.9181108474731445
-2.145376682281494
-3.6195669174194336
19.930866241455078
4.767007350921631
4.043705463409424
0.8788553476333618
-3.349008560180664
-4.888266563415527
0.09682542085647583
-1.2548203468322754
15.045352935791016
-6.315470218658447
-1.5803542137145996
-3.4389266967773438
20.963687896728516
5.120497703552246
3.8038721084594727
0.6634982228279114
-3.7740354537963867
-5.301606178283691
0.47530150413513184
-1.4942700862884521
15.857486724853516
-6.7231125831604
-1.003189206123352
-3.2653794288635254
22.009004592895508
5.456377983093262
3.582090377807617
0.443365216255188
-4.159099578857422
-5.723469257354736
0.8709512948989868
-1.7434324026107788
16.701881408691406
-7.142745018005371
-0.4124382734298706
-3.098921298980713
23.06832504272461
5.773950576782227
3.3793702125549316
0.21787989139556885
-4.503520488739014
-6.155458450317383
1.285217046737671
-2.0030813217163086
17.581619262695312
-7.57606840133667
0.19312947988510132
-2.939697504043579
24.14320182800293
6.0724287033081055
3.196460008621216
-0.013729065656661987
-4.806544780731201
-6.59929084777832
1.719601035118103
-2.2741265296936035
18.499605178833008
-8.02477741241455
0.814555823802948
-2.7880001068115234
25.235240936279297
6.350944995880127
3.033891201019287
-0.25238025188446045
-5.067341327667236
-7.05676794052124
2.175689458847046
-2.557450532913208
19.458898544311523
-8.490633964538574
1.4527263641357422
-2.6442618370056152
26.346126556396484
6.608543872833252
2.8917489051818848
-0.499305784702301
-5.285109519958496
-7.529897212982178
2.655025005340576
-2.8539578914642334
20.462474822998047
-8.97549057006836
2.1081652641296387
-2.509047746658325
27.477096557617188
6.84427547454834
2.7705283164978027
-0.7554178237915039
-5.458768844604492
-8.02047061920166
3.158264398574829
-3.1639413833618164
21.511457443237305
-9.480029106140137
2.780036687850952
-2.383512496948242
28.627676010131836
7.056848526000977
2.6710808277130127
-1.0214937925338745
-5.586640357971191
-8.529989242553711
3.6861088275909424
-3.4878249168395996
22.606857299804688
-10.005131721496582
3.4676899909973145
-2.268615245819092
29.797264099121094
7.244606971740723
2.594529867172241
-1.29805588722229
-5.666606426239014
-9.05944538116455
4.238330364227295
-3.8254787921905518
23.748716354370117
-10.55154037475586
4.1682939529418945
-2.1656529903411865
30.980573654174805
7.404440879821777
2.542062282562256
-1.5852582454681396
-5.695288181304932
-9.608436584472656
4.815261363983154
-4.177009582519531
24.93702507019043
-11.120431900024414
4.878059387207031
-2.076036214828491
32.169002532958984
7.532519340515137
2.5147879123687744
-1.8835556507110596
-5.670009613037109
-10.177509307861328
5.41779899597168
-4.543081283569336
26.173297882080078
-11.713497161865234
5.596193313598633
-2.0010759830474854
33.36211395263672
7.626729488372803
2.5136806964874268
-2.1934564113616943
-5.588217258453369
-10.767271995544434
6.046989917755127
-4.924695014953613
27.45902442932129
-12.33282470703125
6.322795391082764
-1.9419511556625366
34.56153869628906
7.685662746429443
2.5397465229034424
-2.5154426097869873
-5.447708606719971
-11.378495216369629
6.703418254852295
-5.322522163391113
28.795637130737305
-12.980188369750977
7.058072090148926
-1.8997684717178345
35.768672943115234
7.707880973815918
2.593684434890747
-2.8503847122192383
-5.247237205505371
-12.012960433959961
7.388208866119385
-5.737555027008057
30.18537139892578
-13.657896041870117
7.802476406097412
-1.875461220741272
36.98515701293945
7.692147731781006
2.6760811805725098
-3.1991617679595947
-4.985474109649658
-12.672317504882812
8.102607727050781
-6.1709089279174805
31.630640029907227
-14.368453979492188
8.557294845581055
-1.8696343898773193
38.21358871459961
7.637273788452148
2.7875919342041016
-3.562608003616333
-4.660727500915527
-13.358081817626953
8.847896575927734
-6.623770713806152
33.133934020996094
-15.114513397216797
9.323919296264648
-1.882902979850769
39.45698165893555
7.542137622833252
2.928887128829956
-3.9416732788085938
-4.271587371826172
-14.07223892211914
9.625627517700195
-7.097535610198975
34.6988525390625
-15.899218559265137
10.103761672973633
-1.9159741401672363
40.71857833862305
7.405828475952148
3.100571393966675
-4.337280750274658
-3.8163609504699707
-14.816546440124512
10.437320709228516
-7.593670845031738
36.328582763671875
-16.725662231445312
10.8981294631958
-1.9697076082229614
42.001373291015625
7.226993560791016
3.3032751083374023
-4.750511646270752
-3.293607711791992
-15.593374252319336
11.284622192382812
-8.113704681396484
38.02644348144531
-17.59709358215332
11.708462715148926
-2.0447838306427
43.307151794433594
7.003888130187988
3.5377931594848633
-5.1825690269470215
-2.7016963958740234
-16.40532875061035
12.169280052185059
-8.659229278564453
39.795921325683594
-18.5169677734375
12.536432266235352
-2.1417953968048096
44.637168884277344
6.734516143798828
3.8052196502685547
-5.634476184844971
-2.0384185314178467
-17.254793167114258
13.093116760253906
-9.231924057006836
41.64067840576172
-19.488962173461914
13.383941650390625
-2.2614119052886963
45.9941520690918
6.41728401184082
4.106352806091309
-6.1075520515441895
-1.3019330501556396
-18.144824981689453
14.058015823364258
-9.83354377746582
43.564537048339844
-20.51695442199707
14.252667427062988
-2.404510498046875
47.38132095336914
6.0503387451171875
4.441553592681885
-6.603609085083008
-0.48981916904449463
-19.07878303527832
15.065958023071289
-10.465951919555664
45.57155227661133
-21.605098724365234
15.144197463989258
-2.571969509124756
48.8012580871582
5.631728649139404
4.8116135597229
-7.1242265701293945
0.40056872367858887
-20.059892654418945
16.119009017944336
-11.131128311157227
47.66597366333008
-22.75784683227539
16.06005096435547
-2.7649197578430176
50.257442474365234
5.15977144241333
5.2169904708862305
-7.671508312225342
1.3721277713775635
-21.092008590698242
17.219324111938477
-11.831175804138184
49.85228729248047
-23.979949951171875
17.0023136138916
-2.9846994876861572
51.755672454833984
4.632837772369385
5.658986568450928
-8.24685001373291
2.4280688762664795
-22.178237915039062
18.369274139404297
-12.568429946899414
52.13584518432617
-25.276796340942383
17.97248077392578
-3.2325947284698486
53.29949188232422
4.048770904541016
6.139025688171387
-8.851459503173828
3.5719053745269775
-23.321184158325195
19.571165084838867
-13.345288276672363
54.52103042602539
-26.653663635253906
18.97209358215332
-3.5099411010742188
54.8924560546875
3.405163049697876
