2
3
-8.36072063446045
-4.0496039390563965
-6.34367036819458
9.582176208496094
-1.1101040840148926
4.855465888977051
-8.755468368530273
4.239138603210449
-7.7425456047058105
-9.47110366821289
-6.935072422027588
-2.933959722518921
-8.325355529785156
-3.465850353240967
-6.3604044914245605
9.488592147827148
-1.5570995807647705
4.718763828277588
-9.384305953979492
3.3306593894958496
-7.678282737731934
-9.689064025878906
-7.049366474151611
-1.8074216842651367
-8.29098129272461
-2.924081802368164
-6.404404640197754
9.372495651245117
-2.027858257293701
4.495837211608887
-9.957413673400879
2.551724910736084
-7.623859405517578
-9.811278343200684
-7.227165222167969
-0.6362452507019043
-8.256126403808594
-2.427798271179199
-6.486514568328857
9.248373985290527
-2.519981861114502
4.220039367675781
-10.504881858825684
1.8853975534439087
-7.5739288330078125
-9.834040641784668
-7.46839714050293
0.5465580224990845
-8.218742370605469
-1.9838080406188965
-6.625502586364746
9.142924308776855
-3.0242691040039062
3.931034564971924
-11.067978858947754
1.2922022342681885
-7.539462566375732
-9.772951126098633
-7.761207103729248
1.7490681409835815
-8.173236846923828
-1.5818464756011963
-6.84456205368042
9.04845142364502
-3.5246713161468506
3.641343593597412
-11.670247077941895
0.7478972673416138
-7.526359558105469
-9.627564430236816
-8.102699279785156
2.9567372798919678
-8.118544578552246
-1.2090264558792114
-7.143727779388428
8.935848236083984
-4.016613006591797
3.344221830368042
-12.299461364746094
0.24771910905838013
-7.5367112159729
-9.399174690246582
-8.49293041229248
4.154783248901367
-8.055492401123047
-0.8606323003768921
-7.523096561431885
8.799034118652344
-4.502371788024902
3.0357842445373535
-12.933205604553223
-0.21677708625793457
-7.570810794830322
-9.089286804199219
-8.937503814697266
5.32866096496582
-7.987734317779541
-0.5366799831390381
-7.978531837463379
8.640741348266602
-4.982458114624023
2.7166924476623535
-13.566089630126953
-0.6450129151344299
-7.625787258148193
-8.699153900146484
-9.45173168182373
6.4602227210998535
-7.920516490936279
-0.2377592921257019
-8.502240180969238
8.468442916870117
-5.455493927001953
2.3896236419677734
-14.199602127075195
-1.0349810123443604
-7.699640274047852
-8.233803749084473
-10.045232772827148
7.536577224731445
-7.857680320739746
0.03760188817977905
-9.0906400680542
8.292963981628418
-5.919639587402344
2.057570219039917
-14.837654113769531
-1.3845891952514648
-7.79637336730957
-7.7050557136535645
-10.709280014038086
8.560264587402344
-7.802743434906006
0.29326027631759644
-9.741964340209961
8.122665405273438
-6.372865200042725
1.721836805343628
-15.484047889709473
-1.6888347864151
-7.919070720672607
-7.124823570251465
-11.425873756408691
9.536577224731445
-7.763385772705078
0.5274069309234619
-10.441170692443848
7.970926761627197
-6.815207481384277
1.3810994625091553
-16.139514923095703
-1.9383054971694946
-8.066855430603027
-6.500600814819336
-12.179534912109375
10.4635648727417
-7.744117259979248
0.7397833466529846
-11.182239532470703
7.846409320831299
-7.249500751495361
1.0341272354125977
-16.805612564086914
-2.120100498199463
-8.240642547607422
-5.838073253631592
-12.955347061157227
11.337112426757812
-7.750409126281738
0.9279307723045349
-11.953816413879395
7.76122522354126
-7.678910732269287
0.6806341409683228
-17.484512329101562
-2.222486734390259
-8.43956470489502
-5.1422529220581055
-13.747117042541504
12.150728225708008
-7.782261848449707
1.0961856842041016
-12.761432647705078
7.7167816162109375
-8.105754852294922
0.32025155425071716
-18.17903709411621
-2.2379751205444336
-8.663529396057129
-4.4176788330078125
-14.5516996383667
12.897170066833496
-7.8370361328125
1.2492181062698364
-13.618582725524902
7.711678504943848
-8.531892776489258
-0.0444830060005188
-18.892440795898438
-2.159799575805664
-8.910161972045898
-3.6679296493530273
-15.370985984802246
13.570281028747559
-7.912643909454346
1.3919711112976074
-14.5396728515625
7.7428693771362305
-8.958965301513672
-0.4093415141105652
-19.629676818847656
-1.9816479682922363
-9.176029205322266
-2.8977103233337402
-16.210006713867188
14.164353370666504
-8.009910583496094
1.527614712715149
-15.5335111618042
7.811229705810547
-9.389013290405273
-0.7687145471572876
-20.39672088623047
-1.697306513786316
-9.460434913635254
-2.1133861541748047
-17.0759334564209
14.678482055664062
-8.13082504272461
1.658374547958374
-16.60586166381836
7.919168472290039
-9.82381820678711
-1.1168749332427979
-21.19919204711914
-1.3009655475616455
-9.75993824005127
-1.3215101957321167
-17.979103088378906
15.113136291503906
-8.277703285217285
1.786470890045166
-17.76134490966797
8.06903076171875
-10.26465129852295
-1.4482572078704834
-22.04231071472168
-0.787325918674469
-10.071093559265137
-0.5288680791854858
-18.936386108398438
15.472370147705078
-8.452679634094238
1.913517951965332
-19.003725051879883
8.262163162231445
-10.712145805358887
-1.7576453685760498
-22.931577682495117
-0.15175992250442505
-10.390558242797852
0.2566516399383545
-19.967504501342773
15.764862060546875
-8.65782642364502
2.0421204566955566
-20.33763313293457
8.500715255737305
-11.165809631347656
-2.04060959815979
-23.872068405151367
0.6089182496070862
-10.71623706817627
1.0278915166854858
-21.092329025268555
16.002561569213867
-8.894712448120117
2.174999713897705
-21.768795013427734
8.786553382873535
-11.624042510986328
-2.2937276363372803
-24.869722366333008
1.4964227676391602
-11.047881126403809
1.778151035308838
-22.32732391357422
16.198822021484375
-9.163352012634277
2.3150179386138916
-23.30478858947754
9.120736122131348
-12.084685325622559
-2.5132217407226562
-25.93194580078125
2.509129047393799
-11.386998176574707
2.4993293285369873
-23.684314727783203
16.371187210083008
-9.463383674621582
2.4653820991516113
-24.956844329833984
9.504176139831543
-12.545331001281738
-2.6775379180908203
-27.08148956298828
3.6154820919036865
-11.735529899597168
3.1871800422668457
-25.16693878173828
16.529279708862305
-9.794235229492188
2.6303348541259766
-26.73990249633789
9.93896198272705
-12.997926712036133
-2.780463695526123
-28.344160079956055
4.806933403015137
-12.096110343933105
3.839211940765381
-26.771663665771484
16.681188583374023
-10.155458450317383
2.8138363361358643
-28.67026710510254
10.427877426147461
-13.425482749938965
-2.803349018096924
-29.783605575561523
6.0603532791137695
-12.469407081604004
4.454051971435547
-28.503522872924805
16.838911056518555
-10.546112060546875
3.018308162689209
-30.761777877807617
10.975089073181152
-13.812248229980469
-2.723313808441162
-31.469318389892578
7.339804649353027
-12.854303359985352
5.031357765197754
-30.369014739990234
17.015911102294922
-10.967961311340332
3.245147228240967
-33.024410247802734
11.58803939819336
-14.17821979522705
-2.5405430793762207
-33.39793395996094
8.63204574584961
-13.24777889251709
5.571772575378418
-32.37834548950195
17.226306915283203
-11.423019409179688
3.494828701019287
-35.464298248291016
12.274551391601562
-14.545685768127441
-2.2687885761260986
-35.54583740234375
9.944174766540527
-13.648245811462402
6.077667236328125
-34.54595947265625
17.485097885131836
-11.91242790222168
3.767777442932129
-38.0869026184082
13.040502548217773
-14.9290189743042
-1.922980546951294
-37.89725112915039
11.288333892822266
-14.055015563964844
6.552268981933594
-36.89072799682617
17.808881759643555
-12.438334465026855
4.0651655197143555
-40.8961296081543
13.887876510620117
-15.333026885986328
-1.5117673873901367
-40.455848693847656
12.671972274780273
-14.468955039978027
6.999793529510498
-39.43171691894531
18.21189308166504
-13.00342082977295
4.390059471130371
-43.89960479736328
14.818886756896973
-15.761554718017578
-1.0405277013778687
-43.229225158691406
14.100471496582031
-14.89268970489502
7.425992012023926
-42.18716049194336
18.704574584960938
-13.61103343963623
4.7459821701049805
-47.10676956176758
15.835612297058105
-16.218360900878906
-0.5136414766311646
-46.22783279418945
15.579748153686523
-15.32941722869873
7.837963104248047
-45.176578521728516
19.294641494750977
-14.264180183410645
5.13663911819458
-50.53135681152344
16.94158363342285
-16.706924438476562
0.06537610292434692
-49.463966369628906
17.11557388305664
-15.783076286315918
8.24334716796875
-48.41802215576172
19.98709487915039
-14.96468734741211
5.565056800842285
-54.1890869140625
18.14060401916504
-17.230255126953125
0.6938536763191223
-52.951148986816406
18.714496612548828
-16.25788116455078
8.64900016784668
-51.92780685424805
20.78544044494629
-15.712106704711914
6.032334804534912
-58.09812927246094
19.438899993896484
-17.790796279907227
1.3700809478759766
-56.70789337158203
20.383365631103516
-16.758352279663086
9.060898780822754
-55.723731994628906
21.69500160217285
-16.50052261352539
6.53853178024292
-62.27989196777344
20.83900260925293
-18.39088249206543
2.0929529666900635
-60.75566101074219
22.128360748291016
-17.2893009185791
9.484521865844727
-59.82716369628906
22.723918914794922
-17.32406234741211
7.08489990234375
-66.75811004638672
22.34161949157715
-19.033729553222656
2.8619706630706787
-65.1168212890625
23.956865310668945
-17.85523223876953
9.925268173217773
-64.2609634399414
23.880075454711914
