2
3
5.352019786834717
1.3656002283096313
-9.580437660217285
5.630284786224365
1.437584638595581
-7.974760055541992
1.2434437274932861
-9.477518081665039
4.264090538024902
-1.9090430736541748
9.416486740112305
-2.353055238723755
5.093504428863525
1.2031471729278564
-10.0726900100708
5.341643333435059
1.5924286842346191
-7.958422660827637
1.5352948904037476
-9.383988380432129
4.42393159866333
-2.0671913623809814
9.778531074523926
-2.6402266025543213
4.842284202575684
1.0399266481399536
-10.552059173583984
5.052006721496582
1.7462159395217896
-7.946578502655029
1.8276362419128418
-9.29857349395752
4.5865254402160645
-2.2285826206207275
10.143877029418945
-2.933751344680786
4.598297595977783
0.8762203454971313
-11.01921272277832
4.761202812194824
1.8991706371307373
-7.939493179321289
2.12095046043396
-9.221784591674805
4.752242565155029
-2.3936264514923096
10.513117790222168
-3.2341365814208984
4.3621134757995605
0.7118970155715942
-11.474223136901855
4.468526840209961
2.0515778064727783
-7.937346458435059
2.415736198425293
-9.153951644897461
4.921436786651611
-2.5627784729003906
10.886832237243652
-3.54193115234375
4.133986949920654
0.5465463995933533
-11.917104721069336
4.173058032989502
2.2037384510040283
-7.94035530090332
2.712515354156494
-9.095510482788086
5.094492435455322
-2.7365310192108154
11.265680313110352
-3.857731819152832
3.9141201972961426
0.37980782985687256
-12.347818374633789
3.8740062713623047
2.3559603691101074
-7.948834419250488
3.0118727684020996
-9.047085762023926
5.271826267242432
-2.9154064655303955
11.650230407714844
-4.182259559631348
3.702741861343384
0.21129190921783447
-12.766191482543945
3.5705411434173584
2.5085558891296387
-7.9630889892578125
3.3144478797912598
-9.009236335754395
5.453859329223633
-3.0997791290283203
12.041059494018555
-4.515992164611816
3.5001718997955322
0.040081992745399475
-13.171388626098633
3.2614316940307617
2.6617119312286377
-7.98378849029541
3.6212005615234375
-8.982905387878418
5.64093542098999
-3.2900278568267822
12.438583374023438
-4.859274387359619
3.306662082672119
-0.1343035250902176
-13.563145637512207
2.9457387924194336
2.815784454345703
-8.011222839355469
3.932898998260498
-8.968567848205566
5.83349084854126
-3.486766815185547
12.843742370605469
-5.212937831878662
3.1224849224090576
-0.31219804286956787
-13.94114875793457
2.6225898265838623
2.971235752105713
-8.045825958251953
4.25045108795166
-8.967161178588867
6.031896591186523
-3.690586805343628
13.257357597351074
-5.577856063842773
2.9478631019592285
-0.49392056465148926
-14.305148124694824
2.291142702102661
3.128509283065796
-8.088018417358398
4.574771881103516
-8.979490280151367
6.2364349365234375
-3.9020774364471436
13.679965019226074
-5.954825401306152
2.783082962036133
-0.6798760890960693
-14.654463768005371
1.9502861499786377
3.2880382537841797
-8.138189315795898
4.90675687789917
-9.00623607635498
6.447635650634766
-4.121857643127441
14.112801551818848
-6.344690322875977
2.6283140182495117
-0.870409369468689
-14.988828659057617
1.5991257429122925
3.450282096862793
-8.196732521057129
5.247375011444092
-9.048108100891113
6.665961742401123
-4.350533485412598
14.556843757629395
-6.748336315155029
2.4831736087799072
-1.0658867359161377
-15.30826473236084
1.2367587089538574
3.6157262325286865
-8.264181137084961
5.59769344329834
-9.106101989746094
6.891901016235352
-4.588730812072754
15.013091087341309
-7.166741847991943
2.3474225997924805
-1.2667263746261597
-15.612432479858398
0.8621638417243958
3.7848894596099854
-8.341097831726074
5.958863258361816
-9.181292533874512
7.125967025756836
-4.837090015411377
15.482643127441406
-7.600926399230957
2.2211999893188477
-1.4734382629394531
-15.900606155395508
0.4741361141204834
3.9582979679107666
-8.428020477294922
6.332075119018555
-9.274670600891113
7.368681907653809
-5.096266746520996
15.966602325439453
-8.051973342895508
2.104701280593872
-1.686500072479248
-16.172178268432617
0.07162725925445557
4.136529445648193
-8.52562427520752
6.718677520751953
-9.38753890991211
7.620636463165283
-5.366968631744385
16.46626091003418
-8.521136283874512
1.9981056451797485
-1.9064115285873413
-16.426652908325195
-0.3464680314064026
4.320174217224121
-8.634573936462402
7.119953155517578
-9.521096229553223
7.8825249671936035
-5.649989604949951
16.983196258544922
-9.009936332702637
1.901641845703125
-2.133723735809326
-16.66337013244629
-0.7813822031021118
4.50982666015625
-8.755525588989258
7.537170886993408
-9.676589012145996
8.155008316040039
-5.94609260559082
17.5190372467041
-9.519819259643555
1.8154866695404053
-2.3689968585968018
-16.88174057006836
-1.2343233823776245
4.705957412719727
-8.888765335083008
7.971116542816162
-9.85480785369873
8.4387788772583
-6.2560648918151855
18.07543182373047
-10.052309036254883
1.7398338317871094
-2.61279296875
-17.081085205078125
-1.7064954042434692
4.909140586853027
-9.035018920898438
8.423070907592773
-10.057077407836914
8.734551429748535
-6.580711841583252
18.653980255126953
-10.608977317810059
1.674981951713562
-2.865739583969116
-17.260421752929688
-2.199267864227295
5.120008945465088
-9.195052146911621
8.894489288330078
-10.284892082214355
9.043113708496094
-6.920893669128418
19.256452560424805
-11.191529273986816
1.6212000846862793
-3.128480911254883
-17.418954849243164
-2.714040994644165
5.339267253875732
-9.369693756103516
9.387078285217285
-10.539900779724121
9.365327835083008
-7.277527809143066
19.88480567932129
-11.80180549621582
1.5783287286758423
-3.4014413356781006
-17.55683708190918
-3.2518675327301025
5.567628860473633
-9.559764862060547
9.902538299560547
-10.823661804199219
9.70206069946289
-7.651571750640869
20.54099464416504
-12.44176197052002
1.5465930700302124
-3.685354232788086
-17.673171997070312
-3.814232587814331
5.805819988250732
-9.766067504882812
10.44255256652832
-11.137693405151367
10.054232597351074
-8.044039726257324
21.22710609436035
-13.113492965698242
1.5262621641159058
-3.980875015258789
-17.76671028137207
-4.4027628898620605
6.054570198059082
-9.989378929138184
11.00875473022461
-11.483453750610352
10.422786712646484
-8.45596981048584
21.94530487060547
-13.819161415100098
1.5175321102142334
-4.288515090942383
-17.836181640625
-5.019153594970703
6.314727783203125
-10.230656623840332
11.6031494140625
-11.862868309020996
10.80867862701416
-8.888402938842773
22.697816848754883
-14.560953140258789
1.5207165479660034
-4.6091485023498535
-17.880468368530273
-5.665208339691162
6.587213039398193
-10.49095344543457
12.227934837341309
-12.278131484985352
11.212992668151855
-9.342548370361328
23.48713493347168
-15.341413497924805
1.5362151861190796
-4.943714618682861
-17.89807891845703
-6.342825889587402
6.872887134552002
-10.771223068237305
12.885009765625
-12.731130599975586
11.636880874633789
-9.819700241088867
24.3159122467041
-16.163272857666016
1.564380168914795
-5.293199062347412
-17.887666702270508
-7.053959369659424
7.172703742980957
-11.072516441345215
13.576526641845703
-13.223990440368652
12.0814847946167
-10.321182250976562
25.186790466308594
-17.02931785583496
1.6051959991455078
-5.658590793609619
-17.848539352416992
-7.800570487976074
7.487926006317139
-11.396221160888672
14.305224418640137
-13.759322166442871
12.5478515625
-10.848332405090332
26.10260581970215
-17.942564010620117
1.6590343713760376
-6.041043758392334
-17.779287338256836
-8.584854125976562
7.819740295410156
-11.743779182434082
15.073774337768555
-14.339632034301758
13.037168502807617
-11.40262222290039
27.066274642944336
-18.906164169311523
1.7262556552886963
-6.441823959350586
-17.67847442626953
-9.409170150756836
8.169304847717285
-12.116470336914062
15.88489818572998
-14.96750545501709
13.550385475158691
-11.985458374023438
28.08077049255371
-19.923364639282227
1.8073792457580566
-6.862289905548096
-17.544172286987305
-10.27599811553955
8.537976264953613
-12.515850067138672
16.741628646850586
-15.645813941955566
14.088994026184082
-12.59857177734375
29.149625778198242
-20.99793815612793
1.9031462669372559
-7.303919792175293
-17.37391471862793
-11.188023567199707
8.927370071411133
-12.943734169006348
17.6473388671875
-16.3776912689209
14.654548645019531
-13.243764877319336
30.276472091674805
-22.13378143310547
2.0140435695648193
-7.768252849578857
-17.16570472717285
-12.147941589355469
9.338852882385254
-13.401591300964355
18.605140686035156
-17.16613006591797
15.24876594543457
-13.9230375289917
31.465370178222656
-23.335283279418945
2.140561819076538
-8.256941795349121
-16.91754722595215
-13.158575057983398
9.773868560791016
-13.890989303588867
19.618330001831055
-18.01434898376465
15.873274803161621
-14.638397216796875
32.72050094604492
-24.607036590576172
2.283348798751831
-8.771769523620605
-16.627159118652344
-14.222909927368164
10.234038352966309
-14.413614273071289
20.690471649169922
-18.925949096679688
16.529787063598633
-15.391973495483398
34.046302795410156
-25.95396614074707
2.443089008331299
-9.314655303955078
-16.2921142578125
-15.34411907196045
10.72103214263916
-14.971303939819336
21.825328826904297
-19.904756546020508
17.22032356262207
-16.186161041259766
35.44757080078125
-27.38141441345215
