2
3
8.125247955322266
1.0106379985809326
1.1947834491729736
-5.1069746017456055
7.692172050476074
-9.122740745544434
7.243425369262695
-5.746531963348389
-5.716782569885254
-8.066462516784668
-3.1838412284851074
-3.150383234024048
7.918064117431641
0.5411986112594604
0.8311145901679993
-6.038464546203613
7.641785621643066
-9.0537109375
7.042888641357422
-5.5912957191467285
-5.250424385070801
-8.034440040588379
-2.2983322143554688
-3.0860249996185303
7.7168660163879395
0.07254576683044434
0.49146607518196106
-6.963755130767822
7.590221405029297
-8.990339279174805
6.847112655639648
-5.447177410125732
-4.791510105133057
-8.009809494018555
-1.418087124824524
-3.032170534133911
7.522439479827881
-0.3960927426815033
0.17593270540237427
-7.884801864624023
7.537838935852051
-8.933024406433105
6.656671524047852
-5.314946174621582
-4.339582443237305
-7.9926676750183105
-0.542385458946228
-2.9891204833984375
7.335413932800293
-0.8657703399658203
-0.1154855489730835
-8.803786277770996
7.485020160675049
-8.882177352905273
6.472172737121582
-5.195394992828369
-3.8946027755737305
-7.983179569244385
0.32852351665496826
-2.9574103355407715
7.1555609703063965
-1.3378028869628906
-0.3831747770309448
-9.722915649414062
7.43215799331665
-8.838254928588867
6.29424524307251
-5.089397430419922
-3.456500768661499
-7.981611728668213
1.1947600841522217
-2.9378585815429688
6.982919692993164
-1.8135161399841309
-0.6273722648620605
-10.644495010375977
7.379632472991943
-8.801774978637695
6.123586177825928
-4.997891902923584
-3.025311231613159
-7.988370418548584
2.0561444759368896
-2.931426525115967
6.81825590133667
-2.2942118644714355
-0.8479647636413574
-11.571002960205078
7.327850818634033
-8.77330493927002
5.960939884185791
-4.921928882598877
-2.601346492767334
-8.004170417785645
2.911736488342285
-2.939857006072998
6.662293910980225
-2.7812421321868896
-1.0446789264678955
-12.505087852478027
7.277220726013184
-8.753467559814453
5.807109355926514
-4.862637519836426
-2.1839451789855957
-8.029532432556152
3.7618472576141357
-2.9644343852996826
6.515594005584717
-3.2758798599243164
-1.2173675298690796
-13.449440002441406
7.228159427642822
-8.742913246154785
5.66291618347168
-4.82118034362793
-1.7723019123077393
-8.06497859954834
4.607373237609863
-3.0063440799713135
6.378671169281006
-3.779355525970459
-1.365777850151062
-14.407012939453125
7.18108606338501
-8.742316246032715
5.529183387756348
-4.798776149749756
-1.3655166625976562
-8.110995292663574
5.449723243713379
-3.066547155380249
6.2516865730285645
-4.293570518493652
-1.4893550872802734
-15.381111145019531
7.136422634124756
-8.75238037109375
5.40676212310791
-4.796692371368408
-0.962672770023346
-8.168120384216309
6.290323257446289
-3.1461079120635986
6.135030746459961
-4.8202667236328125
-1.5873621702194214
-16.375476837158203
7.094627857208252
-8.773850440979004
5.296577453613281
-4.816263198852539
-0.5628238916397095
-8.236980438232422
7.130675315856934
-3.2462868690490723
6.028937816619873
-5.360952377319336
-1.659345030784607
-17.393735885620117
7.056197643280029
-8.807557106018066
5.19972562789917
-4.8590006828308105
-0.16496172547340393
-8.318235397338867
7.972386360168457
-3.3683438301086426
5.933675765991211
-5.917234897613525
-1.7046586275100708
-18.439912796020508
7.021688938140869
-8.854393005371094
5.117401123046875
-4.926539421081543
0.23194977641105652
-8.412603378295898
8.817127227783203
-3.513653039932251
5.848899841308594
-6.491927623748779
-1.7220978736877441
-19.5185546875
6.991748809814453
-8.915297508239746
5.051010608673096
-5.020590782165527
0.6289881467819214
-8.520909309387207
9.666685104370117
-3.6838126182556152
5.774874210357666
-7.087828159332275
-1.7100825309753418
-20.636133193969727
6.966940879821777
-8.991182327270508
5.001864433288574
-5.142761707305908
1.0274229049682617
-8.644309043884277
10.523200988769531
-3.880805730819702
5.711948871612549
-7.707112789154053
-1.6672357320785522
-21.797563552856445
6.947912216186523
-9.08313274383545
4.971563339233398
-5.2950592041015625
1.4285985231399536
-8.783753395080566
11.388740539550781
-4.106563091278076
5.660606384277344
-8.352066993713379
-1.591849684715271
-23.007980346679688
6.93556022644043
-9.192415237426758
4.9619526863098145
-5.479611396789551
1.8345006704330444
-8.940752029418945
12.265974044799805
-4.363601207733154
5.621432781219482
-9.024977684020996
-1.4818530082702637
-24.272361755371094
6.9308600425720215
-9.320494651794434
4.975202560424805
-5.698939323425293
2.246649742126465
-9.116052627563477
13.157203674316406
-4.654122352600098
5.594820499420166
-9.72757339477539
-1.3354183435440063
-25.594022750854492
6.934171676635742
-9.46859359741211
5.012628078460693
-5.955235958099365
2.666329860687256
-9.310591697692871
14.064455032348633
-4.980161666870117
5.5817365646362305
-10.46115779876709
-1.1506046056747437
-26.975976943969727
6.945899963378906
-9.6375732421875
5.075186729431152
-6.250049114227295
3.094822883605957
-9.525497436523438
14.989747047424316
-5.343850135803223
5.58306884765625
-11.226436614990234
-0.9250032901763916
-28.41998863220215
6.9663519859313965
-9.827933311462402
5.163913249969482
-6.584912300109863
3.5333447456359863
-9.76203727722168
15.93518352508545
-5.747531890869141
5.599825382232666
-12.025226593017578
-0.6561036109924316
-29.930185317993164
6.995945453643799
-10.040877342224121
5.280384063720703
-6.962264060974121
3.983386278152466
-10.021634101867676
16.90326499938965
-6.193916320800781
5.63295316696167
-12.859156608581543
-0.3412970304489136
-31.510011672973633
7.035332679748535
-10.277682304382324
5.4263916015625
-7.3846869468688965
4.446493148803711
-10.305804252624512
17.896635055541992
-6.685938358306885
5.683860778808594
-13.7293119430542
0.022261500358581543
-33.162113189697266
7.085500240325928
-10.53989315032959
5.604240417480469
-7.85528039932251
4.923970699310303
-10.616042137145996
18.916757583618164
-7.226479530334473
5.754064559936523
-14.637157440185547
0.43751537799835205
-34.890708923339844
7.147255897521973
-10.82894229888916
5.815999984741211
-8.376856803894043
5.416878700256348
-10.953797340393066
19.964767456054688
-7.818511486053467
5.844898700714111
-15.585063934326172
0.9081130027770996
-36.70130920410156
7.221649169921875
-11.14639949798584
6.064133644104004
-8.952594757080078
5.926266670227051
-11.320672035217285
21.04258155822754
-8.465478897094727
5.957893371582031
-16.575794219970703
1.4383955001831055
-38.59999465942383
7.309629917144775
-11.49388313293457
6.351012229919434
-9.585693359375
6.452870845794678
-11.718182563781738
22.15166473388672
-9.17067813873291
6.094725131988525
-17.612394332885742
2.03312349319458
-40.593502044677734
7.412185192108154
-11.872965812683105
6.678992748260498
-10.279322624206543
6.997525215148926
-12.147871017456055
23.293333053588867
-9.937713623046875
6.257227897644043
-18.698118209838867
2.69748592376709
-42.68907165527344
7.530436038970947
-12.285357475280762
7.050703048706055
-11.036959648132324
7.561519622802734
-12.611563682556152
24.469928741455078
-10.770591735839844
6.447399616241455
-19.8363094329834
3.437126398086548
-44.89424133300781
7.665572166442871
-12.732809066772461
7.468932628631592
-11.862186431884766
8.146169662475586
-13.111250877380371
25.68410301208496
-11.673362731933594
6.667462348937988
-21.03061294555664
4.258212089538574
-47.21725845336914
7.818767070770264
-13.21660327911377
7.936087131500244
-12.757837295532227
8.752418518066406
-13.648391723632812
26.93720054626465
-12.64928913116455
6.919823169708252
-22.284709930419922
5.167154312133789
-49.66691970825195
7.991400718688965
-13.738531112670898
8.455219268798828
-13.727476119995117
9.381972312927246
-14.225156784057617
28.23288345336914
-13.702625274658203
7.207109451293945
-23.602567672729492
6.170886039733887
-52.25283432006836
8.185014724731445
-14.30064582824707
9.02990436553955
-14.775310516357422
10.03669548034668
-14.843862533569336
29.57527732849121
-14.838038444519043
7.532199859619141
-24.98853874206543
7.277146339416504
-54.98530960083008
8.401248931884766
-14.905084609985352
9.664227485656738
-15.905980110168457
10.718478202819824
-15.506916046142578
30.968313217163086
-16.06039810180664
7.898231506347656
-26.44721221923828
8.494336128234863
-57.87529754638672
8.641767501831055
-15.554020881652832
10.362204551696777
-17.124187469482422
11.429281234741211
-16.216846466064453
32.41615295410156
-17.374832153320312
8.308792114257812
-27.983844757080078
9.831931114196777
-60.93600082397461
8.908329963684082
-16.249732971191406
11.128087043762207
-18.43489646911621
12.171149253845215
-16.97633934020996
33.92329788208008
-18.786762237548828
8.7676420211792
-29.60407829284668
11.30013370513916
-64.18138122558594
9.202810287475586
-16.99464988708496
11.96643352508545
-19.843456268310547
12.946170806884766
-17.788232803344727
35.494537353515625
-20.301925659179688
9.278650283813477
-31.314382553100586
12.910022735595703
-67.62716674804688
9.52719783782959
-17.79118537902832
12.88189697265625
-21.355430603027344
13.75651741027832
-18.655506134033203
37.13488006591797
-21.926279067993164
