2
3
6.9984540939331055
4.129571914672852
-2.848172426223755
4.4644622802734375
7.6427412033081055
-2.151766061782837
2.547495126724243
1.9700552225112915
-3.3608360290527344
-9.421403884887695
-6.508910655975342
-1.211410403251648
6.775463581085205
3.782219171524048
-3.2498512268066406
3.7836227416992188
7.461356163024902
-2.1357524394989014
2.1351637840270996
1.9958866834640503
-3.0706582069396973
-9.031288146972656
-6.110772132873535
-0.5127028226852417
6.5531158447265625
3.446333885192871
-3.644782781600952
3.1302850246429443
7.280198574066162
-2.1165263652801514
1.7256181240081787
2.0275769233703613
-2.789822578430176
-8.647144317626953
-5.725035667419434
0.17899221181869507
6.331679821014404
3.1224210262298584
-4.033816337585449
2.504605531692505
7.0992913246154785
-2.0941057205200195
1.3186907768249512
2.0651562213897705
-2.5184009075164795
-8.268988609313965
-5.352254867553711
0.8632146120071411
6.111405849456787
2.810673713684082
-4.417794704437256
1.9058681726455688
6.918526649475098
-2.0685348510742188
0.9139962792396545
2.1085917949676514
-2.256556987762451
-7.896622657775879
-4.992488384246826
1.5403239727020264
5.8926777839660645
2.511282444000244
-4.797359943389893
1.3335018157958984
6.737840175628662
-2.0398223400115967
0.5111938118934631
2.1578731536865234
-2.0046615600585938
-7.530010223388672
-4.646353721618652
2.2101032733917236
5.676304340362549
2.2244296073913574
-5.172929286956787
0.7867584228515625
6.557278156280518
-2.0079336166381836
0.11016690731048584
2.21309757232666
-1.7628284692764282
-7.169034957885742
-4.314089775085449
2.872451066970825
5.462954521179199
1.9502689838409424
-5.545226097106934
0.26482826471328735
6.376861095428467
-1.9728268384933472
-0.2892743945121765
2.2743568420410156
-1.531197428703308
-6.813591480255127
-3.99617075920105
3.5271120071411133
5.252584934234619
1.6890032291412354
-5.915488243103027
-0.23276913166046143
6.196444034576416
-1.9345006942749023
-0.6876101493835449
2.3416409492492676
-1.309840440750122
-6.463531494140625
-3.6928517818450928
4.17392110824585
5.044978141784668
1.4405925273895264
-6.28490686416626
-0.7068741917610168
6.015993595123291
-1.8928707838058472
-1.0851385593414307
2.415111780166626
-1.098805546760559
-6.118629455566406
-3.4045634269714355
4.812885284423828
4.839639663696289
1.205003023147583
-6.654799461364746
-1.1581737995147705
5.835526466369629
-1.8477697372436523
-1.4821357727050781
2.495076894760132
-0.8981488943099976
-5.778641700744629
-3.1323020458221436
5.4439377784729
4.636010646820068
0.9818494915962219
-7.0264153480529785
-1.5875457525253296
5.655025005340576
-1.7989704608917236
-1.878901481628418
2.581998109817505
-0.707895040512085
-5.443182468414307
-2.876722812652588
6.067358016967773
4.433026313781738
0.77040696144104
-7.4009857177734375
-1.996150016784668
5.474361419677734
-1.7463337182998657
-2.2759101390838623
2.6761491298675537
-0.52802574634552
-5.111812591552734
-2.6382477283477783
6.683554649353027
4.230205059051514
0.5702614784240723
-7.779557704925537
-2.3851263523101807
5.293363571166992
-1.6897318363189697
-2.6737101078033447
2.7777721881866455
-0.35764122009277344
-4.784165382385254
-2.416842460632324
7.292738437652588
4.027214050292969
0.38096925616264343
-8.163093566894531
-2.7554550170898438
5.111830711364746
-1.6290377378463745
-3.072814464569092
2.8871471881866455
-0.1967972368001938
-4.459846496582031
-2.213188648223877
7.895416736602783
3.823697090148926
0.20208808779716492
-8.55262279510498
-3.1080572605133057
4.929548263549805
-1.5641452074050903
-3.473806858062744
3.0044679641723633
-0.04604068398475647
-4.138232707977295
-2.0283303260803223
8.492585182189941
3.6192939281463623
0.033192455768585205
-8.949190139770508
-3.4437918663024902
4.746268272399902
-1.4949671030044556
-3.8773980140686035
3.129844903945923
0.0945959985256195
-3.8189873695373535
-1.8624098300933838
9.084859848022461
3.4136605262756348
-0.12609905004501343
-9.353813171386719
-3.763381242752075
4.561723709106445
-1.4213941097259521
-4.284306049346924
3.263460636138916
0.22511732578277588
-3.501805543899536
-1.7155125141143799
9.672815322875977
3.2056632041931152
-0.2763846218585968
-9.76766300201416
-4.06744384765625
4.375634670257568
-1.3433263301849365
-4.695265769958496
3.405468702316284
0.3454589247703552
-3.186300277709961
-1.5879058837890625
10.257221221923828
2.994727373123169
-0.41810548305511475
-10.191645622253418
-4.356502056121826
4.187689304351807
-1.2606439590454102
-5.111067295074463
3.556093215942383
0.4554605484008789
-2.871995687484741
-1.4801130294799805
10.839095115661621
2.7804317474365234
-0.5516033172607422
-10.626747131347656
-4.630997657775879
3.9975578784942627
-1.1732213497161865
-5.532567024230957
3.715550422668457
0.5550552606582642
-2.5584945678710938
-1.3924027681350708
11.419214248657227
2.562368631362915
-0.677155613899231
-11.07396411895752
-4.891261577606201
3.8048813343048096
-1.0809028148651123
-5.960665702819824
3.8841025829315186
0.6441673636436462
-2.2453277111053467
-1.3251166343688965
11.998544692993164
2.340163230895996
-0.7949661016464233
-11.534207344055176
-5.137484550476074
3.6093227863311768
-0.9835748076438904
-6.396212577819824
4.061923503875732
0.7227892875671387
-1.9313563108444214
-1.2789251804351807
12.578176498413086
2.113436222076416
-0.9051492810249329
-12.008347511291504
-5.369696140289307
3.4105141162872314
-0.881070613861084
-6.840139865875244
4.249318599700928
0.7911196351051331
-1.615201473236084
-1.2545920610427856
13.15918254852295
1.8819994926452637
-1.00766921043396
-12.497193336486816
-5.587744235992432
3.2081587314605713
-0.7732331156730652
-7.2932939529418945
4.446557521820068
0.8493068218231201
-1.2963371276855469
-1.2524837255477905
13.742198944091797
1.6456854343414307
-1.1024316549301147
-13.001313209533691
-5.791313648223877
3.001791000366211
-0.6598461866378784
-7.756563186645508
4.653871536254883
0.8974290490150452
-0.9744181036949158
-1.2729222774505615
14.327738761901855
1.4046380519866943
-1.1890023946762085
-13.520780563354492
-5.9797563552856445
2.7910730838775635
-0.5409919619560242
-8.230691909790039
4.871432781219482
0.935583233833313
-0.6501376628875732
-1.316037893295288
14.91551399230957
1.1591880321502686
-1.2668436765670776
-14.055356979370117
-6.152197360992432
2.5758039951324463
-0.4167698621749878
-8.716314315795898
5.099370956420898
0.9638552069664001
-0.32448673248291016
-1.3816407918930054
15.504103660583496
0.9093538522720337
-1.335533857345581
-14.604689598083496
-6.307631015777588
2.355772018432617
-0.28710687160491943
-9.214119911193848
5.337902069091797
0.982272744178772
0.0020196735858917236
-1.4699231386184692
16.09223747253418
0.6554969549179077
-1.394533395767212
-15.169050216674805
-6.445373058319092
2.1308364868164062
-0.15196169912815094
-9.724730491638184
5.5872626304626465
0.9907103180885315
0.32874614000320435
-1.5809669494628906
16.678661346435547
0.39764198660850525
-1.4434499740600586
-15.749124526977539
-6.5649237632751465
1.9007779359817505
-0.011204361915588379
-10.248826026916504
5.847772598266602
0.9890375137329102
0.6554903388023376
-1.7150561809539795
17.26289176940918
0.13552463054656982
-1.4820235967636108
-16.345703125
-6.665844917297363
1.6653633117675781
0.13531415164470673
-10.787095069885254
6.119802474975586
0.9769847393035889
0.9817628264427185
-1.8723974227905273
17.844032287597656
-0.13122841715812683
-1.5100411176681519
-16.959850311279297
-6.747861862182617
1.4244189262390137
0.2877333164215088
-11.340168952941895
6.403698444366455
0.9543083906173706
1.3071398735046387
-2.0532164573669434
18.421199798583984
-0.4028818607330322
-1.5272573232650757
-17.592403411865234
-6.810589790344238
1.1778653860092163
0.44620761275291443
-11.908501625061035
6.699828147888184
0.9208374619483948
1.6316006183624268
-2.2579128742218018
18.99420738220215
-0.6797522306442261
-1.5334393978118896
-18.2442569732666
-6.853679180145264
0.9256025552749634
0.610798716545105
-12.49240779876709
7.008420944213867
0.8763534426689148
1.955102801322937
-2.486798048019409
19.562997817993164
-0.9621376991271973
-1.528354525566101
-18.91629409790039
-6.876779556274414
0.6674640774726868
0.7816590070724487
-13.092412948608398
7.329852104187012
0.8205464482307434
2.2777624130249023
-2.7402424812316895
20.12813377380371
-1.2503645420074463
-1.5117853879928589
-19.60951042175293
-6.879606246948242
0.4032403826713562
0.958960771560669
-13.709149360656738
7.66452693939209
0.7532079219818115
2.599809169769287
-3.0186877250671387
20.69010353088379
-1.5447781085968018
-1.483524203300476
-20.324874877929688
-6.861911773681641
0.13271591067314148
1.1428756713867188
-14.34326457977295
8.012894630432129
0.674102246761322
2.9213483333587646
-3.3224682807922363
21.24925994873047
-1.8456525802612305
-1.4433348178863525
-21.063222885131836
-6.823319911956787
-0.14433538913726807
1.3335856199264526
-14.995428085327148
8.375443458557129
0.5830129384994507
3.242550849914551
-3.651918411254883
21.80605697631836
-2.1532559394836426
-1.3909822702407837
-21.82537841796875
-6.76345157623291
-0.42810940742492676
1.5312609672546387
-15.666268348693848
8.752645492553711
0.47975996136665344
3.5637478828430176
-4.007418632507324
22.361236572265625
