2
3
-4.919217109680176
-6.330460071563721
0.8722548484802246
-0.43289899826049805
-1.1690068244934082
3.2336413860321045
3.948580026626587
2.2530252933502197
8.67293930053711
5.722127914428711
4.237403869628906
2.5466713905334473
-4.562344551086426
-5.913860321044922
1.4107680320739746
0.33260321617126465
-0.9826860427856445
3.062131404876709
4.363565921783447
1.9534995555877686
8.367795944213867
5.5016279220581055
3.5317184925079346
2.0764212608337402
-4.212124347686768
-5.505144119262695
1.9428092241287231
1.084102749824524
-0.7948199510574341
2.900144100189209
4.781833171844482
1.6707897186279297
8.061793327331543
5.2835540771484375
2.8444273471832275
1.618253469467163
-3.868950843811035
-5.106417655944824
2.4684486389160156
1.8204470872879028
-0.605299711227417
2.747147798538208
5.202953338623047
1.4035040140151978
7.7559380531311035
5.068337917327881
2.175976037979126
1.1723284721374512
-3.5325429439544678
-4.7171220779418945
2.9878063201904297
2.5424184799194336
-0.414071649312973
2.6025779247283936
5.626879692077637
1.1505228281021118
7.451319694519043
4.856389999389648
1.526808738708496
0.7387441992759705
-3.202934503555298
-4.336757183074951
3.5005462169647217
3.2506961822509766
-0.22104139626026154
2.4659719467163086
6.053514003753662
0.9107656478881836
7.148941993713379
4.648121356964111
0.897148847579956
0.3176324963569641
-2.880246877670288
-3.964895248413086
4.0065507888793945
3.945749282836914
-0.026016101241111755
2.3370165824890137
6.482897758483887
0.6832704544067383
6.849850654602051
4.443880081176758
0.2872840166091919
-0.09110793471336365
-2.563899278640747
-3.601071357727051
4.50608491897583
4.627877712249756
0.17104308307170868
2.2151544094085693
6.915109634399414
0.4670393466949463
6.555312156677246
4.244211673736572
-0.3021620512008667
-0.4873245656490326
-2.2532589435577393
-3.2448205947875977
4.999452590942383
5.297372817993164
0.3704797625541687
2.0999739170074463
7.3504791259765625
0.26144230365753174
6.267321586608887
4.049964904785156
-0.8688770532608032
-0.870018720626831
-1.9467332363128662
-2.8952677249908447
5.487170219421387
5.954570293426514
0.5725671648979187
1.9910249710083008
7.789394855499268
0.06593906879425049
5.986757755279541
3.8611385822296143
-1.4125518798828125
-1.2397313117980957
-1.6441534757614136
-2.5522475242614746
5.969604969024658
6.599755764007568
0.7776660919189453
1.887718677520752
8.232340812683105
-0.12028266489505768
5.714148998260498
3.677640438079834
-1.9336941242218018
-1.597205400466919
-1.3453292846679688
-2.215603828430176
6.447175979614258
7.233203887939453
0.9861125946044922
1.7895143032073975
8.679763793945312
-0.29791563749313354
5.450008392333984
3.4993643760681152
-2.4327733516693115
-1.9431421756744385
-1.049938678741455
-1.8851044178009033
6.9203362464904785
7.855189323425293
1.1983431577682495
1.695915937423706
9.132162094116211
-0.46760326623916626
5.194796085357666
3.3262529373168945
-2.9103384017944336
-2.278228282928467
-0.7573255300521851
-1.5602655410766602
7.389542579650879
8.466019630432129
1.4152979850769043
1.606544852256775
9.590235710144043
-0.6299847960472107
4.948953151702881
3.1581921577453613
-3.3669326305389404
-2.6031999588012695
-0.46695631742477417
-1.2407313585281372
7.855295658111572
9.065948486328125
1.6373841762542725
1.5208905935287476
10.05449104309082
-0.7856518030166626
4.712791919708252
2.9949162006378174
-3.8030612468719482
-2.918867826461792
-0.17830196022987366
-0.9261784553527832
8.318115234375
9.655181884765625
1.8650528192520142
1.4384487867355347
10.525596618652344
-0.9352160096168518
4.486296653747559
2.8359315395355225
-4.219234466552734
-3.2261219024658203
0.11006686091423035
-0.6155561208724976
8.778429985046387
10.234029769897461
2.0987226963043213
1.3587260246276855
11.004218101501465
-1.0793074369430542
4.269812107086182
2.6810481548309326
-4.615927219390869
-3.5257411003112793
0.39924123883247375
-0.3081204891204834
9.236686706542969
10.802693367004395
2.3388946056365967
1.2813053131103516
11.491045951843262
-1.21842360496521
4.063465118408203
2.5299649238586426
-4.993592739105225
-3.818511724472046
0.6900372505187988
-0.0033825337886810303
9.693341255187988
11.36125659942627
2.58614182472229
1.2058157920837402
11.986872673034668
-1.3529993295669556
3.8673548698425293
2.3823788166046143
-5.352629661560059
-4.105195045471191
0.9831815958023071
0.2990674078464508
10.14883804321289
11.909757614135742
2.8411035537719727
1.1319012641906738
12.492776870727539
-1.4835736751556396
3.681572914123535
2.237982988357544
-5.693367958068848
-4.386528968811035
1.2793762683868408
0.5996612310409546
10.603708267211914
12.448419570922852
3.1043202877044678
1.0592247247695923
13.009733200073242
-1.6105821132659912
3.5056684017181396
2.0961432456970215
-6.016116619110107
-4.663312911987305
1.5793486833572388
0.898766815662384
11.058642387390137
12.97753620147705
3.3763010501861572
0.9874812364578247
13.538520812988281
-1.7344231605529785
3.339484691619873
1.956403136253357
-6.321043968200684
-4.936252593994141
1.8835477828979492
1.196070671081543
11.514127731323242
13.496870040893555
3.6568222045898438
0.9167674779891968
14.07854175567627
-1.8550715446472168
3.1831042766571045
1.8183914422988892
-6.607990741729736
-5.205944061279297
2.1921472549438477
1.490836501121521
11.970523834228516
14.005706787109375
3.9457480907440186
0.8471745252609253
14.629167556762695
-1.9723726511001587
3.0365829467773438
1.6817632913589478
-6.876786708831787
-5.472936630249023
2.5053505897521973
1.7827270030975342
12.428424835205078
14.503747940063477
4.242983341217041
0.7786753177642822
15.189867973327637
-2.0863850116729736
2.9002034664154053
1.5462476015090942
-7.126559734344482
-5.7375102043151855
2.822556972503662
2.070199489593506
12.887908935546875
14.989404678344727
4.548408031463623
0.711105227470398
15.760777473449707
-2.1973392963409424
2.7747554779052734
1.41216242313385
-7.3557233810424805
-5.999138355255127
3.1431217193603516
2.3517160415649414
13.347640037536621
15.459366798400879
4.862068176269531
0.6442522406578064
16.34218978881836
-2.305636167526245
2.6607728004455566
1.2798144817352295
-7.562592029571533
-6.256929397583008
3.4665684700012207
2.6262264251708984
13.806661605834961
15.911294937133789
5.183902263641357
0.5779187083244324
16.934362411499023
-2.411630868911743
2.5592503547668457
1.1494728326797485
-7.745545387268066
-6.510365009307861
3.792647361755371
2.8930320739746094
14.264863967895508
16.34395980834961
5.514198303222656
0.5118435621261597
17.538074493408203
-2.5158467292785645
2.4704060554504395
1.0209736824035645
-7.903913497924805
-6.759613037109375
4.1210784912109375
3.1514461040496826
14.722234725952148
16.756166458129883
5.853302478790283
0.4457845687866211
18.153799057006836
-2.6187658309936523
2.3944456577301025
0.8941004276275635
-8.037031173706055
-7.004948139190674
4.451866626739502
3.401089668273926
15.179061889648438
17.14734649658203
6.201567649841309
0.3794783353805542
18.78213882446289
-2.7209017276763916
2.33162260055542
0.7686407566070557
-8.144062995910645
-7.246596336364746
4.785061836242676
3.6416025161743164
15.635603904724121
17.51691246032715
6.559320449829102
0.3126662075519562
19.423616409301758
-2.822741985321045
2.2821435928344727
0.6442947387695312
-8.224416732788086
-7.485041618347168
5.1207780838012695
3.8727035522460938
16.0924072265625
17.864543914794922
6.926868915557861
0.24505078792572021
20.07883644104004
-2.9248318672180176
2.246293306350708
0.5207522511482239
-8.277645111083984
-7.720870494842529
5.459476470947266
4.094327449798584
16.549739837646484
18.18958282470703
7.304603099822998
0.17631743848323822
20.748519897460938
-3.0277516841888428
2.224212408065796
0.3975997567176819
-8.303619384765625
-7.954975128173828
5.801047325134277
4.3060688972473145
17.008495330810547
18.492036819458008
7.69302225112915
0.10613461583852768
21.433692932128906
-3.1321189403533936
2.2160754203796387
0.2744576334953308
-8.301904678344727
-8.188007354736328
6.145715713500977
4.50775671005249
17.469440460205078
18.77178382873535
8.092567443847656
0.03418152779340744
22.13503646850586
-3.2385406494140625
2.222069263458252
0.15095558762550354
-8.27210807800293
-8.420618057250977
6.493858337402344
4.699310302734375
17.933237075805664
19.028566360473633
8.503752708435059
-0.03989557921886444
22.85358238220215
-3.3477072715759277
2.2422494888305664
0.02667730301618576
-8.213019371032715
-8.652913093566895
6.846080303192139
4.8808135986328125
18.400405883789062
19.26197624206543
8.927075386047363
-0.11645826697349548
23.59012222290039
-3.4602999687194824
2.2768821716308594
-0.09869561344385147
-8.123800277709961
-8.885275840759277
7.2025980949401855
5.052109718322754
18.87199592590332
19.47211265563965
9.36306381225586
-0.19587790966033936
24.34549331665039
-3.5770151615142822
2.326401472091675
-0.22542208433151245
-8.004083633422852
-9.118478775024414
7.563643932342529
5.213029384613037
19.349109649658203
19.659055709838867
9.812281608581543
-0.278533399105072
25.120567321777344
-3.6985700130462646
2.391098737716675
-0.3538626432418823
-7.853057861328125
-9.35302734375
