2
3
-0.41883671283721924
8.677031517028809
5.494900703430176
-2.9403293132781982
7.152759075164795
-0.7747703790664673
6.339045524597168
-3.7550368309020996
2.3066091537475586
3.456207275390625
-2.1945555210113525
-2.893444061279297
0.03522723913192749
8.345300674438477
6.04635763168335
-3.761998176574707
7.308259010314941
-0.6605050563812256
5.52297306060791
-3.217860221862793
1.968477487564087
3.5145058631896973
-1.9265868663787842
-2.9794766902923584
0.518398106098175
7.953104496002197
6.521003246307373
-4.502073764801025
7.381739616394043
-0.4695815145969391
4.738303184509277
-2.7302451133728027
1.662419080734253
3.564303159713745
-1.5928490161895752
-3.0802602767944336
1.0197886228561401
7.512085914611816
6.931129455566406
-5.165671348571777
7.38372802734375
-0.22291132807731628
3.9927268028259277
-2.2924530506134033
1.3888791799545288
3.6065587997436523
-1.1727465391159058
-3.2115509510040283
1.5317155122756958
7.033212184906006
7.286917209625244
-5.7592949867248535
7.318020820617676
0.06692972779273987
3.3030741214752197
-1.908652663230896
1.153440237045288
3.6413071155548096
-0.6634418964385986
-3.381016492843628
2.047454595565796
6.526706695556641
7.599423408508301
-6.289070129394531
7.191530704498291
0.38883331418037415
2.6780714988708496
-1.581371784210205
0.9661666750907898
3.665569543838501
-0.07446169853210449
-3.592261552810669
2.5634005069732666
6.000039577484131
7.872332572937012
-6.756925106048584
7.013180255889893
0.7333561778068542
2.121969223022461
-1.3134865760803223
0.8385425806045532
3.674769639968872
0.579913854598999
-3.8461174964904785
3.0780458450317383
5.460036754608154
8.103130340576172
-7.162446975708008
6.7911057472229
1.0931192636489868
1.6383315324783325
-1.1091538667678833
0.7810553312301636
3.663060426712036
1.2797229290008545
-4.139150619506836
3.5902833938598633
4.912156581878662
8.286249160766602
-7.50297212600708
6.532752513885498
1.4615559577941895
1.233385682106018
-0.9741268157958984
0.7961995601654053
3.6266305446624756
2.00494122505188
-4.4634294509887695
4.098156929016113
4.36140775680542
8.413302421569824
-7.7742719650268555
6.2455949783325195
1.8323038816452026
0.9137939214706421
-0.9155215620994568
0.8775424361228943
3.5642342567443848
2.743262767791748
-4.80971097946167
4.597420692443848
3.814258337020874
8.479057312011719
-7.975024700164795
5.937236785888672
2.1992340087890625
0.6869531869888306
-0.9401504993438721
1.0189650058746338
3.4722814559936523
3.483588218688965
-5.168305397033691
5.082387447357178
3.2785496711730957
8.481075286865234
-8.10662841796875
5.614546775817871
2.5574493408203125
0.5580524206161499
-1.0531187057495117
1.2155085802078247
3.3474624156951904
4.214030742645264
-5.528579235076904
5.546027660369873
2.763291597366333
8.422266960144043
-8.174683570861816
5.286596775054932
2.9014103412628174
0.5293130278587341
-1.2591458559036255
1.4631149768829346
3.1879167556762695
4.922049522399902
-5.880311489105225
5.9789042472839355
2.2809762954711914
8.311260223388672
-8.19074535369873
4.961411476135254
3.224374294281006
0.603725790977478
-1.5591435432434082
1.7582670450210571
2.994529962539673
5.591188430786133
-6.214406490325928
6.371535301208496
1.8416166305541992
8.168394088745117
-8.16982364654541
4.646856307983398
3.519411563873291
0.781266450881958
-1.9500958919525146
2.096468448638916
2.7696356773376465
6.203234672546387
-6.521601676940918
6.718813896179199
1.4497344493865967
8.013608932495117
-8.127260208129883
4.3507280349731445
3.779972553253174
1.0598957538604736
-2.4259536266326904
2.4710919857025146
2.5178780555725098
6.745517253875732
-6.795989513397217
7.017416954040527
1.1076571941375732
7.86763334274292
-8.080028533935547
4.080484390258789
3.9996299743652344
1.4376859664916992
-2.9781224727630615
2.873333692550659
2.246004819869995
7.211857318878174
-7.037679195404053
7.266181468963623
0.816110372543335
7.7515764236450195
-8.04877758026123
3.84281325340271
4.171881675720215
1.9116301536560059
-3.594982385635376
3.2906835079193115
1.9651867151260376
7.6120171546936035
-7.256351947784424
7.465051174163818
0.5758436322212219
7.684432029724121
-8.054178237915039
3.64316987991333
4.290870189666748
2.476994514465332
-4.262754917144775
3.7099525928497314
1.6872119903564453
7.965145587921143
-7.466671466827393
7.618986129760742
0.38153913617134094
7.679476737976074
-8.11095905303955
3.486567974090576
4.352302551269531
3.126774311065674
-4.967428684234619
4.119714260101318
1.4212853908538818
8.293560028076172
-7.685554504394531
7.7354583740234375
0.22464080154895782
7.7431135177612305
-8.226683616638184
3.376375675201416
4.355331897735596
3.852839231491089
-5.699479579925537
4.51096248626709
1.174443244934082
8.621882438659668
-7.93088436126709
7.823091506958008
0.0954294502735138
7.875272750854492
-8.402502059936523
3.314160108566284
4.301843643188477
4.647155284881592
-6.453141689300537
4.878626823425293
0.9493510127067566
8.9716157913208
-8.216448783874512
7.890082836151123
-0.015302717685699463
8.069392204284668
-8.633960723876953
3.3003625869750977
4.195120811462402
5.502590179443359
-7.224654197692871
5.222968578338623
0.7433919310569763
9.355087280273438
-8.549909591674805
7.941770076751709
-0.11380577087402344
8.328073501586914
-8.923048973083496
3.3347384929656982
4.0390496253967285
6.413544654846191
-8.012434005737305
5.546669006347656
0.5518877506256104
9.77827262878418
-8.933856010437012
7.982901096343994
-0.20526009798049927
8.65003490447998
-9.267166137695312
3.416877031326294
3.8374087810516357
7.373932838439941
-8.814946174621582
5.854856967926025
0.369363009929657
10.233064651489258
-9.362817764282227
8.017998695373535
-0.2937895953655243
9.035980224609375
-9.665719032287598
3.547396659851074
3.5925896167755127
8.375588417053223
-9.629698753356934
6.149612903594971
0.19301192462444305
10.725049018859863
-9.839065551757812
8.051514625549316
-0.3821006417274475
9.4799222946167
-10.117411613464355
3.727287769317627
3.30604887008667
9.408332824707031
-10.453304290771484
6.432797431945801
0.020316556096076965
11.257568359375
-10.362115859985352
8.086318016052246
-0.47176647186279297
9.984392166137695
-10.624616622924805
3.95585298538208
2.980381965637207
10.465559959411621
-11.285029411315918
6.70595645904541
-0.15049676597118378
11.83956527709961
-10.935943603515625
8.12471866607666
-0.5648981332778931
10.5565824508667
-11.191083908081055
4.229402542114258
2.6205215454101562
11.548047065734863
-12.12897777557373
6.9716362953186035
-0.32254958152770996
12.482746124267578
-11.56568431854248
8.168970108032227
-0.664057731628418
11.204044342041016
-11.82040786743164
4.54355001449585
2.2319116592407227
12.659557342529297
-12.991178512573242
7.232387542724609
-0.4981221854686737
13.195463180541992
-12.254769325256348
8.221475601196289
-0.7721327543258667
11.936019897460938
-12.516677856445312
4.893679141998291
1.8197567462921143
13.805858612060547
-13.878724098205566
7.4911065101623535
-0.6799996495246887
13.986180305480957
-13.007049560546875
8.284526824951172
-0.8920166492462158
12.76235580444336
-13.283987045288086
5.275423526763916
1.3881809711456299
14.994511604309082
-14.799607276916504
7.750484943389893
-0.8710410594940186
14.863659858703613
-13.825958251953125
8.3602294921875
-1.0263153314590454
13.692530632019043
-14.126181602478027
5.684426307678223
0.9405459761619568
16.234697341918945
-15.762516021728516
8.012920379638672
-1.0741891860961914
15.8362455368042
-14.714234352111816
8.450729370117188
-1.1775341033935547
14.736474990844727
-15.047696113586426
6.116948127746582
0.479469358921051
17.536165237426758
-16.7757568359375
8.280949592590332
-1.292198896408081
16.91309356689453
-15.675514221191406
8.558185577392578
-1.3486406803131104
15.904829025268555
-16.053730010986328
6.56928014755249
0.0071294307708740234
18.910551071166992
-17.847780227661133
8.55659008026123
-1.5278639793395996
18.104013442993164
-16.714223861694336
8.68449592590332
-1.541944146156311
17.20798110961914
-17.1494140625
7.038537502288818
-0.4754959046840668
20.36971664428711
-18.98603057861328
8.84189510345459
-1.7831730842590332
19.419118881225586
-17.835187911987305
8.831302642822266
-1.759395956993103
18.656299591064453
-18.339689254760742
7.5224385261535645
-0.9679960012435913
21.925994873046875
-20.198108673095703
9.138874053955078
-2.0599687099456787
20.868505477905273
-19.043516159057617
9.000088691711426
-2.002851724624634
20.26049041748047
-19.629674911499023
8.01920223236084
-1.4706377983093262
23.591846466064453
-21.490808486938477
9.449387550354004
-2.359952211380005
22.462566375732422
-20.344724655151367
9.192337989807129
-2.273709774017334
22.031553268432617
-21.024944305419922
8.52735710144043
-1.9839825630187988
25.380229949951172
-22.870925903320312
9.775259017944336
-2.6846117973327637
24.21215057373047
-21.744882583618164
9.409271240234375
-2.573549270629883
23.981412887573242
-22.53181266784668
9.045741081237793
-2.5088915824890137
27.30484962463379
-24.345314025878906
10.117945671081543
-3.0358338356018066
26.129188537597656
-23.25072479248047
