2
3
-1.61765456199646
5.669735908508301
6.1591997146606445
-8.668828010559082
2.530073881149292
2.5961358547210693
-9.613471031188965
-6.669332027435303
2.0546422004699707
5.754029273986816
2.4297051429748535
1.25288987159729
-0.9840502738952637
5.071743488311768
6.641763210296631
-8.879166603088379
1.8607230186462402
2.5652670860290527
-9.91340446472168
-6.443592548370361
2.2606282234191895
6.183276653289795
1.955016016960144
0.6638376712799072
-0.30379945039749146
4.478433609008789
6.909705638885498
-9.015793800354004
1.1886379718780518
2.563218593597412
-10.088566780090332
-6.255062580108643
2.4276938438415527
6.575782299041748
1.4898357391357422
-0.0050318241119384766
0.4156833291053772
3.912045478820801
6.930962562561035
-9.105782508850098
0.5234554409980774
2.590574026107788
-10.13733959197998
-6.119208812713623
2.5571181774139404
6.9191975593566895
1.052470088005066
-0.7375853061676025
1.1432219743728638
3.376981496810913
6.737304210662842
-9.140148162841797
-0.12429416179656982
2.6443824768066406
-10.05724811553955
-6.046205043792725
2.647839069366455
7.202949047088623
0.6694111824035645
-1.510313630104065
1.849075436592102
2.878173828125
6.368797779083252
-9.113571166992188
-0.743659496307373
2.7153518199920654
-9.847245216369629
-6.038222312927246
2.710209369659424
7.421513080596924
0.3376888334751129
-2.3106913566589355
2.5095391273498535
2.4243853092193604
5.863285541534424
-9.035512924194336
-1.3254592418670654
2.7937681674957275
-9.508469581604004
-6.095516681671143
2.749785900115967
7.57178258895874
0.05506816506385803
-3.123561382293701
3.1088409423828125
2.021998167037964
5.242122650146484
-8.91521167755127
-1.8593158721923828
2.871288299560547
-9.04506778717041
-6.215624809265137
2.7700445652008057
7.652419090270996
-0.18297530710697174
-3.934119701385498
3.6349077224731445
1.6762049198150635
4.526215553283691
-8.765695571899414
-2.3364667892456055
2.9405336380004883
-8.464654922485352
-6.394471645355225
2.774482488632202
7.664240837097168
-0.384976863861084
-4.730649948120117
4.078381061553955
1.3901886940002441
3.7377848625183105
-8.60057544708252
-2.749238967895508
2.996525287628174
-7.786788463592529
-6.628413677215576
2.764525890350342
7.608951568603516
-0.5576719045639038
-5.501710414886475
4.431705951690674
1.1648838520050049
2.9136271476745605
-8.438828468322754
-3.091808557510376
3.03444504737854
-7.033711910247803
-6.913304328918457
2.7409355640411377
7.488698482513428
-0.7059026956558228
-6.236167907714844
4.691409111022949
1.0009835958480835
2.0804502964019775
-8.299521446228027
-3.358658790588379
3.051527738571167
-6.238370895385742
-7.248220443725586
2.7043750286102295
7.308310508728027
-0.8360446095466614
-6.927751064300537
4.855623722076416
0.8987849950790405
1.2686570882797241
-8.20589828491211
-3.5464391708374023
3.0471739768981934
-5.443902969360352
-7.633487701416016
2.6569440364837646
7.078254699707031
-0.9579402208328247
-7.583098888397217
4.927274703979492
0.8561632037162781
0.5094761848449707
-8.174288749694824
-3.657310962677002
3.0206708908081055
-4.686636447906494
-8.070780754089355
2.6002485752105713
6.809505462646484
-1.0769749879837036
-8.212740898132324
4.915738105773926
0.8623124361038208
-0.19150030612945557
-8.212294578552246
-3.697321891784668
2.968552589416504
-3.9706127643585205
-8.556135177612305
2.5332870483398438
6.514896869659424
-1.188185691833496
-8.83212661743164
4.834509372711182
0.9045906066894531
-0.8398252129554749
-8.317955017089844
-3.6740670204162598
2.888115406036377
-3.279604434967041
-9.082796096801758
2.45389723777771
6.2062578201293945
-1.2738652229309082
-9.456979751586914
4.698497772216797
0.9729945063591003
-1.4636118412017822
-8.479141235351562
-3.5976450443267822
2.778134822845459
-2.5987162590026855
-9.646288871765137
2.367070436477661
5.887388229370117
-1.3294851779937744
-10.09011459350586
4.517667293548584
1.0576808452606201
-2.072441577911377
-8.685850143432617
-3.4744620323181152
2.637932300567627
-1.9260404109954834
-10.239356994628906
2.2792935371398926
5.55775260925293
-1.3666863441467285
-10.72429084777832
4.296274662017822
1.1517465114593506
-2.661895990371704
-8.936332702636719
-3.3069822788238525
2.4660468101501465
-1.2663731575012207
-10.85392951965332
2.1940460205078125
5.218235492706299
-1.3881152868270874
-11.356972694396973
4.0381598472595215
1.2507858276367188
-3.2243316173553467
-9.232791900634766
-3.097604274749756
2.2625656127929688
-0.6283247470855713
-11.48121452331543
2.1125550270080566
4.869236946105957
-1.3931028842926025
-11.986413955688477
3.7474684715270996
1.3513556718826294
-3.749298572540283
-9.57836627960205
-2.8492887020111084
2.0284178256988525
-0.02134031057357788
-12.11540699005127
2.0359294414520264
4.510034561157227
-1.381174921989441
-12.611903190612793
3.4282355308532715
1.4492629766464233
-4.2274041175842285
-9.978052139282227
-2.565650701522827
1.7661330699920654
0.5467258095741272
-12.751996994018555
1.9665813446044922
4.1416778564453125
-1.352580189704895
-13.235904693603516
3.084874153137207
1.540564775466919
-4.650508403778076
-10.437210083007812
-2.25079083442688
1.4783554077148438
1.0684555768966675
-13.38831615447998
1.9047725200653076
3.765054225921631
-1.3084319829940796
-13.860048294067383
2.7218167781829834
1.621820092201233
-5.011664867401123
-10.959362983703613
-1.909404993057251
1.1678611040115356
1.5375103950500488
-14.02206039428711
1.8509024381637573
3.3803904056549072
-1.2486854791641235
-14.486413955688477
2.343886613845825
1.689300537109375
-5.304198265075684
-11.546998977661133
-1.5468090772628784
0.8376964926719666
1.9487159252166748
-14.653000831604004
1.804447054862976
2.988464832305908
-1.1731421947479248
-15.118874549865723
1.9564553499221802
1.739120364189148
-5.521721363067627
-12.201674461364746
-1.1687108278274536
0.4912426471710205
2.298297166824341
-15.283088684082031
1.7648056745529175
2.58992600440979
-1.0812134742736816
-15.762002944946289
1.5652625560760498
1.7672598361968994
-5.658873558044434
-12.924406051635742
-0.7815747261047363
0.13229992985725403
2.5859599113464355
-15.916580200195312
1.7313823699951172
2.1854300498962402
-0.9720946550369263
-16.421098709106445
1.176230788230896
1.7695730924606323
-5.712230205535889
-13.716296195983887
-0.3922352194786072
-0.2349635660648346
2.8150243759155273
-16.56011199951172
1.7035497426986694
1.7759007215499878
-0.8447601795196533
-17.103200912475586
0.7952986359596252
1.7416071891784668
-5.680172920227051
-14.576559066772461
-0.006872951984405518
-0.6068928241729736
2.9889965057373047
-17.22096824645996
1.6807781457901
1.362159252166748
-0.6977150440216064
-17.816099166870117
0.42810630798339844
1.6800405979156494
-5.5631866455078125
-15.504618644714355
0.3685184419155121
-0.9794435501098633
3.11344051361084
-17.907657623291016
1.6627956628799438
0.9449315071105957
-0.5291185975074768
-18.568470001220703
0.08000782132148743
1.5821187496185303
-5.363754749298096
-16.501144409179688
0.7283941507339478
-1.3484426736831665
3.196338415145874
-18.631410598754883
1.6497137546539307
0.5246365070343018
-0.3367038667201996
-19.370012283325195
-0.24397340416908264
1.4462393522262573
-5.085646629333496
-17.568286895751953
1.067373275756836
-1.7101075649261475
3.249863386154175
-19.407642364501953
1.6426571607589722
0.10189229249954224
-0.11761520802974701
-20.232189178466797
-0.5398977994918823
1.2718716859817505
-4.733274936676025
-18.708293914794922
1.380620002746582
-2.0608983039855957
3.2906274795532227
-20.25528907775879
1.6424062252044678
-0.32358092069625854
0.1312904804944992
-21.16667938232422
-0.8045909404754639
1.059641718864441
-4.311776161193848
-19.925052642822266
1.6637450456619263
-2.3978424072265625
3.3409926891326904
-21.196596145629883
1.6494728326797485
-0.7527010440826416
0.4144657254219055
-22.183780670166016
-1.0359416007995605
0.8111603260040283
-3.8260819911956787
-21.22515106201172
1.9151642322540283
-2.720379114151001
3.4247658252716064
-22.250764846801758
1.66371488571167
-1.1870076656341553
0.7382880449295044
-23.291933059692383
-1.2327840328216553
0.526811957359314
-3.2797470092773438
-22.61481475830078
2.135552167892456
-3.0317728519439697
3.5593130588531494
-23.430683135986328
1.6860698461532593
-1.6274149417877197
1.1075451374053955
-24.500411987304688
-1.3944354057312012
0.2086317539215088
-2.6741647720336914
-24.10255241394043
2.32745361328125
-3.3375587463378906
3.7576253414154053
-24.743499755859375
1.717613935470581
-2.0752711296081543
1.5265729427337646
-25.816129684448242
-1.5215795040130615
-0.14219120144844055
-2.0038437843322754
-25.693166732788086
2.495265483856201
-3.644453287124634
4.026598930358887
-26.191001892089844
1.758839726448059
-2.5324249267578125
2.002047538757324
-27.245376586914062
-1.6136054992675781
-0.5234533548355103
-1.264898657798767
-27.39508819580078
2.643660306930542
-3.9587485790252686
4.372165203094482
-27.773717880249023
1.81050443649292
-3.000828266143799
2.540687084197998
-28.792747497558594
-1.6701478958129883
-0.9342719912528992
-0.4512333273887634
-29.21536636352539
2.7773921489715576
-4.286205291748047
4.800317764282227
-29.4920654296875
1.8738402128219604
-3.4832348823547363
3.1476733684539795
-30.460060119628906
