2
3
4.4993791580200195
4.905881404876709
1.0001673698425293
-3.114629030227661
-0.6190349459648132
-1.017884373664856
-8.8844575881958
-5.87276029586792
-2.935577392578125
5.707921028137207
2.9855713844299316
-1.7920806407928467
4.508006572723389
4.8783111572265625
0.27949196100234985
-3.483506917953491
-1.0894027948379517
-0.995843231678009
-8.9236478805542
-5.405116558074951
-2.403512954711914
5.639226913452148
3.204324960708618
-2.5434179306030273
4.474409580230713
4.840145111083984
-0.4368252158164978
-3.8408608436584473
-1.5530261993408203
-0.9303769469261169
-8.872709274291992
-4.962983131408691
-1.856632947921753
5.516088008880615
3.3192782402038574
-3.2542672157287598
4.39586877822876
4.783749580383301
-1.1350353956222534
-4.17337703704834
-2.002762794494629
-0.8256192207336426
-8.725736618041992
-4.5543718338012695
-1.3075711727142334
5.342268466949463
3.337902784347534
-3.911839485168457
4.270779609680176
4.7035980224609375
-1.8009722232818604
-4.468559265136719
-2.4297842979431152
-0.6865531802177429
-8.482659339904785
-4.1917195320129395
-0.7678294777870178
5.122372150421143
3.2663559913635254
-4.507089138031006
4.102593898773193
4.603244781494141
-2.4266374111175537
-4.730476379394531
-2.8233141899108887
-0.5171082615852356
-8.154251098632812
-3.89115571975708
-0.24783116579055786
4.862212181091309
3.112309455871582
-5.033730506896973
3.8956985473632812
4.489205360412598
-3.0066237449645996
-4.969947814941406
-3.1743998527526855
-0.3242906630039215
-7.753006935119629
-3.6591269969940186
0.24432989954948425
4.57066535949707
2.8834688663482666
-5.492656707763672
3.65346360206604
4.367545127868652
-3.53501558303833
-5.198806285858154
-3.4782795906066895
-0.11613710224628448
-7.29194974899292
-3.497081756591797
0.7030041217803955
4.25897216796875
2.5841550827026367
-5.891439914703369
3.378295421600342
4.243349552154541
-4.004581928253174
-5.428062915802002
-3.731766700744629
0.10202369093894958
-6.785154819488525
-3.4093546867370605
1.1223275661468506
3.9367809295654297
2.219226360321045
-6.236567497253418
3.0735340118408203
4.12066125869751
-4.409876823425293
-5.667730331420898
-3.9295895099639893
0.3273327648639679
-6.254490375518799
-3.40299391746521
1.4955992698669434
3.612431049346924
1.7987499237060547
-6.5337934494018555
2.7452738285064697
4.000545501708984
-4.751854419708252
-5.924041271209717
-4.069913387298584
0.5540081262588501
-5.717494010925293
-3.4774208068847656
1.8166017532348633
3.293309211730957
1.3357330560684204
-6.787496566772461
2.4038286209106445
3.881898880004883
-5.039889812469482
-6.201409816741943
-4.1578145027160645
0.7696468234062195
-5.175034046173096
-3.618680953979492
2.0818443298339844
2.9866950511932373
0.8373361825942993
-7.00532341003418
2.0590929985046387
3.7620174884796143
-5.287442207336426
-6.5014190673828125
-4.196608066558838
0.9653892517089844
-4.636162757873535
-3.816056728363037
2.289083957672119
2.69846248626709
0.311492919921875
-7.195304870605469
1.7185401916503906
3.636575698852539
-5.506651878356934
-6.821218967437744
-4.188922882080078
1.1352648735046387
-4.113633632659912
-4.060663223266602
2.437386989593506
2.4322333335876465
-0.2299879789352417
-7.366786956787109
1.3846955299377441
3.501361846923828
-5.705938339233398
-7.155696868896484
-4.137543201446533
1.275222659111023
-3.6191437244415283
-4.344136714935303
2.5285446643829346
2.189608097076416
-0.7771072387695312
-7.527501106262207
1.057075023651123
3.354152202606201
-5.889965534210205
-7.5000457763671875
-4.047821521759033
1.3842203617095947
-3.1609606742858887
-4.660641670227051
2.562293767929077
1.9690641164779663
-1.3128876686096191
-7.678399562835693
0.734398603439331
3.194601058959961
-6.060775279998779
-7.851840496063232
-3.9256460666656494
1.463704228401184
-2.7418994903564453
-5.006747722625732
2.545417547225952
1.7709566354751587
-1.8396118879318237
-7.828001976013184
0.41595205664634705
3.023944139480591
-6.216214179992676
-8.21078872680664
-3.7765276432037354
1.5153284072875977
-2.36200213432312
-5.380429267883301
2.4840846061706543
1.5965301990509033
-2.361170768737793
-7.986991882324219
0.10147657990455627
2.843757390975952
-6.351552963256836
-8.577683448791504
-3.604013204574585
1.5410958528518677
-2.0191071033477783
-5.779630184173584
2.3811709880828857
1.4468789100646973
-2.874361038208008
-8.16463851928711
-0.20832276344299316
2.6556615829467773
-6.460673809051514
-8.953876495361328
-3.411344289779663
1.5427360534667969
-1.714690089225769
-6.20297908782959
2.2384495735168457
1.3209129571914673
-3.372603416442871
-8.368718147277832
-0.5125874280929565
2.4606456756591797
-6.538107872009277
-9.341127395629883
-3.2022767066955566
1.522055983543396
-1.450742483139038
-6.649697780609131
2.0601143836975098
1.213813066482544
-3.853125810623169
-8.602011680603027
-0.8100574612617493
2.2589547634124756
-6.5801777839660645
-9.741145133972168
-2.9809987545013428
1.4802837371826172
-1.2294883728027344
-7.118161201477051
1.8505864143371582
1.1206765174865723
-4.313539505004883
-8.865662574768066
-1.0987887382507324
2.050305128097534
-6.586672782897949
-10.155707359313965
-2.75203537940979
1.4183542728424072
-1.0512464046478271
-7.606521129608154
1.6136051416397095
1.03766667842865
-4.750466346740723
-9.16016960144043
-1.3768198490142822
1.8341894149780273
-6.558254241943359
-10.58663558959961
-2.5185019969940186
1.3377728462219238
-0.9193565845489502
-8.11447525024414
1.352520227432251
0.9613232612609863
-5.1603288650512695
-9.487003326416016
-1.641585350036621
1.6102032661437988
-6.495506763458252
-11.035527229309082
-2.2849605083465576
1.239607572555542
-0.8338696360588074
-8.641473770141602
1.0705015659332275
0.8878549337387085
-5.539913177490234
-9.847626686096191
-1.890884280204773
1.37777578830719
-6.401833534240723
-11.504332542419434
-2.0554862022399902
1.1250392198562622
-0.7948178648948669
-9.187738418579102
0.7707536220550537
0.8135631084442139
-5.886703014373779
-10.242365837097168
-2.122619152069092
1.1361643075942993
-6.281528949737549
-11.994715690612793
-1.8338353633880615
0.9953450560569763
-0.8017634749412537
-9.754133224487305
0.4564051628112793
0.7351910471916199
-6.1985554695129395
-10.672080993652344
-2.335158109664917
0.8848307728767395
-6.140720367431641
-12.50944995880127
-1.6236318349838257
0.8517683744430542
-0.8534409403800964
-10.342302322387695
0.13065308332443237
0.6498109102249146
-6.473758697509766
-11.138410568237305
-2.527033567428589
0.6238545775413513
-5.985872745513916
-13.051987648010254
-1.4281857013702393
0.695511519908905
-0.9476399421691895
-10.954139709472656
-0.20299312472343445
0.5550888180732727
-6.712155818939209
-11.643417358398438
-2.6973772048950195
0.35402607917785645
-5.824323654174805
-13.62704086303711
-1.2505733966827393
0.527448296546936
-1.0813401937484741
-11.592459678649902
-0.5410304069519043
0.44932493567466736
-6.914702415466309
-12.189922332763672
-2.8455355167388916
0.07676351070404053
-5.6634602546691895
-14.239951133728027
-1.0935566425323486
0.34857746958732605
-1.2505300045013428
-12.26127815246582
-0.8797717690467834
0.33147063851356506
-7.083706378936768
-12.781599044799805
-2.9715797901153564
-0.20678308606147766
-5.510647773742676
-14.897088050842285
-0.9589895009994507
0.16002288460731506
-1.4507412910461426
-12.964523315429688
-1.2155768871307373
0.201197549700737
-7.222686290740967
-13.423072814941406
-3.076350212097168
-0.49596548080444336
-5.371331214904785
-15.604421615600586
-0.8476402759552002
-0.03680261969566345
-1.67826509475708
-13.706327438354492
-1.5447490215301514
0.05881457030773163
-7.336009502410889
-14.120060920715332
-3.1624772548675537
-0.7919889688491821
-5.245662689208984
-16.364992141723633
-0.7608583569526672
-0.24091655015945435
-1.9271042346954346
-14.492558479309082
-1.863800287246704
-0.09545540809631348
-7.428801536560059
-14.879257202148438
-3.2325620651245117
-1.0955183506011963
-5.132155418395996
-17.18229103088379
-0.6994575262069702
-0.4515140652656555
-2.1905715465545654
-15.329833030700684
-2.1699106693267822
-0.261684775352478
-7.505714416503906
-15.707072257995605
-3.2884857654571533
-1.4065301418304443
-5.029921054840088
-18.061683654785156
-0.6636584997177124
-0.6681531667709351
-2.4615252017974854
-16.2254638671875
-2.461280584335327
-0.44058021903038025
-7.569974422454834
-16.6090087890625
-3.332247495651245
-1.7255895137786865
-4.936326503753662
-19.007755279541016
-0.6529875993728638
-0.8907872438430786
-2.7329719066619873
-17.186922073364258
-2.738457679748535
-0.6353030800819397
-7.619258880615234
-17.586444854736328
-3.3656764030456543
-2.053439140319824
-4.8480000495910645
-20.02524185180664
-0.6664882302284241
-1.1198087930679321
-2.9979538917541504
-18.222126007080078
-3.0001697540283203
-0.8458936214447021
-7.654290199279785
-18.644922256469727
-3.390277862548828
-2.3907394409179688
-4.761152267456055
-21.119417190551758
-0.7026375532150269
-1.3562626838684082
-3.2497661113739014
-19.33885955810547
-3.246286153793335
-1.0732799768447876
-7.6742777824401855
-19.789276123046875
-3.4074065685272217
-2.7382118701934814
-4.671813011169434
-22.29661750793457
-0.7592777609825134
-1.601645827293396
-3.4825031757354736
-20.544769287109375
-3.4773643016815186
-1.3196823596954346
-7.677285194396973
-21.022811889648438
