2
3
-0.17871904373168945
5.218322277069092
-1.9481003284454346
-0.8660858273506165
-9.013383865356445
-2.2976505756378174
-8.084847450256348
9.49130916595459
-7.896807670593262
-1.9264765977859497
0.6596651673316956
6.264622688293457
-0.5065498352050781
4.932547569274902
-2.566615104675293
-1.431196689605713
-8.947723388671875
-1.918243169784546
-8.119119644165039
10.178569793701172
-7.746107578277588
-1.6513473987579346
0.8488123416900635
6.76951265335083
-0.833039402961731
4.660573959350586
-3.1764888763427734
-1.9654086828231812
-8.891221046447754
-1.5418720245361328
-8.164227485656738
10.862735748291016
-7.6035542488098145
-1.374822974205017
1.02300226688385
7.277647972106934
-1.1577428579330444
4.402495384216309
-3.7788939476013184
-2.469576597213745
-8.84375
-1.1678968667984009
-8.22109603881836
11.54472541809082
-7.469158172607422
-1.0966216325759888
1.1818370819091797
7.789401531219482
-1.4803602695465088
4.158304214477539
-4.3751068115234375
-2.9445695877075195
-8.803520202636719
-0.7955384254455566
-8.289570808410645
12.224994659423828
-7.3429059982299805
-0.8163876533508301
1.3249012231826782
8.305137634277344
-1.8008465766906738
3.9277567863464355
-4.966411590576172
-3.391331195831299
-8.770487785339355
-0.424460232257843
-8.369854927062988
12.904093742370605
-7.224752902984619
-0.5337420105934143
1.451875925064087
8.825271606445312
-2.1192245483398438
3.7106845378875732
-5.554229259490967
-3.810728073120117
-8.744791030883789
-0.05421122908592224
-8.462462425231934
13.582822799682617
-7.114651203155518
-0.24830877780914307
1.5624637603759766
9.350226402282715
-2.435126304626465
3.5071804523468018
-6.139999866485596
-4.20352029800415
-8.726572036743164
0.31574347615242004
-8.56801700592041
14.262293815612793
-7.012577533721924
0.040260910987854004
1.656375527381897
9.880404472351074
-2.748380661010742
3.3172500133514404
-6.725270748138428
-4.570468425750732
-8.715957641601562
0.6860666871070862
-8.687153816223145
14.943735122680664
-6.918521881103516
0.33238041400909424
1.733275055885315
10.416342735290527
-3.058979034423828
3.140852689743042
-7.31167459487915
-4.912293434143066
-8.712956428527832
1.0573465824127197
-8.820239067077637
15.628046035766602
-6.832484722137451
0.6285915374755859
1.7927672863006592
10.9588623046875
-3.367344856262207
2.9777159690856934
-7.9009294509887695
-5.229714870452881
-8.717513084411621
1.430051326751709
-8.967445373535156
16.315969467163086
-6.754456043243408
0.9293329119682312
1.8345602750778198
11.50863265991211
-3.674818992614746
2.8270115852355957
-8.494831085205078
-5.523528575897217
-8.729557991027832
1.8045868873596191
-9.128924369812012
17.008142471313477
-6.683912754058838
1.2358131408691406
1.8581351041793823
12.066546440124512
-3.9821877479553223
2.6884045600891113
-9.095016479492188
-5.794188499450684
-8.749080657958984
2.1813364028930664
-9.304849624633789
17.705026626586914
-6.6205525398254395
1.548910140991211
1.8629591464996338
12.633369445800781
-4.290204048156738
2.561990976333618
-9.70328426361084
-6.041957855224609
-8.775673866271973
2.5594677925109863
-9.494635581970215
18.406110763549805
-6.56430721282959
1.8691303730010986
1.8484642505645752
13.209527969360352
-4.599392414093018
2.447913646697998
-10.321043968200684
-6.266730785369873
-8.809029579162598
2.9382994174957275
-9.697792053222656
19.110841751098633
-6.515187740325928
2.1969032287597656
1.8140676021575928
13.795387268066406
-4.910220146179199
2.3463709354400635
-10.949792861938477
-6.468428611755371
-8.849124908447266
3.3177847862243652
-9.914392471313477
19.819355010986328
-6.473263740539551
2.532167434692383
1.7592545747756958
14.390904426574707
-5.222803115844727
2.2579407691955566
-11.590563774108887
-6.64648962020874
-8.895792007446289
3.6976842880249023
-10.14423942565918
20.53145980834961
-6.438753128051758
2.873887062072754
1.6837096214294434
14.994919776916504
-5.537031650543213
2.183171510696411
-12.244266510009766
-6.800234317779541
-8.949481010437012
4.079178810119629
-10.388386726379395
21.248104095458984
-6.4119873046875
3.2213292121887207
1.587095856666565
15.606769561767578
-5.853100776672363
2.122511625289917
-12.912022590637207
-6.928963661193848
-9.010245323181152
4.462285995483398
-10.647123336791992
21.969707489013672
-6.393174648284912
3.5742881298065186
1.4687957763671875
16.225893020629883
-6.170831680297852
2.076699733734131
-13.594186782836914
-7.031469345092773
-9.078086853027344
4.847153186798096
-10.920650482177734
22.696516036987305
-6.382534027099609
3.932316780090332
1.3281965255737305
16.851085662841797
-6.490337371826172
2.046307325363159
-14.291158676147461
-7.106638431549072
-9.153023719787598
5.233895778656006
-11.209169387817383
23.428787231445312
-6.380749225616455
4.294513702392578
1.1650148630142212
17.48127555847168
-6.811795234680176
2.0318455696105957
-15.003411293029785
-7.153560161590576
-9.235128402709961
5.622430801391602
-11.512900352478027
24.166765213012695
-6.388166427612305
4.660654544830322
0.9788230061531067
18.11634635925293
-7.135529041290283
2.0337672233581543
-15.73156452178955
-7.171473503112793
-9.324430465698242
6.012821674346924
-11.832032203674316
24.910289764404297
-6.405128002166748
5.030617713928223
0.76920086145401
18.756433486938477
-7.461686611175537
2.052539110183716
-16.476097106933594
-7.1596269607543945
-9.42103099822998
6.4051833152771
-12.16681957244873
25.659374237060547
-6.431910514831543
5.404351234436035
0.5357375144958496
19.401636123657227
-7.790441513061523
2.0885865688323975
-17.237489700317383
-7.117320537567139
-9.525107383728027
6.799793243408203
-12.517766952514648
26.414470672607422
-6.468764781951904
5.781948089599609
0.27800267934799194
20.052261352539062
-8.121905326843262
2.1423158645629883
-18.01616668701172
-7.043900012969971
-9.636752128601074
7.1968865394592285
-12.885233879089355
27.175819396972656
-6.515939712524414
6.163490295410156
-0.004393547773361206
20.708589553833008
-8.456274032592773
2.214108467102051
-18.812667846679688
-6.9387593269348145
-9.756159782409668
7.596493721008301
-13.269417762756348
27.943374633789062
-6.573676586151123
6.54913854598999
-0.31184282898902893
21.371028900146484
-8.793845176696777
2.304262638092041
-19.62774658203125
-6.80156946182251
-9.88362979888916
7.998889446258545
-13.670851707458496
28.71773338317871
-6.642306804656982
6.93911600112915
-0.6446278095245361
22.04034996032715
-9.134842872619629
2.413102149963379
-20.462013244628906
-6.631829261779785
-10.019442558288574
8.404582023620605
-14.090251922607422
29.499948501586914
-6.722247123718262
7.333418846130371
-1.0030035972595215
22.716793060302734
-9.479472160339355
2.540933132171631
-21.316059112548828
-6.42907190322876
-10.163809776306152
8.81398868560791
-14.528133392333984
30.290695190429688
-6.813753128051758
7.732324123382568
-1.3873399496078491
23.400962829589844
-9.827951431274414
2.688002109527588
-22.19051170349121
-6.1930413246154785
-10.31689739227295
9.227822303771973
-14.98525619506836
31.09108543395996
-6.917073726654053
8.136149406433105
-1.7980018854141235
24.093530654907227
-10.180196762084961
2.854666233062744
-23.084983825683594
-5.922943115234375
-10.478935241699219
9.646637916564941
-15.462291717529297
31.902036666870117
-7.032450199127197
8.54523754119873
-2.235346555709839
24.795207977294922
-10.536251068115234
3.041161060333252
-23.999597549438477
-5.61825704574585
-10.650147438049316
10.070995330810547
-15.959875106811523
32.724456787109375
-7.160154819488525
8.959880828857422
-2.699695110321045
25.506629943847656
-10.896178245544434
3.2476181983947754
-24.934602737426758
-5.278567314147949
-10.830755233764648
10.501472473144531
-16.478641510009766
33.55927658081055
-7.300391674041748
9.380512237548828
-3.191356658935547
26.22865104675293
-11.260571479797363
3.4735028743743896
-25.890827178955078
-4.9038004875183105
-11.021041870117188
10.938488960266113
-17.019113540649414
34.407161712646484
-7.453354358673096
9.807600975036621
-3.710629940032959
26.96217918395996
-11.630773544311523
3.7176380157470703
-26.869516372680664
-4.493865013122559
-11.22121810913086
11.382591247558594
-17.581899642944336
35.26900100708008
-7.619241237640381
10.241610527038574
-4.257823467254639
27.708114624023438
-12.007060050964355
3.9801342487335205
-27.871097564697266
-4.048286437988281
-11.431541442871094
11.834360122680664
-18.16774559020996
36.14595031738281
-7.798269748687744
10.682975769042969
-4.833278656005859
28.467308044433594
-12.389687538146973
4.261137962341309
-28.895977020263672
-3.566580057144165
-11.652274131774902
12.294368743896484
-18.777376174926758
37.0390510559082
-7.990577697753906
11.132225036621094
-5.437351703643799
29.240724563598633
-12.779240608215332
4.560754299163818
-29.945642471313477
-3.0485105514526367
-11.88368034362793
12.763201713562012
-19.411531448364258
37.94939422607422
-8.196331024169922
11.589818000793457
-6.070428371429443
30.02916717529297
-13.176335334777832
4.8791279792785645
-31.02167320251465
-2.493725538253784
-12.125935554504395
13.241339683532715
-20.07082748413086
38.87773895263672
-8.415765762329102
12.056262969970703
-6.7329206466674805
30.833641052246094
