2
3
5.903235912322998
5.6028900146484375
3.9031782150268555
7.4669599533081055
-1.5065487623214722
0.9302635192871094
-3.759204626083374
9.696928977966309
1.6198779344558716
-4.671392440795898
0.6417626142501831
7.936653137207031
5.792648792266846
5.43654203414917
3.6234652996063232
7.105012893676758
-1.356472134590149
1.049149751663208
-3.5135436058044434
9.962472915649414
1.6645938158035278
-4.155788421630859
0.5392329692840576
8.881512641906738
5.680233955383301
5.284595489501953
3.3458118438720703
6.775379180908203
-1.210084319114685
1.1813952922821045
-3.2781660556793213
10.249615669250488
1.7063263654708862
-3.6429502964019775
0.43208879232406616
9.82158374786377
5.5662455558776855
5.1473517417907715
3.0700442790985107
6.478119850158691
-1.0675299167633057
1.3271833658218384
-3.0537450313568115
10.558475494384766
1.7450436353683472
-3.132436752319336
0.3201889395713806
10.757476806640625
5.450937747955322
5.025129318237305
2.7959508895874023
6.21334171295166
-0.9289361834526062
1.4865962266921997
-2.840787172317505
10.889150619506836
1.7807437181472778
-2.6236066818237305
0.2032526433467865
11.689971923828125
5.334561347961426
4.918265342712402
2.5232861042022705
5.981204509735107
-0.7943360805511475
1.6594196557998657
-2.6394073963165283
11.241230964660645
1.8133896589279175
-2.1157901287078857
0.08093509078025818
12.6199312210083
5.2173566818237305
4.827109336853027
2.2517588138580322
5.7819108963012695
-0.6637811660766602
1.8453882932662964
-2.4496028423309326
11.614396095275879
1.8429594039916992
-1.6083718538284302
-0.047076866030693054
13.54813289642334
5.099562168121338
4.752058029174805
1.9811328649520874
5.615807056427002
-0.5372365713119507
2.044379472732544
-2.2714555263519287
12.00841999053955
1.8694524765014648
-1.1007258892059326
-0.1810528188943863
14.475384712219238
4.981408596038818
4.693484783172607
1.71111261844635
5.483191013336182
-0.4147489070892334
2.256467580795288
-2.1053056716918945
12.4235258102417
1.8928794860839844
-0.592241108417511
-0.3212413191795349
15.402485847473145
4.863132953643799
4.651763916015625
1.4413821697235107
5.38438081741333
-0.2964438796043396
2.4819068908691406
-1.9514838457107544
12.860268592834473
1.9132931232452393
-0.08230036497116089
-0.467837929725647
16.330251693725586
4.74497652053833
4.627299785614014
1.1716314554214478
5.319781303405762
-0.18236282467842102
2.7208609580993652
-1.810286045074463
13.318997383117676
1.9306658506393433
0.42992377281188965
-0.6213093996047974
17.259971618652344
4.627098083496094
4.620468616485596
0.9014514684677124
5.28976583480835
-0.07252802699804306
2.9735093116760254
-1.6819761991500854
13.800094604492188
1.9448786973953247
0.9454829692840576
-0.7823576331138611
18.193641662597656
4.50963020324707
4.631642818450928
0.6304107308387756
5.294697284698486
0.033046312630176544
3.2400386333465576
-1.5667897462844849
14.303915023803711
1.9560192823410034
1.465476393699646
-0.9516242146492004
19.13260841369629
4.39268684387207
4.661263465881348
0.3580907881259918
5.335116386413574
0.13433852791786194
3.5206968784332275
-1.4649790525436401
14.830923080444336
1.964512825012207
1.991959810256958
-1.1301383972167969
20.078981399536133
4.276333332061768
4.709771633148193
0.08403080701828003
5.411596298217773
0.23145058751106262
3.8164095878601074
-1.3771246671676636
15.381898880004883
1.9703701734542847
2.525853157043457
-1.3184552192687988
21.033954620361328
4.160558700561523
4.77760124206543
-0.19229865074157715
5.52480936050415
0.32446733117103577
4.127862930297852
-1.3036779165267944
15.957569122314453
1.9735782146453857
3.068032741546631
-1.5171369314193726
21.99866485595703
4.045311450958252
4.865170955657959
-0.4713627099990845
5.675534725189209
0.4134634733200073
4.4551897048950195
-1.244866132736206
16.55840301513672
1.9740986824035645
3.619332790374756
-1.7267532348632812
22.974201202392578
3.930551290512085
4.9728899002075195
-0.7537393569946289
5.864579200744629
0.49849340319633484
4.798659801483154
-1.200934648513794
17.184799194335938
1.971872091293335
4.180537700653076
-1.9478782415390015
23.96159553527832
3.816213369369507
5.101098537445068
-1.0400739908218384
6.092463493347168
0.5796011090278625
5.158508777618408
-1.1721725463867188
17.837182998657227
1.9668723344802856
4.752243995666504
-2.1809639930725098
24.961349487304688
3.7021002769470215
5.249879837036133
-1.3309564590454102
6.359591007232666
0.6567845344543457
5.534835338592529
-1.1588516235351562
18.515886306762695
1.9590260982513428
5.3349199295043945
-2.4264543056488037
25.97411346435547
3.5881316661834717
5.4191155433654785
-1.6269071102142334
6.666220188140869
0.7300150394439697
5.927886009216309
-1.1613348722457886
19.221471786499023
1.9484552145004272
5.9269609451293945
-2.6840968132019043
26.99879264831543
3.474118947982788
5.608950138092041
-1.928511142730713
7.012415409088135
0.7992168664932251
6.337359428405762
-1.179697036743164
19.953853607177734
1.9350130558013916
6.527839660644531
-2.953821897506714
28.034852981567383
3.359987497329712
5.819830894470215
-2.236313581466675
7.398741245269775
0.8643127083778381
6.7633891105651855
-1.2142494916915894
20.713220596313477
1.9186220169067383
7.136632919311523
-3.235560417175293
29.081684112548828
3.2456471920013428
6.052213668823242
-2.5508954524993896
7.825790882110596
0.9251605272293091
7.205723762512207
-1.2652453184127808
21.499664306640625
1.8991940021514893
7.75263786315918
-3.5292859077453613
30.13882064819336
3.1309926509857178
6.306564807891846
-2.872893810272217
8.29421329498291
0.9814674258232117
7.664062976837158
-1.3328825235366821
22.313491821289062
1.8764498233795166
8.375584602355957
-3.8352198600769043
31.206153869628906
3.0159342288970947
6.583335876464844
-3.20297908782959
8.804468154907227
1.0331171751022339
8.138790130615234
-1.4175925254821777
23.155261993408203
1.8502376079559326
9.005472183227539
-4.153560638427734
32.28372573852539
2.900355339050293
6.883075714111328
-3.5419249534606934
9.35708999633789
1.0799875259399414
8.630291938781738
-1.5198121070861816
24.0255126953125
1.820434331893921
9.642683029174805
-4.484713554382324
33.37209701538086
2.7840116024017334
7.206092357635498
-3.8903985023498535
9.952493667602539
1.1219478845596313
9.138959884643555
-1.6399997472763062
24.924816131591797
1.7869845628738403
10.287958145141602
-4.829237461090088
34.47233581542969
2.6666629314422607
7.552699089050293
-4.249019622802734
10.591102600097656
1.1588654518127441
9.665207862854004
-1.778641939163208
25.85374641418457
1.7498775720596313
10.94210433959961
-5.187703609466553
35.585418701171875
2.548091173171997
7.923171520233154
-4.618365287780762
11.273214340209961
1.1906441450119019
10.2093505859375
-1.936208963394165
26.81250762939453
1.7088582515716553
11.605297088623047
-5.560401916503906
36.71185302734375
2.42806339263916
8.317991256713867
-4.9991326332092285
11.999309539794922
1.2171483039855957
10.77171516418457
-2.113189220428467
27.80141258239746
1.6636333465576172
12.27762222290039
-5.947517395019531
37.852142333984375
2.306318998336792
8.737445831298828
-5.39189338684082
12.769786834716797
1.2382391691207886
11.35262393951416
-2.310089349746704
28.82072639465332
1.6140294075012207
12.959722518920898
-6.349529266357422
39.007362365722656
2.1825649738311768
9.181806564331055
-5.7972259521484375
13.585037231445312
1.2537510395050049
11.95245361328125
-2.5274126529693604
29.870927810668945
1.55979323387146
13.652175903320312
-6.766880512237549
40.178504943847656
2.056548595428467
9.6513671875
-6.2156782150268555
14.445438385009766
1.2635407447814941
12.57159423828125
-2.7656733989715576
30.952407836914062
1.5006115436553955
14.355454444885254
-7.199972629547119
41.36634826660156
1.9279773235321045
10.14639663696289
-6.647796154022217
15.351360321044922
1.267289400100708
13.210227966308594
-3.025313377380371
32.06533432006836
1.4362854957580566
15.070249557495117
-7.649313449859619
42.57203674316406
1.7965742349624634
10.667242050170898
-7.0941925048828125
16.30329132080078
1.2647180557250977
13.868656158447266
-3.3068389892578125
33.21004104614258
1.3666024208068848
15.797293663024902
-8.115447044372559
43.796775817871094
1.6620627641677856
11.214245796203613
-7.555469989776611
17.301708221435547
1.2556302547454834
14.547293663024902
-3.6108038425445557
34.386962890625
1.2913408279418945
16.537338256835938
-8.598937034606934
45.041805267333984
1.5241708755493164
11.787744522094727
-8.032210350036621
18.347068786621094
1.2398080825805664
15.246549606323242
-3.9377758502960205
35.59654235839844
1.2102738618850708
17.29114532470703
-9.100361824035645
46.30836868286133
1.382622480392456
12.388092994689941
-8.525007247924805
19.439855575561523
1.2170372009277344
15.966877937316895
-4.2883381843566895
36.83931350708008
1.1231708526611328
18.05947494506836
-9.620305061340332
47.59770202636719
1.2371046543121338
13.015702247619629
-9.034563064575195
20.580707550048828
1.1871833801269531
16.709150314331055
-4.663318157196045
38.116294860839844
1.029793381690979
18.843111038208008
-10.159374237060547
48.911075592041016
