2
3
2.001293182373047
7.123739719390869
-7.226518630981445
-2.9824204444885254
-4.093847274780273
1.650052547454834
2.5570614337921143
9.16951847076416
-2.858761787414551
2.7735469341278076
9.345020294189453
6.265568256378174
1.3533332347869873
6.870599746704102
-7.629107475280762
-3.337693214416504
-3.9476590156555176
2.1426286697387695
3.0074284076690674
9.515414237976074
-2.0958659648895264
2.8812060356140137
8.962531089782715
6.488840103149414
0.7168748378753662
6.600217819213867
-7.928603649139404
-3.65268611907959
-3.7438817024230957
2.6470274925231934
3.4026050567626953
9.783522605895996
-1.3843271732330322
3.014254093170166
8.511482238769531
6.745517253875732
0.09942317008972168
6.312564373016357
-8.132369041442871
-3.924618721008301
-3.4787509441375732
3.1627590656280518
3.713406562805176
9.966249465942383
-0.7257226705551147
3.177011489868164
7.999366283416748
7.024389743804932
-0.49438202381134033
6.007128715515137
-8.246540069580078
-4.147476673126221
-3.155082941055298
3.6868395805358887
3.921034097671509
10.062640190124512
-0.12062382698059082
3.3745546340942383
7.426951885223389
7.3117570877075195
-1.0578546524047852
5.683570384979248
-8.280920028686523
-4.315425872802734
-2.7833311557769775
4.214723110198975
4.013446807861328
10.077903747558594
0.43215131759643555
3.610145092010498
6.795085906982422
7.592769145965576
-1.587262749671936
5.342160701751709
-8.247650146484375
-4.420701503753662
-2.37624454498291
4.73939847946167
3.986527681350708
10.021687507629395
0.9327733516693115
3.885160446166992
6.1072306632995605
7.8544440269470215
-2.0780770778656006
4.987051010131836
-8.160506248474121
-4.460018634796143
-1.9497679471969604
5.252301216125488
3.8477861881256104
9.908601760864258
1.377327561378479
4.196121692657471
5.376915454864502
8.091924667358398
-2.5280444622039795
4.62380313873291
-8.019129753112793
-4.429226875305176
-1.5167192220687866
5.7486572265625
3.6029152870178223
9.746580123901367
1.7636897563934326
4.539959907531738
4.613022804260254
8.29726505279541
-2.933220624923706
4.25954532623291
-7.816277503967285
-4.327694416046143
-1.091701626777649
6.225546836853027
3.2703945636749268
9.5383882522583
2.091594696044922
4.91275691986084
3.821591854095459
8.461200714111328
-3.2893314361572266
3.899475336074829
-7.545778751373291
-4.152784824371338
-0.6890937685966492
6.678201675415039
2.86727237701416
9.28577995300293
2.358680248260498
5.308396816253662
3.0104665756225586
8.575631141662598
-3.588491201400757
3.5471553802490234
-7.216315269470215
-3.902043104171753
-0.319411963224411
7.104615688323975
2.411113739013672
8.988636016845703
2.5609028339385986
5.7199249267578125
2.190114736557007
8.630812644958496
-3.8283677101135254
3.2075767517089844
-6.839286804199219
-3.5740737915039062
0.010515362024307251
7.5022149085998535
1.9168366193771362
8.647859573364258
2.7007253170013428
6.139307498931885
1.3692559003829956
8.626720428466797
-4.008575439453125
2.8853557109832764
-6.42842435836792
-3.168064594268799
0.2973659932613373
7.868692398071289
1.3982813358306885
8.268651962280273
2.779421329498291
6.559660911560059
0.5593317151069641
8.564152717590332
-4.131473064422607
2.5847434997558594
-5.9962544441223145
-2.6833739280700684
0.5401984453201294
8.201971054077148
0.8657029867172241
7.85547399520874
2.797901153564453
6.976014614105225
-0.22675961256027222
8.444061279296875
-4.201106071472168
2.3092451095581055
-5.554805278778076
-2.118032455444336
0.740099310874939
8.500579833984375
0.32571977376937866
7.413403034210205
2.7588424682617188
7.384271144866943
-0.97920823097229
8.26821231842041
-4.222583293914795
2.0613772869110107
-5.112942218780518
-1.467961072921753
0.8983561396598816
8.762657165527344
-0.2158101201057434
6.950963020324707
2.6679794788360596
7.779715538024902
-1.6940430402755737
8.04016399383545
-4.2018256187438965
1.8406591415405273
-4.678709983825684
-0.7234081625938416
1.0155680179595947
8.985658645629883
-0.750860333442688
6.47932243347168
2.532231330871582
8.156078338623047
-2.3702940940856934
7.764841079711914
-4.145132064819336
1.6460236310958862
-4.259464263916016
0.1247759461402893
1.0901087522506714
9.163064956665039
-1.2645539045333862
6.0180535316467285
2.3569459915161133
8.5054292678833
-3.004215717315674
7.451678276062012
-4.051883697509766
1.4953835010528564
-3.8808696269989014
1.0471408367156982
1.1222251653671265
9.287726402282715
-1.7466917037963867
5.590583801269531
2.1447463035583496
8.818202018737793
-3.586066246032715
7.116204738616943
-3.9180257320404053
1.4292163848876953
-3.595114231109619
1.9651563167572021
1.112865924835205
9.354575157165527
-2.1922922134399414
5.223460674285889
1.8948960304260254
9.08164119720459
-4.096756935119629
6.786073684692383
-3.7536211013793945
1.4534002542495728
-3.4139204025268555
2.8548502922058105
1.065656065940857
9.366348266601562
-2.6012630462646484
4.936952114105225
1.6144275665283203
9.294685363769531
-4.53748893737793
6.480173587799072
-3.5713531970977783
1.556591272354126
-3.3257622718811035
3.718350887298584
0.9918640851974487
9.346559524536133
-2.9904398918151855
4.7104315757751465
1.3155510425567627
9.467451095581055
-4.921481132507324
6.194036960601807
-3.383868932723999
1.7256613969802856
-3.317246198654175
4.563715934753418
0.8985468149185181
9.30518913269043
-3.3663992881774902
4.539957046508789
1.0112335681915283
9.605400085449219
-5.261979103088379
5.927340984344482
-3.2014822959899902
1.9517298936843872
-3.3747541904449463
5.393903732299805
0.7941955327987671
9.249832153320312
-3.744788646697998
4.418496131896973
0.7129212617874146
9.711904525756836
-5.577811241149902
5.678587913513184
-3.0308241844177246
2.2290151119232178
-3.488884449005127
6.206787109375
0.6813870072364807
9.185009002685547
-4.129507541656494
4.340688228607178
0.42650508880615234
9.786441802978516
-5.882903575897217
5.453023433685303
-2.876845598220825
2.552668571472168
-3.654240369796753
6.999422073364258
0.5611487030982971
9.115131378173828
-4.524240016937256
4.304230213165283
0.15381896495819092
9.830557823181152
-6.187083721160889
5.258537769317627
-2.7422964572906494
2.918057441711426
-3.866675615310669
7.769237518310547
0.4335981607437134
9.0422945022583
-4.9304986000061035
4.309595584869385
-0.10596060752868652
9.846684455871582
-6.492199897766113
5.100437641143799
-2.628359317779541
3.320626735687256
-4.124334335327148
8.514156341552734
0.2981998920440674
8.968297958374023
-5.349178791046143
4.358834743499756
-0.35477811098098755
9.837282180786133
-6.797581672668457
4.981795787811279
-2.534897565841675
3.756775140762329
-4.426530838012695
9.231000900268555
0.15425781905651093
8.894430160522461
-5.7802653312683105
4.45330810546875
-0.5937665700912476
9.805771827697754
-7.106015205383301
4.908268451690674
-2.461355209350586
4.223742485046387
-4.771849632263184
9.915627479553223
0.0014383941888809204
8.822200775146484
-6.224691867828369
4.595228672027588
-0.8239990472793579
9.754878997802734
-7.4191718101501465
4.883546829223633
-2.406820297241211
4.718814373016357
-5.1584320068359375
10.563695907592773
-0.16045156121253967
8.753045082092285
-6.683254718780518
4.786192893981934
-1.0463842153549194
9.687915802001953
-7.7398858070373535
4.912286281585693
-2.3694684505462646
5.2393574714660645
-5.5863847732543945
11.170282363891602
-0.33135682344436646
8.689287185668945
-7.157832145690918
5.028580188751221
-1.2618458271026611
9.608490943908691
-8.07165241241455
4.998897552490234
-2.349294424057007
5.781170845031738
-6.05164098739624
11.732051849365234
-0.5112410187721252
8.633331298828125
-7.650406837463379
5.324131965637207
-1.4714423418045044
9.520204544067383
-8.417620658874512
5.146943092346191
-2.346235752105713
6.340336799621582
-6.552863121032715
12.245585441589355
-0.7001795768737793
8.587660789489746
-8.16268253326416
5.673742771148682
-1.6763489246368408
9.427224159240723
-8.781928062438965
5.36012601852417
-2.35935640335083
6.912719249725342
-7.089898586273193
12.707695007324219
-0.8983407020568848
8.554388046264648
-8.696561813354492
6.076941967010498
-1.877821445465088
9.333745956420898
-9.168660163879395
5.641272068023682
-2.3883659839630127
7.492120742797852
-7.662725448608398
13.11813735961914
-1.1058855056762695
8.535980224609375
-9.254109382629395
6.532975196838379
-2.076385736465454
9.243443489074707
-9.581424713134766
5.991114616394043
-2.4332048892974854
8.072274208068848
-8.27346134185791
13.480086326599121
-1.3226497173309326
8.534646034240723
-9.837847709655762
7.041220664978027
-2.2725777626037598
9.16032886505127
-10.024067878723145
6.409496307373047
-2.4932713508605957
8.647174835205078
-8.928187370300293
13.801767349243164
-1.54901123046875
8.55327033996582
-10.450712203979492
7.601250171661377
-2.4674975872039795
9.089448928833008
-10.501337051391602
6.896614074707031
-2.568338632583618
9.211894989013672
-9.631641387939453
14.090455055236816
-1.7850735187530518
8.594380378723145
-11.096219062805176
8.21209716796875
-2.662440538406372
9.03553295135498
-11.018172264099121
7.451772689819336
