2
3
-3.43921160697937
-8.749996185302734
-6.699239253997803
7.162900924682617
9.16054630279541
2.294332504272461
-3.361905336380005
-7.241640567779541
1.5710183382034302
0.6204773783683777
-3.1613876819610596
-0.7819572687149048
-3.2045462131500244
-8.183121681213379
-6.464759349822998
8.196818351745605
8.751226425170898
1.9237244129180908
-4.127183437347412
-7.962028503417969
1.578955888748169
0.41054946184158325
-3.1450207233428955
-1.191438913345337
-2.982717514038086
-7.630187511444092
-6.243972301483154
9.207841873168945
8.345754623413086
1.5612001419067383
-4.879026412963867
-8.664909362792969
1.5826185941696167
0.21186980605125427
-3.1358723640441895
-1.5816354751586914
-2.774008274078369
-7.090920448303223
-6.038354873657227
10.195581436157227
7.944281578063965
1.2053289413452148
-5.61879825592041
-9.352825164794922
1.5817818641662598
0.02338346838951111
-3.1342058181762695
-1.9545048475265503
-2.578340768814087
-6.56497859954834
-5.84840726852417
11.159955024719238
7.547465801239014
0.8546299338340759
-6.3477067947387695
-10.028470039367676
1.576303243637085
-0.1560094654560089
-3.1401772499084473
-2.31189227104187
-2.3950564861297607
-6.052038669586182
-5.674052715301514
12.10075855255127
7.15521240234375
0.5078416466712952
-7.0674729347229
-10.694330215454102
1.5660582780838013
-0.32736003398895264
-3.1539342403411865
-2.6553359031677246
-2.2223546504974365
-5.551741600036621
-5.515218734741211
13.01781177520752
6.767263889312744
0.16379857063293457
-7.779940605163574
-11.352859497070312
1.5503675937652588
-0.49211955070495605
-3.175593137741089
-2.9864063262939453
-2.0611062049865723
-5.06356954574585
-5.373476505279541
13.912092208862305
6.383275032043457
-0.17852115631103516
-8.487015724182129
-12.006372451782227
1.5291695594787598
-0.6513503193855286
-3.205212116241455
-3.306539535522461
-1.9117066860198975
-4.587235450744629
-5.2498602867126465
14.784372329711914
6.0028462409973145
-0.5199023485183716
-9.190685272216797
-12.656936645507812
1.5024670362472534
-0.8060312271118164
-3.2428619861602783
-3.617062568664551
-1.774272084236145
-4.122649669647217
-5.1444878578186035
15.634971618652344
5.625472545623779
-0.861090898513794
-9.892991065979004
-13.306551933288574
1.4701712131500244
-0.957116961479187
-3.288808822631836
-3.919313430786133
-1.6492611169815063
-3.6689505577087402
-5.058633804321289
16.46582794189453
5.249446868896484
-1.204023838043213
-10.595808982849121
-13.957602500915527
1.4321768283843994
-1.105531096458435
-3.3433585166931152
-4.214612007141113
-1.5368409156799316
-3.2254769802093506
-4.992978096008301
17.278200149536133
4.8740410804748535
-1.5493810176849365
-11.301253318786621
-14.612174987792969
1.3884683847427368
-1.252081274986267
-3.4067180156707764
-4.504116535186768
-1.4368507862091064
-2.79213547706604
-4.947332382202148
18.072433471679688
4.498408794403076
-1.8980724811553955
-12.01154899597168
-15.272918701171875
1.3389554023742676
-1.3975095748901367
-3.4792847633361816
-4.788997173309326
-1.3490251302719116
-2.369629383087158
-4.921169281005859
18.848203659057617
4.121974945068359
-2.25022292137146
-12.728649139404297
-15.941128730773926
1.283487319946289
-1.5425825119018555
-3.561361312866211
-5.070427417755127
-1.2728204727172852
-1.9591517448425293
-4.913913726806641
19.603954315185547
3.744105100631714
-2.6055679321289062
-13.454169273376465
-16.6168155670166
1.2216590642929077
-1.6881824731826782
-3.6533021926879883
-5.349654674530029
-1.2077773809432983
-1.5604432821273804
-4.925991058349609
20.33893394470215
3.3643181324005127
-2.964085340499878
-14.189778327941895
-17.300323486328125
1.1533350944519043
-1.8348653316497803
-3.755725145339966
-5.628174781799316
-1.1529642343521118
-1.1757597923278809
-4.956085681915283
21.0497989654541
2.9824557304382324
-3.325556993484497
-14.937105178833008
-17.992050170898438
1.078319787979126
-1.9826377630233765
-3.8693459033966064
-5.9066243171691895
-1.1081234216690063
-0.8071117997169495
-5.003176689147949
21.73385238647461
2.5983526706695557
-3.6900179386138916
-15.698020935058594
-18.693117141723633
0.9965502619743347
-2.1316182613372803
-3.9946718215942383
-6.185586452484131
-1.072940468788147
-0.45512324571609497
-5.066798686981201
22.38934326171875
2.2123348712921143
-4.057100296020508
-16.474014282226562
-19.404016494750977
0.9080274105072021
-2.282087564468384
-4.132105350494385
-6.46593713760376
-1.0472228527069092
-0.12011459469795227
-5.146983623504639
23.014938354492188
1.8238974809646606
-4.427152156829834
-17.266498565673828
-20.125606536865234
0.8133339881896973
-2.433849811553955
-4.281930923461914
-6.748319625854492
-1.0305999517440796
0.19726553559303284
-5.243582725524902
23.607995986938477
1.4324731826782227
-4.799883842468262
-18.075828552246094
-20.85677146911621
0.7126155495643616
-2.58720326423645
-4.444456577301025
-7.033782482147217
-1.0229283571243286
0.49550047516822815
-5.355924129486084
24.164337158203125
1.0376055240631104
-5.175189018249512
-18.902538299560547
-21.597091674804688
0.6057621836662292
-2.74243426322937
-4.620081901550293
-7.323081016540527
-1.0242427587509155
0.7743325233459473
-5.484322547912598
24.68248176574707
0.638823390007019
-5.553267955780029
-19.747474670410156
-22.34699249267578
0.49279066920280457
-2.8998196125030518
-4.80910587310791
-7.617063045501709
-1.0346894264221191
1.0325839519500732
-5.628000259399414
25.159181594848633
0.23557859659194946
-5.934407711029053
-20.611520767211914
-23.10698699951172
0.3736329674720764
-3.059727907180786
-5.012033939361572
-7.916850566864014
-1.0544990301132202
1.2696123123168945
-5.786759376525879
25.592321395874023
-0.1727115511894226
-6.319140434265137
-21.495859146118164
-23.878278732299805
0.24815693497657776
-3.222435712814331
-5.229432106018066
-8.223197937011719
-1.0842164754867554
1.4857072830200195
-5.961140155792236
25.982622146606445
-0.5865249633789062
-6.707901954650879
-22.401498794555664
-24.661863327026367
0.11628955602645874
-3.3882014751434326
-5.461918830871582
-8.537013053894043
-1.124194860458374
1.6810877323150635
-6.151449680328369
26.3303165435791
-1.0063035488128662
-7.101080894470215
-23.329368591308594
-25.45863151550293
-0.022092103958129883
-3.5574073791503906
-5.710084915161133
-8.85936450958252
-1.174521565437317
1.8559503555297852
-6.357996463775635
26.635452270507812
-1.4325859546661377
-7.49921178817749
-24.280607223510742
-26.269777297973633
-0.16714179515838623
-3.7304728031158447
-5.974568843841553
-9.191373825073242
-1.2352690696716309
2.0105841159820557
-6.581113338470459
26.898469924926758
-1.8658859729766846
-7.902846336364746
-25.25634002685547
-27.09651756286621
-0.3190317153930664
-3.907832145690918
-6.256041526794434
-9.534184455871582
-1.3065340518951416
2.145303726196289
-6.821136474609375
27.119964599609375
-2.3063173294067383
-8.312397003173828
-26.25711441040039
-27.93979835510254
-0.4779226779937744
-4.089923858642578
-6.555152416229248
-9.888933181762695
-1.388371467590332
2.260272741317749
-7.078271865844727
27.3002986907959
-2.7544338703155518
-8.728524208068848
-27.284175872802734
-28.801170349121094
-0.643989086151123
-4.277171611785889
-6.872595310211182
-10.256729125976562
-1.4809297323226929
2.355677604675293
-7.352842330932617
27.439922332763672
-3.2107906341552734
-9.151869773864746
-28.33873748779297
-29.682069778442383
-0.8174330592155457
-4.470054626464844
-7.209131717681885
-10.638813972473145
-1.5845344066619873
2.4320359230041504
-7.645512104034424
27.540441513061523
-3.675907611846924
-9.583037376403809
-29.421964645385742
-30.58379364013672
-0.9984791278839111
-4.669041156768799
-7.565515041351318
-11.036355972290039
-1.6994643211364746
2.489527702331543
-7.9567484855651855
27.602497100830078
-4.1503005027771
-10.022632598876953
-30.53504180908203
-31.50763702392578
-1.1873676776885986
-4.874609470367432
-7.942528247833252
-11.45053482055664
-1.826052188873291
2.528320789337158
-8.287169456481934
27.62689781188965
-4.634432315826416
-10.471177101135254
-31.67906379699707
-32.454742431640625
-1.3844066858291626
-5.087290287017822
-8.341038703918457
-11.882616996765137
-1.9645830392837524
2.548529624938965
-8.637190818786621
27.61408805847168
-5.1288275718688965
-10.92931079864502
-32.855262756347656
-33.42647171020508
-1.5898854732513428
-5.30758810043335
-8.761897087097168
-12.333805084228516
-2.1152379512786865
2.5504331588745117
-9.007369041442871
27.564428329467773
-5.634013652801514
-11.397688865661621
-34.06489181518555
-34.42421340942383
-1.8040978908538818
-5.5360212326049805
-9.205982208251953
-12.805339813232422
-2.278355360031128
2.534226179122925
-9.39804744720459
27.47869110107422
-6.150520324707031
-11.876982688903809
-35.30923080444336
-35.44938659667969
-2.0273489952087402
-5.773119926452637
-9.674199104309082
-13.298484802246094
-2.454310417175293
2.500127077102661
-9.809642791748047
27.357589721679688
-6.678884029388428
-12.367879867553711
-36.58958053588867
-36.50343322753906
-2.2599589824676514
-6.019425868988037
-10.16748332977295
-13.814523696899414
-2.643479824066162
2.4484639167785645
-10.24300479888916
27.201881408691406
-7.2196455001831055
-12.871085166931152
-37.90727996826172
-37.58784103393555
-2.5022618770599365
-6.275493621826172
-10.68680477142334
-14.354765892028809
