2
3
-2.7263073921203613
6.836416244506836
7.129927635192871
-0.45302820205688477
-5.159017086029053
-5.387545585632324
8.882179260253906
-1.3784446716308594
-3.260183334350586
-4.992401599884033
-8.813398361206055
3.413278579711914
-2.627675771713257
6.301685333251953
7.452282428741455
-1.5076985359191895
-4.892484664916992
-5.2015581130981445
9.345943450927734
-1.012814998626709
-3.4321539402008057
-4.633749008178711
-9.322043418884277
4.044939994812012
-2.5256001949310303
5.78230094909668
7.781055927276611
-2.53000545501709
-4.62701416015625
-5.017884254455566
9.808283805847168
-0.6512581706047058
-3.601567268371582
-4.285861015319824
-9.81965160369873
4.661770343780518
-2.418602466583252
5.277340888977051
8.118195533752441
-3.522552013397217
-4.362020015716553
-4.835927963256836
10.269320487976074
-0.29366302490234375
-3.7680578231811523
-3.948824882507324
-10.305598258972168
5.263854503631592
-2.3057968616485596
4.785309791564941
8.465295791625977
-4.48828125
-4.097046375274658
-4.655194282531738
10.729168891906738
0.060092151165008545
-3.9313645362854004
-3.622371196746826
-10.779580116271973
5.851404190063477
-2.1862118244171143
4.304385185241699
8.823955535888672
-5.4302592277526855
-3.831852436065674
-4.47576904296875
11.188092231750488
0.40980803966522217
-4.091061592102051
-3.3062093257904053
-11.24100112915039
6.424543380737305
-2.058734893798828
3.832390308380127
9.196141242980957
-6.351569175720215
-3.5663182735443115
-4.297772407531738
11.646186828613281
0.7552060484886169
-4.246574878692627
-3.0003676414489746
-11.688826560974121
6.9829792976379395
-1.9221283197402954
3.3667783737182617
9.58425521850586
-7.255495548248291
-3.300365924835205
-4.12140417098999
12.103596687316895
1.0958614349365234
-4.397429943084717
-2.704683303833008
-12.1222562789917
7.526549339294434
-1.7757068872451782
2.9047908782958984
9.98980712890625
-8.14543342590332
-3.033919095993042
-3.9467873573303223
12.560235977172852
1.431528925895691
-4.5428643226623535
-2.4190316200256348
-12.539909362792969
8.055035591125488
-1.6188825368881226
2.443800449371338
10.414193153381348
-9.024540901184082
-2.7667324542999268
-3.7741687297821045
13.01632308959961
1.7616522312164307
-4.682283401489258
-2.1433753967285156
-12.94052791595459
8.568069458007812
-1.4512486457824707
1.98135244846344
10.859397888183594
-9.89598560333252
-2.4977946281433105
-3.603919506072998
13.472630500793457
2.0853610038757324
-4.815399646759033
-1.8774844408035278
-13.324026107788086
9.065949440002441
-1.2729846239089966
1.5155835151672363
11.32713794708252
-10.762676239013672
-2.2255539894104004
-3.436296224594116
13.930093765258789
2.4017231464385986
-4.941409111022949
-1.621351718902588
-13.689238548278809
9.548388481140137
-1.0833468437194824
1.0451023578643799
11.819327354431152
-11.627562522888184
-1.9495577812194824
-3.2715301513671875
14.389056205749512
2.7100207805633545
-5.059905529022217
-1.375044822692871
-14.035470962524414
10.015110969543457
-0.8810631036758423
0.5684423446655273
12.33924674987793
-12.494711875915527
-1.6696562767028809
-3.109858274459839
14.849464416503906
3.009521484375
-5.1705756187438965
-1.1384907960891724
-14.362316131591797
10.466154098510742
-0.6653538942337036
0.08466082811355591
12.888702392578125
-13.367026329040527
-1.3854731321334839
-2.9515767097473145
15.311622619628906
3.299333095550537
-5.2730255126953125
-0.9117743372917175
-14.669279098510742
10.901167869567871
-0.4351612329483032
-0.4074515104293823
13.470348358154297
-14.248383522033691
-1.0965027809143066
-2.79724383354187
15.77615737915039
3.5782575607299805
-5.3666510581970215
-0.6952593922615051
-14.955183982849121
11.31924057006836
-0.18983042240142822
-0.9084460735321045
14.085856437683105
-15.14132022857666
-0.8022100329399109
-2.6474318504333496
16.243900299072266
3.8450117111206055
-5.4501848220825195
-0.49044322967529297
-15.217666625976562
11.718491554260254
0.07060524821281433
-1.4182970523834229
14.736109733581543
-16.04719352722168
-0.5022335052490234
-2.5026707649230957
16.71560287475586
4.098287582397461
-5.521947860717773
-0.2990259528160095
-15.453374862670898
12.095977783203125
0.3464696407318115
-1.9375061988830566
15.422811508178711
-16.968597412109375
-0.19645938277244568
-2.363525390625
17.19146728515625
4.336822986602783
-5.580564975738525
-0.12242394685745239
-15.659764289855957
12.44937515258789
0.638541579246521
-2.466935396194458
16.1480655670166
-17.90842056274414
0.11513093113899231
-2.2306506633758545
17.67150115966797
4.5593085289001465
-5.624995708465576
0.038050100207328796
-15.83493423461914
12.7770357131958
0.9468216300010681
-3.0064032077789307
16.91240692138672
-18.86724090576172
0.43220433592796326
-2.1052517890930176
18.15520668029785
4.763932704925537
-5.654910564422607
0.18181824684143066
-15.978065490722656
13.078513145446777
1.2717159986495972
-3.555957078933716
17.717525482177734
-19.846435546875
0.7540240287780762
-1.9892092943191528
18.64223289489746
4.948228359222412
-5.669946193695068
0.3080826997756958
-16.088003158569336
13.352688789367676
1.6140636205673218
-4.116299629211426
18.565265655517578
-20.848207473754883
1.0811574459075928
-1.8840014934539795
19.134000778198242
5.10980749130249
-5.669776916503906
0.4161373972892761
-16.163658142089844
13.598474502563477
1.974785327911377
-4.688327312469482
19.457290649414062
-21.875131607055664
1.4139230251312256
-1.7911789417266846
19.631933212280273
5.246480464935303
-5.653941631317139
0.5052613019943237
-16.203598022460938
13.814558029174805
2.3546624183654785
-5.272829532623291
20.39531898498535
-22.929595947265625
1.7528139352798462
-1.712282657623291
20.1378231048584
5.356083393096924
-5.6220011711120605
0.5748223066329956
-16.206432342529297
13.99963092803955
2.7548131942749023
-5.870973587036133
21.381942749023438
-24.014759063720703
2.0985662937164307
-1.648774266242981
20.654386520385742
5.436644077301025
-5.573578357696533
0.6242848038673401
-16.170921325683594
14.152502059936523
3.1771998405456543
-6.485284328460693
22.42108726501465
-25.135087966918945
2.4515721797943115
-1.6020480394363403
21.18352508544922
5.48619270324707
-5.508209228515625
0.653078019618988
-16.09562873840332
14.27184772491455
3.623049736022949
-7.117293357849121
23.515783309936523
-26.294506072998047
2.8125295639038086
-1.57335364818573
21.727195739746094
5.502652645111084
-5.425083637237549
0.6601965427398682
-15.97855281829834
14.355772018432617
4.093753814697266
-7.768753528594971
24.66953468322754
-27.497495651245117
3.182309150695801
-1.5637387037277222
22.287195205688477
5.483946323394775
-5.32364559173584
0.6449500322341919
-15.8179931640625
14.4027099609375
4.590785980224609
-8.441568374633789
25.885910034179688
-28.748550415039062
3.5618550777435303
-1.574222207069397
22.865623474121094
5.428018569946289
-5.203385353088379
0.6066407561302185
-15.612259864807129
14.411065101623535
5.115675926208496
-9.137763977050781
27.168495178222656
-30.052156448364258
3.952181339263916
-1.6057746410369873
23.464555740356445
5.33270788192749
-5.063958644866943
0.5446729063987732
-15.359991073608398
14.379598617553711
5.670048236846924
-9.859491348266602
28.521053314208984
-31.412946701049805
4.354212760925293
-1.659409761428833
24.086217880249023
5.195833206176758
-4.905735492706299
0.4593421518802643
-15.060924530029297
14.307489395141602
6.255733489990234
-10.609206199645996
29.947790145874023
-32.836326599121094
4.7690300941467285
-1.7359710931777954
24.73251724243164
5.015092849731445
-4.728569984436035
0.35073718428611755
-14.7146635055542
14.193528175354004
6.874519348144531
-11.389245986938477
31.452903747558594
-34.327430725097656
5.197808265686035
-1.836238145828247
25.405778884887695
4.788298606872559
-4.531725883483887
0.2180212289094925
-14.319209098815918
14.03549575805664
7.528252601623535
-12.20195484161377
33.041168212890625
-35.89228439331055
5.6415276527404785
-1.9610342979431152
26.10841178894043
4.513452053070068
-4.314209461212158
0.06002180278301239
-13.87194538116455
13.830573081970215
8.218912124633789
-13.049863815307617
34.71735763549805
-37.53667068481445
6.10117769241333
-2.1114137172698975
26.842937469482422
4.188324928283691
-4.0752482414245605
-0.1241980642080307
-13.370721817016602
13.576333999633789
8.948634147644043
-13.935654640197754
36.48699188232422
-39.26750564575195
6.577981472015381
-2.2883424758911133
27.611852645874023
3.8108553886413574
-3.8140087127685547
-0.3356727361679077
-12.813139915466309
13.27015495300293
9.719757080078125
-14.862272262573242
38.35590744018555
-41.0919189453125
7.073186874389648
-2.492974281311035
28.418296813964844
3.3786380290985107
-3.5295581817626953
-0.5755237340927124
-12.19648551940918
12.909158706665039
10.53475570678711
-15.832903861999512
40.33012008666992
-43.017147064208984
7.588223457336426
-2.726505756378174
29.26593017578125
2.8892736434936523
-3.221001386642456
-0.8448715209960938
-11.518303871154785
12.490640640258789
11.396294593811035
-16.85087013244629
42.41615295410156
-45.05105972290039
8.12488079071045
-2.9902563095092773
30.159442901611328
2.3404641151428223
-2.8873631954193115
-1.1449322700500488
-10.775935173034668
12.011712074279785
