2
3
4.020566463470459
-8.075950622558594
4.781122207641602
-2.71221661567688
8.006258964538574
-2.276503562927246
2.0785632133483887
-1.2739659547805786
3.6950395107269287
3.514822244644165
-4.862841606140137
1.1916815042495728
4.193315505981445
-7.811140537261963
5.028745174407959
-2.1945581436157227
7.888110637664795
-2.31709361076355
1.8419177532196045
-1.3416969776153564
3.712050676345825
3.116938591003418
-4.70989990234375
0.45332419872283936
4.362582206726074
-7.549719333648682
5.271324634552002
-1.6872727870941162
7.773514747619629
-2.358109474182129
1.6137315034866333
-1.411170482635498
3.7313308715820312
2.7309374809265137
-4.557283401489258
-0.2642742395401001
4.528451919555664
-7.292076110839844
5.509032249450684
-1.1906280517578125
7.6624979972839355
-2.399477243423462
1.3938641548156738
-1.482286810874939
3.752563238143921
2.3565945625305176
-4.405058860778809
-0.9620169401168823
4.691051483154297
-7.038632869720459
5.742076873779297
-0.7049665451049805
7.555069923400879
-2.4411027431488037
1.182169795036316
-1.5549757480621338
3.7750790119171143
1.993257761001587
-4.253373622894287
-1.6405832767486572
4.8504462242126465
-6.789651393890381
5.970543384552002
-0.23053348064422607
7.451217174530029
-2.4830493927001953
0.9786651134490967
-1.6292136907577515
3.7984538078308105
1.640913724899292
-4.102485656738281
-2.3008968830108643
5.006642818450928
-6.545294761657715
6.1945414543151855
0.23235931992530823
7.350916385650635
-2.5253965854644775
0.7833069562911987
-1.7050185203552246
3.822824239730835
1.2987537384033203
-3.951833963394165
-2.94476580619812
5.159639358520508
-6.305971145629883
6.414193153381348
0.68357914686203
7.25413703918457
-2.568264961242676
0.5960102081298828
-1.7825411558151245
3.848313093185425
0.9657471179962158
-3.800844192504883
-3.5742197036743164
5.309433460235596
-6.072076320648193
6.629716873168945
1.1228630542755127
7.16083288192749
-2.6117875576019287
0.41668879985809326
-1.8619290590286255
3.8750245571136475
0.6409332752227783
-3.6489439010620117
-4.1909942626953125
5.456159591674805
-5.844093322753906
6.841543197631836
1.5497965812683105
7.070975303649902
-2.6561267375946045
0.24528691172599792
-1.9433445930480957
3.9030075073242188
0.3232930302619934
-3.4958183765411377
-4.796723365783691
5.600075721740723
-5.622785568237305
7.050316333770752
1.9639006853103638
6.984511375427246
-2.7014639377593994
0.08169195055961609
-2.0270376205444336
3.93235445022583
0.011701405048370361
-3.3410634994506836
-5.393017292022705
5.741873264312744
-5.408657550811768
7.256694316864014
2.364840269088745
6.901335716247559
-2.7481205463409424
-0.07413463294506073
-2.1133460998535156
3.9631354808807373
-0.2950507402420044
-3.1842057704925537
-5.981451034545898
5.882169246673584
-5.201543807983398
7.46087121963501
2.752681255340576
6.821457386016846
-2.796332597732544
-0.22219949960708618
-2.202669620513916
3.9955012798309326
-0.5982605814933777
-3.024705171585083
-6.563674449920654
6.021546363830566
-5.001187324523926
7.66293478012085
3.127368450164795
6.744920253753662
-2.846336603164673
-0.3624604046344757
-2.2954506874084473
4.029557704925537
-0.8993122577667236
-2.861917734146118
-7.141299724578857
6.160260200500488
-4.807435035705566
7.862758636474609
3.488734483718872
6.671783447265625
-2.89839243888855
-0.49482136964797974
-2.392155647277832
4.065068244934082
-1.1997183561325073
-2.69529390335083
-7.715900897979736
6.298559665679932
-4.620202541351318
8.06037425994873
3.836493968963623
6.602109909057617
-2.952787399291992
-0.6191707253456116
-2.4933226108551025
4.10223388671875
-1.5007615089416504
-2.5242221355438232
-8.288990020751953
6.436683177947998
-4.439512729644775
8.255884170532227
4.170218467712402
6.535975456237793
-3.0098319053649902
-0.7353596687316895
-2.599541425704956
4.141270160675049
-1.8036227226257324
-2.3480160236358643
-8.86197566986084
6.574625492095947
-4.26536226272583
8.448899269104004
4.489475250244141
6.473458290100098
-3.0698397159576416
-0.8432329893112183
-2.711404323577881
4.182402610778809
-2.1093313694000244
-2.1658735275268555
-9.436019897460938
6.7125091552734375
-4.097898006439209
8.639165878295898
4.793585777282715
6.4146199226379395
-3.133183002471924
-0.9426008462905884
-2.8295419216156006
4.225895404815674
-2.418855667114258
-1.9770023822784424
-10.012395858764648
6.850436687469482
-3.937325954437256
8.826581001281738
5.081794738769531
6.3595757484436035
-3.2002511024475098
-1.0332165956497192
-2.954641342163086
4.272027969360352
-2.733157157897949
-1.7807285785675049
-10.592645645141602
6.988157272338867
-3.7840824127197266
9.010782241821289
5.353064060211182
6.30843448638916
-3.2713351249694824
-1.1148204803466797
-3.087331771850586
4.321106910705566
-3.0530853271484375
-1.576301097869873
-11.178227424621582
7.125587463378906
-3.63859224319458
9.191460609436035
5.6062774658203125
6.261319160461426
-3.3468024730682373
-1.1871007680892944
-3.228278636932373
4.373404026031494
-3.379701614379883
-1.3629934787750244
-11.771322250366211
7.26275634765625
-3.5012996196746826
9.368645668029785
5.840295791625977
6.218312740325928
-3.427006721496582
-1.2498000860214233
-3.378127336502075
4.429581165313721
-3.713348627090454
-1.13999605178833
-12.373198509216309
7.399419784545898
-3.372837543487549
9.542496681213379
6.053931713104248
6.179506301879883
-3.5123305320739746
-1.3026870489120483
-3.5375654697418213
4.490337371826172
-4.054070472717285
-0.906471312046051
-12.984533309936523
7.535465717315674
-3.253810167312622
9.713057518005371
6.245972633361816
6.145076751708984
-3.602949380874634
-1.3454941511154175
-3.707195281982422
4.555957317352295
-4.401777744293213
-0.6615543961524963
-13.605352401733398
7.670567512512207
-3.1453194618225098
9.880165100097656
6.415000915527344
6.115209579467773
-3.6992599964141846
-1.3777872323989868
-3.887824296951294
4.626735687255859
-4.75659704208374
-0.4045914113521576
-14.236538887023926
7.804877758026123
-3.0481228828430176
10.04410457611084
6.559754848480225
6.0900983810424805
-3.801669120788574
-1.3991318941116333
-4.08033561706543
4.702968597412109
-5.118980407714844
-0.1348457634449005
-14.879411697387695
7.938677787780762
-2.962824583053589
10.206035614013672
6.679562568664551
6.069884777069092
-3.9106943607330322
-1.409111738204956
-4.285684108734131
4.784949779510498
-5.489593982696533
0.14852461218833923
-15.535526275634766
8.072244644165039
-2.8900339603424072
10.366776466369629
6.773556232452393
6.054718971252441
-4.026869773864746
-1.407253623008728
-4.504824638366699
4.873007774353027
-5.869146347045898
0.4464329779148102
-16.206567764282227
8.20571231842041
-2.8304429054260254
10.527175903320312
6.840848922729492
6.044776916503906
-4.150742530822754
-1.3930816650390625
-4.738785743713379
4.967476844787598
-6.258406162261963
0.7598714828491211
-16.89430809020996
8.339310646057129
-2.7846741676330566
10.687999725341797
6.880499839782715
6.0402350425720215
-4.282912254333496
-1.3660701513290405
-4.988682746887207
5.068726062774658
-6.658196926116943
1.0899111032485962
-17.600662231445312
8.473326683044434
-2.753237009048462
10.85023307800293
6.89174747467041
6.041280269622803
-4.424012660980225
-1.3256535530090332
-5.255701065063477
5.1771650314331055
-7.069412708282471
1.4377169609069824
-18.32772445678711
8.608040809631348
-2.7366631031036377
11.014728546142578
6.873694896697998
6.048112869262695
-4.57470703125
-1.271227478981018
-5.541079521179199
5.2932844161987305
-7.4928693771362305
1.804497480392456
-19.07758140563965
8.743680000305176
-2.7355294227600098
11.182428359985352
6.825472354888916
6.060937881469727
-4.7356858253479
-1.2021502256393433
-5.846105098724365
5.417593479156494
-7.929346561431885
2.191485643386841
-19.852285385131836
8.880579948425293
-2.750354290008545
11.354366302490234
6.746273517608643
6.079991340637207
-4.907670497894287
-1.1177053451538086
-6.172121047973633
5.55061149597168
-8.379847526550293
2.600085735321045
-20.654258728027344
9.019068717956543
-2.7816832065582275
11.531571388244629
6.635199546813965
6.105526924133301
-5.091427326202393
-1.0171290636062622
-6.520561695098877
5.692879676818848
-8.845447540283203
3.0317955017089844
-21.486082077026367
9.15949821472168
-2.830075263977051
11.715102195739746
6.49131965637207
6.13781213760376
-5.28776741027832
-0.8996008038520813
-6.892941951751709
5.844974517822266
-9.327238082885742
3.4882140159606934
-22.350406646728516
9.302264213562012
-2.8960719108581543
11.906187057495117
6.313802719116211
6.177135944366455
-5.4975266456604
-0.7642223238945007
-7.290815353393555
6.007503509521484
-9.826278686523438
3.9710140228271484
-23.24984359741211
9.447761535644531
-2.980266571044922
12.10601806640625
6.101647853851318
6.223824501037598
-5.721571922302246
-0.6100215911865234
-7.715810298919678
6.181101322174072
-10.343936920166016
4.48204231262207
-24.187673568725586
9.596446990966797
-3.0832629203796387
12.315946578979492
5.853844165802002
6.278234004974365
-5.960816860198975
-0.43595805764198303
-8.169658660888672
6.366475582122803
-10.881571769714355
5.0233049392700195
-25.167171478271484
