2
3
7.036599636077881
-0.3912292420864105
-2.232128858566284
-5.686661243438721
9.791240692138672
-1.7761727571487427
8.775196075439453
7.351108074188232
7.02940559387207
3.4856836795806885
-5.938375473022461
-4.829818248748779
6.988866806030273
-0.6717036962509155
-2.065545082092285
-5.626095771789551
10.441200256347656
-1.1893079280853271
7.701128959655762
7.497225761413574
6.631561279296875
3.220520257949829
-5.59691047668457
-5.342371940612793
6.963935375213623
-0.9506893157958984
-1.883775234222412
-5.525054931640625
10.998433113098145
-0.5506194233894348
6.559357166290283
7.498533725738525
6.2930402755737305
2.9035260677337646
-5.198003768920898
-5.799449443817139
6.964636325836182
-1.2268264293670654
-1.6891968250274658
-5.381608486175537
11.462188720703125
0.12159210443496704
5.359198570251465
7.358619689941406
6.0207319259643555
2.544074773788452
-4.740732669830322
-6.200033187866211
6.9959716796875
-1.4969244003295898
-1.4882421493530273
-5.194746971130371
11.827427864074707
0.8075613975524902
4.1225714683532715
7.091158390045166
5.821662425994873
2.1480472087860107
-4.232306957244873
-6.538229465484619
7.059922695159912
-1.754241704940796
-1.2895556688308716
-4.96243953704834
12.07984447479248
1.4835691452026367
2.9096860885620117
6.7214508056640625
5.69997501373291
1.7209417819976807
-3.6890416145324707
-6.806971549987793
7.152378559112549
-1.9907829761505127
-1.1001038551330566
-4.685842990875244
12.221955299377441
2.1378865242004395
1.7477163076400757
6.254112243652344
5.650936603546143
1.268837571144104
-3.1243841648101807
-6.998950481414795
7.2663702964782715
-2.1995668411254883
-0.9238089919090271
-4.366631507873535
12.259785652160645
2.7585396766662598
0.6573444604873657
5.695052623748779
5.66531229019165
0.7960340976715088
-2.5470499992370605
-7.105541706085205
7.39609956741333
-2.373500108718872
-0.7664604187011719
-4.0135650634765625
12.197903633117676
3.328784942626953
-0.33258306980133057
5.062102317810059
5.736342906951904
0.308456152677536
-1.9742463827133179
-7.123123645782471
7.536534309387207
-2.5049917697906494
-0.6377769708633423
-3.643437147140503
12.04538631439209
3.839259147644043
-1.2030893564224243
4.361259937286377
5.857524871826172
-0.18522533774375916
-1.426034688949585
-7.053775787353516
7.685220241546631
-2.585386276245117
-0.5542146563529968
-3.2789621353149414
11.815560340881348
4.284564971923828
-1.9422633647918701
3.597578763961792
6.023074150085449
-0.6733173131942749
-0.921526312828064
-6.905333995819092
7.840803146362305
-2.6001782417297363
-0.5372636914253235
-2.9599194526672363
11.524469375610352
4.6605939865112305
-2.543217420578003
2.7778186798095703
6.2264509201049805
-1.1395777463912964
-0.47897571325302124
-6.69480562210083
7.994481086730957
-2.5554351806640625
-0.5746499300003052
-2.695080280303955
11.190715789794922
4.964336395263672
-3.004206895828247
1.9159901142120361
6.4611077308654785
-1.5660429000854492
-0.11243504285812378
-6.445519924163818
8.134993553161621
-2.4675776958465576
-0.6434886455535889
-2.4707822799682617
10.82945728302002
5.191047668457031
-3.326889991760254
1.0327730178833008
6.717694282531738
-1.9476743936538696
0.17694595456123352
-6.162020206451416
8.254652976989746
-2.3478779792785645
-0.7297094464302063
-2.280844211578369
10.456963539123535
5.338461399078369
-3.524488925933838
0.1440647840499878
6.984975814819336
-2.288881540298462
0.393754780292511
-5.833058834075928
8.349404335021973
-2.203289747238159
-0.8244321346282959
-2.126035690307617
10.087258338928223
5.403790473937988
-3.6144042015075684
-0.7315406799316406
7.258086204528809
-2.5801925659179688
0.5314241051673889
-5.476319313049316
8.418998718261719
-2.0379390716552734
-0.9221826791763306
-2.0100138187408447
9.732093811035156
5.386561870574951
-3.614905834197998
-1.5747113227844238
7.529356956481934
-2.815915107727051
0.5901039242744446
-5.102015018463135
8.464258193969727
-1.8592959642410278
-1.0174827575683594
-1.9276753664016724
9.400068283081055
5.298549652099609
-3.5439281463623047
-2.386195659637451
7.789242744445801
-2.9911725521087646
0.5745446085929871
-4.72157096862793
8.486464500427246
-1.675209641456604
-1.1072710752487183
-1.8738397359848022
9.097880363464355
5.150912284851074
-3.418720006942749
-3.17020845413208
8.02988052368164
-3.1010901927948
0.4902116358280182
-4.35084867477417
8.4893159866333
-1.4908649921417236
-1.1931525468826294
-1.846656084060669
8.831938743591309
4.952343940734863
-3.2579565048217773
-3.928718090057373
8.243755340576172
-3.1487765312194824
0.35301196575164795
-4.0011115074157715
8.477485656738281
-1.3095729351043701
-1.279420018196106
-1.8450576066970825
8.606270790100098
4.708484649658203
-3.079011917114258
-4.660977363586426
8.427979469299316
-3.1439733505249023
0.1731220781803131
-3.668595552444458
8.45549201965332
-1.1332576274871826
-1.3717021942138672
-1.8675026893615723
8.421826362609863
4.421632766723633
-2.8941714763641357
-5.361288547515869
8.580809593200684
-3.093977689743042
-0.03962761163711548
-3.3588054180145264
8.426804542541504
-0.9620416760444641
-1.4756250381469727
-1.9118328094482422
8.275577545166016
4.095368385314941
-2.7064926624298096
-6.02632999420166
8.701659202575684
-3.0040035247802734
-0.27849191427230835
-3.0746922492980957
8.392263412475586
-0.7949296236038208
-1.5889854431152344
-1.9812719821929932
8.163215637207031
3.733896255493164
-2.512775182723999
-6.654809474945068
8.790449142456055
-2.8763813972473145
-0.5393153429031372
-2.8179502487182617
8.35134220123291
-0.6310088634490967
-1.7035443782806396
-2.081817865371704
8.082056999206543
3.340437412261963
-2.3118977546691895
-7.243537902832031
8.846713066101074
-2.714519500732422
-0.8108162879943848
-2.5969386100769043
8.304339408874512
-0.47128939628601074
-1.8129749298095703
-2.2186615467071533
8.030065536499023
2.9172542095184326
-2.106989622116089
-7.786831855773926
8.873082160949707
-2.5242559909820557
-1.0893055200576782
-2.4159960746765137
8.252105712890625
-0.3170963525772095
-1.912163496017456
-2.39495587348938
8.005278587341309
2.4670166969299316
-1.903017282485962
-8.279393196105957
8.872513771057129
-2.311020851135254
-1.3707853555679321
-2.2793099880218506
8.196118354797363
-0.16972145438194275
-1.997376799583435
-2.6127405166625977
8.006085395812988
1.9932405948638916
-1.7048611640930176
-8.716390609741211
8.847031593322754
-2.0795767307281494
-1.6489982604980469
-2.1924731731414795
8.138153076171875
-0.03132742643356323
-2.066497564315796
-2.8738222122192383
8.030296325683594
1.499923825263977
-1.517869472503662
-9.09422779083252
8.796954154968262
-1.8335641622543335
-1.9164437055587769
-2.160417318344116
8.078987121582031
0.09572985768318176
-2.1173136234283447
-3.177048444747925
8.07548999786377
0.9919222593307495
-1.347643494606018
-9.409646987915039
8.722766876220703
-1.5768299102783203
-2.1652822494506836
-2.187797784805298
8.02010440826416
0.20793063938617706
-2.148545980453491
-3.5219972133636475
8.1384916305542
0.47498250007629395
-1.2003746032714844
-9.659093856811523
8.627459526062012
-1.3141958713531494
-2.389110803604126
-2.2801215648651123
7.963472843170166
0.3019964396953583
-2.15966796875
-3.907557964324951
8.215486526489258
-0.04396456480026245
-1.0818284749984741
-9.842915534973145
8.51424503326416
-1.0507923364639282
-2.5816733837127686
-2.440429210662842
7.910669803619385
0.37500226497650146
-2.1509804725646973
-4.331377029418945
8.302181243896484
-0.5573801398277283
-0.996917724609375
-9.964306831359863
8.386425971984863
-0.7927230596542358
-2.737694501876831
-2.6712613105773926
7.863224983215332
0.42427733540534973
-2.1237335205078125
-4.789830684661865
8.394098281860352
-1.0570909976959229
-0.9492499828338623
-10.028945922851562
8.247827529907227
-0.5457490682601929
-2.8533012866973877
-2.973452091217041
7.82181453704834
0.44760018587112427
-2.079828977584839
-5.278183460235596
8.486053466796875
-1.5339504480361938
-0.9405601024627686
-10.048593521118164
8.102568626403809
-0.3159416913986206
-2.926461696624756
-3.3461356163024902
7.7867536544799805
0.4429968297481537
-2.0218093395233154
-5.791228294372559
8.57303524017334
-1.979099988937378
-0.9706248044967651
-10.03665828704834
7.954922676086426
-0.1090666651725769
-2.9572863578796387
-3.785835027694702
7.758150100708008
0.40896931290626526
-1.9527226686477661
-6.322961330413818
8.64985466003418
-2.3843603134155273
-1.0367556810379028
-10.008637428283691
7.809106349945068
0.06950581073760986
-2.9480762481689453
-4.285863876342773
7.735965251922607
0.34427154064178467
-1.8762520551681519
-6.866988658905029
8.711962699890137
-2.743504524230957
-1.1340341567993164
-9.980823516845703
7.669092655181885
0.21511465311050415
-2.9027488231658936
-4.837998390197754
7.720075607299805
0.24791765213012695
-1.796024203300476
-7.4168782234191895
8.755574226379395
-3.0537705421447754
-1.255460500717163
-9.968412399291992
7.53825044631958
0.3239249885082245
-2.826551914215088
-5.4335808753967285
7.709754467010498
0.11977653205394745
-1.7146308422088623
-7.967507839202881
8.77778434753418
-3.315187692642212
-1.3925318717956543
-9.984596252441406
7.419223308563232
0.3931241035461426
-2.725208044052124
-6.063848495483398
