2
3
1.7985084056854248
0.7114336490631104
3.6509249210357666
8.819029808044434
8.098640441894531
3.332138776779175
-4.156722068786621
-2.9520885944366455
-9.351933479309082
-1.6863653659820557
3.200958490371704
-2.829725742340088
1.7878260612487793
0.9165085554122925
3.519526958465576
9.177502632141113
7.6084699630737305
3.186406373977661
-5.178623199462891
-3.2478597164154053
-8.76240348815918
-1.6752290725708008
4.373243808746338
-2.7773289680480957
1.7741347551345825
1.1162691116333008
3.387230157852173
9.52658748626709
7.1251397132873535
3.042457342147827
-6.176012992858887
-3.538370132446289
-8.186792373657227
-1.6635929346084595
5.523576259613037
-2.7210423946380615
1.7576221227645874
1.3105015754699707
3.2543373107910156
9.866392135620117
6.649822235107422
2.9006659984588623
-7.149950981140137
-3.8238906860351562
-7.623837947845459
-1.6516329050064087
6.653559684753418
-2.6614933013916016
1.739411473274231
1.4998447895050049
3.12130069732666
10.197224617004395
6.1835503578186035
2.7613155841827393
-8.101771354675293
-4.104790210723877
-7.07216739654541
-1.6395312547683716
7.76497745513916
-2.5992393493652344
1.7203624248504639
1.684747338294983
2.988638401031494
10.519426345825195
5.726342678070068
2.624309778213501
-9.033258438110352
-4.38154411315918
-6.530332565307617
-1.6273930072784424
8.85971736907959
-2.534641742706299
1.7009072303771973
1.8654175996780396
2.856802463531494
10.833358764648438
5.2777099609375
2.489445924758911
-9.946500778198242
-4.654661655426025
-5.9966301918029785
-1.6151039600372314
9.939590454101562
-2.4679956436157227
1.6815153360366821
2.0417027473449707
2.72640061378479
11.138854026794434
4.837768077850342
2.3568198680877686
-10.843523025512695
-4.924633502960205
-5.469747543334961
-1.6027902364730835
11.006355285644531
-2.399663209915161
1.662493109703064
2.2134485244750977
2.5976970195770264
11.435569763183594
4.406536102294922
2.2265634536743164
-11.726364135742188
-5.1919403076171875
-4.948361396789551
-1.5905650854110718
12.061739921569824
-2.3300020694732666
1.6442363262176514
2.380557060241699
2.4710006713867188
11.723210334777832
3.98386812210083
2.0986948013305664
-12.597071647644043
-5.457076072692871
-4.431157112121582
-1.578516960144043
13.107423782348633
-2.259355068206787
1.6270084381103516
2.542948007583618
2.3462042808532715
12.001289367675781
3.569648265838623
1.973221778869629
-13.457667350769043
-5.720574855804443
-3.9171547889709473
-1.566480040550232
14.144782066345215
-2.1878769397735596
1.611087679862976
2.700500249862671
2.2238688468933105
12.269673347473145
3.163130521774292
1.8497813940048218
-14.309981346130371
-5.982964992523193
-3.405380964279175
-1.5542162656784058
15.1751070022583
-2.1156978607177734
1.5967081785202026
2.8532216548919678
2.10440993309021
12.528345108032227
2.763756036758423
1.72806978225708
-15.15565013885498
-6.244752883911133
-2.8951005935668945
-1.5418522357940674
16.19976806640625
-2.043109655380249
1.5841114521026611
3.001115560531616
1.9883723258972168
12.777347564697266
2.371349811553955
1.6079338788986206
-15.995952606201172
-6.506285190582275
-2.3835673332214355
-1.5305252075195312
17.22148895263672
-1.9713815450668335
1.5736063718795776
3.144176721572876
1.8763723373413086
13.016654968261719
1.9858283996582031
1.4892077445983887
-16.83159065246582
-6.7678399085998535
-1.8691054582595825
-1.5203442573547363
18.241872787475586
-1.900976300239563
1.5655208826065063
3.28226900100708
1.7690588235855103
13.245892524719238
1.6071885824203491
1.3717416524887085
-17.662885665893555
-7.029604434967041
-1.3501451015472412
-1.5113688707351685
19.26239776611328
-1.8323286771774292
1.5601451396942139
3.4152884483337402
1.667026400566101
13.464842796325684
1.2357711791992188
1.255258321762085
-18.489648818969727
-7.292044162750244
-0.8251804113388062
-1.5036606788635254
20.284465789794922
-1.7658861875534058
1.557687759399414
3.543377161026001
1.5708106756210327
13.673895835876465
0.8718311786651611
1.1395374536514282
-19.311426162719727
-7.55546760559082
-0.29259300231933594
-1.4973177909851074
21.309457778930664
-1.702164888381958
1.5581955909729004
3.6662936210632324
1.4809602499008179
13.87303352355957
0.5156092643737793
1.0243167877197266
-20.127830505371094
-7.820282936096191
0.2487480640411377
-1.4922537803649902
22.33808135986328
-1.64141845703125
1.5614577531814575
3.7831203937530518
1.3982200622558594
14.061365127563477
0.1678653359413147
0.9092362523078918
-20.93729591369629
-8.086974143981934
0.7992373704910278
-1.4880672693252563
23.369789123535156
-1.5834167003631592
1.5678383111953735
3.8936338424682617
1.3233280181884766
14.2384614944458
-0.17038968205451965
0.7940586805343628
-21.7371883392334
-8.35555648803711
1.358963966369629
-1.4844480752944946
24.4038143157959
-1.52802312374115
1.577735424041748
3.9978113174438477
1.2571455240249634
14.404511451721191
-0.49846532940864563
0.6786282658576965
-22.525014877319336
-8.625840187072754
1.9266092777252197
-1.480966567993164
25.437496185302734
-1.4753365516662598
1.5915285348892212
4.095583915710449
1.2003777027130127
14.559372901916504
-0.8152519464492798
0.5628671050071716
-23.297321319580078
-8.897599220275879
2.501023054122925
-1.477457880973816
26.467134475708008
-1.425765872001648
1.60958731174469
4.186976909637451
1.1537659168243408
14.703185081481934
-1.1202020645141602
0.4465925097465515
-24.052162170410156
-9.170891761779785
3.081216335296631
-1.4735989570617676
27.4897403717041
-1.3793936967849731
1.6321555376052856
4.271875381469727
1.1181086301803589
14.835941314697266
-1.4128800630569458
0.3295747935771942
-24.787981033325195
-9.445793151855469
3.6665494441986084
-1.4695361852645874
28.503217697143555
-1.33671236038208
1.6596262454986572
4.350222110748291
1.0941596031188965
14.957571983337402
-1.6929692029953003
0.2115504890680313
-25.50343132019043
-9.72251033782959
4.2567830085754395
-1.4656144380569458
29.50699806213379
-1.2983365058898926
1.692421793937683
4.421772480010986
1.0830687284469604
15.067912101745605
-1.9603233337402344
0.09224453568458557
-26.197845458984375
-10.001418113708496
4.851717472076416
-1.4621232748031616
30.50060272216797
-1.2647303342819214
1.7310816049575806
4.486519813537598
1.0857888460159302
15.166834831237793
-2.2151849269866943
-0.028572097420692444
-26.870939254760742
-10.282768249511719
5.451093673706055
-1.4594708681106567
31.483213424682617
-1.2362329959869385
1.7760767936706543
4.544566631317139
1.1030893325805664
15.254539489746094
-2.457681179046631
-0.15113916993141174
-27.522233963012695
-10.566862106323242
6.05492639541626
-1.4581421613693237
32.454105377197266
-1.2134945392608643
1.827741026878357
4.595697402954102
1.1356751918792725
15.33067798614502
-2.6876683235168457
-0.2756882607936859
-28.150794982910156
-10.853951454162598
6.6633405685424805
-1.458441972732544
33.413143157958984
-1.196918249130249
1.886284589767456
4.639680862426758
1.1843199729919434
15.39513874053955
-2.9041428565979004
-0.4018939733505249
-28.755760192871094
-11.144168853759766
7.276602268218994
-1.4607077836990356
34.3612174987793
-1.187009334564209
1.9521507024765015
4.676406383514404
1.2498626708984375
15.447494506835938
-3.106900691986084
-0.5298976898193359
-29.336658477783203
-11.437845230102539
7.894683361053467
-1.4652177095413208
35.298213958740234
-1.1841074228286743
2.025784969329834
4.705800533294678
1.3333704471588135
15.487770080566406
-3.2956857681274414
-0.659865140914917
-29.892963409423828
-11.735373497009277
8.517585754394531
-1.472241759300232
36.224788665771484
-1.1885720491409302
2.10776424407959
4.727960109710693
1.4356516599655151
15.515869140625
-3.470604419708252
-0.7920745611190796
-30.42586898803711
-12.037700653076172
9.145230293273926
-1.4820619821548462
37.14130783081055
-1.2008119821548462
2.198540687561035
4.742940902709961
1.5574678182601929
15.531861305236816
-3.63173770904541
-0.9269092082977295
-30.93638038635254
-12.345752716064453
9.777541160583496
-1.4949935674667358
38.048126220703125
-1.2213647365570068
2.2985219955444336
4.750760555267334
1.6994473934173584
15.53570556640625
-3.77941632270813
-1.0646705627441406
-31.42530632019043
-12.660189628601074
10.414586067199707
-1.5114052295684814
38.94606018066406
-1.2509559392929077
2.40812349319458
4.7514328956604
1.8623079061508179
15.527359962463379
-3.9142305850982666
-1.2056834697723389
-31.89354133605957
-12.981658935546875
11.056556701660156
-1.531664490699768
39.83613967895508
-1.2901220321655273
2.5277340412139893
4.744899272918701
2.046475648880005
15.506515502929688
-4.03639030456543
-1.350264310836792
-32.34117889404297
-13.3107328414917
11.703462600708008
-1.556106686592102
40.719093322753906
-1.3393120765686035
2.65771746635437
4.731126308441162
2.2524540424346924
15.472975730895996
-4.145914554595947
-1.4986886978149414
-32.76798629760742
-13.647924423217773
12.355494499206543
-1.5851349830627441
41.596107482910156
-1.3991684913635254
2.798424243927002
4.710095405578613
2.4808297157287598
15.426619529724121
-4.242814540863037
-1.6512408256530762
-33.1736946105957
-13.993769645690918
13.012823104858398
-1.6191445589065552
42.468257904052734
-1.4703112840652466
