2
3
0.4983900487422943
0.4893473982810974
-9.388803482055664
-4.415731906890869
0.11154700815677643
3.259500503540039
-0.4116670787334442
2.919524669647217
4.577505588531494
1.5548385381698608
-5.90047550201416
-2.4306657314300537
0.1402376890182495
0.3531683385372162
-9.414701461791992
-4.213912010192871
0.46634441614151
3.4694361686706543
-0.5788633823394775
2.503103733062744
4.347482681274414
1.5468546152114868
-6.550576210021973
-2.3911588191986084
-0.19315671920776367
0.235740065574646
-9.407525062561035
-4.003493785858154
0.8103634119033813
3.6465063095092773
-0.8213238716125488
2.068662643432617
4.077192306518555
1.5533862113952637
-7.164730548858643
-2.3496408462524414
-0.49892857670783997
0.13661114871501923
-9.373525619506836
-3.788515329360962
1.1360714435577393
3.791343927383423
-1.1333825588226318
1.622511863708496
3.769319772720337
1.570719599723816
-7.737222194671631
-2.305328845977783
-0.7757960557937622
0.05502206087112427
-9.320758819580078
-3.571225643157959
1.4385244846343994
3.905766725540161
-1.5124787092208862
1.1691718101501465
3.4280881881713867
1.595571517944336
-8.264559745788574
-2.257540464401245
-1.023589849472046
-0.009909629821777344
-9.257802963256836
-3.3524186611175537
1.7134628295898438
3.9914333820343018
-1.955840826034546
0.7129084467887878
3.059257745742798
1.6257046461105347
-8.746114730834961
-2.2067155838012695
-1.242673397064209
-0.05840656906366348
-9.194234848022461
-3.132988214492798
1.9565528631210327
4.049716949462891
-2.4598326683044434
0.25910627841949463
2.668605327606201
1.659180760383606
-9.183335304260254
-2.153583288192749
-1.4331334829330444
-0.08989278972148895
-9.141315460205078
-2.9145076274871826
2.1634089946746826
4.081827163696289
-3.019758701324463
-0.18548107147216797
2.2626755237579346
1.6943210363388062
-9.580743789672852
-2.098947048187256
-1.5958211421966553
-0.10157844424247742
-9.114351272583008
-2.7007553577423096
2.32989501953125
4.088582992553711
-3.6292057037353516
-0.6136535406112671
1.847412347793579
1.7305744886398315
-9.94472599029541
-2.0444462299346924
-1.731345295906067
-0.08650936931371689
-9.137065887451172
-2.5023486614227295
2.4530231952667236
4.070869445800781
-4.280200004577637
-1.018216848373413
1.4291372299194336
1.7687723636627197
-10.285503387451172
-1.9926496744155884
-1.8390588760375977
-0.03893985599279404
-9.231803894042969
-2.3315277099609375
2.530229091644287
4.030627250671387
-4.964778423309326
-1.3921087980270386
1.0154792070388794
1.8121322393417358
-10.618943214416504
-1.949051022529602
-1.9274829626083374
0.036036863923072815
-9.394929885864258
-2.1856331825256348
2.5601749420166016
3.970144510269165
-5.675487518310547
-1.7287667989730835
0.6138304471969604
1.8652764558792114
-10.967534065246582
-1.9214379787445068
-2.0058181285858154
0.12951460480690002
-9.614109992980957
-2.05627703666687
2.54291033744812
3.8923630714416504
-6.40719747543335
-2.02367901802063
0.22895318269729614
1.9306565523147583
-11.345942497253418
-1.9161970615386963
-2.079069137573242
0.23681117594242096
-9.886545181274414
-1.9403443336486816
2.480565309524536
3.8013787269592285
-7.1582841873168945
-2.2761573791503906
-0.1393924355506897
2.006000280380249
-11.759514808654785
-1.9337936639785767
-2.1513662338256836
0.35465121269226074
-10.211474418640137
-1.8353064060211182
2.376849889755249
3.702453136444092
-7.930736541748047
-2.4892802238464355
-0.4944767355918884
2.0864956378936768
-12.205526351928711
-1.9696893692016602
-2.226278066635132
0.48082390427589417
-10.5902099609375
-1.739861011505127
2.2353427410125732
3.600097894668579
-8.72793197631836
-2.666734218597412
-0.8393720388412476
2.1682627201080322
-12.682466506958008
-2.0198166370391846
-2.3073039054870605
0.6140345931053162
-11.023366928100586
-1.6532971858978271
2.059279203414917
3.4983465671539307
-9.553967475891113
-2.812739849090576
-1.1756362915039062
2.2495994567871094
-13.193209648132324
-2.0821468830108643
-2.396685838699341
0.7534276843070984
-11.512110710144043
-1.575111985206604
1.8512035608291626
3.4007787704467773
-10.413350105285645
-2.9317543506622314
-1.504831075668335
2.3293135166168213
-13.740662574768066
-2.1549081802368164
-2.496321201324463
0.8984091877937317
-12.058774948120117
-1.5050866603851318
1.6129415035247803
3.3100621700286865
-11.309700012207031
-3.027294635772705
-1.8284986019134521
2.406473398208618
-14.326627731323242
-2.2361061573028564
-2.6079955101013184
1.0486844778060913
-12.666461944580078
-1.44315505027771
1.3458998203277588
3.228573799133301
-12.246850967407227
-3.10252046585083
-2.1481590270996094
2.4809813499450684
-14.954691886901855
-2.324328660964966
-2.733189582824707
1.2041378021240234
-13.337701797485352
-1.38910973072052
1.0510644912719727
3.1583869457244873
-13.228474617004395
-3.1603145599365234
-2.4651007652282715
2.5529026985168457
-15.629551887512207
-2.4181253910064697
-2.8726389408111572
1.3646411895751953
-14.075292587280273
-1.3429560661315918
0.7294562458992004
3.1012630462646484
-14.258368492126465
-3.203198194503784
-2.780320167541504
2.6224403381347656
-16.356815338134766
-2.515855312347412
-3.0276498794555664
1.5300347805023193
-14.883097648620605
-1.3042882680892944
0.38222697377204895
3.0587923526763916
-15.340897560119629
-3.233633518218994
-3.095039129257202
2.6899964809417725
-17.142715454101562
-2.615788459777832
-3.19930362701416
1.7002432346343994
-15.765161514282227
-1.2724360227584839
0.01061674952507019
3.0321998596191406
-16.48114013671875
-3.254086971282959
-3.4107580184936523
2.756178855895996
-17.993846893310547
-2.7161359786987305
-3.3883862495422363
1.8752635717391968
-16.724750518798828
-1.246915578842163
-0.38403254747390747
3.022299289703369
-17.6845645904541
-3.2666192054748535
-3.728943347930908
2.821669816970825
-18.916933059692383
-2.8150691986083984
-3.595479965209961
2.054936647415161
-17.766185760498047
-1.2268614768981934
-0.8005505204200745
3.0296435356140137
-18.95737648010254
-3.2729320526123047
-4.05112361907959
2.8874399662017822
-19.91881561279297
-2.9109692573547363
-3.820995807647705
2.239128589630127
-18.89476203918457
-1.2111316919326782
-1.2379193305969238
3.054535150527954
-20.30592918395996
-3.2743077278137207
-4.378643035888672
2.9544498920440674
-21.00585174560547
-3.0024166107177734
-4.0651631355285645
2.4278228282928467
-20.116474151611328
-1.1987239122390747
-1.6955476999282837
3.097071409225464
-21.73720359802246
-3.271622896194458
-4.712925910949707
3.0238780975341797
-22.18539810180664
-3.0879926681518555
-4.328358173370361
2.6211318969726562
-21.438011169433594
-1.1885597705841064
-2.172945499420166
3.1572623252868652
-23.2579402923584
-3.2655129432678223
-5.055359840393066
3.096980333328247
-23.464540481567383
-3.1664576530456543
-4.611052513122559
2.819333791732788
-22.866241455078125
-1.1794002056121826
-2.670213460922241
3.235027551651001
-24.875125885009766
-3.256183624267578
-5.407410144805908
3.1749613285064697
-24.85088539123535
-3.2366766929626465
-4.913903713226318
3.0228230953216553
-24.408611297607422
-1.1699501276016235
-3.187678575515747
3.330279588699341
-26.5961971282959
-3.243595838546753
-5.770260334014893
3.2590112686157227
-26.351839065551758
-3.297585964202881
-5.237582206726074
3.2321882247924805
-26.072952270507812
-1.15891695022583
-3.7254035472869873
3.442783832550049
-28.429006576538086
-3.2277190685272217
-6.145614147186279
3.3504674434661865
-27.975963592529297
-3.348222017288208
-5.582889556884766
3.448035478591919
-27.867809295654297
-1.1450254917144775
-4.283872127532959
3.5724308490753174
-30.381641387939453
-3.2083606719970703
-6.5353593826293945
3.450690507888794
-29.732322692871094
-3.387669324874878
-5.950717449188232
3.6711318492889404
-29.802854537963867
-1.1271722316741943
-4.863704681396484
3.7191965579986572
-32.46283721923828
-3.185182571411133
-6.941399097442627
3.5610809326171875
-31.630523681640625
-3.415116548538208
-6.342259883880615
3.9023427963256836
-31.888439178466797
-1.1040955781936646
-5.465759754180908
3.8831262588500977
-34.68233871459961
-3.1576669216156006
-7.366045951843262
3.683135509490967
-33.681365966796875
-3.429811477661133
-6.758901596069336
4.142638206481934
-34.13570785522461
-1.0744587182998657
-6.090996265411377
4.064366817474365
-37.05078125
-3.1251487731933594
-7.811362266540527
3.8183414936065674
-35.89591979980469
-3.4310967922210693
-7.201681137084961
4.393199920654297
-36.55609893798828
-1.0371809005737305
-6.739912509918213
4.2632646560668945
-39.57921600341797
-3.0871694087982178
-8.27940559387207
3.968235969543457
-38.285945892333984
-3.4183669090270996
-7.671872138977051
4.655292510986328
-39.162078857421875
-0.9911209344863892
-7.413482189178467
4.480259895324707
-42.28008270263672
-3.0429749488830566
-8.77242374420166
4.134415149688721
-40.864166259765625
-3.391052722930908
-8.1712007522583
4.9301910400390625
-41.96747970581055
-0.9349064826965332
-8.112982749938965
4.715893268585205
-45.167083740234375
-2.9915707111358643
-9.29271411895752
4.318499565124512
-43.64417266845703
-3.3485841751098633
-8.701476097106934
5.21926736831665
-44.9870491027832
-0.8671233654022217
-8.839776992797852
4.970821380615234
-48.254966735839844
-2.931807518005371
-9.842646598815918
4.522125244140625
-46.64051055908203
-3.290306329727173
