2
3
-2.856428384780884
0.0034534186124801636
2.7124109268188477
6.664116859436035
0.2220669388771057
-9.966413497924805
10.396634101867676
-9.40972900390625
8.595224380493164
-2.426447868347168
-9.383660316467285
1.379207730293274
-2.5244357585906982
-0.22735409438610077
3.4565505981445312
6.272556781768799
0.5599550604820251
-9.97054386138916
11.063202857971191
-9.316837310791016
8.081408500671387
-2.466472625732422
-10.437555313110352
1.3204877376556396
-2.1980087757110596
-0.453172504901886
4.1902360916137695
5.889303684234619
0.8977009057998657
-9.98047924041748
11.731954574584961
-9.23338508605957
7.57904052734375
-2.5126242637634277
-11.46548843383789
1.2519773244857788
-1.8760485649108887
-0.6741155385971069
4.914793491363525
5.513277053833008
1.2360670566558838
-9.99642562866211
12.404009819030762
-9.159842491149902
7.088521480560303
-2.563929557800293
-12.469104766845703
1.174307107925415
-1.5574934482574463
-0.8906431198120117
5.631654739379883
5.143365859985352
1.5757670402526855
-10.018485069274902
13.080351829528809
-9.09642219543457
6.610182285308838
-2.6206438541412354
-13.449459075927734
1.087327003479004
-1.2413438558578491
-1.1033905744552612
6.34234094619751
4.7783613204956055
1.9173355102539062
-10.04656982421875
13.761616706848145
-9.043035507202148
6.144382953643799
-2.682893991470337
-14.407607078552246
0.9908736944198608
-0.9266073703765869
-1.3131036758422852
7.048374652862549
4.416867256164551
2.2614223957061768
-10.08069896697998
14.448623657226562
-8.99983024597168
5.691475868225098
-2.750514268875122
-15.344630241394043
0.8849583268165588
-0.6122546195983887
-1.5203862190246582
7.751328945159912
4.05776309967041
2.6087875366210938
-10.121041297912598
15.142468452453613
-8.96720027923584
5.251798629760742
-2.8234660625457764
-16.261404037475586
0.7694435715675354
-0.2972676157951355
-1.72588050365448
8.45278549194336
3.6998658180236816
2.960106611251831
-10.167593955993652
15.843944549560547
-8.945283889770508
4.825568199157715
-2.901747703552246
-17.159019470214844
0.6442306637763977
0.019421279430389404
-1.9302988052368164
9.154250144958496
3.3417627811431885
3.316042900085449
-10.220346450805664
16.553876876831055
-8.934185028076172
4.413051128387451
-2.9857728481292725
-18.037704467773438
0.5085043907165527
0.33878156542778015
-2.134340524673462
9.857329368591309
2.9821560382843018
3.677396059036255
-10.279522895812988
17.273540496826172
-8.934497833251953
4.013988494873047
-3.07596755027771
-18.897844314575195
0.3615630865097046
0.6617771983146667
-2.3386611938476562
10.563677787780762
2.6198267936706543
4.044638156890869
-10.345069885253906
18.003767013549805
-8.946470260620117
3.629369020462036
-3.173236608505249
-19.738182067871094
0.201726034283638
0.9893544912338257
-2.543905019760132
11.27491283416748
2.2536087036132812
4.418856620788574
-10.417618751525879
18.746030807495117
-8.971026420593262
3.259634256362915
-3.2778637409210205
-20.55837059020996
0.028245404362678528
1.322468876838684
-2.7503468990325928
11.992576599121094
1.8828567266464233
4.801619529724121
-10.498039245605469
19.5021915435791
-9.009279251098633
2.905115842819214
-3.3900668621063232
-21.35825538635254
-0.15949222445487976
1.6621605157852173
-2.9583473205566406
12.718369483947754
1.5065265893936157
5.194137096405029
-10.5866117477417
20.273101806640625
-9.061716079711914
2.566251277923584
-3.5100860595703125
-22.13739013671875
-0.36226221919059753
2.009592056274414
-3.1686952114105225
13.454244613647461
1.1230099201202393
5.597036361694336
-10.683111190795898
21.058958053588867
-9.12873649597168
2.24352765083313
-3.6380367279052734
-22.894968032836914
-0.5805349349975586
2.365772247314453
-3.382154703140259
14.201872825622559
0.7309656739234924
6.010759353637695
-10.787494659423828
21.85930633544922
-9.210677146911621
1.9377068281173706
-3.774088144302368
-23.629026412963867
-0.8149176836013794
2.7304892539978027
-3.5991694927215576
14.960536003112793
0.3296785056591034
6.436113357543945
-10.900341033935547
22.675148010253906
-9.308658599853516
1.6498386859893799
-3.918287754058838
-24.336435317993164
-1.0657341480255127
3.104118824005127
-3.820375919342041
15.731168746948242
-0.08170434832572937
6.873920440673828
-11.022208213806152
23.507709503173828
-9.423638343811035
1.3807408809661865
-4.0708441734313965
-25.014616012573242
-1.3337713479995728
3.487488031387329
-4.046488285064697
16.51532554626465
-0.5045090913772583
7.324894905090332
-11.15355396270752
24.35788917541504
-9.556304931640625
1.1310359239578247
-4.232022762298584
-25.661396026611328
-1.6198604106903076
3.881347417831421
-4.278146743774414
17.314428329467773
-0.939859926700592
7.790009021759033
-11.295063018798828
25.227380752563477
-9.707839965820312
0.9011563062667847
-4.402094841003418
-26.274391174316406
-1.9247997999191284
4.2864766120910645
-4.515992164611816
18.130258560180664
-1.3889291286468506
8.269948959350586
-11.447256088256836
26.11678695678711
-9.87891960144043
0.69145667552948
-4.581375598907471
-26.851951599121094
-2.2494406700134277
4.7037553787231445
-4.7609333992004395
18.96463966369629
-1.8531633615493774
8.76537799835205
-11.610654830932617
27.02704429626465
-10.070352554321289
0.50223308801651
-4.770144939422607
-27.392732620239258
-2.594520330429077
5.134178638458252
-5.013936519622803
19.819416046142578
-2.3340909481048584
9.277182579040527
-11.785907745361328
27.959651947021484
-10.283394813537598
0.3338519334793091
-4.968708038330078
-27.895191192626953
-2.960817337036133
5.579444885253906
-5.275893211364746
20.6968994140625
-2.8333237171173096
9.806471824645996
-11.9738130569458
28.916688919067383
-10.519736289978027
0.18630999326705933
-5.177311420440674
-28.35888671875
-3.3489749431610107
6.040769100189209
-5.547922134399414
21.599714279174805
-3.3525023460388184
10.35423755645752
-12.175088882446289
29.899932861328125
-10.78083324432373
0.05981928110122681
-5.3962931632995605
-28.78278923034668
-3.759833335876465
6.519501686096191
-5.831236839294434
22.53075408935547
-3.8934237957000732
10.921431541442871
-12.390451431274414
30.91087532043457
-11.068108558654785
-0.04568846523761749
-5.625832557678223
-29.166669845581055
-4.194113254547119
7.016872406005859
-6.127133369445801
23.49243927001953
-4.4580078125
11.50901985168457
-12.620645523071289
31.95105743408203
-11.383066177368164
-0.13026008009910583
-5.866268157958984
-29.51066017150879
-4.652771472930908
7.534029006958008
-6.436948776245117
24.48710060119629
-5.048192024230957
12.118183135986328
-12.866582870483398
33.02279281616211
-11.727678298950195
-0.19389574229717255
-6.117959976196289
-29.81458854675293
-5.136713027954102
8.072162628173828
-6.7620673179626465
25.51725959777832
-5.665990829467773
12.74991512298584
-13.129138946533203
34.12842559814453
-12.103896141052246
-0.2361285537481308
-6.38151741027832
-30.076892852783203
-5.647313117980957
8.632333755493164
-7.1038713455200195
26.585445404052734
-6.313408851623535
13.405096054077148
-13.40916919708252
35.270084381103516
-12.513618469238281
-0.2565891742706299
-6.65752649307251
-30.29635238647461
-6.185998916625977
9.215865135192871
-7.4637651443481445
27.694364547729492
-6.992568016052246
14.084927558898926
-13.707718849182129
36.45009231567383
-12.958972930908203
-0.2550095021724701
-6.946599960327148
-30.471832275390625
-6.754254341125488
9.824068069458008
-7.843142509460449
28.84669303894043
-7.705624580383301
14.790655136108398
-14.025898933410645
37.67088317871094
-13.44222354888916
-0.23142489790916443
-7.249166011810303
-30.602222442626953
-7.35354471206665
10.45817756652832
-8.243352890014648
30.04489517211914
-8.454713821411133
15.523508071899414
-14.364855766296387
38.93484115600586
-13.965686798095703
-0.18552541732788086
-7.565842151641846
-30.685665130615234
-7.985311985015869
11.119935989379883
-8.665905952453613
31.292810440063477
-9.242594718933105
16.2847900390625
-14.725811958312988
40.24452590942383
-14.531851768493652
-0.11738992482423782
-7.897363185882568
-30.721906661987305
-8.65128231048584
11.810811042785645
-9.112220764160156
32.593448638916016
-10.071828842163086
17.075857162475586
-15.110052108764648
41.6025390625
-15.143315315246582
-0.02663404494524002
-8.244590759277344
-30.709646224975586
-9.353347778320312
12.532301902770996
-9.583707809448242
33.94987869262695
-10.945042610168457
17.898149490356445
-15.518960952758789
43.011783599853516
-15.802927017211914
0.08701872080564499
-8.60851764678955
-30.649106979370117
-10.093779563903809
13.28594970703125
-10.081793785095215
35.3652458190918
-11.864992141723633
18.7531681060791
-15.954005241394043
44.47531509399414
-16.513708114624023
0.22375217080116272
-8.990131378173828
-30.53951072692871
-10.874780654907227
14.073345184326172
-10.607939720153809
36.842796325683594
-12.834576606750488
19.642478942871094
-16.41673469543457
45.996341705322266
-17.27886199951172
0.3838954567909241
-9.390509605407715
-30.379337310791016
-11.698630332946777
14.89612865447998
-11.16366195678711
38.38587951660156
-13.85684871673584
20.56766128540039
-16.90876007080078
47.57810592651367
-18.1016902923584
0.5675491690635681
-9.810900688171387
-30.167255401611328
-12.567858695983887
