2
3
5.811069488525391
-3.835970640182495
-10.317495346069336
-4.21514368057251
-7.675192356109619
4.293410778045654
12.524983406066895
-7.271751403808594
3.0793423652648926
3.6313858032226562
3.1033849716186523
6.740688323974609
4.985416412353516
-3.6863956451416016
-11.435057640075684
-3.40468692779541
-6.517604351043701
3.5226800441741943
13.683797836303711
-7.8763227462768555
3.122870445251465
4.339029788970947
2.4372620582580566
6.010200023651123
4.106230735778809
-3.4535412788391113
-12.404900550842285
-2.655205249786377
-5.274020671844482
2.720212936401367
14.554533958435059
-8.350494384765625
3.1108362674713135
4.975207805633545
1.8779330253601074
5.205843448638916
3.1719436645507812
-3.156728982925415
-13.180591583251953
-1.9782969951629639
-3.975254535675049
1.8909423351287842
15.143540382385254
-8.672431945800781
3.0546393394470215
5.531545639038086
1.447217583656311
4.337378025054932
2.1928491592407227
-2.81197452545166
-13.741966247558594
-1.3865694999694824
-2.6461212635040283
1.047789454460144
15.441162109375
-8.83334732055664
2.9796431064605713
6.0055060386657715
1.1118474006652832
3.3940083980560303
1.184609055519104
-2.4323666095733643
-14.07734203338623
-0.8889583349227905
-1.3076554536819458
0.2060832381248474
15.428698539733887
-8.831247329711914
2.902036190032959
6.395115375518799
0.8519784212112427
2.3798704147338867
0.16792941093444824
-2.030186653137207
-14.183316230773926
-0.4935307800769806
0.0149003267288208
-0.6137347221374512
15.107173919677734
-8.666635513305664
2.8324391841888428
6.696822166442871
0.6543745994567871
1.3098599910736084
-0.831548810005188
-1.6149355173110962
-14.065274238586426
-0.21368101239204407
1.2867006063461304
-1.379094123840332
14.530669212341309
-8.371594429016113
2.7772347927093506
6.904698371887207
0.5095568895339966
0.2146381139755249
-1.7898366451263428
-1.1934001445770264
-13.742361068725586
-0.06105858087539673
2.4825756549835205
-2.0740392208099365
13.725553512573242
-7.955916404724121
2.7373859882354736
7.01338529586792
0.40885698795318604
-0.8719676733016968
-2.6892900466918945
-0.7753171324729919
-13.225448608398438
-0.03125176578760147
3.5853750705718994
-2.6836843490600586
12.711409568786621
-7.4351325035095215
2.7108259201049805
7.018350601196289
0.3467505872249603
-1.9129254817962646
-3.5146145820617676
-0.3706991970539093
-12.524517059326172
-0.11779000610113144
4.580357074737549
-3.191560745239258
11.504766464233398
-6.840549468994141
2.6924946308135986
6.92390251159668
0.31880202889442444
-2.8875699043273926
-4.2535719871521
0.012525498867034912
-11.650989532470703
-0.3142335116863251
5.453917503356934
-3.587523937225342
10.12944507598877
-6.198009490966797
2.684523820877075
6.741785049438477
0.3158370852470398
-3.7922003269195557
-4.89876651763916
0.3652348518371582
-10.619674682617188
-0.6111636757850647
6.191840171813965
-3.8640213012695312
8.643674850463867
-5.537512302398682
2.6911799907684326
6.481047630310059
0.3253556489944458
-4.625218868255615
-5.446481704711914
0.6728085875511169
-9.44719123840332
-0.9853783845901489
6.785827159881592
-4.02329683303833
7.098960876464844
-4.878224849700928
2.712211847305298
6.15195894241333
0.3345792591571808
-5.388295650482178
-5.8874993324279785
0.9274628162384033
-8.158016204833984
-1.4179569482803345
7.233980655670166
-4.070047378540039
5.532531261444092
-4.227531433105469
2.745432138442993
5.76220178604126
0.326644629240036
-6.081674575805664
-6.2007856369018555
1.1182384490966797
-6.835676193237305
-1.8718945980072021
7.529469966888428
-3.9998509883880615
4.01058292388916
-3.605503797531128
2.7954487800598145
5.3083295822143555
0.2420947253704071
-6.681497573852539
-6.387704849243164
1.2478713989257812
-5.541696071624756
-2.3287768363952637
7.674551963806152
-3.8231747150421143
2.5921030044555664
-3.044686794281006
2.8472461700439453
4.813636779785156
0.09923473000526428
-7.207309722900391
-6.456489562988281
1.3285659551620483
-4.293774604797363
-2.8072497844696045
7.680810451507568
-3.559636354446411
1.3043830394744873
-2.5666563510894775
2.8839902877807617
4.30716609954834
-0.029164522886276245
-7.697788238525391
-6.415464401245117
1.3680214881896973
-3.0830907821655273
-3.3317360877990723
7.576100826263428
-3.2335469722747803
0.10903048515319824
-2.163315773010254
2.8975777626037598
3.8106706142425537
-0.09295874834060669
-8.194079399108887
-6.273446083068848
1.3597458600997925
-1.8938621282577515
-3.8981032371520996
7.3844075202941895
-2.8640966415405273
-1.045666217803955
-1.8181930780410767
2.907557725906372
3.328664779663086
-0.12324608117341995
-8.69528865814209
-6.043127059936523
1.3068946599960327
-0.7281978130340576
-4.493679046630859
7.1144022941589355
-2.4642152786254883
-2.176656723022461
-1.513150691986084
2.9350948333740234
2.8529350757598877
-0.18779873847961426
-9.167068481445312
-5.726368427276611
1.2048892974853516
0.39874398708343506
-5.0946831703186035
6.767152309417725
-2.045912504196167
-3.2658438682556152
-1.2394026517868042
2.978381633758545
2.381418466567993
-0.29324930906295776
-9.596388816833496
-5.329368591308594
1.0476922988891602
1.4714109897613525
-5.677340507507324
6.351698875427246
-1.6137373447418213
-4.29825496673584
-1.0096969604492188
3.0325067043304443
1.9164211750030518
-0.41654282808303833
-9.984301567077637
-4.858794689178467
0.8360439538955688
2.470456123352051
-6.2236456871032715
5.8800835609436035
-1.1682227849960327
-5.262909889221191
-0.8503077030181885
3.0881123542785645
1.461539387702942
-0.5487866401672363
-10.328750610351562
-4.321258544921875
0.5733836889266968
3.3766467571258545
-6.720839977264404
5.359979152679443
-0.7124122977256775
-6.143312454223633
-0.7800365686416626
3.144209384918213
1.0152087211608887
-0.689750075340271
-10.625110626220703
-3.725968360900879
0.26541152596473694
4.176090717315674
-7.158064365386963
4.7968430519104
-0.2516649067401886
-6.9219865798950195
-0.8101761937141418
3.200298309326172
0.5762489438056946
-0.8418329954147339
-10.869709014892578
-3.0809431076049805
-0.08006641268730164
4.854621887207031
-7.525473594665527
4.197690963745117
0.20800897479057312
-7.582197666168213
-0.9505378007888794
3.2555510997772217
0.14390957355499268
-1.0101436376571655
-11.060140609741211
-2.3961234092712402
-0.45295798778533936
5.39902400970459
-7.816805839538574
3.5715129375457764
0.6586627960205078
-8.111148834228516
-1.2092150449752808
3.30727481842041
-0.2804356813430786
-1.196364164352417
-11.1974458694458
-1.682267189025879
-0.841153621673584
5.79655647277832
-8.03348159790039
2.9289159774780273
1.0929237604141235
-8.498394012451172
-1.5923664569854736
3.351487874984741
-0.6937308311462402
-1.4005441665649414
-11.28506851196289
-0.9551780223846436
-1.2312085628509521
6.0515055656433105
-8.181297302246094
2.281576156616211
1.503210186958313
-8.735844612121582
-2.1024832725524902
3.383925437927246
-1.0923550128936768
-1.6194469928741455
-11.330862998962402
-0.22910338640213013
-1.6115285158157349
6.164010047912598
-8.270430564880371
1.6417648792266846
1.8814477920532227
-8.820237159729004
-2.7376723289489746
3.4004456996917725
-1.4731221199035645
-1.8488752841949463
-11.34108829498291
0.48542481660842896
-1.9723002910614014
6.129697799682617
-8.311814308166504
1.021968126296997
2.2190089225769043
-8.751014709472656
-3.4912304878234863
3.3963067531585693
-1.8322348594665527
-2.082198143005371
-11.326143264770508
1.17630934715271
-2.304553747177124
5.951890468597412
-8.316876411437988
0.43531739711761475
2.5063679218292236
-8.533773422241211
-4.350586891174316
3.3674120903015137
-2.166175365447998
-2.3108532428741455
-11.298434257507324
1.8297898769378662
-2.6002416610717773
5.643325328826904
-8.299196243286133
-0.10520154237747192
2.732184648513794
-8.182191848754883
-5.293646335601807
3.3103907108306885
-2.471857786178589
-2.5248947143554688
-11.271721839904785
2.434035539627075
-2.8527047634124756
5.2183308601379395
-8.274386405944824
-0.5884003639221191
2.885066509246826
-7.713032245635986
-6.293545246124268
3.222968101501465
-2.746166706085205
-2.7130753993988037
-11.262494087219238
2.977169990539551
-3.056746006011963
4.700414180755615
-8.26106071472168
-1.0057456493377686
2.9559900760650635
-7.1458868980407715
-7.322663307189941
3.10453724861145
-2.9875741004943848
-2.8641343116760254
-11.288582801818848
3.448884963989258
-3.208111524581909
4.123421669006348
-8.279539108276367
-1.3541014194488525
2.938920259475708
-6.505913734436035
-8.357253074645996
2.958895444869995
-3.1977219581604004
-2.9698307514190674
-11.367361068725586
3.8427414894104004
-3.3069241046905518
3.5111424922943115
-8.346672058105469
-1.6353602409362793
2.833585023880005
-5.814605236053467
-9.382232666015625
2.792893648147583
-3.382347583770752
-3.028348684310913
-11.507030487060547
4.154935836791992
-3.356585741043091
2.889049530029297
-8.482608795166016
-1.853800892829895
2.6408209800720215
-5.094756126403809
-10.386556625366211
2.6150593757629395
-3.549920082092285
-3.048095703125
-11.706817626953125
4.386081695556641
-3.362931966781616
2.2753350734710693
-8.697555541992188
-2.0126748085021973
2.3644204139709473
-4.365212440490723
-11.364921569824219
2.4334285259246826
-3.7106740474700928
-3.0530571937561035
-11.949379920959473
