2
3
9.63837718963623
-3.715494394302368
4.964917182922363
4.307599067687988
5.264402389526367
-8.529091835021973
-6.384708404541016
0.27179259061813354
-2.736395835876465
0.46957290172576904
-4.664807319641113
7.827096939086914
10.01577377319336
-3.6434333324432373
3.4640345573425293
4.326605796813965
4.8610453605651855
-8.467574119567871
-6.498475551605225
1.0992549657821655
-2.6677534580230713
0.6583452224731445
-3.546753406524658
6.97487735748291
10.248991012573242
-3.542551279067993
2.0333504676818848
4.370239734649658
4.456692695617676
-8.365921020507812
-6.587712287902832
1.955517053604126
-2.471801519393921
0.7616966962814331
-2.6055524349212646
6.1776838302612305
10.346261024475098
-3.4200668334960938
0.6609671115875244
4.458760738372803
4.071068286895752
-8.212844848632812
-6.747602939605713
2.8399465084075928
-2.17141056060791
0.8016610145568848
-1.8143725395202637
5.386346340179443
10.318655967712402
-3.279890775680542
-0.6392320394515991
4.594997882843018
3.710383176803589
-7.994515419006348
-6.9482102394104
3.7067432403564453
-1.7969118356704712
0.75774085521698
-1.111058235168457
4.646564483642578
10.18343448638916
-3.1358537673950195
-1.8753867149353027
4.7958664894104
3.367974042892456
-7.716070175170898
-7.144274711608887
4.5354461669921875
-1.3679394721984863
0.6285168528556824
-0.4662219285964966
3.9869837760925293
9.962976455688477
-2.985720157623291
-3.0655345916748047
5.0455322265625
3.0390541553497314
-7.387761116027832
-7.312941074371338
5.320957183837891
-0.8972214460372925
0.42676886916160583
0.12436890602111816
3.4112706184387207
9.6693696975708
-2.819758415222168
-4.2085185050964355
5.3162407875061035
2.722538709640503
-7.018765926361084
-7.440765380859375
6.058547019958496
-0.39408206939697266
0.16540291905403137
0.6540055274963379
2.920828342437744
9.308852195739746
-2.6297101974487305
-5.2895708084106445
5.588524341583252
2.419872522354126
-6.617522716522217
-7.5222296714782715
6.744702339172363
0.13656699657440186
-0.14502626657485962
1.109509825706482
2.5175905227661133
8.88546085357666
-2.415571689605713
-6.291703701019287
5.84712028503418
2.135812759399414
-6.192505836486816
-7.554018974304199
7.375135898590088
0.687720537185669
-0.49444422125816345
1.4818811416625977
2.208083152770996
8.404698371887207
-2.180936574935913
-7.201061725616455
6.082300186157227
1.8740181922912598
-5.750057220458984
-7.537325382232666
7.9471306800842285
1.2505247592926025
-0.8730878829956055
1.762887716293335
1.9998058080673218
7.874667644500732
-1.9316036701202393
-8.008435249328613
6.2869462966918945
1.6376047134399414
-5.294679641723633
-7.480018138885498
8.458840370178223
1.8157918453216553
-1.270084023475647
1.9451789855957031
1.8983553647994995
7.304805755615234
-1.6734025478363037
-8.707999229431152
6.457570552825928
1.4286129474639893
-4.83051872253418
-7.391042232513428
8.909124374389648
2.377950668334961
-1.673809289932251
2.015796661376953
1.9055817127227783
6.70759391784668
-1.4142775535583496
-9.298887252807617
6.5933356285095215
1.249497413635254
-4.362926483154297
-7.279590606689453
9.298612594604492
2.9311065673828125
-2.0739266872406006
1.9622775316238403
2.021904230117798
6.094172954559326
-1.1615641117095947
-9.78079605102539
6.695208549499512
1.100632667541504
-3.896627426147461
-7.151819705963135
9.626510620117188
3.467439651489258
-2.4604320526123047
1.7734736204147339
2.246309757232666
5.474649429321289
-0.9209945201873779
-10.156264305114746
6.766773700714111
0.9817915558815002
-3.435514211654663
-7.015841484069824
9.893623352050781
3.978264808654785
-2.8221983909606934
1.4429125785827637
2.5771265029907227
4.859227657318115
-0.698067843914032
-10.43149471282959
6.81330680847168
0.8928557634353638
-2.9829697608947754
-6.882974624633789
10.1017484664917
4.454437732696533
-3.1485965251922607
0.968187153339386
3.0098531246185303
4.257868766784668
-0.49760401248931885
-10.615774154663086
6.841668605804443
0.8332440853118896
-2.5441553592681885
-6.765964508056641
10.259222984313965
4.885134696960449
-3.430124044418335
0.3555290699005127
3.537992238998413
3.679589033126831
-0.32335418462753296
-10.72299575805664
6.8623881340026855
0.8006691932678223
-2.1230270862579346
-6.6762285232543945
10.376618385314941
5.260643005371094
-3.6576201915740967
-0.3810163736343384
4.149619102478027
3.1325738430023193
-0.1779150664806366
-10.772903442382812
6.889842987060547
0.7929331064224243
-1.7220733165740967
-6.626306056976318
10.465039253234863
5.573887348175049
-3.822669267654419
-1.2230706214904785
4.828514099121094
2.62335205078125
-0.06214927136898041
-10.790794372558594
6.939468860626221
0.8073180317878723
-1.342726707458496
-6.632887840270996
10.5401611328125
5.819292068481445
-3.9199390411376953
-2.148068428039551
5.559732437133789
2.1591010093688965
0.023900695145130157
-10.82451057434082
7.033849239349365
0.8417356014251709
-0.9850571155548096
-6.726808547973633
10.625154495239258
5.993097305297852
-3.946779251098633
-3.1325526237487793
6.329682350158691
1.7437171936035156
0.08519197255373001
-10.93157958984375
7.194128036499023
0.8938495516777039
-0.6465416550636292
-6.941988468170166
10.7354154586792
6.095548629760742
-3.902799606323242
-4.1591033935546875
7.12391471862793
1.371384620666504
0.1297491490840912
-11.115321159362793
7.4240827560424805
0.9536713361740112
-0.3240431249141693
-7.259320259094238
10.866291046142578
6.130042552947998
-3.790156126022339
-5.215036392211914
7.930688858032227
1.033752202987671
0.16327008605003357
-11.340302467346191
7.713946342468262
1.0133894681930542
-0.01636749505996704
-7.663248538970947
11.01711654663086
6.0992960929870605
-3.611747980117798
-6.290134429931641
8.74100112915039
0.7252926826477051
0.19079658389091492
-11.585469245910645
8.053375244140625
1.0659420490264893
0.2775341272354126
-8.14079475402832
11.18916130065918
6.004272937774658
-3.370760917663574
-7.376084327697754
9.548005104064941
0.444571852684021
0.2163757085800171
-11.850269317626953
8.442970275878906
1.105141282081604
0.5592438578605652
-8.67863941192627
11.382739067077637
5.846930980682373
-3.0719447135925293
-8.469374656677246
10.3484468460083
0.1918465495109558
0.24329957365989685
-12.142024040222168
8.88535213470459
1.1285446882247925
0.8290061950683594
-9.265284538269043
11.596512794494629
5.632719039916992
-2.722888946533203
-9.571611404418945
11.141935348510742
-0.032618820667266846
0.2756011486053467
-12.473601341247559
9.382940292358398
1.136367917060852
1.0859034061431885
-9.90267562866211
11.838509559631348
5.367048263549805
-2.331186532974243
-10.68306827545166
11.929116249084473
-0.22860115766525269
0.3166775107383728
-12.858834266662598
9.936906814575195
1.1284619569778442
1.3297579288482666
-10.596441268920898
12.118380546569824
5.055594444274902
-1.9039313793182373
-11.805272102355957
12.711342811584473
-0.39929455518722534
0.37445399165153503
-13.315797805786133
10.544754981994629
1.1039109230041504
1.5615818500518799
-11.352505683898926
12.444552421569824
4.705052375793457
-1.4477225542068481
-12.942359924316406
13.49026870727539
-0.5497902631759644
0.4561777412891388
-13.860280990600586
11.203563690185547
1.0620226860046387
1.7830915451049805
-12.176237106323242
12.82321548461914
4.321319103240967
-0.9676028490066528
-14.10033130645752
14.268556594848633
-0.684925377368927
0.5659474730491638
-14.505111694335938
11.91234302520752
1.0025224685668945
1.9976013898849487
-13.075010299682617
13.259997367858887
3.9093804359436035
-0.46767979860305786
-15.28735065460205
15.050646781921387
-0.8091754913330078
0.7048666477203369
-15.258997917175293
12.672369003295898
0.9243748784065247
2.2085533142089844
-14.056147575378418
13.761332511901855
3.473804473876953
0.04864680767059326
-16.513856887817383
15.841944694519043
-0.9269998073577881
0.8734662532806396
-16.129812240600586
13.486174583435059
0.8262372016906738
2.420705556869507
-15.128043174743652
14.333391189575195
3.018775701522827
0.5787005424499512
-17.79240608215332
16.648624420166016
-1.043428659439087
1.0713781118392944
-17.12202262878418
14.35690689086914
0.707110583782196
2.6383860111236572
-16.29970932006836
14.981046676635742
2.5480947494506836
1.1201632022857666
-19.13641357421875
17.476598739624023
-1.1630610227584839
1.2987122535705566
-18.24144172668457
15.288297653198242
0.5663599967956543
2.865708827972412
-17.580467224121094
15.708148956298828
2.0644783973693848
1.6713162660598755
-20.558469772338867
18.331676483154297
-1.290282130241394
1.5560325384140015
-19.49433135986328
16.284147262573242
0.4030161201953888
3.1065306663513184
-18.978900909423828
16.517847061157227
1.57040536403656
2.2302086353302
-22.068605422973633
19.217897415161133
-1.4289004802703857
1.8441628217697144
-20.8885555267334
17.34844970703125
0.21606890857219696
3.36456298828125
-20.504594802856445
17.41301155090332
1.0668079853057861
2.795626163482666
-23.67642593383789
20.141042709350586
-1.5825133323669434
2.1641430854797363
-22.433122634887695
18.485355377197266
0.0047052353620529175
3.6428885459899902
-22.16773796081543
18.396495819091797
0.5543447732925415
3.366881847381592
-25.391130447387695
21.10672378540039
