2
3
-2.4663872718811035
0.5665848255157471
5.023031234741211
-4.694817066192627
8.631896018981934
-6.7193427085876465
-5.970179557800293
3.0752177238464355
-6.989421844482422
1.2422714233398438
-6.981836795806885
-1.1994662284851074
-2.1999542713165283
0.2463858425617218
5.63956880569458
-5.271554946899414
8.072489738464355
-6.262389183044434
-7.260468482971191
3.928373336791992
-6.659688949584961
0.9312969446182251
-6.276810646057129
-1.7507297992706299
-1.9422523975372314
-0.06264322996139526
6.239004611968994
-5.831923961639404
7.518069744110107
-5.819283485412598
-8.536231994628906
4.755645751953125
-6.346409320831299
0.6369817852973938
-5.602683067321777
-2.276885509490967
-1.6920580863952637
-0.3632785677909851
6.824070453643799
-6.379085063934326
6.9688496589660645
-5.38980770111084
-9.797072410583496
5.557365894317627
-6.048957824707031
0.358230322599411
-4.957881450653076
-2.7800474166870117
-1.4480273723602295
-0.6583393812179565
7.397540092468262
-6.91608190536499
6.424982070922852
-4.973702907562256
-11.042795181274414
6.333968162536621
-5.766488075256348
0.09349897503852844
-4.3404669761657715
-3.2627665996551514
-1.2087152004241943
-0.9505071640014648
7.962212085723877
-7.445825099945068
5.886551856994629
-4.570691108703613
-12.273416519165039
7.0859270095825195
-5.497898101806641
-0.15900582075119019
-3.747929573059082
-3.7278716564178467
-0.972743034362793
-1.2421419620513916
8.520744323730469
-7.970945358276367
5.353631019592285
-4.180522441864014
-13.489015579223633
7.813675880432129
-5.242156028747559
-0.40112441778182983
-3.1781158447265625
-4.178009510040283
-0.7388455867767334
-1.5352084636688232
9.075577735900879
-8.493782997131348
4.826313018798828
-3.8029959201812744
-14.689698219299316
8.517597198486328
-4.998166084289551
-0.6349058151245117
-2.6286911964416504
-4.615829944610596
-0.505897045135498
-1.831229329109192
9.628837585449219
-9.016380310058594
4.304728031158447
-3.437892436981201
-15.87585163116455
9.198352813720703
-4.764619827270508
-0.8624675273895264
-2.0968592166900635
-5.044066905975342
-0.27248114347457886
-2.1317522525787354
10.183534622192383
-9.541686058044434
3.788695812225342
-3.084810256958008
-17.048419952392578
9.857200622558594
-4.540394306182861
-1.0858112573623657
-1.5804997682571411
-5.46511173248291
-0.03735645115375519
-2.4381186962127686
10.74237060546875
-10.072527885437012
3.277836322784424
-2.743274688720703
-18.20888900756836
10.495826721191406
-4.324446678161621
-1.30685555934906
-1.0776972770690918
-5.881305694580078
0.2001798301935196
-2.750955820083618
11.306758880615234
-10.610616683959961
2.771979808807373
-2.4130802154541016
-19.358154296875
11.115273475646973
-4.115910530090332
-1.5273991823196411
-0.586737871170044
-6.2948760986328125
0.4408697783946991
-3.070596218109131
11.877954483032227
-11.157283782958984
2.2718162536621094
-2.0946600437164307
-20.495561599731445
11.715109825134277
-3.913747549057007
-1.7490723133087158
-0.10567611455917358
-6.707894325256348
0.6848195791244507
-3.3965985774993896
12.456341743469238
-11.712236404418945
1.7786767482757568
-1.7908687591552734
-21.618854522705078
12.292813301086426
-3.716705560684204
-1.9731847047805786
0.3675327003002167
-7.1221537590026855
0.932580828666687
-3.729499101638794
13.043213844299316
-12.276832580566406
1.2934942245483398
-1.504080057144165
-22.726781845092773
12.847203254699707
-3.523750066757202
-2.2010605335235596
0.8346339464187622
-7.539827346801758
1.184473991394043
-4.069721221923828
13.639066696166992
-12.85198974609375
0.8171634674072266
-1.2355918884277344
-23.818096160888672
13.377098083496094
-3.33390474319458
-2.4337782859802246
1.2975342273712158
-7.962746620178223
1.4408447742462158
-4.417623043060303
14.244484901428223
-13.438726425170898
0.3514769375324249
-0.9880409240722656
-24.88947868347168
13.879403114318848
-3.1462934017181396
-2.672013521194458
1.7580277919769287
-8.392303466796875
1.7024012804031372
-4.774113178253174
14.860904693603516
-14.039076805114746
-0.10272285342216492
-0.7626153826713562
-25.939693450927734
14.353516578674316
-2.9601082801818848
-2.916269063949585
2.2178218364715576
-8.830007553100586
1.970071792602539
-5.140026569366455
15.490256309509277
-14.655346870422363
-0.5437830686569214
-0.5605118870735168
-26.966232299804688
14.797536849975586
-2.7745633125305176
-3.167598009109497
2.678616523742676
-9.277848243713379
2.2445406913757324
-5.516172885894775
16.134044647216797
-15.289417266845703
-0.9696770310401917
-0.3831503391265869
-27.965198516845703
15.208616256713867
-2.588853359222412
-3.4269747734069824
3.142183542251587
-9.737669944763184
2.526556968688965
-5.903504848480225
16.793989181518555
-15.943421363830566
-1.3794804811477661
-0.230729341506958
-28.935150146484375
15.58576488494873
-2.4021389484405518
-3.6954047679901123
3.6104137897491455
-10.211432456970215
2.816925525665283
-6.303014755249023
17.471874237060547
-16.61949348449707
-1.7721437215805054
-0.10356584191322327
-29.87415885925293
15.927490234375
-2.213602066040039
-3.974134683609009
4.085315704345703
-10.701512336730957
3.1165101528167725
-6.71580171585083
18.169700622558594
-17.31998634338379
-2.146909236907959
-0.0015602558851242065
-30.780731201171875
16.23287582397461
-2.0224595069885254
-4.264163494110107
4.568792343139648
-11.209844589233398
3.426199436187744
-7.142982006072998
18.88962173461914
-18.047351837158203
-2.502915859222412
0.07524772733449936
-31.653728485107422
16.500944137573242
-1.8278625011444092
-4.566601276397705
5.062994956970215
-11.738615036010742
3.74678373336792
-7.585506439208984
19.633813858032227
-18.80410385131836
-2.8396434783935547
0.1270310878753662
-32.49248504638672
16.731042861938477
-1.6288478374481201
-4.882622241973877
5.570253372192383
-12.290239334106445
4.079252243041992
-8.044625282287598
20.40456771850586
-19.59284782409668
-3.1566731929779053
0.15395307540893555
-33.29653549194336
16.922460556030273
-1.4244835376739502
-5.213236331939697
6.092774391174316
-12.866779327392578
4.424674034118652
-8.521684646606445
21.20449447631836
-20.416494369506836
-3.4536876678466797
0.1561751514673233
-34.06549072265625
17.074596405029297
-1.2138384580612183
-5.559477806091309
6.632826805114746
-13.470379829406738
4.784199237823486
-9.01811408996582
22.03641128540039
-21.278162002563477
-3.730360507965088
0.1338358223438263
-34.798709869384766
17.186744689941406
-0.9960047006607056
-5.921951770782471
7.192177772521973
-14.102946281433105
5.159059524536133
-9.535416603088379
22.903331756591797
-22.18115997314453
-3.986384868621826
0.08698385953903198
-35.49541473388672
17.258054733276367
-0.7700932621955872
-6.301516532897949
7.772855281829834
-14.76646614074707
5.55056095123291
-10.075182914733887
23.808609008789062
-23.129060745239258
-4.221506118774414
0.015641219913959503
-36.155029296875
17.287668228149414
-0.5351771116256714
-6.699203014373779
8.377041816711426
-15.463228225708008
5.960124492645264
-10.639113426208496
24.755861282348633
-24.125730514526367
-4.435562610626221
-0.08017473667860031
-36.7772331237793
17.274770736694336
-0.2902297377586365
-7.11616849899292
9.007224082946777
-16.195838928222656
6.389236927032471
-11.22897720336914
25.748737335205078
-25.175134658813477
-4.628391265869141
-0.20052027702331543
-37.36167907714844
17.218421936035156
-0.03418424725532532
-7.553616046905518
9.666000366210938
-16.96702003479004
6.839448928833008
-11.846617698669434
26.791051864624023
-26.281442642211914
-4.799975872039795
-0.34543973207473755
-37.90835952758789
17.117816925048828
0.2340354025363922
-8.012716293334961
10.356030464172363
-17.779565811157227
7.312451362609863
-12.49404525756836
27.886882781982422
-27.449068069458008
-4.950143814086914
-0.5151916146278381
-38.416748046875
16.971664428710938
0.5155690908432007
-8.494746208190918
11.080138206481934
-18.6364803314209
7.8100690841674805
-13.173471450805664
29.0404109954834
-28.682449340820312
-5.078662872314453
-0.7102005481719971
-38.88602828979492
16.778356552124023
0.8116388916969299
-9.00109577178955
11.84135627746582
-19.541011810302734
8.334197998046875
-13.887185096740723
30.256004333496094
-29.98625946044922
-5.185292720794678
-0.9309587478637695
-39.31535339355469
16.536190032958984
1.1235246658325195
-9.533230781555176
12.642874717712402
-20.4965763092041
8.886818885803223
-14.637622833251953
31.538070678710938
-31.36518096923828
-5.269765853881836
-1.1780362129211426
-39.70378875732422
16.243330001831055
1.4525655508041382
-10.092849731445312
13.488104820251465
-21.50679588317871
9.469869613647461
-15.427094459533691
32.89130783081055
-32.82439041137695
-5.3317108154296875
-1.4521572589874268
-40.04995346069336
15.89757251739502
1.8001843690872192
-10.681761741638184
14.380658149719238
-22.57550811767578
10.085397720336914
-16.25804901123047
34.3206672668457
-34.369361877441406
-5.370744228363037
-1.7541086673736572
-40.35254669189453
15.496652603149414
2.167900800704956
-11.3017578125
15.324236869812012
-23.706558227539062
10.73581314086914
-17.133298873901367
35.8319091796875
-36.00648880004883
-5.3864264488220215
-2.0847854614257812
-40.6100959777832
15.03805923461914
2.5573394298553467
-11.954787254333496
16.322879791259766
-24.90416717529297
