2
3
0.3492404818534851
-9.199533462524414
-9.079461097717285
-3.7409582138061523
1.7963976860046387
-3.9527482986450195
3.2524490356445312
-8.24794864654541
-6.467616081237793
6.467630386352539
0.06651651859283447
8.213861465454102
0.08904600143432617
-8.823346138000488
-9.750596046447754
-3.062786102294922
1.7017664909362793
-4.0744099617004395
3.0859639644622803
-8.450600624084473
-6.162787914276123
5.957967758178711
0.8586412668228149
7.265033721923828
-0.1702727973461151
-8.451888084411621
-10.420433044433594
-2.3979685306549072
1.607569932937622
-4.198386192321777
2.9214673042297363
-8.65648078918457
-5.865223407745361
5.465466499328613
1.6296107769012451
6.348066329956055
-0.4284477233886719
-8.087689399719238
-11.087791442871094
-1.748952031135559
1.513887882232666
-4.324997901916504
2.7590925693511963
-8.865971565246582
-5.57461404800415
4.9895405769348145
2.380300283432007
5.461480617523193
-0.6857531070709229
-7.734549045562744
-11.751635551452637
-1.1179567575454712
1.4207448959350586
-4.454591751098633
2.5989904403686523
-9.0794038772583
-5.2906494140625
4.529800891876221
3.111438035964966
4.604133129119873
-0.9421208500862122
-7.393125057220459
-12.411824226379395
-0.5060819387435913
1.3281424045562744
-4.587342739105225
2.4410738945007324
-9.297000885009766
-5.012930870056152
4.085611343383789
3.823984146118164
3.774620532989502
-1.1972702741622925
-7.06364631652832
-13.067893981933594
0.0858338475227356
1.236189603805542
-4.723523139953613
2.285579204559326
-9.519416809082031
-4.740897178649902
3.655816078186035
4.519168376922607
2.9705824851989746
-1.451174020767212
-6.746076583862305
-13.719900131225586
0.657862663269043
1.1448400020599365
-4.86308479309082
2.13250994682312
-9.74658203125
-4.473993301391602
3.238981246948242
5.198362350463867
2.1892127990722656
-1.7036361694335938
-6.4403228759765625
-14.367491722106934
1.2100143432617188
1.0542042255401611
-5.006441593170166
1.982155203819275
-9.979494094848633
-4.211739540100098
2.8337059020996094
5.862880229949951
1.4278478622436523
-1.9546277523040771
-6.14640998840332
-15.010624885559082
1.7421550750732422
0.964323103427887
-5.153773784637451
1.8345496654510498
-10.21863842010498
-3.9536497592926025
2.438957929611206
6.513871669769287
0.6844008564949036
-2.2041988372802734
-5.8645806312561035
-15.649210929870605
2.253769874572754
0.8751811981201172
-5.3051605224609375
1.6895556449890137
-10.464231491088867
-3.6992101669311523
2.0543341636657715
7.152437210083008
-0.04248851537704468
-2.4521491527557373
-5.595108985900879
-16.2829647064209
2.7443318367004395
0.7867975234985352
-5.460877895355225
1.5473198890686035
-10.716781616210938
-3.4477810859680176
1.6791664361953735
7.780223846435547
-0.7537806630134583
-2.6978566646575928
-5.339367866516113
-16.910945892333984
3.212770938873291
0.699109673500061
-5.6214399337768555
1.408096432685852
-10.976959228515625
-3.1985981464385986
1.3120356798171997
8.398697853088379
-1.4521863460540771
-2.9406683444976807
-5.097630023956299
-17.532352447509766
3.658564805984497
0.6121286749839783
-5.787017345428467
1.271965503692627
-11.245200157165527
-2.9504895210266113
0.9515960812568665
9.009284973144531
-2.140442371368408
-3.179722309112549
-4.870028495788574
-18.146398544311523
4.081339359283447
0.5258747935295105
-5.957855224609375
1.1391040086746216
-11.52203369140625
-2.702693462371826
0.5961893200874329
9.613556861877441
-2.8209452629089355
-3.4146571159362793
-4.656829833984375
-18.75238037109375
4.480726718902588
0.44039303064346313
-6.1341233253479
1.009637713432312
-11.80772876739502
-2.454350709915161
0.24407780170440674
10.213180541992188
-3.496133327484131
-3.6452174186706543
-4.458184242248535
-19.349939346313477
4.856690406799316
0.35575923323631287
-6.315877914428711
0.8836925625801086
-12.102255821228027
-2.204566478729248
-0.10656023025512695
10.809957504272461
-4.168428421020508
-3.8712992668151855
-4.274272441864014
-19.939159393310547
5.209137916564941
0.2721264064311981
-6.5034918785095215
0.7617201209068298
-12.406415939331055
-1.9526185989379883
-0.4575936198234558
11.405303955078125
-4.8402485847473145
-4.0924201011657715
-4.1053853034973145
-20.519163131713867
5.537692546844482
0.18962977826595306
-6.69730281829834
0.6441515684127808
-12.720832824707031
-1.6978540420532227
-0.8108551502227783
12.000484466552734
-5.513986110687256
-4.308222770690918
-3.951874256134033
-21.089162826538086
5.841822624206543
0.10850555449724197
-6.897714614868164
0.5315162539482117
-13.046477317810059
-1.4392722845077515
-1.1682313680648804
12.597700119018555
-6.192176342010498
-4.518669128417969
-3.8140337467193604
-21.649139404296875
6.121315956115723
0.029041558504104614
-7.105157852172852
0.4244078993797302
-13.38442325592041
-1.176119089126587
-1.5314931869506836
13.198657989501953
-6.8771586418151855
-4.723495006561279
-3.692192554473877
-22.198596954345703
6.375578880310059
-0.048435553908348083
-7.320367336273193
0.3236613869667053
-13.736273765563965
-0.9073981046676636
-1.902411937713623
13.8056058883667
-7.571611404418945
-4.922576427459717
-3.5864944458007812
-22.737720489501953
6.604162693023682
-0.12362175434827805
-7.5440673828125
0.23004302382469177
-14.103527069091797
-0.6325441002845764
-2.2824864387512207
14.419827461242676
-8.27784252166748
-5.11555814743042
-3.497401237487793
-23.266138076782227
6.806027412414551
-0.19617332518100739
-7.7769012451171875
0.14442715048789978
-14.487492561340332
-0.3510047495365143
-2.6730990409851074
15.042606353759766
-8.998085021972656
-5.302036285400391
-3.4251503944396973
-23.783248901367188
6.980357646942139
-0.2657279372215271
-8.01964282989502
0.0678023174405098
-14.88976764678955
-0.062079399824142456
-3.0754811763763428
15.675518989562988
-9.734513282775879
-5.481185436248779
-3.3701090812683105
-24.28746223449707
7.125888347625732
-0.3318908214569092
-8.273118019104004
0.001240745186805725
-15.312055587768555
0.2348124086856842
-3.490435838699341
16.320100784301758
-10.489045143127441
-5.6527791023254395
-3.332401752471924
-24.778284072875977
7.242058277130127
-0.3941382169723511
-8.53810977935791
-0.05408825725317001
-15.756089210510254
0.540284276008606
-3.91890549659729
16.977893829345703
-11.263437271118164
-5.816450595855713
-3.3123724460601807
-25.254825592041016
7.327777862548828
-0.45190897583961487
-8.81562614440918
-0.09694503247737885
-16.22403335571289
0.855050265789032
-4.361937999725342
17.650636672973633
-12.059773445129395
-5.971055507659912
-3.310478925704956
-25.715641021728516
7.381429195404053
-0.5046851634979248
-9.106592178344727
-0.12598609924316406
-16.717815399169922
1.1794830560684204
-4.820452690124512
18.339815139770508
-12.880071640014648
-6.116142749786377
-3.327155828475952
-26.159770965576172
7.401780605316162
-0.5518733859062195
-9.411977767944336
-0.1397174894809723
-17.23943519592285
1.5142333507537842
-5.295459747314453
19.04706573486328
-13.726455688476562
-6.251373767852783
-3.3628201484680176
-26.58652687072754
7.387652397155762
-0.5928772687911987
-9.732585906982422
-0.1367661952972412
-17.790773391723633
1.860217571258545
-5.788465976715088
19.775232315063477
-14.602361679077148
-6.376399517059326
-3.417916774749756
-26.995193481445312
7.337804317474365
-0.6271084547042847
-10.069411277770996
-0.11565829813480377
-18.374000549316406
2.2181570529937744
-6.300759315490723
20.526874542236328
-15.51060676574707
-6.490750312805176
-3.492948055267334
-27.38475799560547
7.250854015350342
-0.653910219669342
-10.423625946044922
-0.0746990367770195
-18.991592407226562
2.5888512134552
-6.833520889282227
21.30438232421875
-16.45397186279297
-6.594026565551758
-3.5884299278259277
-27.75438117980957
7.125405311584473
-0.6726365685462952
-10.796445846557617
-0.0121961310505867
-19.646011352539062
2.972993850708008
-7.3879008293151855
22.110258102416992
-17.43537712097168
-6.685813903808594
-3.7049107551574707
-28.10316276550293
6.959981918334961
-0.682628333568573
-11.189153671264648
0.0736185684800148
-20.33980941772461
3.371659755706787
-7.965304374694824
22.94727897644043
-18.45805549621582
-6.765649795532227
-3.8429954051971436
-28.430007934570312
6.752954483032227
-0.6831046342849731
-11.603090286254883
0.18475809693336487
-21.075700759887695
3.7860329151153564
-8.56725025177002
23.8184871673584
-19.525516510009766
-6.833045482635498
-4.003325462341309
-28.73383331298828
6.502636432647705
-0.6732392907142639
-12.039743423461914
0.32341817021369934
-21.856779098510742
4.217410087585449
-9.195378303527832
24.727191925048828
-20.64156150817871
-6.887485980987549
-4.186588764190674
-29.013492584228516
6.207239627838135
-0.6521378755569458
-12.500740051269531
0.49196478724479675
-22.686494827270508
4.667201042175293
-9.851458549499512
25.676963806152344
-21.810279846191406
-6.928433418273926
-4.393522262573242
-29.26777458190918
5.864869594573975
-0.6188547611236572
-12.987740516662598
0.6928591728210449
-23.568368911743164
5.13693904876709
-10.537421226501465
26.671661376953125
-23.036054611206055
-6.9553985595703125
-4.624886989593506
-29.49558448791504
5.473567962646484
-0.5724344849586487
-13.50236701965332
0.9285891056060791
-24.5057373046875
5.628251552581787
-11.255319595336914
27.715377807617188
-24.323482513427734
