2
3
-1.7196691036224365
-9.002917289733887
-1.1124169826507568
5.485164165496826
-8.70137882232666
5.8633317947387695
-6.5762858390808105
2.623908519744873
-6.976196765899658
-0.6384715437889099
9.919133186340332
-3.3473904132843018
-2.0328774452209473
-8.297101974487305
-1.8441524505615234
6.555836200714111
-9.124675750732422
5.877089500427246
-5.768517971038818
1.4721438884735107
-6.1373677253723145
-1.2440810203552246
9.843728065490723
-3.2885208129882812
-2.3974499702453613
-7.556077480316162
-2.4871604442596436
7.529378890991211
-9.441126823425293
5.789607048034668
-4.894566059112549
0.32806921005249023
-5.340077877044678
-1.801419973373413
9.628756523132324
-3.1762046813964844
-2.796318292617798
-6.791868686676025
-3.048222780227661
8.405831336975098
-9.652718544006348
5.6126580238342285
-3.970501661300659
-0.8055081367492676
-4.589839935302734
-2.313401222229004
9.283801078796387
-2.9963910579681396
-3.2171993255615234
-6.005815505981445
-3.5301783084869385
9.177509307861328
-9.766812324523926
5.354267597198486
-3.0039734840393066
-1.9146369695663452
-3.8878159523010254
-2.7842509746551514
8.809148788452148
-2.735546827316284
-3.6483004093170166
-5.199494361877441
-3.9355597496032715
9.831092834472656
-9.785524368286133
5.013288974761963
-2.013658046722412
-2.9717488288879395
-3.2368698120117188
-3.2150025367736816
8.210012435913086
-2.3872103691101074
-4.080592632293701
-4.375094413757324
-4.271856307983398
10.356303215026855
-9.706647872924805
4.584728240966797
-1.0209596157073975
-3.9529662132263184
-2.6433229446411133
-3.599318504333496
7.4750494956970215
-1.937024712562561
-4.505701541900635
-3.537524938583374
-4.563823699951172
10.756356239318848
-9.533561706542969
4.058191776275635
-0.06839758157730103
-4.8174920082092285
-2.1210994720458984
-3.917743682861328
6.611528396606445
-1.383906602859497
-4.912276268005371
-2.6947360038757324
-4.866626262664795
11.047504425048828
-9.269203186035156
3.4307146072387695
0.7908186912536621
-5.524538516998291
-1.6918096542358398
-4.144171714782715
5.692624092102051
-0.7736700773239136
-5.305505752563477
-1.8507611751556396
-5.153049945831299
11.212542533874512
-8.933401107788086
2.7267961502075195
1.5844509601593018
-6.07625675201416
-1.3481831550598145
-4.284934043884277
4.754079341888428
-0.13267499208450317
-5.700311183929443
-1.0133978128433228
-5.353109359741211
11.234529495239258
-8.536781311035156
1.9631412029266357
2.306809425354004
-6.464709281921387
-1.0850958824157715
-4.344646453857422
3.8052306175231934
0.5263769030570984
-6.096966743469238
-0.19347822666168213
-5.4410080909729
11.108638763427734
-8.088980674743652
1.155738115310669
2.9427237510681152
-6.683225154876709
-0.8931246995925903
-4.333516597747803
2.8367488384246826
1.2008178234100342
-6.484233379364014
0.598290205001831
-5.415842533111572
10.832590103149414
-7.600505828857422
0.32105159759521484
3.4780638217926025
-6.731296539306641
-0.7682307362556458
-4.25998592376709
1.8594982624053955
1.8781211376190186
-6.854989051818848
1.3510596752166748
-5.270863056182861
10.404884338378906
-7.081234931945801
-0.5230505466461182
3.902538299560547
-6.612685203552246
-0.709600567817688
-4.125870704650879
0.8915862441062927
2.5384082794189453
-7.200962066650391
2.0530595779418945
-4.998873710632324
9.824853897094727
-6.54301118850708
-1.3560547828674316
4.211773872375488
-6.339163780212402
-0.7201234698295593
-3.932112216949463
-0.043733179569244385
3.1617350578308105
-7.5116472244262695
2.690298318862915
-4.595728874206543
9.092254638671875
-5.999068260192871
-2.156064033508301
4.410173416137695
-5.930803298950195
-0.8099279999732971
-3.676173686981201
-0.9132127165794373
3.7253057956695557
-7.771520137786865
3.243804693222046
-4.0833868980407715
8.234356880187988
-5.461015224456787
-2.9028782844543457
4.502788543701172
-5.411370754241943
-0.9943965077400208
-3.3536276817321777
-1.6725428104400635
4.201170444488525
-7.9631218910217285
3.693206787109375
-3.4949424266815186
7.298162937164307
-4.939451694488525
-3.5794639587402344
4.493846893310547
-4.805197715759277
-1.2664556503295898
-2.975590705871582
-2.300173759460449
4.571514129638672
-8.08100414276123
4.0313191413879395
-2.8584930896759033
6.318567752838135
-4.44118595123291
-4.177155494689941
4.375663757324219
-4.119454383850098
-1.595927357673645
-2.563049554824829
-2.81276273727417
4.837247848510742
-8.126016616821289
4.256717681884766
-2.1876301765441895
5.324797630310059
-3.9718551635742188
-4.693065166473389
4.134210109710693
-3.3499035835266113
-1.9597214460372925
-2.1329026222229004
-3.2262332439422607
5.007011413574219
-8.10080623626709
4.368790626525879
-1.4960696697235107
4.34915828704834
-3.546072483062744
-5.118394374847412
3.787916898727417
-2.506046772003174
-2.3457388877868652
-1.6985654830932617
-3.5442845821380615
5.088672161102295
-8.00728988647461
4.367149829864502
-0.7956527471542358
3.4285471439361572
-3.171374559402466
-5.444797515869141
3.340930461883545
-1.6017913818359375
-2.7462892532348633
-1.275134801864624
-3.77176833152771
5.102915287017822
-7.850639820098877
4.255303859710693
-0.10650891065597534
2.5970733165740967
-2.848966121673584
-5.660297393798828
2.797753095626831
-0.6732442378997803
-3.152961254119873
-0.8742191195487976
-3.919768810272217
5.071463108062744
-7.635638236999512
4.046919822692871
0.5238491892814636
1.8825358152389526
-2.583596706390381
-5.75626802444458
2.1702077388763428
0.24703830480575562
-3.555194854736328
-0.5017180442810059
-4.015198707580566
5.012621879577637
-7.372021675109863
3.7644741535186768
1.074597716331482
1.2794444561004639
-2.383826732635498
-5.728356838226318
1.487647294998169
1.1383235454559326
-3.9418349266052246
-0.15891170501708984
-4.100805282592773
4.952413558959961
-7.071237087249756
3.4299731254577637
1.5585743188858032
0.7703984975814819
-2.2538132667541504
-5.590687274932861
0.795062243938446
1.983276128768921
-4.30803918838501
0.1560758352279663
-4.1696553230285645
4.885942459106445
-6.741741180419922
3.0575337409973145
1.9829587936401367
0.34253406524658203
-2.188999652862549
-5.362919807434082
0.10090917348861694
2.78440260887146
-4.655806064605713
0.4454057812690735
-4.189188003540039
4.796467304229736
-6.389837741851807
2.6578805446624756
2.3463988304138184
-0.011210858821868896
-2.1868999004364014
-5.061466217041016
-0.583681046962738
3.5418052673339844
-4.983075141906738
0.7097917199134827
-4.141698837280273
4.671899318695068
-6.0214338302612305
2.239854574203491
2.6467795372009277
-0.2949398159980774
-2.2508373260498047
-4.696357250213623
-1.236132264137268
4.248810291290283
-5.284837245941162
0.9474707245826721
-4.025839805603027
4.512527942657471
-5.641910076141357
1.810652494430542
2.881438970565796
-0.5067408084869385
-2.3777482509613037
-4.280149459838867
-1.837646722793579
4.899606704711914
-5.552680492401123
1.1545134782791138
-3.8447794914245605
4.317826271057129
-5.256443977355957
1.376089334487915
3.045625686645508
-0.6429998874664307
-2.559544324874878
-3.8241629600524902
-2.378631830215454
5.489500999450684
-5.779404163360596
1.3240001201629639
-3.609527349472046
4.094757556915283
-4.86952018737793
0.9412840008735657
3.1320154666900635
-0.6988997459411621
-2.7833104133605957
-3.339618444442749
-2.860912799835205
6.016512393951416
-5.95880126953125
1.4525172710418701
-3.333625555038452
3.8529460430145264
-4.485553741455078
0.5108205080032349
3.1323401927948
-0.6689403653144836
-3.0405759811401367
-2.833892345428467
-3.2788009643554688
6.474802017211914
-6.09089994430542
1.53970205783844
-3.0269200801849365
3.6030330657958984
-4.109614372253418
0.09027314186096191
3.0393435955047607
-0.5481623411178589
-3.3236234188079834
-2.314377546310425
-3.627492666244507
6.860238552093506
-6.176947593688965
1.5858370065689087
-2.6985983848571777
3.3564095497131348
-3.7476940155029297
-0.3134799897670746
2.848994255065918
-0.33434468507766724
-3.624748706817627
-1.7882556915283203
-3.9035487174987793
7.169149398803711
-6.21939754486084
1.5917266607284546
-2.358022689819336
3.124790668487549
-3.406934976577759
-0.6917467713356018
2.5614309310913086
-0.028761059045791626
-3.935788631439209
-1.262352705001831
-4.105522155761719
7.396944522857666
-6.219630718231201
1.5579107999801636
-2.0151305198669434
2.918311834335327
-3.0967047214508057
-1.0335023403167725
2.1864819526672363
0.3613736629486084
-4.248916149139404
-0.7437841892242432
-4.234212875366211
7.541064262390137
-6.1799774169921875
1.485030174255371
-1.6830487251281738
2.7499024868011475
-2.8245980739593506
-1.3290414810180664
1.7318294048309326
0.8267393708229065
-4.55617618560791
-0.24069899320602417
-4.293478965759277
7.603036403656006
-6.103458881378174
1.376284122467041
-1.3795632123947144
2.6325998306274414
-2.5970451831817627
-1.569614291191101
1.2092359066009521
1.353410005569458
-4.849322319030762
0.23823362588882446
-4.293025016784668
7.590824127197266
-5.992465972900391
1.2356030941009521
-1.12932550907135
2.5809576511383057
-2.4193031787872314
-1.7474311590194702
0.638318657875061
1.9216327667236328
-5.120267391204834
0.6842887997627258
-4.247147083282471
7.518200397491455
-5.850512504577637
1.0692094564437866
-0.9554665088653564
2.6052091121673584
