2
3
-6.462267875671387
-5.184397220611572
-7.64550256729126
8.59862232208252
7.094545364379883
-7.934854507446289
6.881846904754639
9.250346183776855
3.0417656898498535
5.498653411865234
7.965274810791016
7.924776077270508
-6.117003440856934
-4.934701919555664
-7.079760551452637
9.107544898986816
6.925981521606445
-7.371782302856445
6.304192066192627
10.265207290649414
3.1450412273406982
5.1212944984436035
8.151276588439941
7.124512195587158
-5.780184268951416
-4.674749374389648
-6.527855396270752
9.632216453552246
6.757273197174072
-6.811885833740234
5.727685451507568
11.273258209228516
3.2469065189361572
4.763391017913818
8.336318969726562
6.369197845458984
-5.451525688171387
-4.404695510864258
-5.990114212036133
10.17238998413086
6.588756084442139
-6.255178928375244
5.153196334838867
12.27413272857666
3.3477706909179688
4.424956798553467
8.520804405212402
5.657966613769531
-5.130207538604736
-4.125518798828125
-5.465787410736084
10.727311134338379
6.420770645141602
-5.701549530029297
4.581609725952148
13.267723083496094
3.448028326034546
4.106225967407227
8.704906463623047
4.990351676940918
-4.8155341148376465
-3.837012529373169
-4.9547014236450195
11.296733856201172
6.25376033782959
-5.150961875915527
4.01412296295166
14.253860473632812
3.548032283782959
3.8072688579559326
8.888748168945312
4.365645885467529
-4.506502151489258
-3.5393226146698
-4.455665588378906
11.879631042480469
6.0886311531066895
-4.603186130523682
3.4524288177490234
15.232773780822754
3.648127794265747
3.528080940246582
9.072407722473145
3.783033609390259
-4.203267574310303
-3.2324979305267334
-3.969294548034668
12.476076126098633
5.926010608673096
-4.057826042175293
2.8977251052856445
16.20496940612793
3.7488224506378174
3.268704652786255
9.256341934204102
3.241936683654785
-3.9061686992645264
-2.916250705718994
-3.4965779781341553
13.086668968200684
5.7675580978393555
-3.513383388519287
2.3505823612213135
17.171344757080078
3.8503715991973877
3.029095411300659
9.440803527832031
2.7418417930603027
-3.6153736114501953
-2.5901122093200684
-3.0382239818573
13.712055206298828
5.6134538650512695
-2.969226837158203
1.8112754821777344
18.13263702392578
3.952817916870117
2.809138298034668
9.625687599182129
2.282243490219116
-3.3307278156280518
-2.2540123462677
-2.5941431522369385
14.352665901184082
5.463726997375488
-2.424833297729492
1.2798067331314087
19.089397430419922
4.05653715133667
2.6088435649871826
9.811446189880371
1.8628724813461304
-3.051919460296631
-1.9079697132110596
-2.163818359375
15.008605003356934
5.3183817863464355
-1.8794524669647217
0.7562183737754822
20.042919158935547
4.16179895401001
2.428462028503418
9.998284339904785
1.4834303855895996
-2.778646945953369
-1.5519602298736572
-1.7467780113220215
15.680059432983398
5.177382946014404
-1.3324611186981201
0.24038898944854736
20.9940128326416
4.269021987915039
2.267879009246826
10.186613082885742
1.1434786319732666
-2.510676383972168
-1.185882329940796
-1.3427047729492188
16.367353439331055
5.040689945220947
-0.7832663655281067
-0.2680046558380127
21.943540573120117
4.378724575042725
2.12689208984375
10.377248764038086
0.8429267406463623
-2.2477829456329346
-0.8094796538352966
-0.9514623880386353
17.071264266967773
4.908312797546387
-0.23056727647781372
-0.769377589225769
22.894010543823242
4.4913716316223145
2.005211353302002
10.570625305175781
0.5815327763557434
-1.9897565841674805
-0.4222587049007416
-0.5728378891944885
17.792266845703125
4.780125617980957
0.3263095021247864
-1.2640267610549927
23.8466796875
4.607321262359619
1.9025713205337524
10.766786575317383
0.3590604066848755
-1.7362961769104004
-0.023712337017059326
-0.20661106705665588
18.530834197998047
4.656022548675537
0.8880152106285095
-1.752348780632019
24.802570343017578
4.72700309753418
1.8187549114227295
10.966146469116211
0.17545387148857117
-1.4869885444641113
0.38665324449539185
0.14742597937583923
19.287322998046875
4.535895824432373
1.4551079273223877
-2.234788656234741
25.762454986572266
4.850895881652832
1.7535886764526367
11.169294357299805
0.03075966238975525
-1.241227626800537
0.8100790977478027
0.48915016651153564
20.062217712402344
4.419750213623047
2.0274746417999268
-2.71152400970459
26.725791931152344
4.979701042175293
1.7068275213241577
11.377838134765625
-0.07508561760187149
-0.9982768893241882
1.2455554008483887
0.8194296360015869
20.85487174987793
4.307824611663818
2.602221965789795
-3.1814234256744385
27.68996238708496
5.112613201141357
1.6789849996566772
11.590483665466309
-0.14130693674087524
-0.7573712468147278
1.6917822360992432
1.1392325162887573
21.66404151916504
4.20035457611084
3.176208734512329
-3.6431589126586914
28.65302276611328
5.248769760131836
1.6708580255508423
11.80478286743164
-0.1670011579990387
-0.5179595947265625
2.1481564044952393
1.4490792751312256
22.4888858795166
4.097594738006592
3.7485461235046387
-4.09626579284668
29.61482048034668
5.387842655181885
1.6829866170883179
12.019153594970703
-0.15168334543704987
-0.2796299457550049
2.6146187782287598
1.7491706609725952
23.329246520996094
3.9996790885925293
4.319344997406006
-4.540597915649414
30.576053619384766
5.529731750488281
1.715773344039917
12.23291301727295
-0.09511870890855789
-0.04221010208129883
3.090604543685913
2.0398945808410645
24.184898376464844
3.9066507816314697
4.888916969299316
-4.976097106933594
31.537939071655273
5.674134731292725
1.7696404457092285
12.44530200958252
0.0030463337898254395
0.19458386301994324
3.57590913772583
2.321498155593872
25.055496215820312
3.8185818195343018
5.457531929016113
-5.402785778045654
32.50131607055664
5.820758819580078
1.8450677394866943
12.655369758605957
0.1431313306093216
0.43099862337112427
4.070631980895996
2.5939900875091553
25.941179275512695
3.735567331314087
6.025599956512451
-5.820768356323242
33.46742248535156
5.969489574432373
1.9425334930419922
12.862492561340332
0.32540664076805115
0.6672534942626953
4.574887275695801
2.857349157333374
26.842058181762695
3.657458782196045
6.593070983886719
-6.229854583740234
34.43705749511719
6.1202874183654785
2.0625009536743164
13.066224098205566
0.5500785708427429
0.903531551361084
5.088820457458496
3.111504554748535
27.758277893066406
3.5845844745635986
7.160104751586914
-6.6296305656433105
35.410587310791016
6.272989273071289
2.2054495811462402
13.266058921813965
0.817389190196991
1.139983892440796
5.612644195556641
3.3563477993011475
28.690128326416016
3.5170235633850098
7.727245807647705
-7.020197868347168
36.38902282714844
6.427448749542236
2.3718390464782715
13.461490631103516
1.1275705099105835
1.3767541646957397
6.146543979644775
3.5918190479278564
29.637754440307617
3.4548444747924805
8.29509162902832
-7.401615142822266
37.37342071533203
6.583430767059326
2.5621280670166016
13.651771545410156
1.4808861017227173
1.6139458417892456
6.690767288208008
3.8177919387817383
30.60142707824707
3.3981306552886963
8.864518165588379
-7.774135112762451
38.36514663696289
6.740460395812988
2.7768282890319824
13.83615779876709
1.8777658939361572
1.8516193628311157
7.245615005493164
4.03407096862793
31.58155059814453
3.346963405609131
9.436582565307617
-8.13818359375
39.365814208984375
6.898407459259033
3.0163016319274902
14.014291763305664
2.3184664249420166
2.0898163318634033
7.811384201049805
4.240460395812988
32.578521728515625
3.301271915435791
10.011918067932129
-8.493911743164062
40.3765983581543
7.057283878326416
3.2808210849761963
14.186285018920898
2.803101062774658
2.3285634517669678
8.388422966003418
4.436702728271484
33.592742919921875
3.2608835697174072
10.591010093688965
-8.841412544250488
41.39840316772461
7.217071056365967
3.5706517696380615
14.352056503295898
3.3318161964416504
2.5678586959838867
8.9771089553833
4.622511863708496
34.624664306640625
3.225813627243042
11.17514419555664
-9.181316375732422
42.43292999267578
7.378473281860352
3.884920835494995
14.512206077575684
3.904202938079834
2.8076870441436768
9.577714920043945
4.797698020935059
35.67452621459961
3.196120262145996
11.765429496765137
-9.514111518859863
43.48170471191406
7.541449546813965
4.223712921142578
14.666117668151855
4.520675182342529
3.047995090484619
10.190521240234375
4.96197509765625
36.74256134033203
3.1717987060546875
12.362767219543457
-9.840168952941895
44.546016693115234
7.705807209014893
4.5873870849609375
14.812972068786621
5.1817169189453125
3.288693904876709
10.815765380859375
5.11504602432251
37.828880310058594
3.152811288833618
12.967930793762207
-10.159797668457031
45.62694549560547
7.871400833129883
4.976290702819824
14.952141761779785
5.887757778167725
3.529731273651123
11.453691482543945
5.256594181060791
38.933441162109375
3.139113426208496
13.581697463989258
-10.47331428527832
46.725528717041016
8.038227081298828
5.390719890594482
15.08309555053711
6.639100074768066
3.771059513092041
12.10465145111084
5.386303901672363
40.05652618408203
3.130652666091919
14.20500373840332
-10.781182289123535
47.84312438964844
8.206623077392578
5.830893039703369
15.205970764160156
7.435949325561523
