2
3
-2.960793972015381
-7.872346878051758
-6.365652561187744
6.835480213165283
6.851025104522705
-4.117513656616211
5.012992858886719
7.903958797454834
7.526132106781006
-1.5740851163864136
3.086247444152832
-6.422391414642334
-3.2627830505371094
-7.420846939086914
-5.193353652954102
7.173073768615723
7.185944557189941
-3.684739828109741
4.004972457885742
7.696008682250977
7.7240519523620605
-2.348041534423828
2.557067394256592
-6.517216205596924
-3.450634241104126
-6.981025218963623
-3.969862937927246
7.433391571044922
7.429101467132568
-3.26724910736084
3.04583477973938
7.447893142700195
7.887895584106445
-3.105290651321411
1.9770692586898804
-6.488953113555908
-3.5196876525878906
-6.548191070556641
-2.747016668319702
7.610530853271484
7.573627471923828
-2.865584135055542
2.1692376136779785
7.159031867980957
8.018743515014648
-3.8277039527893066
1.3450168371200562
-6.35422420501709
-3.4630348682403564
-6.100170612335205
-1.601428747177124
7.658050060272217
7.6021528244018555
-2.49005126953125
1.4522744417190552
6.852314472198486
8.127671241760254
-4.483270645141602
0.6321116089820862
-6.15230131149292
-3.3015239238739014
-5.659257888793945
-0.5196835994720459
7.61087703704834
7.538403034210205
-2.1425204277038574
0.8973874449729919
6.525277137756348
8.203973770141602
-5.059319972991943
-0.12938731908798218
-5.902126312255859
-3.0461206436157227
-5.237502098083496
0.5001075267791748
7.495420455932617
7.414331912994385
-1.8213493824005127
0.47151970863342285
6.165750503540039
8.230825424194336
-5.563031196594238
-0.8879669904708862
-5.603060722351074
-2.707171678543091
-4.834878444671631
1.4422004222869873
7.325031280517578
7.259786605834961
-1.5339287519454956
0.12133592367172241
5.7811079025268555
8.20563793182373
-5.999380111694336
-1.6401115655899048
-5.249641418457031
-2.2930359840393066
-4.452430248260498
2.294567346572876
7.1065144538879395
7.100011825561523
-1.2706135511398315
-0.21684974431991577
5.356230735778809
8.122906684875488
-6.36666202545166
-2.39259934425354
-4.842613220214844
-1.8136653900146484
-4.089321136474609
3.055678367614746
6.836294174194336
6.942653656005859
-1.0281870365142822
-0.564805805683136
4.88861083984375
7.979379177093506
-6.659399032592773
-3.1395316123962402
-4.387392997741699
-1.279363989830017
-3.750614881515503
3.724466323852539
6.523318290710449
6.791862964630127
-0.8100969791412354
-0.9117128849029541
4.383288860321045
7.773398399353027
-6.874508380889893
-3.8525712490081787
-3.8966495990753174
-0.6994045972824097
-3.4399352073669434
4.296008586883545
6.178771018981934
6.64922571182251
-0.6207327842712402
-1.2428927421569824
3.847325325012207
7.512198448181152
-7.0215654373168945
-4.520549297332764
-3.3705475330352783
-0.08302700519561768
-3.160367727279663
4.764682769775391
5.817441940307617
6.5152268409729
-0.46347618103027344
-1.5511257648468018
3.289459228515625
7.203003406524658
-7.11074686050415
-5.1385626792907715
-2.8061304092407227
0.5619325041770935
-2.913516044616699
5.12253999710083
5.449885368347168
6.390128135681152
-0.34119245409965515
-1.8362189531326294
2.7214107513427734
6.84940767288208
-7.147797584533691
-5.692972183227539
-2.20572566986084
1.2284653186798096
-2.6994807720184326
5.359225749969482
5.084033012390137
6.274561405181885
-0.25545111298561096
-2.0988783836364746
2.157118082046509
6.454985618591309
-7.136600017547607
-6.169121742248535
-1.5738879442214966
1.907091498374939
-2.5179128646850586
5.472994804382324
4.725210189819336
6.1668572425842285
-0.21084441244602203
-2.3367807865142822
1.6126539707183838
6.026002407073975
-7.078954696655273
-6.55551290512085
-0.9179496765136719
2.589449405670166
-2.3679141998291016
5.458149433135986
4.37650203704834
6.063331127166748
-0.21396000683307648
-2.54543399810791
1.108025074005127
5.574459075927734
-6.970731258392334
-6.851401329040527
-0.26612794399261475
3.265897274017334
-2.247466802597046
5.313218116760254
4.042601108551025
5.955863952636719
-0.26811307668685913
-2.7194206714630127
0.6630222201347351
5.111362934112549
-6.815752983093262
-7.0558977127075195
0.3664843440055847
3.924650192260742
-2.153881549835205
5.044174671173096
3.726680040359497
5.839876651763916
-0.36686551570892334
-2.856657028198242
0.2838223874568939
4.645333766937256
-6.619194030761719
-7.165558815002441
0.969491183757782
4.55477237701416
-2.0833680629730225
4.656280994415283
3.4340856075286865
5.71739387512207
-0.4997420907020569
-2.9607174396514893
-0.03483507037162781
4.190659999847412
-6.383607387542725
-7.185580253601074
1.5249121189117432
5.1462178230285645
-2.03072452545166
4.15692138671875
3.168872833251953
5.59407377243042
-0.6579338312149048
-3.0388224124908447
-0.3011789321899414
3.7578108310699463
-6.1164937019348145
-7.1233415603637695
2.0267105102539062
5.690332412719727
-1.9903119802474976
3.556076765060425
2.9321413040161133
5.4770002365112305
-0.8360958099365234
-3.102356433868408
-0.5213416814804077
3.3516063690185547
-5.828220367431641
-6.983327388763428
2.4782137870788574
6.17616605758667
-1.959599494934082
2.874657154083252
2.7294514179229736
5.370006561279297
-1.031738519668579
-3.1627767086029053
-0.6954002380371094
2.975639820098877
-5.526983737945557
-6.770416259765625
2.8825957775115967
6.5958123207092285
-1.935300350189209
2.130520820617676
2.56200909614563
5.274364948272705
-1.243363380432129
-3.2315104007720947
-0.8198361992835999
2.6350932121276855
-5.218628406524658
-6.494643688201904
3.241849422454834
6.943957805633545
-1.9139466285705566
1.3411301374435425
2.4269986152648926
5.189516544342041
-1.4686470031738281
-3.318955421447754
-0.890762984752655
2.3358771800994873
-4.908102035522461
-6.171040058135986
3.5585074424743652
7.217166900634766
-1.8922039270401
0.525505781173706
2.3208231925964355
5.11280632019043
-1.7026125192642212
-3.4299004077911377
-0.9068184494972229
2.086940050125122
-4.599105358123779
-5.828002452850342
3.8355743885040283
7.413176536560059
-1.8682142496109009
-0.2965315580368042
2.2408366203308105
5.040721893310547
-1.938539981842041
-3.5619189739227295
-0.8695305585861206
1.8940792083740234
-4.2897820472717285
-5.497128486633301
4.068027019500732
7.5318193435668945
-1.8402678966522217
-1.1051607131958008
2.1842496395111084
4.971770286560059
-2.1678626537323
-3.7154324054718018
-0.7841928005218506
1.7597079277038574
-3.976760149002075
-5.206140995025635
4.246160507202148
7.571945667266846
-1.8078219890594482
-1.87510347366333
2.1514945030212402
4.905132293701172
-2.382579803466797
-3.8923447132110596
-0.6566706895828247
1.6755549907684326
-3.6658501625061035
-4.9531965255737305
4.376802921295166
7.537402153015137
-1.7723817825317383
-2.5893311500549316
2.1459314823150635
4.835875988006592
-2.578768253326416
-4.084851264953613
-0.48802387714385986
1.6323047876358032
-3.363704204559326
-4.729935169219971
4.469516754150391
7.437726974487305
-1.734677791595459
-3.246483325958252
2.166414260864258
4.7596116065979
-2.755319356918335
-4.28356409072876
-0.2778354585170746
1.6232357025146484
-3.0741491317749023
-4.532814025878906
4.530796051025391
7.28531551361084
-1.693039894104004
-3.8576314449310303
2.206430435180664
4.674484729766846
-2.9113998413085938
-4.4851508140563965
-0.027060776948928833
1.64339017868042
-2.799143075942993
-4.361217021942139
4.563462257385254
7.091462135314941
-1.6471288204193115
-4.435486793518066
2.26088547706604
4.580887794494629
-3.0457403659820557
-4.689550876617432
0.2617071866989136
1.689807653427124
-2.540745973587036
-4.2205705642700195
4.572863578796387
6.864465236663818
-1.5983140468597412
-4.987973690032959
2.3289809226989746
4.48101282119751
-3.1555569171905518
-4.902281284332275
0.58248370885849
1.759507179260254
-2.3009321689605713
-4.115417957305908
4.564604759216309
6.6102614402771
-1.5479824542999268
-5.520443916320801
2.411221504211426
4.376016139984131
-3.2391834259033203
-5.126890182495117
0.9306750297546387
1.8498685359954834
-2.0807554721832275
-4.0493597984313965
4.543593406677246
6.3327765464782715
-1.496455192565918
-6.03264856338501
2.507625102996826
4.266924858093262
-3.294924020767212
-5.366456985473633
1.3008289337158203
1.9574841260910034
-1.880629301071167
-4.025857925415039
4.515102386474609
6.03585147857666
-1.443529725074768
-6.524110794067383
2.6182234287261963
4.154519557952881
-3.3213491439819336
-5.623382568359375
1.6865901947021484
2.078242778778076
-1.7003251314163208
-4.048993110656738
4.484497547149658
5.723226070404053
-1.3890012502670288
-6.994441986083984
2.7425124645233154
4.038591384887695
-3.3177804946899414
-5.899151802062988
2.0828697681427
2.207845449447632
-1.5387952327728271
-4.1229658126831055
4.456693649291992
5.398475646972656
-1.3327473402023315
-7.444676876068115
2.8807199001312256
3.91879940032959
-3.28424072265625
-6.195239543914795
2.485320806503296
2.3415589332580566
-1.3946529626846313
-4.25087308883667
4.436423301696777
5.064933776855469
-1.2743998765945435
-7.8770341873168945
3.0328993797302246
3.7947332859039307
-3.221586227416992
-6.5134382247924805
2.8907480239868164
2.4749703407287598
-1.2661855220794678
-4.435206413269043
4.427639007568359
