2
3
2.9196155071258545
-3.2653982639312744
-4.052825927734375
3.3667004108428955
9.811790466308594
2.0664286613464355
-0.8978247046470642
8.943001747131348
2.6523971557617188
0.19773471355438232
-3.4468748569488525
-10.028428077697754
2.9376139640808105
-2.968287944793701
-3.883004665374756
3.7676281929016113
9.741394996643066
2.7215065956115723
-2.1319005489349365
8.393119812011719
2.791961193084717
-0.5691825151443481
-2.9536514282226562
-10.024577140808105
2.9883217811584473
-2.6278531551361084
-3.7563743591308594
4.083318710327148
9.554144859313965
3.3279542922973633
-3.2188234329223633
7.762642860412598
2.966114044189453
-1.335497498512268
-2.491178035736084
-9.892621040344238
3.070949077606201
-2.2293155193328857
-3.7121734619140625
4.264523029327393
9.255075454711914
3.865203380584717
-4.1098809242248535
7.085117816925049
3.1732265949249268
-2.0851879119873047
-2.0866456031799316
-9.639887809753418
3.160022258758545
-1.8047593832015991
-3.6943612098693848
4.344328880310059
8.87899112701416
4.329665660858154
-4.819846153259277
6.365559101104736
3.4100170135498047
-2.8060107231140137
-1.7592597007751465
-9.26888370513916
3.2438366413116455
-1.3706179857254028
-3.6786386966705322
4.333749294281006
8.456995010375977
4.725439071655273
-5.3757734298706055
5.596196174621582
3.667633533477783
-3.4904518127441406
-1.5158692598342896
-8.777454376220703
3.3186659812927246
-0.9383220672607422
-3.6553075313568115
4.237692832946777
8.009678840637207
5.052358627319336
-5.794391632080078
4.779363632202148
3.9352610111236572
-4.130047798156738
-1.362105369567871
-8.167083740234375
3.3840842247009277
-0.5166600942611694
-3.622471332550049
4.060520172119141
7.557032108306885
5.311991214752197
-6.100705623626709
3.9154131412506104
4.201907157897949
-4.714395523071289
-1.3025070428848267
-7.439111232757568
3.440491199493408
-0.11452394723892212
-3.5808684825897217
3.8075671195983887
7.113400936126709
5.503935813903809
-6.3152384757995605
3.011190414428711
4.455487251281738
-5.233328342437744
-1.3379607200622559
-6.593887805938721
3.4906649589538574
0.2570030689239502
-3.532787799835205
3.4962546825408936
6.687010288238525
5.620655059814453
-6.450592041015625
2.0913643836975098
4.688090801239014
-5.672351837158203
-1.4715481996536255
-5.641277313232422
3.5366156101226807
0.5875890254974365
-3.483473539352417
3.146646022796631
6.283283233642578
5.646518230438232
-6.516017436981201
1.201108455657959
4.901305198669434
-6.003414630889893
-1.7140588760375977
-4.635314464569092
3.5796048641204834
0.8704818487167358
-3.438791513442993
2.7799065113067627
5.902103424072266
5.572375774383545
-6.521286487579346
0.38775700330734253
5.08314323425293
-6.214932441711426
-2.051100492477417
-3.6050264835357666
3.620285749435425
1.1031503677368164
-3.4094972610473633
2.4119091033935547
5.541729927062988
5.418387413024902
-6.487641334533691
-0.34837114810943604
5.222320079803467
-6.298022270202637
-2.462367296218872
-2.5887646675109863
3.661921501159668
1.2909431457519531
-3.4132208824157715
2.0443763732910156
5.205174922943115
5.214104652404785
-6.452626705169678
-1.0230185985565186
5.319119453430176
-6.25169563293457
-2.931077003479004
-1.6262338161468506
3.7084152698516846
1.4370328187942505
-3.4662740230560303
1.687753438949585
4.897700309753418
4.983414649963379
-6.4436869621276855
-1.6611297130584717
5.372308254241943
-6.095632553100586
-3.434048652648926
-0.7207014560699463
3.760148286819458
1.5468201637268066
-3.559197425842285
1.334349513053894
4.623898029327393
4.733504295349121
-6.452090740203857
-2.2836475372314453
5.379973888397217
-5.849109172821045
-3.957925796508789
0.12937211990356445
3.8158252239227295
1.6231998205184937
-3.67657470703125
0.977649986743927
4.384251594543457
4.461623668670654
-6.458324909210205
-2.8951892852783203
5.341119289398193
-5.5307135581970215
-4.491298675537109
0.9269909858703613
3.8745970726013184
1.6695619821548462
-3.8200626373291016
0.6260529160499573
4.17690372467041
4.165557384490967
-6.458504676818848
-3.487205982208252
5.259418487548828
-5.155818462371826
-5.03366756439209
1.6778807640075684
3.9350857734680176
1.6890318393707275
-3.9916155338287354
0.2848186790943146
3.9989986419677734
3.843508243560791
-6.455093860626221
-4.0461273193359375
5.138113498687744
-4.736378192901611
-5.58003044128418
2.3837318420410156
3.9948737621307373
1.6843152046203613
-4.190722942352295
-0.039907872676849365
3.846588134765625
3.494175434112549
-6.451225757598877
-4.559212684631348
4.9803338050842285
-4.280205726623535
-6.121669769287109
3.0408661365509033
4.049482822418213
1.6565372943878174
-4.4102654457092285
-0.34096193313598633
3.716298818588257
3.117656707763672
-6.450107574462891
-5.017035007476807
4.789300441741943
-3.7920007705688477
-6.649491310119629
3.643414258956909
4.095763206481934
1.6077945232391357
-4.647305011749268
-0.613644540309906
3.6057002544403076
2.7144737243652344
-6.455966472625732
-5.411747455596924
4.5660223960876465
-3.275573492050171
-7.153466701507568
4.184267044067383
4.131770610809326
1.5421485900878906
-4.902425289154053
-0.8552929162979126
3.513150691986084
2.286525249481201
-6.474627494812012
-5.735904693603516
4.313292503356934
-2.735848903656006
-7.626707077026367
4.65573787689209
4.157134056091309
1.462218165397644
-5.178689479827881
-1.0659016370773315
3.435983180999756
1.8372352123260498
-6.511918544769287
-5.981832981109619
4.034818172454834
-2.178093433380127
-8.063261032104492
5.049683094024658
4.1712799072265625
1.3710485696792603
-5.479625701904297
-1.2459436655044556
3.3731131553649902
1.3708997964859009
-6.573753356933594
-6.143275737762451
3.7352781295776367
-1.608342170715332
-8.458982467651367
5.358555316925049
4.174258232116699
1.2710331678390503
-5.808415412902832
-1.395985722541809
3.3219876289367676
0.893290102481842
-6.6656880378723145
-6.214344024658203
3.4203226566314697
-1.0328892469406128
-8.8092041015625
5.575956344604492
4.165742874145508
1.1639541387557983
-6.167389869689941
-1.516444444656372
3.2785353660583496
0.4115546941757202
-6.793777942657471
-6.190764904022217
3.095761299133301
-0.45888686180114746
-9.110259056091309
5.6959428787231445
4.144118785858154
1.0519325733184814
-6.557910919189453
-1.6069170236587524
3.238245964050293
-0.06589901447296143
-6.963351249694824
-6.071468353271484
2.7673089504241943
0.10634875297546387
-9.361530303955078
5.714315891265869
4.106650352478027
0.937606930732727
-6.981051921844482
-1.6669280529022217
3.1965456008911133
-0.5296927690505981
-7.1784539222717285
-5.858386039733887
2.4412050247192383
0.6552006006240845
-9.565942764282227
5.629868507385254
4.0500688552856445
0.8239787817001343
-7.437274932861328
-1.696423888206482
3.1488938331604004
-0.9695501923561096
-7.441692352294922
-5.556830883026123
2.123523473739624
1.1797749996185303
-9.72982120513916
5.445233345031738
3.970794439315796
0.7143558263778687
-7.926079273223877
-1.6963342428207397
3.0912294387817383
-1.3747004270553589
-7.753998756408691
-5.1759538650512695
1.8199738264083862
1.6722627878189087
-9.862680435180664
5.166785717010498
3.8655354976654053
0.6122917532920837
-8.446048736572266
-1.6689321994781494
3.01973819732666
-1.7342480421066284
-8.115530967712402
-4.729179859161377
1.53546941280365
2.125133752822876
-9.978132247924805
4.805495262145996
3.7310709953308105
0.5215703845024109
-8.995290756225586
-1.6176565885543823
2.9317352771759033
-2.034959077835083
-8.528962135314941
-4.241040229797363
1.2741039991378784
2.531435012817383
-10.096015930175781
4.378242492675781
3.5645856857299805
0.44588685035705566
-9.571798324584961
-1.5468165874481201
2.824849843978882
-2.2681548595428467
-8.994783401489258
-3.731851816177368
1.0389326810836792
2.885145902633667
-10.244672775268555
3.9105606079101562
3.365788221359253
0.38764655590057373
-10.175257682800293
-1.4604592323303223
2.6983284950256348
-2.4293088912963867
-9.515020370483398
-3.219449281692505
0.8310756683349609
3.186414957046509
-10.445862770080566
3.4182796478271484
3.1376960277557373
0.34817349910736084
-10.809491157531738
-1.3618474006652832
2.5522618293762207
-2.5177831649780273
-10.092147827148438
-2.7183079719543457
0.6486360430717468
3.435870409011841
-10.709798812866211
2.9135143756866455
2.8846960067749023
0.3292994797229767
-11.479846954345703
-1.2564976215362549
2.387263298034668
-2.5370638370513916
-10.729761123657227
-2.238358736038208
0.4878973066806793
3.6341006755828857
-11.035697937011719
2.407243251800537
2.610790252685547
0.3310507833957672
-12.191153526306152
-1.1459925174713135
2.2023282051086426
-2.494259834289551
-11.429729461669922
-1.7819633483886719
0.3441121578216553
3.7823946475982666
-11.415497779846191
1.9092183113098145
2.3189053535461426
0.3531177341938019
-12.946917533874512
-1.0313118696212769
1.9949733018875122
-2.3988640308380127
-12.190690040588379
-1.3469007015228271
0.21317222714424133
3.8836565017700195
-11.847882270812988
1.4291150569915771
2.009425401687622
0.39457154273986816
-13.749401092529297
-0.9111167788505554
1.7653813362121582
-2.258873224258423
-13.011777877807617
-0.93006432056427
0.09141060709953308
3.941333770751953
-12.334375381469727
0.9754810333251953
