2
3
4.710808753967285
0.10211551189422607
6.862296104431152
-10.405277252197266
-8.734198570251465
-8.183198928833008
1.5930688381195068
-7.194775581359863
0.9874972105026245
-6.695847511291504
-2.8945682048797607
-2.5316874980926514
4.912018775939941
-0.5257777571678162
6.165987968444824
-11.04183292388916
-8.341692924499512
-8.255084037780762
2.7001631259918213
-7.291480541229248
0.5769996643066406
-6.301173210144043
-3.1548960208892822
-2.558347702026367
5.077035903930664
-1.134580373764038
5.459128379821777
-11.632490158081055
-7.88203763961792
-8.36081314086914
3.725774049758911
-7.3703203201293945
0.1545635461807251
-5.916123390197754
-3.3506481647491455
-2.686350107192993
5.209378719329834
-1.7226426601409912
4.745882034301758
-12.191038131713867
-7.362717628479004
-8.496537208557129
4.651918411254883
-7.4214301109313965
-0.2736911177635193
-5.542577743530273
-3.4703171253204346
-2.919569492340088
5.305453300476074
-2.293560028076172
4.035221576690674
-12.719478607177734
-6.793699741363525
-8.653116226196289
5.470681667327881
-7.440526485443115
-0.7009795904159546
-5.183506488800049
-3.49511456489563
-3.260195016860962
5.362639427185059
-2.84979248046875
3.33626651763916
-13.220207214355469
-6.1894612312316895
-8.819668769836426
6.18631649017334
-7.428004264831543
-1.1201430559158325
-4.844207286834717
-3.408571481704712
-3.7097394466400146
5.377432823181152
-3.3909363746643066
2.649576187133789
-13.69521427154541
-5.5601420402526855
-8.984940528869629
6.797553539276123
-7.388112545013428
-1.5232839584350586
-4.530011177062988
-3.200960159301758
-4.269682884216309
5.348146915435791
-3.9131550788879395
1.9855271577835083
-14.158241271972656
-4.9148406982421875
-9.13842487335205
7.300958156585693
-7.326980113983154
-1.9002883434295654
-4.247011184692383
-2.871004104614258
-4.939067363739014
5.275116920471191
-4.412536144256592
1.3636152744293213
-14.631345748901367
-4.263856887817383
-9.270214080810547
7.700504302978516
-7.253942012786865
-2.242427110671997
-4.00249719619751
-2.422273874282837
-5.7099609375
5.158533096313477
-4.887869834899902
0.8075528740882874
-15.136252403259277
-3.620563507080078
-9.370877265930176
8.014982223510742
-7.185981750488281
-2.5410561561584473
-3.8024485111236572
-1.8626788854599
-6.5704569816589355
5.002254962921143
-5.344754219055176
0.3286319971084595
-15.678692817687988
-2.996602773666382
-9.432534217834473
8.265301704406738
-7.143351078033447
-2.790109634399414
-3.650998592376709
-1.202424168586731
-7.508916854858398
4.8148908615112305
-5.793153762817383
-0.07965987920761108
-16.24688720703125
-2.402151107788086
-9.449224472045898
8.47485637664795
-7.146460056304932
-2.9839696884155273
-3.551975727081299
-0.45440536737442017
-8.513081550598145
4.604233741760254
-6.242295265197754
-0.4310512840747833
-16.820859909057617
-1.8441014289855957
-9.420252799987793
8.667145729064941
-7.214360237121582
-3.1165969371795654
-3.509281873703003
0.36729830503463745
-9.570232391357422
4.374758243560791
-6.69626522064209
-0.7299907207489014
-17.3907470703125
-1.3209747076034546
-9.351439476013184
8.84585189819336
-7.357579231262207
-3.1844820976257324
-3.5279994010925293
1.249431848526001
-10.666467666625977
4.129761695861816
-7.156435489654541
-0.9791874289512634
-17.950881958007812
-0.8266879916191101
-9.251762390136719
9.003817558288574
-7.580867767333984
-3.187108039855957
-3.6123645305633545
2.177023410797119
-11.787637710571289
3.8725833892822266
-7.624070644378662
-1.1881223917007446
-18.496091842651367
-0.3551764488220215
-9.12548542022705
9.117334365844727
-7.88336181640625
-3.1258368492126465
-3.7664291858673096
3.1303911209106445
-12.919782638549805
3.60591197013855
-8.098480224609375
-1.3640347719192505
-19.023283004760742
0.09457394480705261
-8.973377227783203
9.176825523376465
-8.270147323608398
-2.999316692352295
-3.9962635040283203
4.0823822021484375
-14.043462753295898
3.33146333694458
-8.57769775390625
-1.504717230796814
-19.533845901489258
0.5209307670593262
-8.79683780670166
9.190629005432129
-8.754298210144043
-2.8097152709960938
-4.301058769226074
5.018756866455078
-15.150372505187988
3.0512757301330566
-9.059489250183105
-1.6023448705673218
-20.029735565185547
0.9229006171226501
-8.60598373413086
9.169235229492188
-9.338464736938477
-2.562145471572876
-4.671838760375977
5.936337947845459
-16.236845016479492
2.766956329345703
-9.542501449584961
-1.6430690288543701
-20.520648956298828
1.3025996685028076
-8.40963363647461
9.115507125854492
-10.02743911743164
-2.260500431060791
-5.1014509201049805
6.8279032707214355
-17.29825782775879
2.4810574054718018
-10.02496337890625
-1.615771770477295
-21.016069412231445
1.6601595878601074
-8.218389511108398
9.036818504333496
-10.818779945373535
-1.9084315299987793
-5.583042621612549
7.684798717498779
-18.33237648010254
2.2006278038024902
-10.503652572631836
-1.5113614797592163
-21.526721954345703
1.9944179058074951
-8.040337562561035
8.945698738098145
-11.713754653930664
-1.5106483697891235
-6.109992980957031
8.499431610107422
-19.342199325561523
1.9305825233459473
-10.976502418518066
-1.3214962482452393
-22.064332962036133
2.303379774093628
-7.8819050788879395
8.858281135559082
-12.71379280090332
-1.0722543001174927
-6.674744129180908
9.265886306762695
-20.335229873657227
1.6747989654541016
-11.441990852355957
-1.0387040376663208
-22.640029907226562
2.5849530696868896
-7.747664451599121
8.791704177856445
-13.82008171081543
-0.597717821598053
-7.26943302154541
9.977816581726074
-21.319334030151367
1.437069058418274
-11.899417877197266
-0.6569080352783203
-23.264019012451172
2.835099458694458
-7.6443071365356445
8.771286010742188
-15.028581619262695
-0.09047055244445801
-7.884190559387207
10.629075050354004
-22.311025619506836
1.2212430238723755
-12.348140716552734
-0.17122554779052734
-23.946754455566406
3.055344581604004
-7.575109481811523
8.813362121582031
-16.341753005981445
0.44654345512390137
-8.5065279006958
11.211587905883789
-23.336139678955078
1.0307101011276245
-12.787484169006348
0.4224335551261902
-24.69730567932129
3.248621702194214
-7.543785095214844
8.935133934020996
-17.76362419128418
1.0081942081451416
-9.125840187072754
11.727577209472656
-24.41962432861328
0.8681114315986633
-13.21671199798584
1.1285089254379272
-25.525299072265625
3.4180569648742676
-7.553256034851074
9.153693199157715
-19.297836303710938
1.5754098892211914
-9.745962142944336
12.219671249389648
-25.559539794921875
0.7349705696105957
-13.635232925415039
1.9507203102111816
-26.440399169921875
3.5664875507354736
-7.606131076812744
9.487066268920898
-20.94925308227539
2.1389546394348145
-10.368030548095703
12.720756530761719
-26.76584243774414
0.6321362257003784
-14.042007446289062
2.892280101776123
-27.452415466308594
3.696929693222046
-7.704577922821045
9.950900077819824
-22.72113037109375
2.689114570617676
-10.994093894958496
13.272069931030273
-28.050548553466797
0.5598770380020142
-14.434908866882324
3.956031560897827
-28.57477569580078
3.8126015663146973
-7.8509626388549805
10.559475898742676
-24.615432739257812
3.2170345783233643
-11.62594985961914
13.916902542114258
-29.42563247680664
0.5185828804969788
-14.81163215637207
5.144100666046143
-29.822927474975586
3.9174420833587646
-8.051082611083984
11.328388214111328
-26.62811279296875
3.719799757003784
-12.263204574584961
14.688790321350098
-30.906455993652344
0.5094535946846008
-15.169618606567383
6.457057952880859
-31.216854095458984
4.019725799560547
-8.320979118347168
12.273201942443848
-28.73624610900879
4.200263023376465
-12.906255722045898
15.60383129119873
-32.49948501586914
0.5345741510391235
-15.511163711547852
7.896141052246094
-32.771728515625
4.124767303466797
-8.67342472076416
13.409022331237793
-30.9194393157959
4.662901878356934
-13.55669116973877
16.664146423339844
-34.20783233642578
0.5937038660049438
-15.84801959991455
9.469795227050781
-34.48751449584961
4.239923000335693
-9.109106063842773
14.744144439697266
-33.17842102050781
5.111381530761719
-14.216949462890625
17.87107276916504
-36.03022003173828
0.6869185566902161
-16.1907901763916
11.18781566619873
-36.36392593383789
4.375129699707031
-9.623221397399902
16.276294708251953
-35.52073287963867
5.549222946166992
-14.88919448852539
19.227428436279297
-37.96653366088867
0.8141516447067261
-16.549972534179688
13.062612533569336
-38.39805603027344
4.538071155548096
-10.210844993591309
18.007030487060547
-37.95610427856445
5.980047225952148
-15.575719833374023
20.7395076751709
-40.020965576171875
0.9765948057174683
-16.934019088745117
15.106195449829102
-40.589988708496094
4.733403205871582
-10.866357803344727
19.938426971435547
-40.494476318359375
6.407110691070557
-16.2779598236084
22.414676666259766
-42.200191497802734
1.1757868528366089
-17.350725173950195
17.33160972595215
-42.93968200683594
4.964445114135742
-11.5850248336792
22.072738647460938
-43.14484786987305
6.832451820373535
-16.998605728149414
24.26780891418457
-44.5100212097168
1.4130381345748901
-17.806978225708008
19.754047393798828
-45.4481201171875
5.233501434326172
-12.363104820251465
24.412837982177734
-45.914981842041016
7.257728576660156
-17.739625930786133
26.315223693847656
-46.9564208984375
