2
3
-3.1024131774902344
8.850336074829102
0.5903266668319702
5.849040508270264
1.3529000282287598
4.4183735847473145
6.803582668304443
-5.228420257568359
-4.213700771331787
1.9120479822158813
-0.08734562993049622
2.4000766277313232
-3.145745038986206
9.196870803833008
0.9554027318954468
4.983062744140625
1.710357666015625
3.8080620765686035
6.2297468185424805
-4.776571273803711
-4.247213363647461
2.2036802768707275
0.40056559443473816
2.7023985385894775
-3.1601953506469727
9.448360443115234
1.3808125257492065
4.092091083526611
2.002727746963501
3.2893412113189697
5.611125469207764
-4.2820305824279785
-4.247188568115234
2.5196785926818848
0.8978434801101685
2.907017707824707
-3.144713878631592
9.603076934814453
1.8599002361297607
3.204216957092285
2.223318338394165
2.8670239448547363
4.977628231048584
-3.7615885734558105
-4.212296962738037
2.8481051921844482
1.3956129550933838
3.0213162899017334
-3.0973525047302246
9.663422584533691
2.378683090209961
2.3462414741516113
2.3670706748962402
2.5404834747314453
4.3637895584106445
-3.2306761741638184
-4.144479274749756
3.1734635829925537
1.8879026174545288
3.0697853565216064
-3.011521339416504
9.635571479797363
2.9069595336914062
1.53653883934021
2.431865692138672
2.3054394721984863
3.789689302444458
-2.69427490234375
-4.043300628662109
3.486480951309204
2.358288288116455
3.0745766162872314
-2.8842761516571045
9.523558616638184
3.422213077545166
0.7968811988830566
2.4232535362243652
2.1554646492004395
3.2549567222595215
-2.15081787109375
-3.907597303390503
3.7847628593444824
2.7828116416931152
3.0530500411987305
-2.7199208736419678
9.338728904724121
3.924287796020508
0.12730318307876587
2.347991466522217
2.0868124961853027
2.75738263130188
-1.6025677919387817
-3.7421422004699707
4.070381164550781
3.165114164352417
3.003760814666748
-2.527102470397949
9.094420433044434
4.423244476318359
-0.47582244873046875
2.213097333908081
2.0917327404022217
2.303305149078369
-1.0582410097122192
-3.5506792068481445
4.341978549957275
3.5235793590545654
2.9164083003997803
-2.3100907802581787
8.799827575683594
4.912800312042236
-1.009939432144165
2.0347328186035156
2.157869338989258
1.8846672773361206
-0.5262842178344727
-3.3362653255462646
4.5963454246521
3.8648719787597656
2.7900922298431396
-2.0693881511688232
8.464905738830566
5.381322383880615
-1.47422194480896
1.8212441205978394
2.275771141052246
1.5059807300567627
-0.014829576015472412
-3.102379322052002
4.831560134887695
4.188296318054199
2.62927508354187
-1.8035027980804443
8.097774505615234
5.818334102630615
-1.870241403579712
1.5793359279632568
2.439333438873291
1.174922227859497
0.4673631191253662
-2.853210926055908
5.046334743499756
4.49385404586792
2.439194679260254
-1.5124053955078125
7.706347465515137
6.215641498565674
-2.1988918781280518
1.3159677982330322
2.641214370727539
0.9012091159820557
0.9109765291213989
-2.591817617416382
5.238492012023926
4.785195350646973
2.221660614013672
-1.1985440254211426
7.297362327575684
6.567541122436523
-2.460277557373047
1.0373337268829346
2.87558650970459
0.6926395297050476
1.3076456785202026
-2.320864677429199
5.405985355377197
5.063302040100098
1.9814342260360718
-0.8654893636703491
6.877094268798828
6.868412494659424
-2.6532156467437744
0.7495997548103333
3.13655161857605
0.5559203624725342
1.6497992277145386
-2.0432324409484863
5.546784400939941
5.3297505378723145
1.724977970123291
-0.5182228088378906
6.452021598815918
7.113409042358398
-2.776665687561035
0.4587180018424988
3.4170238971710205
0.4973474144935608
1.932586669921875
-1.760796070098877
5.659824371337891
5.584993362426758
1.4582213163375854
-0.16217392683029175
6.028794765472412
7.299455642700195
-2.8310563564300537
0.16989439725875854
3.710596799850464
0.5222088694572449
2.152003526687622
-1.4748703241348267
5.744443893432617
5.828897953033447
1.186816692352295
0.19623655080795288
5.61471700668335
7.424734592437744
-2.817979097366333
-0.11178809404373169
4.010932445526123
0.634369432926178
2.3051111698150635
-1.1864925622940063
5.799786567687988
6.060854911804199
0.9168075323104858
0.5502334237098694
5.217299461364746
7.489999294281006
-2.741098403930664
-0.38063037395477295
4.312016487121582
0.8360723257064819
2.389690399169922
-0.896695077419281
5.825533866882324
6.2800493240356445
0.6546628475189209
0.8927046060562134
4.8441057205200195
7.500393390655518
-2.606048345565796
-0.6304153800010681
4.6075544357299805
1.1273897886276245
2.404536247253418
-0.6064717173576355
5.821631908416748
6.484683036804199
0.40712592005729675
1.2161394357681274
4.5023016929626465
7.466611385345459
-2.4207937717437744
-0.8548533320426941
4.891149520874023
1.50592839717865
2.350022315979004
-0.3167587220668793
5.788462162017822
6.6723761558532715
0.1813851296901703
1.5134730339050293
4.199492931365967
7.401669502258301
-2.197122573852539
-1.0476164817810059
5.155856132507324
1.966292381286621
2.22939133644104
-0.029428094625473022
5.728446006774902
6.842507839202881
-0.01732553541660309
1.7791452407836914
3.9413247108459473
7.321018695831299
-1.9486525058746338
-1.2025126218795776
5.3946614265441895
2.499594211578369
2.0485949516296387
0.2531619668006897
5.645487308502197
6.9955363273620605
-0.1858915537595749
2.0087344646453857
3.7316160202026367
7.242980003356934
-1.6903026103973389
-1.3142074346542358
5.600673675537109
3.09442138671875
1.817454218864441
0.5281325578689575
5.544294357299805
7.136029243469238
-0.3240779638290405
2.2003061771392822
3.5717880725860596
7.1867756843566895
-1.4376940727233887
-1.3781483173370361
5.768757343292236
3.737720012664795
1.5470964908599854
0.7905440330505371
5.432311058044434
7.2761993408203125
-0.43814584612846375
2.3552067279815674
3.4600346088409424
7.166799068450928
-1.202559232711792
-1.3914988040924072
5.895590305328369
4.416016578674316
1.248481273651123
1.036649227142334
5.3171539306640625
7.429235935211182
-0.537223219871521
2.4787802696228027
3.3918120861053467
7.189871311187744
-0.9924100637435913
-1.3538745641708374
5.979795932769775
5.117125511169434
0.9314972162246704
1.2649341821670532
5.203689098358154
7.607426166534424
-0.6290901899337769
2.5792646408081055
3.3604490756988525
7.250589370727539
-0.8084573745727539
-1.266391396522522
6.021636486053467
5.830686569213867
0.6056909561157227
1.476120948791504
5.094531536102295
7.819231033325195
-0.7201946973800659
2.6612417697906494
3.3605329990386963
7.351067066192627
-0.6529103517532349
-1.1308573484420776
6.0229926109313965
6.548015594482422
0.278181254863739
1.674751877784729
4.9894304275512695
8.061149597167969
-0.8110958337783813
2.7284207344055176
3.38675594329834
7.492415428161621
-0.5262840986251831
-0.9502110481262207
5.986143112182617
7.261598110198975
-0.045892298221588135
1.8643742799758911
4.888500690460205
8.328800201416016
-0.9017190933227539
2.78446364402771
3.434497117996216
7.668360233306885
-0.42662668228149414
-0.7279341220855713
5.913817405700684
7.964434623718262
-0.36171358823776245
2.046921730041504
4.792524337768555
8.61937427520752
-0.992466151714325
2.832268714904785
3.4994006156921387
7.882191181182861
-0.35602372884750366
-0.46852487325668335
5.809927463531494
8.653793334960938
-0.6656922101974487
2.223700523376465
4.701752662658691
8.937126159667969
-1.0858876705169678
2.874877452850342
3.57696270942688
8.138178825378418
-0.3165282905101776
-0.1775253713130951
5.679177761077881
9.32909107208252
-0.9559286236763
2.3957653045654297
4.616394519805908
9.28498363494873
-1.1843839883804321
2.9154951572418213
3.6628222465515137
8.440530776977539
-0.31010931730270386
0.1401284635066986
5.525874137878418
9.990734100341797
-1.2309753894805908
2.5648083686828613
4.535730838775635
9.666635513305664
-1.2905352115631104
2.9573183059692383
3.7528235912323
8.79384994506836
-0.33886030316352844
0.4797154366970062
5.354125022888184
10.6405611038208
-1.4904327392578125
2.733036518096924
4.458324909210205
10.084768295288086
-1.4063739776611328
3.0033042430877686
3.843069553375244
9.202197074890137
-0.4045948386192322
0.8366043567657471
5.168011665344238
11.281996726989746
-1.7350919246673584
2.9026613235473633
4.382413387298584
10.541203498840332
-1.5335824489593506
3.056424379348755
3.929802417755127
9.669378280639648
-0.5087421536445618
1.206501841545105
4.971508979797363
11.920211791992188
-1.9670236110687256
3.075805187225342
4.306419372558594
11.038522720336914
-1.674101710319519
3.1194915771484375
4.009451866149902
10.198620796203613
-0.6521780490875244
1.5854594707489014
4.7682976722717285
12.56159782409668
-2.189371347427368
3.2542524337768555
4.228879451751709
11.57949447631836
-1.8299254179000854
3.195066452026367
4.0787482261657715
10.792510032653809
-0.8351802229881287
1.9701367616653442
4.561450481414795
13.213602066040039
-2.406096935272217
3.439521312713623
4.1484832763671875
12.16696548461914
-2.0030322074890137
3.2851672172546387
4.134765148162842
11.452749252319336
-1.0574986934661865
2.357598066329956
4.353524684906006
13.884307861328125
-2.6217236518859863
3.6329147815704346
4.064040184020996
12.80389404296875
-2.195425510406494
