2
3
-3.320681571960449
4.332275390625
-3.8255810737609863
-7.981131553649902
8.909101486206055
-5.259382247924805
5.528838157653809
4.416400909423828
-3.781674385070801
-4.114827632904053
9.138278007507324
-1.4811599254608154
-3.5066378116607666
3.9267282485961914
-2.8636868000030518
-9.090188980102539
8.777777671813965
-4.620066165924072
4.138549327850342
4.896995544433594
-2.9916932582855225
-4.222706317901611
9.327335357666016
-1.237364649772644
-3.577699661254883
3.452439785003662
-1.8249680995941162
-10.153030395507812
8.551919937133789
-3.9590678215026855
2.8601322174072266
5.313194274902344
-2.2155187129974365
-4.2841949462890625
9.45845890045166
-1.035106897354126
-3.5491766929626465
2.9006142616271973
-0.7380008697509766
-11.134904861450195
8.250776290893555
-3.2826149463653564
1.6691339015960693
5.656687259674072
-1.451216697692871
-4.307352066040039
9.483572959899902
-0.8319439888000488
-3.4270591735839844
2.2593657970428467
0.3606843948364258
-12.000329971313477
7.888987064361572
-2.5971736907958984
0.5391479730606079
5.921133995056152
-0.7116261124610901
-4.281887531280518
9.408355712890625
-0.6331364512443542
-3.2175233364105225
1.5323201417922974
1.455926537513733
-12.731778144836426
7.478423118591309
-1.9089336395263672
-0.5360431671142578
6.094302654266357
-0.00427931547164917
-4.2096405029296875
9.259003639221191
-0.4486874043941498
-2.923750877380371
0.732128381729126
2.53546142578125
-13.315934181213379
7.020775318145752
-1.2174334526062012
-1.5253572463989258
6.155261039733887
0.6717530488967896
-4.099386215209961
9.036772727966309
-0.2809212803840637
-2.5493950843811035
-0.13105404376983643
3.576930522918701
-13.736523628234863
6.516191482543945
-0.5299129486083984
-2.3956282138824463
6.086920261383057
1.3128933906555176
-3.951857805252075
8.750213623046875
-0.14219266176223755
-2.100442886352539
-1.0460089445114136
4.555649280548096
-13.982186317443848
5.969749927520752
0.1441553831100464
-3.1237523555755615
5.88209867477417
1.9230692386627197
-3.7760746479034424
8.38746166229248
-0.032495707273483276
-1.5842955112457275
-1.9988459348678589
5.448634147644043
-14.045632362365723
5.388953685760498
0.7958577275276184
-3.6934118270874023
5.535043239593506
2.4979677200317383
-3.574655055999756
7.953924179077148
0.04031793773174286
-1.0103425979614258
-2.9734575748443604
6.234580993652344
-13.925142288208008
4.7868475914001465
1.4171843528747559
-4.091066837310791
5.039371013641357
3.0308070182800293
-3.349191188812256
7.463841438293457
0.06372178345918655
-0.3895938992500305
-3.9513096809387207
6.894949913024902
-13.625030517578125
4.172866344451904
1.998249888420105
-4.306289196014404
4.393422603607178
3.5151402950286865
-3.1025519371032715
6.934335231781006
0.026963401585817337
0.26581233739852905
-4.912374496459961
7.4167633056640625
-13.15720272064209
3.5589027404785156
2.5279340744018555
-4.333258152008057
3.6003904342651367
3.942143678665161
-2.8423476219177246
6.3949055671691895
-0.07179313898086548
0.9402118921279907
-5.833558082580566
7.7992401123046875
-12.539859771728516
2.9580719470977783
2.995368480682373
-4.172232627868652
2.668943405151367
4.304825305938721
-2.575683355331421
5.871845245361328
-0.23523938655853271
1.6178691387176514
-6.693626403808594
8.042492866516113
-11.785331726074219
2.3852896690368652
3.389252185821533
-3.832961082458496
1.6153242588043213
4.601555824279785
-2.3105595111846924
5.380683898925781
-0.465807169675827
2.28208589553833
-7.471166610717773
8.141249656677246
-10.904382705688477
1.8571314811706543
3.6949334144592285
-3.3332507610321045
0.4716780185699463
4.832937240600586
-2.0537338256835938
4.937297821044922
-0.7672939300537109
2.9120278358459473
-8.142253875732422
8.099458694458008
-9.923052787780762
1.3906710147857666
3.897526264190674
-2.6930668354034424
-0.7277225255966187
5.000767707824707
-1.8129074573516846
4.557903289794922
-1.1413960456848145
3.495878219604492
-8.674395561218262
7.944248676300049
-8.924036026000977
1.0028079748153687
3.978837728500366
-1.9386262893676758
-1.9275065660476685
5.1094794273376465
-1.593902587890625
4.258242607116699
-1.5804880857467651
4.029950141906738
-9.047649383544922
7.686476230621338
-7.977419853210449
0.6982060670852661
3.942263126373291
-1.0980560779571533
-3.096985340118408
5.1574530601501465
-1.4073461294174194
4.0684661865234375
-2.0685484409332275
4.495432376861572
-9.257331848144531
7.375700950622559
-7.126243591308594
0.47576791048049927
3.8085904121398926
-0.1956268548965454
-4.2379655838012695
5.149676322937012
-1.2620652914047241
4.002763271331787
-2.585601806640625
4.882492542266846
-9.31081771850586
7.068443298339844
-6.411404609680176
0.33708319067955017
3.5985772609710693
0.7425901889801025
-5.35762882232666
5.104740619659424
-1.1569404602050781
4.0413432121276855
-3.128093719482422
5.198568344116211
-9.2428560256958
6.764410972595215
-5.795795440673828
0.2861386835575104
3.3229587078094482
1.6924306154251099
-6.457361221313477
5.044861316680908
-1.0900315046310425
4.1427001953125
-3.6831085681915283
5.454269886016846
-9.08228874206543
6.427455902099609
-5.231711387634277
0.32464599609375
2.9799423217773438
2.6256933212280273
-7.515367031097412
4.98711633682251
-1.0574512481689453
4.2589111328125
-4.231309413909912
5.650879859924316
-8.843433380126953
6.072526931762695
-4.720539569854736
0.44496428966522217
2.571481704711914
3.536583185195923
-8.519721984863281
4.940490245819092
-1.0517646074295044
4.352944850921631
-4.761630535125732
5.7940874099731445
-8.54284954071045
5.705153465270996
-4.261020660400391
0.635345458984375
2.1051137447357178
4.4426493644714355
-9.472442626953125
4.900546073913574
-1.0677907466888428
4.463268280029297
-5.294760704040527
5.891695022583008
-8.196792602539062
5.32003116607666
-3.848745346069336
0.8898211717605591
1.5815930366516113
5.334824562072754
-10.360273361206055
4.865647315979004
-1.1031793355941772
4.6096086502075195
-5.84047269821167
5.9465203285217285
-7.816412448883057
4.9304280281066895
-3.4889469146728516
1.2031009197235107
1.0018677711486816
6.201244831085205
-11.171992301940918
4.838236331939697
-1.1579045057296753
4.797541618347168
-6.401693344116211
5.959118366241455
-7.40779972076416
4.555688858032227
-3.1920578479766846
1.5712555646896362
0.3684602379798889
7.029858589172363
-11.89841365814209
4.82267427444458
-1.233770728111267
5.026825904846191
-6.979987621307373
5.9314446449279785
-6.976545810699463
4.213181495666504
-2.9695470333099365
1.9896749258041382
-0.31359195709228516
7.808382034301758
-12.531538009643555
4.82337760925293
-1.334219217300415
5.296779632568359
-7.574495792388916
5.866143226623535
-6.528563499450684
3.918738603591919
-2.8334898948669434
2.4520809650421143
-1.0365564823150635
8.530207633972168
-13.06833267211914
4.844301700592041
-1.4618711471557617
5.606542110443115
-8.183700561523438
5.7682294845581055
-6.071666717529297
3.689518690109253
-2.7967331409454346
2.9516355991363525
-1.7907589673995972
9.189964294433594
-13.508416175842285
4.889333248138428
-1.6188817024230957
5.955118656158447
-8.805118560791016
5.643115043640137
-5.613454818725586
3.5411155223846436
-2.8693065643310547
3.4813992977142334
-2.565030574798584
9.780725479125977
-13.852046012878418
4.963332176208496
-1.8077079057693481
6.341036796569824
-9.43549633026123
5.496249198913574
-5.161105155944824
3.486755847930908
-3.0579240322113037
4.034229278564453
-3.3473362922668457
10.294343948364258
-14.100468635559082
5.067084312438965
-2.0314645767211914
6.7640252113342285
-10.067007064819336
5.333451271057129
-4.721795558929443
3.5387051105499268
-3.367173433303833
4.601929664611816
-4.124189376831055
10.725578308105469
-14.260214805603027
5.201168060302734
-2.294402837753296
7.222697734832764
-10.687593460083008
5.1620683670043945
-4.305217266082764
3.708275318145752
-3.8004817962646484
5.17473030090332
-4.880542278289795
11.074216842651367
-14.344494819641113
5.365437984466553
-2.598229169845581
7.715586185455322
-11.289286613464355
4.991080284118652
-3.9208967685699463
4.000579357147217
-4.359427452087402
5.739321708679199
-5.599603652954102
11.358787536621094
-14.378142356872559
5.5575337409973145
-2.9396350383758545
8.24064826965332
-11.87033748626709
4.829141139984131
-3.577604055404663
4.415255546569824
-5.040633201599121
6.281907081604004
-6.264005184173584
11.604974746704102
-14.39260482788086
5.774855613708496
-3.3128461837768555
8.797183990478516
-12.434708595275879
4.68447732925415
-3.282283067703247
4.94727087020874
-5.83617639541626
6.791659355163574
-6.860390663146973
11.84089183807373
-14.422160148620605
6.013859272003174
-3.71048903465271
9.387035369873047
-12.99220085144043
4.56421422958374
-3.040707588195801
5.589654922485352
-6.734750747680664
7.260541915893555
-7.380305767059326
12.101086616516113
-14.505661010742188
6.271368980407715
-4.125321388244629
10.013717651367188
-13.556386947631836
4.473586082458496
-2.856982469558716
6.336191177368164
-7.724357604980469
7.6844258308410645
-7.8228044509887695
12.41926383972168
-14.675975799560547
6.543601989746094
-4.5501389503479
10.685612678527832
-14.144058227539062
