2
3
-9.146711349487305
1.4254584312438965
0.3135315179824829
1.6526076793670654
5.587738990783691
-5.844189167022705
6.325413703918457
-5.745452880859375
6.543867588043213
2.4407382011413574
7.151096343994141
7.983133792877197
-8.90516471862793
1.351409673690796
2.133695602416992
0.9935879707336426
5.747111797332764
-6.220630645751953
5.743501663208008
-4.837274551391602
6.603639602661133
2.9673147201538086
6.2937822341918945
7.163592338562012
-8.50758171081543
1.1991057395935059
3.834430694580078
0.42462342977523804
5.8337483406066895
-6.468268871307373
5.146304130554199
-3.9056272506713867
6.581960678100586
3.4343299865722656
5.464900016784668
6.329265594482422
-7.9835429191589355
0.9884868860244751
5.411126613616943
-0.06783899664878845
5.850213050842285
-6.580080509185791
4.534483432769775
-2.976205587387085
6.49894905090332
3.8466684818267822
4.642228603363037
5.498737335205078
-7.349754333496094
0.7538861632347107
6.849499702453613
-0.5467228889465332
5.810444355010986
-6.548513889312744
3.8446969985961914
-2.0665087699890137
6.352802753448486
4.189058303833008
3.9417974948883057
4.677497863769531
-6.6265869140625
0.4805767834186554
8.164355278015137
-0.9717268943786621
5.710701942443848
-6.408604145050049
3.129338264465332
-1.1727123260498047
6.153515815734863
4.454958438873291
3.36812162399292
3.8711962699890137
-5.831337928771973
0.16737422347068787
9.351766586303711
-1.3293507099151611
5.551578044891357
-6.175914764404297
2.433396816253662
-0.3193349838256836
5.923302173614502
4.650295734405518
2.8843634128570557
3.071539878845215
-4.979001522064209
-0.17787829041481018
10.396483421325684
-1.6107676029205322
5.344029426574707
-5.864971160888672
1.7798097133636475
0.47466039657592773
5.6767497062683105
4.7814040184021
2.470763683319092
2.270118474960327
-4.07770299911499
-0.5454864501953125
11.278019905090332
-1.8122421503067017
5.094053745269775
-5.492312908172607
1.1888840198516846
1.2036205530166626
5.4222893714904785
4.855683326721191
2.1291322708129883
1.4634864330291748
-3.141611099243164
-0.9249312281608582
11.980988502502441
-1.9317059516906738
4.804356575012207
-5.073338985443115
0.6760401129722595
1.8656013011932373
5.168286323547363
4.878824234008789
1.8595690727233887
0.6522005796432495
-2.1856119632720947
-1.3011077642440796
12.496915817260742
-1.9713239669799805
4.481875419616699
-4.622659206390381
0.2561901807785034
2.459826946258545
4.920459270477295
4.853725433349609
1.6645249128341675
-0.16113555431365967
-1.2214138507843018
-1.6636054515838623
12.82947063446045
-1.932822346687317
4.134788990020752
-4.151966571807861
-0.05912083387374878
2.9850106239318848
4.686030864715576
4.781920909881592
1.5444090366363525
-0.9720832109451294
-0.2571756839752197
-2.005176544189453
12.975759506225586
-1.8182271718978882
3.77193284034729
-3.6681668758392334
-0.26277703046798706
3.4363348484039307
4.4722113609313965
4.662972450256348
1.4966778755187988
-1.777747392654419
0.6949169635772705
-2.3192174434661865
12.942815780639648
-1.6307964324951172
3.401909112930298
-3.174990177154541
-0.34972497820854187
3.8063831329345703
4.286306381225586
4.496071815490723
1.5191901922225952
-2.5700931549072266
1.6216098070144653
-2.598834276199341
12.742888450622559
-1.3765909671783447
3.034299612045288
-2.6765694618225098
-0.3161539137363434
4.088052272796631
4.133781433105469
4.281914234161377
1.6071436405181885
-3.338608980178833
2.5102992057800293
-2.834432601928711
12.394853591918945
-1.0685837268829346
2.6800589561462402
-2.177278995513916
-0.16092945635318756
4.27634859085083
4.017388820648193
4.021080017089844
1.7524312734603882
-4.072774887084961
3.3491368293762207
-3.016838312149048
11.922749519348145
-0.7197862863540649
2.3493118286132812
-1.6829923391342163
0.11409859359264374
4.367856025695801
3.9374289512634277
3.7165980339050293
1.9463554620742798
-4.765326499938965
4.128200531005859
-3.1390373706817627
11.344429969787598
-0.34246817231178284
2.051680088043213
-1.1996667385101318
0.5039899349212646
4.36448860168457
3.8943259716033936
3.3704147338867188
2.1813087463378906
-5.409275054931641
4.837851047515869
-3.196506977081299
10.682825088500977
0.04633370041847229
1.7967638969421387
-0.7366601824760437
0.9979444742202759
4.275094032287598
3.8882734775543213
2.98331618309021
2.44752836227417
-5.995910167694092
5.466119289398193
-3.181962013244629
9.967501640319824
0.42713525891304016
1.593345046043396
-0.30127185583114624
1.5779707431793213
4.107962131500244
3.9206180572509766
2.5531933307647705
2.7239444255828857
-6.5117316246032715
5.999154090881348
-3.0892882347106934
9.240876197814941
0.7779935598373413
1.448933482170105
0.09927314519882202
2.2195262908935547
3.874558210372925
3.9948620796203613
2.07421875
2.970916509628296
-6.935435771942139
6.432722091674805
-2.9239284992218018
8.5460844039917
1.0807905197143555
1.369781732559204
0.4605236053466797
2.897554636001587
3.582501173019409
4.099483966827393
1.5583245754241943
3.1927835941314697
-7.271693229675293
6.7680768966674805
-2.6954398155212402
7.916506290435791
1.3240149021148682
1.3598448038101196
0.7826888561248779
3.5901670455932617
3.22814679145813
4.219506740570068
1.0262967348098755
3.4192311763763428
-7.539083480834961
7.010775089263916
-2.418478012084961
7.381165504455566
1.5041224956512451
1.4197266101837158
1.0679736137390137
4.276385307312012
2.8067734241485596
4.349769592285156
0.4925171136856079
3.6622989177703857
-7.747271537780762
7.181622505187988
-2.1085798740386963
6.925497055053711
1.622073769569397
1.54396390914917
1.3177177906036377
4.943465232849121
2.317490339279175
4.490750312805176
-0.03566694259643555
3.9185802936553955
-7.8988213539123535
7.295990467071533
-1.776628017425537
6.537598609924316
1.6781824827194214
1.7255496978759766
1.5311212539672852
5.586410999298096
1.7608096599578857
4.642358779907227
-0.5532841086387634
4.1845903396606445
-7.991868495941162
7.364375591278076
-1.4307692050933838
6.211403846740723
1.6704254150390625
1.9577683210372925
1.7046352624893188
6.205336570739746
1.1437660455703735
4.805351734161377
-1.0569310188293457
4.44838809967041
-8.018596649169922
7.393130302429199
-1.0782032012939453
5.944479942321777
1.5989506244659424
2.2331743240356445
1.8331432342529297
6.801621437072754
0.4824139475822449
4.9778947830200195
-1.5400645732879639
4.709130764007568
-7.982964038848877
7.389005661010742
-0.7246361970901489
5.7371931076049805
1.460796594619751
2.5466339588165283
1.9143280982971191
7.369739532470703
-0.20759493112564087
5.15742301940918
-1.9962334632873535
4.9657487869262695
-7.888967037200928
7.358884334564209
-0.3754838705062866
5.590961456298828
1.253978967666626
2.8950369358062744
1.9460906982421875
7.901091575622559
-0.9097972512245178
5.33997917175293
-2.416322946548462
5.216778755187988
-7.741907119750977
7.309327602386475
-0.03591766953468323
5.505382537841797
0.9776091575622559
3.276111125946045
1.9268003702163696
8.385819435119629
-1.6067867279052734
5.5211615562438965
-2.7941787242889404
5.47068452835083
-7.551250457763672
7.246362209320068
0.288115531206131
5.4823994636535645
0.6322083473205566
3.6852588653564453
1.8565083742141724
8.820780754089355
-2.283254623413086
5.6973114013671875
-3.125774621963501
5.738232612609863
-7.329434394836426
7.175180912017822
0.5903866291046143
5.526066780090332
0.21960484981536865
4.115097999572754
1.7388842105865479
9.210838317871094
-2.929440498352051
5.866249084472656
-3.40999698638916
6.028980255126953
-7.086071014404297
7.100322723388672
0.8645554184913635
5.6416401863098145
-0.2561599016189575
4.55673885345459
1.5768545866012573
9.566900253295898
-3.534884214401245
6.026516914367676
-3.646846294403076
6.3506760597229
-6.832204818725586
7.026801109313965
1.1037596464157104
5.834902763366699
-0.7876392006874084
5.001929759979248
1.3751723766326904
9.899669647216797
-4.093810081481934
6.177361965179443
-3.836251974105835
6.706339359283447
-6.577460765838623
6.958785057067871
1.3016685247421265
6.109579563140869
-1.3656282424926758
5.444271087646484
1.1375572681427002
10.22097110748291
-4.601053237915039
6.319451332092285
-3.97959041595459
7.095462322235107
-6.330038547515869
6.900090217590332
1.4522693157196045
6.4685773849487305
-1.9792183637619019
5.878371238708496
0.8698442578315735
10.54318618774414
-5.058056354522705
6.454252243041992
-4.07887601852417
7.5195441246032715
-6.102328300476074
6.854606628417969
1.5500582456588745
6.91420841217041
-2.6158292293548584
6.299554347991943
0.5811176300048828
10.878448486328125
-5.475502967834473
6.584568977355957
-4.136798858642578
7.979096412658691
-5.907674789428711
6.827711582183838
1.5928363800048828
7.44435453414917
-3.2682178020477295
6.705148220062256
0.28054577112197876
11.23766040802002
-5.869537353515625
6.713996887207031
-4.15683650970459
8.472953796386719
-5.758713722229004
6.824324607849121
1.5827089548110962
8.055368423461914
-3.9349465370178223
7.094643592834473
-0.02519404888153076
11.628681182861328
-6.253248691558838
6.846805095672607
-4.144525527954102
9.000791549682617
-5.667792320251465
