2
3
-7.592807292938232
-9.361649513244629
-4.069485664367676
-3.592583179473877
8.623712539672852
-7.557229042053223
-6.32894229888916
3.850480318069458
-8.121626853942871
7.404500961303711
1.4408657550811768
5.308261871337891
-7.333439350128174
-9.11087703704834
-3.676496982574463
-3.1207165718078613
7.9658002853393555
-7.136476993560791
-7.827147006988525
4.6107497215271
-7.725601673126221
6.722716331481934
2.448153495788574
4.018349647521973
-7.084589004516602
-8.856293678283691
-3.3024537563323975
-2.6446516513824463
7.312699317932129
-6.725151538848877
-9.308265686035156
5.354490280151367
-7.342724323272705
6.0698041915893555
3.4215316772460938
2.7831873893737793
-6.846012115478516
-8.598362922668457
-2.9467830657958984
-2.164966106414795
6.664947032928467
-6.322672367095947
-10.772174835205078
6.083104610443115
-6.971982479095459
5.444212913513184
4.3634161949157715
1.599542260169983
-6.617591381072998
-8.337535858154297
-2.6091432571411133
-1.682187795639038
6.023037433624268
-5.92849588394165
-12.218876838684082
6.797740459442139
-6.61240816116333
4.844610691070557
5.2763285636901855
0.4647127389907837
-6.399129867553711
-8.074394226074219
-2.289048910140991
-1.1968867778778076
5.387368679046631
-5.542031288146973
-13.648792266845703
7.499599456787109
-6.263350009918213
4.270285606384277
6.161769866943359
-0.6232199668884277
-6.190352439880371
-7.809615612030029
-1.9857938289642334
-0.7097537517547607
4.75822639465332
-5.16276216506958
-15.062589645385742
8.189861297607422
-5.923948764801025
3.7213616371154785
7.021854400634766
-1.6640725135803223
-5.991060256958008
-7.544069290161133
-1.6989468336105347
-0.2214338183403015
4.1358113288879395
-4.790547847747803
-16.461034774780273
8.869657516479492
-5.592779636383057
3.196685791015625
7.858509063720703
-2.661548614501953
-5.801455020904541
-7.278833866119385
-1.4284651279449463
0.26725131273269653
3.520328998565674
-4.425728797912598
-17.844791412353516
9.54011058807373
-5.26786470413208
2.693875312805176
8.67619800567627
-3.6204686164855957
-5.621607303619385
-7.014689922332764
-1.1743758916854858
0.7553948163986206
2.9119510650634766
-4.067878723144531
-19.214609146118164
10.202451705932617
-4.947595119476318
2.2106435298919678
9.478044509887695
-4.544585704803467
-5.451624870300293
-6.751727104187012
-0.9368509650230408
1.2427849769592285
2.3108532428741455
-3.71673321723938
-20.571073532104492
10.857707023620605
-4.63020658493042
1.7442677021026611
10.267333030700684
-5.43776798248291
-5.291282653808594
-6.489987373352051
-0.7157796621322632
1.7290453910827637
1.7171945571899414
-3.3721237182617188
-21.9146671295166
11.50683307647705
-4.313763618469238
1.2915021181106567
11.047772407531738
-6.304060935974121
-5.140381813049316
-6.22939920425415
-0.5114794969558716
2.214114189147949
1.1306182146072388
-3.0336883068084717
-23.24633026123047
12.151113510131836
-3.9964044094085693
0.8487175703048706
11.82291030883789
-7.147665977478027
-4.998620986938477
-5.970108509063721
-0.32350394129753113
2.6975085735321045
0.5503900051116943
-2.700894832611084
-24.567745208740234
12.792189598083496
-3.676431179046631
0.41223955154418945
12.596132278442383
-7.972634315490723
-4.865583419799805
-5.712151527404785
-0.1511945128440857
3.1790249347686768
-0.023434698581695557
-2.373255729675293
-25.880064010620117
13.43150520324707
-3.35252046585083
-0.021235227584838867
13.370294570922852
-8.782758712768555
-4.740689754486084
-5.455550193786621
0.006295904517173767
3.658231496810913
-0.590877115726471
-2.0506958961486816
-27.183887481689453
14.06952953338623
-3.0228564739227295
-0.454586386680603
14.149479866027832
-9.582107543945312
-4.623091220855713
-5.200594425201416
0.15015184879302979
4.134376525878906
-1.152045726776123
-1.733165979385376
-28.479890823364258
14.706531524658203
-2.6857857704162598
-0.890221357345581
14.937695503234863
-10.375089645385742
-4.512045860290527
-4.947740077972412
0.28166741132736206
4.606531143188477
-1.7070142030715942
-1.4206905364990234
-29.76858901977539
15.342571258544922
-2.3402419090270996
-1.3297784328460693
15.737348556518555
-11.165279388427734
-4.40703010559082
-4.697521686553955
0.4021005630493164
5.073647499084473
-2.255352258682251
-1.1138145923614502
-31.04949378967285
15.976651191711426
-1.9851351976394653
-1.7746508121490479
16.550888061523438
-11.956196784973145
-4.30745792388916
-4.450556755065918
0.5128687620162964
5.534527778625488
-2.793274402618408
-0.8158421516418457
-32.31637191772461
16.603879928588867
-1.6206154823303223
-2.224724769592285
17.3789119720459
-12.7487154006958
-4.212658405303955
-4.207535743713379
0.6155946254730225
5.987843036651611
-3.317840814590454
-0.5299559831619263
-33.56359100341797
17.21990966796875
-1.2476168870925903
-2.678889274597168
18.2192325592041
-13.542228698730469
-4.121933937072754
-3.969179153442383
0.7119568586349487
6.432285308837891
-3.8268113136291504
-0.25850793719291687
-34.786643981933594
17.82143211364746
-0.8656586408615112
-3.13759708404541
19.07284164428711
-14.338507652282715
-4.034645080566406
-3.7360904216766357
0.8034361004829407
6.866820812225342
-4.317825794219971
-0.0038584768772125244
-35.98076248168945
18.404769897460938
-0.4737624526023865
-3.601545572280884
19.942413330078125
-15.139886856079102
-3.9497170448303223
-3.5103087425231934
0.892300546169281
7.289298057556152
-4.789769649505615
0.23311127722263336
-37.14400100708008
18.96890640258789
-0.07115757465362549
-4.071442127227783
20.829450607299805
-15.948504447937012
-3.865854024887085
-3.2941315174102783
0.981235146522522
7.696916580200195
-5.241528511047363
0.4513171315193176
-38.274288177490234
19.512306213378906
0.34243738651275635
-4.5475897789001465
21.734487533569336
-16.765274047851562
-3.7818939685821533
-3.0894832611083984
1.0727672576904297
8.087114334106445
-5.672184467315674
0.6499462127685547
-39.36964416503906
20.033708572387695
0.7669212818145752
-5.0302534103393555
22.6578369140625
-17.59068489074707
-3.696699857711792
-2.897639513015747
1.1689423322677612
8.457708358764648
-6.0810866355896
0.8285819292068481
-40.42873764038086
20.532135009765625
1.2023102045059204
-5.5196638107299805
23.60066032409668
-18.42607307434082
-3.6091747283935547
-2.7201192378997803
1.272165060043335
8.80647087097168
-6.467905521392822
0.9871604442596436
-41.451072692871094
21.0069637298584
1.6495192050933838
-6.016909122467041
24.56523895263672
-19.273839950561523
-3.518286943435669
-2.5584194660186768
1.3846991062164307
9.131091117858887
-6.832374572753906
1.1255912780761719
-42.43598556518555
21.45719337463379
2.109477996826172
-6.523153781890869
25.553930282592773
-20.136573791503906
-3.423168897628784
-2.413848638534546
1.5086069107055664
9.42949390411377
-7.174022197723389
1.243714690208435
-43.38199234008789
21.881601333618164
2.5835068225860596
-7.0400543212890625
26.569976806640625
-21.017955780029297
-3.3228578567504883
-2.2876405715942383
1.6460602283477783
9.699555397033691
-7.492511749267578
1.341509461402893
-44.288082122802734
22.27911376953125
3.0730247497558594
-7.569338321685791
27.616981506347656
-21.92188835144043
-3.2163116931915283
-2.180842161178589
1.7995271682739258
9.939196586608887
-7.787988662719727
1.4191985130310059
-45.154388427734375
22.649368286132812
3.579233407974243
-8.112462997436523
28.69781494140625
-22.851566314697266
-3.1025147438049316
-2.0940487384796143
1.9712395668029785
10.14683723449707
-8.060503959655762
1.4769223928451538
-45.98073959350586
22.991741180419922
4.103443145751953
-8.670979499816895
29.815582275390625
-23.81043815612793
-2.980351448059082
-2.027996301651001
2.163738250732422
10.320381164550781
-8.31005573272705
1.5147966146469116
-46.766822814941406
23.305479049682617
4.647037506103516
-9.246513366699219
30.973543167114258
-24.802127838134766
-2.8487911224365234
-1.983237385749817
2.379289150238037
10.458035469055176
-8.53659725189209
1.532850742340088
-47.51219177246094
23.589702606201172
5.211479187011719
-9.840768814086914
32.17512893676758
-25.83045196533203
-2.706806182861328
-1.9602810144424438
2.6201765537261963
10.558080673217773
-8.739873886108398
1.5308858156204224
-48.21595764160156
23.843223571777344
5.798315048217773
-10.455535888671875
33.4239616394043
-26.899436950683594
-2.553370237350464
-1.9596641063690186
2.8887133598327637
10.618719100952148
-8.919769287109375
1.5086729526519775
-48.87722396850586
24.06463623046875
6.409152030944824
-11.092663764953613
34.723812103271484
-28.013273239135742
-2.38749361038208
-1.9819209575653076
3.18719220161438
10.638232231140137
-9.076170921325684
1.4659377336502075
-49.4951171875
24.252548217773438
7.0457258224487305
-11.754137992858887
36.07874298095703
-29.176475524902344
-2.208167552947998
-2.0276377201080322
3.51796293258667
10.614824295043945
-9.209050178527832
1.402372121810913
-50.06885528564453
24.405622482299805
7.709880828857422
-12.442068099975586
37.493064880371094
-30.393836975097656
-2.014362335205078
-2.0973777770996094
3.8834025859832764
10.54673957824707
-9.318259239196777
1.3175956010818481
-50.59751510620117
24.52230453491211
8.40357494354248
-13.158686637878418
38.971351623535156
-31.670454025268555
