2
3
-4.551649570465088
-5.521370887756348
2.1507749557495117
2.4820327758789062
4.55548095703125
-1.829489827156067
-8.604171752929688
4.4555463790893555
2.99125337600708
6.222136974334717
-0.4327598810195923
3.04374361038208
-4.194981098175049
-5.183651924133301
2.74100399017334
3.1141817569732666
4.211966514587402
-1.6016147136688232
-9.415474891662598
4.859968662261963
2.882976770401001
5.8434929847717285
-0.5733969211578369
2.304003953933716
-3.850501537322998
-4.848721504211426
3.3101677894592285
3.7427780628204346
3.8713510036468506
-1.3750563859939575
-10.218912124633789
5.2646989822387695
2.7733492851257324
5.479363918304443
-0.7137942314147949
1.596750259399414
-3.517613172531128
-4.516141414642334
3.8585660457611084
4.368444919586182
3.5334315299987793
-1.149460792541504
-11.015493392944336
5.670207977294922
2.662777900695801
5.129991054534912
-0.8539990186691284
0.9215364456176758
-3.1956310272216797
-4.185291290283203
4.386401176452637
4.991793155670166
3.198028087615967
-0.9244858026504517
-11.806118965148926
6.077009201049805
2.551598310470581
4.795705318450928
-0.994326651096344
0.2782225012779236
-2.883955478668213
-3.8550877571105957
4.893523216247559
5.61354923248291
2.8649892807006836
-0.6998042464256287
-12.591512680053711
6.485711574554443
2.439992904663086
4.4767327308654785
-1.1350892782211304
-0.33324164152145386
-2.5825343132019043
-3.525278329849243
5.3800048828125
6.234161853790283
2.534134864807129
-0.47515711188316345
-13.372446060180664
6.8967814445495605
2.3283040523529053
4.173662185668945
-1.2768421173095703
-0.9128835797309875
-2.291325569152832
-3.195594310760498
5.8458991050720215
6.8541083335876465
2.2053303718566895
-0.25038838386535645
-14.149551391601562
7.310545444488525
2.216768264770508
3.8867244720458984
-1.4200129508972168
-1.4612393379211426
-2.01029634475708
-2.8657636642456055
6.291243076324463
7.473877429962158
1.8783764839172363
-0.025244325399398804
-14.923681259155273
7.727648735046387
2.105546712875366
3.615236759185791
-1.565000057220459
-1.9801928997039795
-1.7391810417175293
-2.5353307723999023
6.716034889221191
8.093974113464355
1.5529561042785645
0.2006000578403473
-15.695764541625977
8.14888858795166
1.9945589303970337
3.358621597290039
-1.7122710943222046
-2.4710729122161865
-1.47759211063385
-2.2037510871887207
7.120224952697754
8.714889526367188
1.2282127141952515
0.4275517165660858
-16.466875076293945
8.575111389160156
1.8836899995803833
3.116281747817993
-1.8623677492141724
-2.9350333213806152
-1.2252758741378784
-1.8705685138702393
7.503692626953125
9.337072372436523
0.9038771390914917
0.6560642719268799
-17.237945556640625
9.00740909576416
1.7725088596343994
2.8874402046203613
-2.0159146785736084
-3.373145341873169
-0.9816672801971436
-1.535076379776001
7.866234302520752
9.960988998413086
0.5797164440155029
0.8865230083465576
-18.00979232788086
9.44667911529541
1.6608164310455322
2.6715104579925537
-2.1735150814056396
-3.7862720489501953
-0.7454738616943359
-1.1960411071777344
8.207697868347168
10.587297439575195
0.2556154131889343
1.1192671060562134
-18.7830753326416
9.893733024597168
1.5485644340515137
2.468047857284546
-2.3357770442962646
-4.1751251220703125
-0.51618492603302
-0.8527915477752686
8.52777099609375
11.216407775878906
-0.0686064064502716
1.3547321557998657
-19.558534622192383
10.349325180053711
1.4355748891830444
2.276529312133789
-2.5033376216888428
-4.540368556976318
-0.2932998239994049
-0.5046607255935669
8.826181411743164
11.848776817321777
-0.3929222822189331
1.59308922290802
-20.336414337158203
10.813780784606934
1.3216737508773804
2.0964860916137695
-2.6768264770507812
-4.88253927230835
-0.07666265964508057
-0.15120461583137512
9.102279663085938
12.484526634216309
-0.7168217897415161
1.8341076374053955
-21.11595916748047
11.286764144897461
1.2067036628723145
1.9274615049362183
-2.856858968734741
-5.2022905349731445
0.13384181261062622
0.20799005031585693
9.355518341064453
13.123834609985352
-1.0392552614212036
2.0772550106048584
-21.895360946655273
11.767779350280762
1.0903606414794922
1.7692159414291382
-3.0440611839294434
-5.499974250793457
0.33766084909439087
0.5729554295539856
9.584697723388672
13.766236305236816
-1.3593025207519531
2.321850299835205
-22.67267608642578
12.255730628967285
0.9721639156341553
1.6215589046478271
-3.2390553951263428
-5.7755937576293945
0.534606397151947
0.9438194036483765
9.788549423217773
14.411212921142578
-1.676275610923767
2.5675673484802246
-23.446475982666016
12.75002670288086
0.8518781661987305
1.4844118356704712
-3.4424657821655273
-6.029179096221924
0.7237762808799744
1.320080041885376
9.965505599975586
15.057435989379883
-1.9897624254226685
2.8143086433410645
-24.216201782226562
13.250703811645508
0.7293045520782471
1.357733964920044
-3.654902219772339
-6.260915756225586
0.9047514200210571
1.7015008926391602
10.1144380569458
15.70406723022461
-2.2993242740631104
3.062075138092041
-24.98174476623535
13.758097648620605
0.6041692495346069
1.2417426109313965
-3.8772027492523193
-6.4706621170043945
1.0762500762939453
2.0853540897369385
10.23327350616455
16.3465633392334
-2.604809522628784
3.310967445373535
-25.742969512939453
14.272547721862793
0.476864218711853
1.137514352798462
-4.1090521812438965
-6.65673828125
1.2376292943954468
2.470384359359741
10.321005821228027
16.983476638793945
-2.9063143730163574
3.561182975769043
-26.50055503845215
14.794633865356445
0.3472801446914673
1.045546054840088
-4.351004600524902
-6.818356037139893
1.3884851932525635
2.8559927940368652
10.377082824707031
17.61396026611328
-3.203561305999756
3.8127665519714355
-27.255077362060547
15.32486629486084
0.21529701352119446
0.966204822063446
-4.603579998016357
-6.954973220825195
1.5284603834152222
3.241729736328125
10.401140213012695
18.237565994262695
-3.496864080429077
4.066051483154297
-28.00731086730957
15.86408805847168
0.08076509833335876
0.899836540222168
-4.867344856262207
-7.066120147705078
1.6571882963180542
3.6271848678588867
10.392993927001953
18.854095458984375
-3.7865288257598877
4.321284770965576
-28.758272171020508
16.413043975830078
-0.05646330118179321
0.8467416763305664
-5.142948150634766
-7.151543617248535
1.7744642496109009
4.0121026039123535
10.352433204650879
19.463380813598633
-4.072891712188721
4.578738212585449
-29.509017944335938
16.972492218017578
-0.19655519723892212
0.8072167634963989
-5.4310526847839355
-7.211155891418457
1.880094289779663
4.396281719207764
10.27928352355957
20.065353393554688
-4.356196403503418
4.838628768920898
-30.260108947753906
17.54297637939453
-0.3396722972393036
0.7815597057342529
-5.732375144958496
-7.2447896003723145
1.9738446474075317
4.779539585113525
10.173492431640625
20.660099029541016
-4.636542320251465
5.1012115478515625
-31.012161254882812
18.125104904174805
-0.4860554337501526
0.7700119614601135
-6.047613620758057
-7.25241756439209
2.0555591583251953
5.161795616149902
10.035059928894043
21.247804641723633
-4.914383888244629
5.366790294647217
-31.7658748626709
18.719524383544922
-0.6359602808952332
0.7728804349899292
-6.377521514892578
-7.233830451965332
2.12507963180542
5.543031215667725
9.864021301269531
21.828758239746094
-5.190036296844482
5.635641098022461
-32.52197265625
19.32678985595703
-0.7896429300308228
0.7904962301254272
-6.722902297973633
-7.188819885253906
2.1822476387023926
5.923282623291016
9.660449981689453
22.40334129333496
-5.463821887969971
5.908067226409912
-33.281227111816406
19.947580337524414
-0.9473782777786255
0.8232312202453613
-7.0845112800598145
-7.117030620574951
2.226919412612915
6.302646636962891
9.424489974975586
22.972139358520508
-5.736186504364014
6.184441089630127
-34.044498443603516
20.582656860351562
-1.1094417572021484
0.8714630603790283
-7.463113307952881
-7.018117904663086
2.2589426040649414
6.681297779083252
9.156286239624023
23.53580665588379
-6.007507801055908
6.465038776397705
-34.812564849853516
21.232738494873047
-1.276104211807251
0.9356020092964172
-7.859429359436035
-6.891674995422363
2.2781598567962646
7.059605121612549
8.856189727783203
24.095447540283203
-6.278227806091309
6.750205993652344
-35.58625411987305
21.89861488342285
-1.447629690170288
1.016072392463684
-8.27417278289795
-6.737276554107666
2.284391164779663
7.438086986541748
8.52471923828125
24.652605056762695
-6.548847675323486
7.0403876304626465
-36.366451263427734
22.58114242553711
-1.6243000030517578
1.11326265335083
-8.708173751831055
-6.5546345710754395
2.2774784564971924
7.817102432250977
8.162042617797852
25.20824432373047
-6.81986665725708
7.336050987243652
-37.15401840209961
23.281198501586914
-1.8063886165618896
1.2276040315628052
-9.162212371826172
-6.343345642089844
2.257296562194824
8.197046279907227
7.768259048461914
25.76327896118164
-7.091846466064453
7.637668609619141
-37.94980239868164
23.99971580505371
-1.9941598176956177
1.3595364093780518
-9.63705825805664
-6.102969169616699
2.223982334136963
8.578651428222656
7.343725681304932
26.31922721862793
-7.3654022216796875
7.945800304412842
-38.7547492980957
24.737606048583984
-2.187869071960449
1.5094921588897705
-10.13347339630127
-5.833055019378662
