2
3
-3.119638681411743
4.983516216278076
8.261421203613281
-6.737605571746826
-4.921185493469238
7.75945520401001
8.641210556030273
3.2140045166015625
-3.4715938568115234
-2.731938123703003
-0.6803618669509888
3.5536530017852783
-2.698268413543701
4.306089401245117
8.458614349365234
-6.906541347503662
-4.477991104125977
7.853696346282959
8.862030029296875
2.121248722076416
-3.807251214981079
-2.2266080379486084
-0.6845149397850037
4.332345008850098
-2.2713327407836914
3.6371848583221436
8.584146499633789
-6.978775978088379
-4.047322750091553
7.861306190490723
9.089844703674316
1.061962366104126
-4.144556522369385
-1.6839499473571777
-0.585427463054657
5.020226955413818
-1.8465769290924072
2.9862704277038574
8.632889747619629
-6.952601432800293
-3.6261093616485596
7.785677433013916
9.31977367401123
0.051221609115600586
-4.474103927612305
-1.1084709167480469
-0.3851698637008667
5.605759143829346
-1.4323697090148926
2.3622050285339355
8.601540565490723
-6.828586578369141
-3.209770679473877
7.62898588180542
9.541912078857422
-0.894882321357727
-4.782667636871338
-0.5012190937995911
-0.09627190232276917
6.068388938903809
-1.0392043590545654
1.7793296575546265
8.498050689697266
-6.614161014556885
-2.792903423309326
7.389665126800537
9.741293907165527
-1.752229928970337
-5.054259300231934
0.1369500756263733
0.26008084416389465
6.38178825378418
-0.6749985218048096
1.2442145347595215
8.335051536560059
-6.316399574279785
-2.3734471797943115
7.065183162689209
9.907377243041992
-2.489924907684326
-5.283088684082031
0.7952280044555664
0.6754444241523743
6.543745517730713
-0.3472515344619751
0.7601680159568787
8.132678985595703
-5.942752838134766
-1.947814702987671
6.6622843742370605
10.02658748626709
-3.0908737182617188
-5.466429710388184
1.4598981142044067
1.1466583013534546
6.55326509475708
-0.06241700053215027
0.3306562006473541
7.911768913269043
-5.499914169311523
-1.5165586471557617
6.196277618408203
10.089276313781738
-3.5536773204803467
-5.605701923370361
2.116400718688965
1.6818103790283203
6.415164470672607
0.17639437317848206
-0.04016795754432678
7.686924457550049
-4.996807098388672
-1.0893628597259521
5.684486389160156
10.102316856384277
-3.881512403488159
-5.703001022338867
2.751271963119507
2.292279005050659
6.135415077209473
0.3665468394756317
-0.34613674879074097
7.478386878967285
-4.453274250030518
-0.6745410561561584
5.147308349609375
10.073673248291016
-4.088318824768066
-5.756387233734131
3.35117769241333
2.9785847663879395
5.719292163848877
0.5070828199386597
-0.5810794830322266
7.313013553619385
-3.900555372238159
-0.27852070331573486
4.604701042175293
10.013201713562012
-4.1934943199157715
-5.761600494384766
3.8985652923583984
3.7329087257385254
5.184282302856445
0.5986940264701843
-0.7414144277572632
7.221794605255127
-3.3727617263793945
0.09066659212112427
4.076928615570068
9.944677352905273
-4.225798606872559
-5.71577787399292
4.380828857421875
4.5462422370910645
4.547932147979736
0.6473991274833679
-0.8304945826530457
7.2179670333862305
-2.8896408081054688
0.42393526434898376
3.582592487335205
9.89931869506836
-4.220099449157715
-5.61670446395874
4.788290023803711
5.406186580657959
3.8304269313812256
0.6684773564338684
-0.8588126301765442
7.279362678527832
-2.450734853744507
0.7162643671035767
3.133559465408325
9.905640602111816
-4.207091331481934
-5.464105606079102
5.11619758605957
6.301769256591797
3.0481765270233154
0.6708914637565613
-0.8341431021690369
7.3999528884887695
-2.0624287128448486
0.9710280895233154
2.7313899993896484
9.970988273620605
-4.200699329376221
-5.258148193359375
5.35977029800415
7.21909236907959
2.22709321975708
0.6615741848945618
-0.7655863761901855
7.5697855949401855
-1.7237952947616577
1.1977479457855225
2.3712892532348633
10.086609840393066
-4.201885223388672
-4.999360084533691
5.519800662994385
8.145099639892578
1.3818259239196777
0.6465314626693726
-0.6605359315872192
7.782467365264893
-1.4333469867706299
1.4054867029190063
2.0468661785125732
10.231832504272461
-4.2011332511901855
-4.692410469055176
5.599493980407715
9.069952964782715
0.530403733253479
0.6307145357131958
-0.5241563320159912
8.023787498474121
-1.1873955726623535
1.5961979627609253
1.7590283155441284
10.388006210327148
-4.1928911209106445
-4.339261054992676
5.598598003387451
9.9777193069458
-0.30684638023376465
0.618200957775116
-0.3608878254890442
8.286765098571777
-0.9859544038772583
1.7672615051269531
1.5097826719284058
10.565628051757812
-4.183685302734375
-3.9389700889587402
5.514987945556641
10.844955444335938
-1.1036218404769897
0.6112725138664246
-0.17552971839904785
8.577241897583008
-0.8328362703323364
1.9187133312225342
1.296270489692688
10.781899452209473
-4.181869029998779
-3.4953649044036865
5.352351188659668
11.664251327514648
-1.8435190916061401
0.6111127138137817
0.0266629159450531
8.905061721801758
-0.7329625487327576
2.0533668994903564
1.1143882274627686
11.0424165725708
-4.189812660217285
-3.0178234577178955
5.120904922485352
12.443593978881836
-2.5211730003356934
0.6190847158432007
0.2399604469537735
9.281157493591309
-0.6922428607940674
2.1767709255218506
0.9577014446258545
11.347434043884277
-4.207686901092529
-2.514667510986328
4.832587242126465
13.189897537231445
-3.136925220489502
0.6368510127067566
0.459158718585968
9.714310646057129
-0.7165433168411255
2.292555570602417
0.821528434753418
11.703548431396484
-4.239991188049316
-1.9921971559524536
4.498839855194092
13.909788131713867
-3.6941628456115723
0.665881872177124
0.6786434054374695
10.21203899383545
-0.8097421526908875
2.40443754196167
0.701829195022583
12.11579704284668
-4.291060447692871
-1.4559624195098877
4.130163669586182
14.609809875488281
-4.198089599609375
0.7076704502105713
0.8927205204963684
10.77994155883789
-0.973945140838623
2.5164740085601807
0.5947833061218262
12.587811470031738
-4.364995002746582
-0.9109848737716675
3.7358150482177734
15.296722412109375
-4.654381275177002
0.7641831636428833
1.0956836938858032
11.422762870788574
-1.210262417793274
2.6314873695373535
0.4973220229148865
13.124853134155273
-4.466684818267822
-0.36225414276123047
3.324765205383301
15.978772163391113
-5.070649147033691
0.8373960256576538
1.2820175886154175
12.144232749938965
-1.5189838409423828
2.752133846282959
0.40685608983039856
13.733148574829102
-4.601826190948486
0.18519240617752075
2.9045193195343018
16.667625427246094
-5.455171585083008
0.9294437170028687
1.4465235471725464
12.947593688964844
-1.8989571332931519
2.8809256553649902
0.32062047719955444
14.418167114257812
-4.775365352630615
0.7266621589660645
2.4824585914611816
17.377397537231445
-5.819070339202881
1.041512131690979
1.5842716693878174
13.835908889770508
-2.346951723098755
3.020143985748291
0.23592576384544373
15.185277938842773
-4.992133617401123
1.257405161857605
2.0646092891693115
18.12401580810547
-6.173766136169434
1.175305962562561
1.690137267112732
14.813216209411621
-2.859018325805664
3.1717512607574463
0.1502854824066162
16.039045333862305
-5.256383895874023
1.7735674381256104
1.6560214757919312
18.924362182617188
-6.531732559204102
1.3322173357009888
1.7601557970046997
15.883123397827148
-3.43086838722229
3.3374311923980713
0.061180479824543
16.9837703704834
-5.5718889236450195
2.2737607955932617
1.259443759918213
19.790266036987305
-6.902936935424805
1.5132167339324951
1.7917966842651367
17.048683166503906
-4.058340072631836
3.518608808517456
-0.03399284929037094
18.023632049560547
-5.9419145584106445
2.7580413818359375
0.8767842054367065
20.73285484313965
-7.29801082611084
1.7187343835830688
1.7837189435958862
18.31409454345703
-4.738544464111328
3.7164013385772705
-0.13773725926876068
19.163000106811523
-6.369425296783447
3.2296013832092285
0.506949245929718
21.752395629882812
-7.721243381500244
1.9492584466934204
1.7353967428207397
19.68392562866211
-5.470301628112793
3.9321248531341553
-0.25274282693862915
20.40699577331543
-6.857321262359619
3.6897530555725098
0.14921057224273682
22.85736846923828
-8.1802339553833
2.2052133083343506
1.646730661392212
21.16322898864746
-6.253306865692139
4.166746616363525
-0.38153979182243347
21.76032257080078
-7.4078168869018555
4.140223026275635
-0.1978434920310974
24.055923461914062
-8.681496620178223
2.4871740341186523
1.5177679061889648
22.757183074951172
-7.087922096252441
4.421278476715088
-0.5266172289848328
23.227893829345703
-8.023118019104004
4.583230495452881
-0.5362389087677002
25.357011795043945
-9.23137092590332
2.795962333679199
1.3485183715820312
24.470640182495117
-7.974860668182373
4.696691989898682
-0.6902909278869629
24.81449317932129
-8.705238342285156
5.020975112915039
-0.8683687448501587
26.770357131958008
-9.83617877960205
3.1323349475860596
1.1392154693603516
26.30735206604004
-8.91479778289795
4.993746280670166
-0.8746557235717773
26.525100708007812
-9.455809593200684
5.4557108879089355
-1.1968963146209717
28.308218002319336
-10.503057479858398
3.4970617294311523
0.8899472951889038
28.271215438842773
-9.908863067626953
5.31263542175293
-1.0812169313430786
28.366077423095703
-10.277119636535645
5.889561176300049
-1.5246517658233643
29.98252296447754
-11.238821029663086
