2
3
-7.506869792938232
-0.3917597830295563
0.15929365158081055
8.33587646484375
-0.7243049740791321
-8.041179656982422
2.8552117347717285
7.971617221832275
4.55977201461792
-2.190652847290039
8.141898155212402
-5.709130764007568
-7.131769180297852
-0.5338758826255798
0.9648377895355225
8.126320838928223
-0.6840378642082214
-7.576464653015137
2.763805389404297
8.825130462646484
4.457231521606445
-2.404949903488159
7.895133018493652
-6.113318920135498
-6.760173320770264
-0.6622704863548279
1.7604625225067139
7.938573360443115
-0.6422016024589539
-7.121233940124512
2.6783998012542725
9.661157608032227
4.358737468719482
-2.6172072887420654
7.664832592010498
-6.507030010223389
-6.391702651977539
-0.7776779532432556
2.546804428100586
7.7712016105651855
-0.5985772609710693
-6.675299644470215
2.5993669033050537
10.479660987854004
4.264591217041016
-2.827749013900757
7.450964450836182
-6.890682697296143
-6.025994777679443
-0.8807781338691711
3.324531078338623
7.623071670532227
-0.5530262589454651
-6.238466262817383
2.5268614292144775
11.280620574951172
4.175405025482178
-3.036984920501709
7.2544403076171875
-7.265167713165283
-5.662676811218262
-0.9715821743011475
4.0938720703125
7.493708610534668
-0.5053255558013916
-5.810420036315918
2.461150646209717
12.064264297485352
4.0917158126831055
-3.245185375213623
7.075867176055908
-7.6311163902282715
-5.301151275634766
-1.050367832183838
4.855456352233887
7.382322311401367
-0.455342561006546
-5.39073371887207
2.4024226665496826
12.831165313720703
4.0136613845825195
-3.4524481296539307
6.9153852462768555
-7.988917350769043
-4.940709590911865
-1.1180367469787598
5.610363483428955
7.287526607513428
-0.402088463306427
-4.9779253005981445
2.350659132003784
13.58237075805664
3.941657066345215
-3.6590001583099365
6.773899078369141
-8.339676856994629
-4.5806145668029785
-1.1754825115203857
6.3597187995910645
7.207989692687988
-0.3452853858470917
-4.571369171142578
2.3058247566223145
14.318330764770508
3.8757500648498535
-3.8645670413970947
6.651737213134766
-8.683783531188965
-4.220174312591553
-1.2235218286514282
7.104465484619141
7.142585754394531
-0.28476983308792114
-4.170869827270508
2.2679128646850586
15.039280891418457
3.81612229347229
-4.068568229675293
6.549191474914551
-9.021268844604492
-3.8586955070495605
-1.2629098892211914
7.845562934875488
7.090251922607422
-0.2198345810174942
-3.7782320976257324
2.2381532192230225
15.743892669677734
3.763045310974121
-4.2702531814575195
6.465922832489014
-9.351783752441406
-3.4954912662506104
-1.2943850755691528
8.583977699279785
7.049941539764404
-0.15009064972400665
-3.3942909240722656
2.2171568870544434
16.43111228942871
3.716980218887329
-4.469266414642334
6.401912689208984
-9.675195693969727
-3.129909038543701
-1.31867253780365
9.320666313171387
7.0206451416015625
-0.07529205083847046
-3.0195095539093018
2.205549478530884
17.10051727294922
3.6783323287963867
-4.665194511413574
6.357064247131348
-9.991247177124023
-2.7615320682525635
-1.3365048170089722
10.056632995605469
7.0016069412231445
0.004705928266048431
-2.653559684753418
2.203463315963745
17.75316619873047
3.6476006507873535
-4.857783317565918
6.331366062164307
-10.299749374389648
-2.3897242546081543
-1.34842050075531
10.792823791503906
6.9920477867126465
0.09005124121904373
-2.2967443466186523
2.2112011909484863
18.388578414916992
3.625572681427002
-5.047281265258789
6.325562477111816
-10.601432800292969
-2.013824939727783
-1.3550509214401245
11.530232429504395
6.99086856842041
0.18097619712352753
-1.949325442314148
2.229342460632324
19.00634002685547
3.6135339736938477
-5.235044479370117
6.341053009033203
-10.897686004638672
-1.6332060098648071
-1.3570890426635742
12.269883155822754
6.996880531311035
0.2774007320404053
-1.61172616481781
2.258362054824829
19.60631561279297
3.6118507385253906
-5.421253204345703
6.378203392028809
-11.188824653625488
-1.2472277879714966
-1.3550336360931396
13.012812614440918
7.009400367736816
0.37940287590026855
-1.2845441102981567
2.2987253665924072
20.187763214111328
3.620835304260254
-5.6060709953308105
6.437563896179199
-11.475238800048828
-0.8554379343986511
-1.3494452238082886
13.75994873046875
7.027672290802002
0.4872239828109741
-0.9683546423912048
2.351003408432007
20.749601364135742
3.64072847366333
-5.789572715759277
6.519530773162842
-11.757031440734863
-0.457585871219635
-1.3408154249191284
14.512036323547363
7.051107883453369
0.6010578274726868
-0.6635187268257141
2.415710687637329
21.29122543334961
3.6717875003814697
-5.971846103668213
6.624382019042969
-12.03420639038086
-0.053333580493927
-1.3294230699539185
15.26973819732666
7.079029560089111
0.7211474180221558
-0.37018129229545593
2.493400812149048
21.812267303466797
3.71431040763855
-6.15302038192749
6.752774238586426
-12.307031631469727
0.3578687012195587
-1.3157562017440796
16.033802032470703
7.11030387878418
0.8477742075920105
-0.08823755383491516
2.584643840789795
22.312715530395508
3.7685546875
-6.333139419555664
6.905094623565674
-12.57541275024414
0.7764878273010254
-1.3002841472625732
16.8046932220459
7.143831253051758
0.981235921382904
0.18251636624336243
2.6899657249450684
22.79254913330078
3.83491587638855
-6.512407302856445
7.08206844329834
-12.839766502380371
1.202810287475586
-1.283382773399353
17.582624435424805
7.178779125213623
1.1217949390411377
0.44233858585357666
2.809907913208008
23.251779556274414
3.913790464401245
-6.691042900085449
7.284552097320557
-13.100593566894531
1.6371071338653564
-1.2654646635055542
18.367813110351562
7.214167594909668
1.269785761833191
0.6914265155792236
2.9452357292175293
23.690221786499023
4.005548000335693
-6.869338512420654
7.513473987579346
-13.358606338500977
2.0796303749084473
-1.24705171585083
19.16088104248047
7.249053001403809
1.4255881309509277
0.9299528002738953
3.0966649055480957
24.10776710510254
4.110441207885742
-7.047451019287109
7.769351959228516
-13.613977432250977
2.5304360389709473
-1.228684663772583
19.961999893188477
7.282318115234375
1.5895603895187378
1.1579750776290894
3.2649710178375244
24.504117965698242
4.228687286376953
-7.225513935089111
8.052589416503906
-13.866741180419922
2.989440441131592
-1.2109934091567993
20.77155303955078
7.312819480895996
1.7618788480758667
1.3752613067626953
3.451094627380371
24.878740310668945
4.360649585723877
-7.403573036193848
8.363791465759277
-14.117172241210938
3.4566879272460938
-1.1943418979644775
21.589336395263672
7.3397746086120605
1.9428596496582031
1.581880807876587
3.6557371616363525
25.231508255004883
4.506716251373291
-7.581779479980469
8.703716278076172
-14.365703582763672
3.932297945022583
-1.178992509841919
22.41538429260254
7.362553596496582
2.1328701972961426
1.778011679649353
3.879593849182129
25.562511444091797
4.667295455932617
-7.760464668273926
9.073349952697754
-14.612943649291992
4.416459083557129
-1.1652666330337524
23.250085830688477
7.380512237548828
2.3323135375976562
1.9639062881469727
4.123338222503662
25.87194061279297
4.842833042144775
-7.939992427825928
9.473761558532715
-14.859599113464355
4.909553050994873
-1.1534744501113892
24.09416961669922
7.393158912658691
2.5414655208587646
2.139505386352539
4.387765884399414
26.15972900390625
5.033778190612793
-8.120736122131348
9.906045913696289
-15.106348037719727
5.411959648132324
-1.143951416015625
24.948366165161133
7.399899005889893
2.7606260776519775
2.304786443710327
4.673673152923584
26.4258975982666
5.240764141082764
-8.303323745727539
10.371862411499023
-15.354602813720703
5.92408561706543
-1.137077808380127
25.813480377197266
7.4000468254089355
2.9901609420776367
2.4598629474639893
4.981858730316162
26.670616149902344
5.464308261871338
-8.488235473632812
10.872488021850586
-15.60527229309082
6.44635009765625
-1.133257269859314
26.690332412719727
7.3928704261779785
3.230461597442627
2.6048526763916016
5.31313943862915
26.8940486907959
5.704940319061279
-8.675933837890625
11.40920352935791
-15.859192848205566
6.979173183441162
-1.132856011390686
27.579679489135742
7.3777546882629395
3.4819483757019043
2.7397661209106445
5.668362140655518
27.096115112304688
5.963104248046875
-8.86673641204834
11.983002662658691
-16.11662483215332
7.522959232330322
-1.1363193988800049
28.482223510742188
7.353775978088379
3.7450671195983887
2.8646435737609863
6.048389434814453
27.27685546875
6.239353656768799
-9.061116218566895
12.595264434814453
-16.37849235534668
8.078215599060059
-1.1440318822860718
29.399063110351562
7.320303916931152
4.020259380340576
2.979471445083618
6.4541215896606445
27.436206817626953
6.534270286560059
-9.259530067443848
13.247343063354492
-16.645586013793945
8.645383834838867
-1.1564126014709473
30.331125259399414
7.276633262634277
4.307981014251709
3.0842080116271973
6.8864922523498535
27.574060440063477
6.848442077636719
-9.462393760681152
13.94058895111084
-16.918622970581055
9.224977493286133
-1.1738723516464233
31.27945899963379
7.222046375274658
4.608698844909668
3.178802013397217
7.346469879150391
27.690317153930664
7.182558059692383
-9.670242309570312
14.676616668701172
-17.198638916015625
