2
3
1.1348209381103516
1.5281121730804443
7.708806991577148
1.0822275876998901
0.10958793759346008
-3.6807894706726074
-7.559749126434326
-9.472578048706055
-3.0440940856933594
-4.419583797454834
-4.055443286895752
10.692498207092285
1.7924847602844238
1.2605061531066895
6.99898624420166
0.5811985731124878
-0.18075785040855408
-4.169091701507568
-7.7358479499816895
-9.235264778137207
-3.2308640480041504
-3.5472192764282227
-3.7990145683288574
10.779488563537598
2.3751235008239746
0.9696192741394043
6.254263401031494
0.1901722252368927
-0.4645650386810303
-4.631555557250977
-7.873890399932861
-8.933286666870117
-3.3382668495178223
-2.663756847381592
-3.585820198059082
10.648567199707031
2.8930859565734863
0.6770898699760437
5.4546427726745605
-0.12021711468696594
-0.7420110106468201
-5.065652370452881
-7.972322940826416
-8.565814018249512
-3.3830244541168213
-1.7956115007400513
-3.3911986351013184
10.325438499450684
3.337585926055908
0.38656240701675415
4.623002529144287
-0.34549224376678467
-1.0135853290557861
-5.468003273010254
-8.029404640197754
-8.134685516357422
-3.383575916290283
-0.9686117172241211
-3.1822140216827393
9.845588684082031
3.709036350250244
0.10837814211845398
3.763432502746582
-0.4994715452194214
-1.2795004844665527
-5.835604667663574
-8.048998832702637
-7.643815994262695
-3.343553066253662
-0.19987070560455322
-2.962359666824341
9.22736644744873
4.010828495025635
-0.14768263697624207
2.872981071472168
-0.6010226607322693
-1.539486289024353
-6.165581703186035
-8.037327766418457
-7.096521377563477
-3.2660608291625977
0.4973958730697632
-2.739731788635254
8.488875389099121
4.246764183044434
-0.3744525611400604
1.951279640197754
-0.6685255169868469
-1.793426513671875
-6.454968452453613
-8.001396179199219
-6.496764659881592
-3.15544056892395
1.1085176467895508
-2.5257842540740967
7.664239406585693
4.417475700378418
-0.5697238445281982
1.0068613290786743
-0.7141370177268982
-2.0426278114318848
-6.701019763946533
-7.943236351013184
-5.845577716827393
-3.01755428314209
1.6283925771713257
-2.3274033069610596
6.771059036254883
4.522340297698975
-0.7327200174331665
0.05128622055053711
-0.7488975524902344
-2.2889065742492676
-6.901315689086914
-7.860698223114014
-5.14574670791626
-2.857212781906128
2.055243968963623
-2.155794858932495
5.828008651733398
4.561213493347168
-0.8644503951072693
-0.9003446102142334
-0.7812184691429138
-2.5320796966552734
-7.051779270172119
-7.750768184661865
-4.407937526702881
-2.6755564212799072
2.3906331062316895
-2.030543804168701
4.8560357093811035
4.531322002410889
-0.9693371653556824
-1.835956335067749
-0.8118672370910645
-2.7635419368743896
-7.137969017028809
-7.620968341827393
-3.668093681335449
-2.474520206451416
2.637160539627075
-1.9634485244750977
3.874363422393799
4.429591178894043
-1.0508718490600586
-2.7489025592803955
-0.8340292572975159
-2.9791791439056396
-7.161838054656982
-7.468469619750977
-2.9334139823913574
-2.2579333782196045
2.7978782653808594
-1.9466625452041626
2.8965771198272705
4.254295349121094
-1.1137423515319824
-3.6246752738952637
-0.8347095847129822
-3.1734061241149902
-7.128543853759766
-7.296855449676514
-2.202836513519287
-2.0320260524749756
2.872046947479248
-1.9630995988845825
1.9418091773986816
4.011107921600342
-1.1607024669647217
-4.453519344329834
-0.8071343302726746
-3.336183547973633
-7.03019905090332
-7.12861442565918
-1.501166582107544
-1.8047113418579102
2.8567581176757812
-1.9943013191223145
1.0371363162994385
3.7089297771453857
-1.18973970413208
-5.234157085418701
-0.7544006705284119
-3.4652256965637207
-6.866730690002441
-6.9793381690979
-0.8442118167877197
-1.5835051536560059
2.754767417907715
-2.0231411457061768
0.2070467472076416
3.3576393127441406
-1.1959949731826782
-5.966540336608887
-0.6883005499839783
-3.5606484413146973
-6.645988464355469
-6.8626837730407715
-0.2398301362991333
-1.3711081743240356
2.582038640975952
-2.0526602268218994
-0.545846700668335
2.9692647457122803
-1.1736464500427246
-6.6557698249816895
-0.6289328336715698
-3.628514528274536
-6.380244731903076
-6.7733988761901855
0.3164341449737549
-1.1678560972213745
2.35347843170166
-2.0900838375091553
-1.2242083549499512
2.5549988746643066
-1.1250666379928589
-7.304167747497559
-0.5909218192100525
-3.67732572555542
-6.0830512046813965
-6.6996049880981445
0.8333820700645447
-0.9727994203567505
2.0804452896118164
-2.1475279331207275
-1.8284319639205933
2.1210663318634033
-1.0551865100860596
-7.908405780792236
-0.5791719555854797
-3.71140456199646
-5.762185573577881
-6.63850212097168
1.3138091564178467
-0.7886848449707031
1.769330620765686
-2.2300124168395996
-2.35233473777771
1.672402024269104
-0.9718596339225769
-8.46309757232666
-0.5949523448944092
-3.733778953552246
-5.423345565795898
-6.588834762573242
1.7592389583587646
-0.6178109645843506
1.4274412393569946
-2.341108798980713
-2.793013095855713
1.2131164073944092
-0.8835909366607666
-8.963327407836914
-0.6357317566871643
-3.746840238571167
-5.071537494659424
-6.550015926361084
2.169705390930176
-0.4611548185348511
1.0628068447113037
-2.485698938369751
-3.1504876613616943
0.7468539476394653
-0.7974816560745239
-9.405895233154297
-0.6983335018157959
-3.7535786628723145
-4.709699630737305
-6.52310037612915
2.5429704189300537
-0.3204153776168823
0.6819127202033997
-2.6671414375305176
-3.4248929023742676
0.2772465944290161
-0.7189956903457642
-9.789769172668457
-0.7793898582458496
-3.7562265396118164
-4.3404011726379395
-6.50950288772583
2.8767201900482178
-0.19595520198345184
0.2918131351470947
-2.8926377296447754
-3.6182079315185547
-0.19193965196609497
-0.6522848010063171
-10.115670204162598
-0.8750569224357605
-3.7572507858276367
-3.965916872024536
-6.510344982147217
3.1687839031219482
-0.08849175274372101
-0.10048982501029968
-3.1686854362487793
-3.7328851222991943
-0.6569241881370544
-0.6006991863250732
-10.387076377868652
-0.9810898900032043
-3.758357048034668
-3.5889205932617188
-6.5276618003845215
3.4172568321228027
0.000519387423992157
-0.48767608404159546
-3.4998462200164795
-3.7722549438476562
-1.1140998601913452
-0.5669191479682922
-10.610188484191895
-1.092599630355835
-3.76094126701355
-3.212146759033203
-6.5633769035339355
3.621101140975952
0.06832150369882584
-0.8635804653167725
-3.8886847496032715
-3.7401998043060303
-1.5601966381072998
-0.5529147982597351
-10.793445587158203
-1.2038285732269287
-3.764582872390747
-2.838172435760498
-6.6199517250061035
3.7780261039733887
0.11207303404808044
-1.2218663692474365
-4.334878921508789
-3.641324520111084
-1.9903216361999512
-0.560160756111145
-10.951936721801758
-1.309086561203003
-3.7685434818267822
-2.469651937484741
-6.701247692108154
3.8858683109283447
0.12883614003658295
-1.5561656951904297
-4.8366780281066895
-3.4823126792907715
-2.4012112617492676
-0.5893330574035645
-11.103140830993652
-1.4014270305633545
-3.7725696563720703
-2.109225034713745
-6.8147759437561035
3.945758581161499
0.11566878855228424
-1.8609960079193115
-5.390491962432861
-3.270289659500122
-2.7921929359436035
-0.6390945911407471
-11.262736320495605
-1.4742770195007324
-3.7755095958709717
-1.7589128017425537
-6.972193241119385
3.958991289138794
0.07039548456668854
-2.131598711013794
-5.991626262664795
-3.0126540660858154
-3.163588047027588
-0.7066072225570679
-11.441699028015137
-1.522861361503601
-3.777526617050171
-1.4210400581359863
-7.182578086853027
3.9298577308654785
-0.008560098707675934
-2.364410161972046
-6.634651184082031
-2.7172186374664307
-3.516489028930664
-0.7883799076080322
-11.643421173095703
-1.5439602136611938
-3.7801759243011475
-1.0971673727035522
-7.45263671875
3.861757755279541
-0.12180592119693756
-2.556494951248169
-7.313982963562012
-2.392106294631958
-3.852475881576538
-0.8805109262466431
-11.868182182312012
-1.5359100103378296
-3.785630464553833
-0.7887827157974243
-7.785315990447998
3.758089780807495
-0.2690853178501129
-2.7057039737701416
-8.02517032623291
-2.045287847518921
-4.172894477844238
-0.9789108037948608
-12.114195823669434
-1.498440146446228
-3.7967305183410645
-0.49825388193130493
-8.178255081176758
3.6233127117156982
-0.45024681091308594
-2.81099796295166
-8.76485824584961
-1.6843501329421997
-4.479403495788574
-1.0790750980377197
-12.376932144165039
-1.434242844581604
-3.816225528717041
-0.2276853322982788
-8.626115798950195
3.4614365100860596
-0.6652040481567383
-2.8723127841949463
-9.531328201293945
-1.3159188032150269
-4.771907806396484
-1.176788568496704
-12.66133975982666
-1.3447281122207642
-3.846942186355591
0.022281289100646973
-9.123102188110352
3.274624824523926
-0.9136829376220703
-2.8900182247161865
-10.324555397033691
-0.9457811117172241
-5.0497870445251465
-1.2673912048339844
-12.975797653198242
-1.2322056293487549
-3.8905797004699707
0.25042957067489624
-9.666451454162598
3.067707061767578
-1.1936326026916504
-2.865104913711548
-11.147391319274902
-0.5790234804153442
-5.311647415161133
-1.345777988433838
-13.330636024475098
-1.101229190826416
-3.947934150695801
0.4556054472923279
-10.256488800048828
2.847684144973755
-1.5021998882293701
-2.7993898391723633
-12.004283905029297
-0.21962592005729675
-5.556105136871338
-1.4065752029418945
-13.741483688354492
-0.9568778276443481
-4.019294738769531
0.6368260383605957
-10.895684242248535
2.623439073562622
-1.836570143699646
-2.6948935985565186
-12.900126457214355
0.12896856665611267
