2
3
-1.6586639881134033
-6.240896224975586
-6.888940811157227
9.00139331817627
6.668832302093506
9.262351989746094
1.8998007774353027
-7.532505512237549
-0.9517220258712769
4.242080211639404
2.6749348640441895
7.133288383483887
-1.5943751335144043
-5.502973556518555
-7.0459513664245605
10.336250305175781
6.447534084320068
8.695880889892578
1.5659747123718262
-8.631866455078125
-0.7742695808410645
4.170029163360596
3.0444021224975586
7.053560733795166
-1.5373351573944092
-4.781594753265381
-7.20532751083374
11.645240783691406
6.228213787078857
8.14557933807373
1.2441422939300537
-9.696980476379395
-0.5993154048919678
4.114081382751465
3.4048044681549072
6.999826431274414
-1.4874651432037354
-4.076048374176025
-7.367739200592041
12.928221702575684
6.011709690093994
7.608680725097656
0.9355846643447876
-10.731983184814453
-0.4268140494823456
4.073511123657227
3.7561023235321045
6.970187664031982
-1.4430460929870605
-3.3849844932556152
-7.53342342376709
14.185445785522461
5.799020290374756
7.082090854644775
0.6413155198097229
-11.741388320922852
-0.256791353225708
4.047373294830322
4.098149299621582
6.962335109710693
-1.4029357433319092
-2.7078824043273926
-7.701846599578857
15.416818618774414
5.591691017150879
6.563165664672852
0.36219948530197144
-12.729598999023438
-0.08937327563762665
4.034627914428711
4.431076526641846
6.974148273468018
-1.3670809268951416
-2.0447309017181396
-7.872603893280029
16.622068405151367
5.390803813934326
6.04964542388916
0.09870696067810059
-13.70089340209961
0.07559435069561005
4.034421443939209
4.755064964294434
7.003774166107178
-1.3352186679840088
-1.395566463470459
-8.044988632202148
17.80086898803711
5.197303295135498
5.539649963378906
-0.148728609085083
-14.659537315368652
0.23826472461223602
4.045865058898926
5.070353031158447
7.049497127532959
-1.3077579736709595
-0.7598992586135864
-8.220111846923828
18.954296112060547
5.011819839477539
5.031368732452393
-0.37994131445884705
-15.609783172607422
0.39935004711151123
4.068627834320068
5.377160549163818
7.109833717346191
-1.2848961353302002
-0.13734596967697144
-8.398478507995605
20.083343505859375
4.834728717803955
4.522747993469238
-0.5944823026657104
-16.55596351623535
0.5595435500144958
4.102286338806152
5.675685882568359
7.183279037475586
-1.2665016651153564
0.47235262393951416
-8.57983112335205
21.188720703125
4.666210174560547
4.012578010559082
-0.7920867204666138
-17.502132415771484
0.7191468477249146
4.145653247833252
5.966102123260498
7.2674431800842285
-1.252742052078247
1.069974660873413
-8.764866828918457
22.272254943847656
4.5064239501953125
3.49967885017395
-0.9723027348518372
-18.452192306518555
0.8783978223800659
4.197062969207764
6.248749732971191
7.359904766082764
-1.2434731721878052
1.6557424068450928
-8.953315734863281
23.33445930480957
4.355419635772705
2.981330394744873
-1.1340422630310059
-19.412107467651367
1.0372735261917114
4.254544734954834
6.523858070373535
7.458207130432129
-1.238370656967163
2.229513168334961
-9.144378662109375
24.374977111816406
4.212740421295166
2.4544782638549805
-1.2763071060180664
-20.386859893798828
1.1957249641418457
4.316267967224121
6.791935443878174
7.560450077056885
-1.2361479997634888
2.7859785556793213
-9.334854125976562
25.38995933532715
4.077766418457031
1.9183361530303955
-1.3990334272384644
-21.377883911132812
1.353753685951233
4.3802266120910645
7.053372383117676
7.664300441741943
-1.2358087301254272
3.3222053050994873
-9.522961616516113
26.375442504882812
3.9500763416290283
1.3728373050689697
-1.5027121305465698
-22.384750366210938
1.5113525390625
4.444341659545898
7.308560848236084
7.767138481140137
-1.2365690469741821
3.8360044956207275
-9.706843376159668
27.328285217285156
3.8296711444854736
0.8174532651901245
-1.587304711341858
-23.408916473388672
1.6683440208435059
4.506529331207275
7.5577521324157715
7.866263389587402
-1.237679123878479
4.324650764465332
-9.884563446044922
28.245098114013672
3.716682195663452
0.2511756420135498
-1.6521836519241333
-24.452363967895508
1.823956847190857
4.5642900466918945
7.801234722137451
7.958441734313965
-1.2382216453552246
4.785538673400879
-10.053943634033203
29.12189483642578
3.6120123863220215
-0.32548630237579346
-1.6974159479141235
-25.515867233276367
1.9779201745986938
4.6161675453186035
8.03905200958252
8.041498184204102
-1.2374743223190308
5.217042446136475
-10.21327018737793
29.95557975769043
3.5159759521484375
-0.9137827157974243
-1.7221711874008179
-26.60227394104004
2.1301469802856445
4.6608662605285645
8.271121978759766
8.11285400390625
-1.2348202466964722
5.61778450012207
-10.361052513122559
30.742780685424805
3.4285895824432373
-1.514301061630249
-1.7261992692947388
-27.712615966796875
2.2805423736572266
4.696829795837402
8.49827766418457
8.169931411743164
-1.2297180891036987
5.987666606903076
-10.496429443359375
31.480688095092773
3.350048780441284
-2.1283674240112305
-1.708806037902832
-28.849584579467773
2.4288792610168457
4.7225141525268555
8.721139907836914
8.210243225097656
-1.2217254638671875
6.3274312019348145
-10.619027137756348
32.16728591918945
3.2807435989379883
-2.7573604583740234
-1.6689624786376953
-30.016429901123047
2.575058937072754
4.736415386199951
8.940672874450684
8.231378555297852
-1.2109240293502808
6.63856315612793
-10.72898006439209
32.802555084228516
3.221172571182251
-3.4029788970947266
-1.6057416200637817
-31.217557907104492
2.7193024158477783
4.737407684326172
9.158005714416504
8.231230735778809
-1.1970548629760742
6.921406269073486
-10.82577133178711
33.384742736816406
3.171741008758545
-4.066856861114502
-1.5179507732391357
-32.45695495605469
2.861947536468506
4.724425315856934
9.373899459838867
8.207282066345215
-1.179783821105957
7.176026344299316
-10.908785820007324
33.91195297241211
3.1328318119049072
-4.750828742980957
-1.4041597843170166
-33.738468170166016
3.0031371116638184
4.696314811706543
9.589399337768555
8.1572847366333
-1.1588214635849
7.402275562286377
-10.977396011352539
34.38242721557617
3.104905128479004
-5.45687198638916
-1.26276433467865
-35.066280364990234
3.143146276473999
4.6520094871521
9.805486679077148
8.078902244567871
-1.1341050863265991
7.599908828735352
-11.031194686889648
34.79491424560547
3.0886096954345703
-6.187069892883301
-1.0917656421661377
-36.445045471191406
3.282301664352417
4.590446949005127
10.023199081420898
7.969744682312012
-1.1055892705917358
7.768214702606201
-11.06939697265625
35.1473388671875
3.084657669067383
-6.943578243255615
-0.8890366554260254
-37.879722595214844
3.4210596084594727
4.510584354400635
10.243717193603516
7.8273701667785645
-1.0728954076766968
7.906933307647705
-11.091536521911621
35.438026428222656
3.0939793586730957
-7.7291998863220215
-0.6518961191177368
-39.37687301635742
3.5598087310791016
4.411320686340332
10.46847915649414
7.64946985244751
-1.0357682704925537
8.014582633972168
-11.095991134643555
35.6639518737793
3.11751127243042
-8.546669960021973
-0.3774610459804535
-40.94255828857422
3.698931932449341
4.291459083557129
10.698919296264648
7.433545112609863
-0.994038462638855
8.090530395507812
-11.082000732421875
35.823917388916016
3.1562917232513428
-9.398870468139648
-0.06253919005393982
-42.583091735839844
3.8388848304748535
4.149745464324951
10.936527252197266
7.176903247833252
-0.9473997354507446
8.133445739746094
-11.047938346862793
35.91536331176758
3.2114944458007812
-10.288896560668945
0.2964138090610504
-44.30523681640625
3.9801578521728516
3.9848663806915283
11.182901382446289
6.876750469207764
-0.89546138048172
8.142057418823242
-10.992215156555176
35.93588638305664
3.2845797538757324
-11.220328330993652
0.7034862041473389
-46.11745834350586
4.12328577041626
3.7954351902008057
11.43978214263916
6.530172348022461
-0.837742805480957
8.115270614624023
-10.913376808166504
35.88343811035156
3.3770670890808105
-12.196699142456055
1.1631003618240356
-48.027748107910156
4.268950939178467
3.5797550678253174
11.709172248840332
6.133674621582031
-0.7737254500389099
8.052558898925781
-10.81043815612793
35.75692367553711
3.4906086921691895
-13.221668243408203
1.6800938844680786
-50.04433822631836
4.417872905731201
3.3362374305725098
11.993316650390625
5.684012413024902
-0.7027673125267029
7.952823638916016
-10.68181324005127
35.554073333740234
3.627047061920166
-14.299154281616211
2.259855031967163
-52.17601776123047
4.5706467628479
3.06327223777771
12.294045448303223
5.177992820739746
-0.6242192387580872
7.81356954574585
-10.52453899383545
35.27068328857422
3.7884409427642822
-15.433347702026367
2.9083645343780518
-54.43225860595703
4.727939605712891
2.7591323852539062
12.613402366638184
4.612188339233398
-0.5373508334159851
7.633227348327637
-10.336478233337402
34.90389633178711
3.9770655632019043
-16.628681182861328
3.6322014331817627
-56.82307052612305
4.89054012298584
2.421915054321289
12.953760147094727
3.9827499389648438
-0.4413527846336365
7.410134315490723
-10.115303039550781
34.4506950378418
4.195422172546387
-17.889785766601562
4.438563346862793
-59.35886764526367
5.05927848815918
2.049309730529785
13.317658424377441
3.2846829891204834
