2
3
-5.336058139801025
-6.751025199890137
-4.543302536010742
-0.3255886733531952
0.46759212017059326
-2.388784170150757
-8.647505760192871
-4.058956146240234
2.982069969177246
-4.286861419677734
-0.4115148186683655
9.056710243225098
-5.137295722961426
-6.8473219871521
-4.032853126525879
0.014509797096252441
0.07112079858779907
-2.734316349029541
-8.818060874938965
-4.2148847579956055
3.083019495010376
-3.6547746658325195
-1.6135551929473877
8.883752822875977
-4.887916564941406
-6.934541702270508
-3.5867700576782227
0.3971990644931793
-0.29939278960227966
-3.0882821083068848
-8.950380325317383
-4.306440830230713
3.0896692276000977
-3.0411670207977295
-2.7649385929107666
8.630546569824219
-4.595251560211182
-7.003438472747803
-3.2240540981292725
0.8188906908035278
-0.6406766176223755
-3.445298433303833
-9.047822952270508
-4.335300922393799
3.007472038269043
-2.4519052505493164
-3.850593328475952
8.296995162963867
-4.262495517730713
-7.029784202575684
-2.990110397338867
1.2482370138168335
-0.9506237506866455
-3.795262098312378
-9.130671501159668
-4.307887077331543
2.8450701236724854
-1.891214370727539
-4.8587164878845215
7.883024215698242
-3.8985788822174072
-6.999592304229736
-2.902407646179199
1.6584193706512451
-1.224555253982544
-4.120174884796143
-9.229961395263672
-4.244662284851074
2.6084110736846924
-1.3695111274719238
-5.756344795227051
7.401921272277832
-3.523149013519287
-6.924368858337402
-2.9319839477539062
2.0637640953063965
-1.4656928777694702
-4.413523197174072
-9.359177589416504
-4.152874946594238
2.311142683029175
-0.9004703760147095
-6.528039932250977
6.877403259277344
-3.150625705718994
-6.807470798492432
-3.0663952827453613
2.464448928833008
-1.6877293586730957
-4.683440208435059
-9.50680923461914
-4.021458625793457
1.9739620685577393
-0.488777756690979
-7.193181037902832
6.317557334899902
-2.792902708053589
-6.6500935554504395
-3.2984070777893066
2.8565683364868164
-1.9007405042648315
-4.93458890914917
-9.664251327514648
-3.8424324989318848
1.6132264137268066
-0.13537687063217163
-7.765887260437012
5.729581356048584
-2.4584431648254395
-6.452495574951172
-3.62481689453125
3.2323358058929443
-2.1105024814605713
-5.167395114898682
-9.828346252441406
-3.612638235092163
1.2454054355621338
0.16086089611053467
-8.273490905761719
5.117258071899414
-2.1567792892456055
-6.216531753540039
-4.036392688751221
3.5867526531219482
-2.319899320602417
-5.381033897399902
-9.995956420898438
-3.3293209075927734
0.8832424879074097
0.4030149281024933
-8.743522644042969
4.483895301818848
-1.895666480064392
-5.945234775543213
-4.523781776428223
3.9152486324310303
-2.5300986766815186
-5.57493257522583
-10.16590404510498
-2.9885926246643066
0.5328470468521118
0.5916328430175781
-9.196125030517578
3.8428425788879395
-1.6803340911865234
-5.643574237823486
-5.077080726623535
4.215700626373291
-2.740884304046631
-5.748326301574707
-10.338321685791016
-2.5866293907165527
0.1959088146686554
0.7264213562011719
-9.64974594116211
3.21197509765625
-1.5134869813919067
-5.318387508392334
-5.686471462249756
4.4897260665893555
-2.9497904777526855
-5.89499044418335
-10.519482612609863
-2.131836175918579
-0.12911537289619446
0.8067952394485474
-10.117548942565918
2.609654426574707
-1.3960440158843994
-4.976532936096191
-6.343796730041504
4.739901542663574
-3.1539106369018555
-6.007694721221924
-10.719207763671875
-1.636828899383545
-0.4464586079120636
0.8317164778709412
-10.604225158691406
2.0551087856292725
-1.327799916267395
-4.624199867248535
-7.044486999511719
4.969205379486084
-3.351864814758301
-6.085313320159912
-10.94393253326416
-1.1077336072921753
-0.7633394002914429
0.7980775237083435
-11.101167678833008
1.568739414215088
-1.3079651594161987
-4.267001628875732
-7.78545618057251
5.1806416511535645
-3.540372133255005
-6.126631736755371
-11.200316429138184
-0.5543109178543091
-1.086248517036438
0.7089127898216248
-11.604411125183105
1.1649566888809204
-1.3352625370025635
-3.910090684890747
-8.563817024230957
5.378452301025391
-3.716428279876709
-6.1275458335876465
-11.499964714050293
0.008777856826782227
-1.4185874462127686
0.5754379630088806
-12.11187744140625
0.8405827283859253
-1.4057031869888306
-3.554975748062134
-9.380208969116211
5.561321258544922
-3.878945827484131
-6.08837366104126
-11.856940269470215
0.5757080316543579
-1.7607941627502441
0.40962621569633484
-12.625732421875
0.589489221572876
-1.5149424076080322
-3.2020907402038574
-10.234890937805176
5.727148056030273
-4.032074451446533
-6.010429859161377
-12.284008026123047
1.1452698707580566
-2.111499786376953
0.2224329262971878
-13.152276992797852
0.4054880738258362
-1.6594184637069702
-2.8517003059387207
-11.128227233886719
5.8753342628479
-4.178729057312012
-5.892085075378418
-12.794168472290039
1.7119559049606323
-2.466963768005371
0.022766023874282837
-13.699450492858887
0.28231292963027954
-1.8353736400604248
-2.5043461322784424
-12.062056541442871
6.005806922912598
-4.322550296783447
-5.733095169067383
-13.394526481628418
2.271693229675293
-2.8240933418273926
-0.18232500553131104
-14.275335311889648
0.21618348360061646
-2.0396370887756348
-2.161046028137207
-13.039353370666504
6.119721412658691
-4.468593120574951
-5.535644054412842
-14.087246894836426
2.8229970932006836
-3.1787829399108887
-0.3869480490684509
-14.888858795166016
0.20437468588352203
-2.269479990005493
-1.82280433177948
-14.063879013061523
6.219446659088135
-4.622725009918213
-5.304955959320068
-14.863908767700195
3.369490623474121
-3.528130531311035
-0.5861996412277222
-15.550456047058105
0.24609066545963287
-2.5226259231567383
-1.4905720949172974
-15.139862060546875
6.308505535125732
-4.788618087768555
-5.0438008308410645
-15.723642349243164
3.912121295928955
-3.8704824447631836
-0.7750964164733887
-16.270465850830078
0.3396523594856262
-2.797368288040161
-1.1654984951019287
-16.272724151611328
6.391412734985352
-4.969256401062012
-4.7546772956848145
-16.666122436523438
4.451848983764648
-4.205530643463135
-0.9485276937484741
-17.060827255249023
0.48436564207077026
-3.092259407043457
-0.8484306335449219
-17.468486785888672
6.47321081161499
-5.16694450378418
-4.439672470092773
-17.692691802978516
4.9896368980407715
-4.534097194671631
-1.102149486541748
-17.93340301513672
0.680382490158081
-3.4060721397399902
-0.5397840738296509
-18.733978271484375
6.559183597564697
-5.3833842277526855
-4.100522041320801
-18.80600357055664
5.526383876800537
-4.856739044189453
-1.2340505123138428
-18.89826011657715
0.9294700622558594
-3.737532615661621
-0.23963576555252075
-20.076194763183594
6.65383243560791
-5.620019912719727
-3.7391624450683594
-20.009714126586914
6.063401699066162
-5.174294471740723
-1.3443535566329956
-19.962778091430664
1.2357944250106812
-4.085759162902832
0.05224594473838806
-21.502403259277344
6.761961936950684
-5.8777570724487305
-3.3574182987213135
-21.30814552307129
6.602224349975586
-5.490070819854736
-1.4328129291534424
-21.131479263305664
1.6031560897827148
-4.4506707191467285
0.3362664580345154
-23.020347595214844
6.889125347137451
-6.156020641326904
-2.956876754760742
-22.706132888793945
7.14279842376709
-5.8061842918396
-1.4976650476455688
-22.411945343017578
2.032724380493164
-4.832465648651123
0.6134194135665894
-24.63864517211914
7.040627956390381
-6.455577850341797
-2.5395712852478027
-24.208709716796875
7.687166213989258
-6.126237869262695
-1.5342271327972412
-23.81206512451172
2.5215182304382324
-5.231741905212402
0.8849965333938599
-26.366252899169922
7.222257614135742
-6.776941776275635
-2.107282876968384
-25.822784423828125
8.238116264343262
-6.4507904052734375
-1.5413031578063965
-25.339616775512695
3.070096969604492
-5.649689674377441
1.1524502038955688
-28.21302032470703
7.440487861633301
-7.120425701141357
-1.6616201400756836
-27.55547332763672
8.798853874206543
-6.779852867126465
-1.5178604125976562
-27.003101348876953
3.677922248840332
-6.087497234344482
1.4172953367233276
-30.188261032104492
7.701422214508057
-7.486093521118164
-1.2040796279907227
-29.414581298828125
9.373025894165039
-7.116182327270508
-1.4610399007797241
-28.811382293701172
4.342474460601807
-6.546302795410156
1.68125319480896
-32.30186462402344
8.011087417602539
-7.874187469482422
-0.7358182072639465
-31.4100284576416
9.96570110321045
-7.4654130935668945
-1.3656002283096313
-30.775001525878906
5.059449195861816
-7.0275678634643555
1.946272850036621
-34.56412887573242
8.37575912475586
-8.285110473632812
-0.2581833004951477
-33.55201721191406
10.582494735717773
-7.83059549331665
-1.2294986248016357
-32.904296875
5.826625823974609
-7.533189296722412
2.2145514488220215
-36.98563003540039
8.801509857177734
-8.719788551330566
0.22838467359542847
-35.852027893066406
11.228864669799805
-8.215615272521973
-1.0512913465499878
-35.21013641357422
6.643472671508789
-8.064685821533203
2.4886035919189453
-39.577545166015625
9.293661117553711
-9.178689956665039
0.7238379716873169
-38.32237243652344
11.910097122192383
-8.6233491897583
-0.830319344997406
-37.70426940917969
7.510195255279541
-8.623343467712402
2.772163152694702
-42.351837158203125
9.85537338256836
-9.661648750305176
1.2282081842422485
-40.976436614990234
12.631197929382324
-9.05628776550293
-0.5667800903320312
-40.39888381958008
8.42867374420166
