2
3
1.4112646579742432
-3.336181640625
-1.262132167816162
10.903233528137207
-0.2888597249984741
-1.2674856185913086
6.572784423828125
-7.842736721038818
-6.533539772033691
3.7056236267089844
8.53167724609375
-2.0867323875427246
1.0455520153045654
-2.380640745162964
-1.909867286682129
11.210552215576172
0.06502777338027954
-1.9260250329971313
6.5897979736328125
-7.655356407165527
-5.857422828674316
3.2128164768218994
9.383740425109863
-2.833056688308716
0.637889564037323
-1.4256582260131836
-2.4240574836730957
11.369344711303711
0.4086245894432068
-2.5415167808532715
6.570518493652344
-7.360267162322998
-5.109560966491699
2.6514577865600586
10.077188491821289
-3.4424502849578857
0.19360846281051636
-0.4782029986381531
-2.77848482131958
11.358259201049805
0.7400754690170288
-3.1105995178222656
6.5091962814331055
-6.957436561584473
-4.310482025146484
2.0413570404052734
10.620965003967285
-3.9151771068573
-0.2768232226371765
0.4525601267814636
-2.9565467834472656
11.163596153259277
1.053585171699524
-3.627378225326538
6.406336784362793
-6.452050685882568
-3.476656436920166
1.3979601860046387
11.012572288513184
-4.2447004318237305
-0.7632734179496765
1.3570101261138916
-2.9458181858062744
10.774417877197266
1.3435066938400269
-4.086994171142578
6.268601894378662
-5.853940963745117
-2.625579357147217
0.7327555418014526
11.25584602355957
-4.422062873840332
-1.252163290977478
2.219231128692627
-2.7414450645446777
10.194722175598145
1.606309413909912
-4.485891342163086
6.0985941886901855
-5.172461032867432
-1.774857759475708
0.05927562713623047
11.357232093811035
-4.444278240203857
-1.7252264022827148
3.018771171569824
-2.347987651824951
9.442828178405762
1.837477207183838
-4.818574905395508
5.900632858276367
-4.42255163192749
-0.9413539171218872
-0.6062995195388794
11.323156356811523
-4.31681489944458
-2.166013240814209
3.7394773960113525
-1.7730718851089478
8.530193328857422
2.0323944091796875
-5.0785722732543945
5.685092926025391
-3.625398635864258
-0.1396350860595703
-1.2451705932617188
11.157169342041016
-4.052261829376221
-2.552483081817627
4.356626510620117
-1.0450739860534668
7.503758430480957
2.1865203380584717
-5.259160041809082
5.466132164001465
-2.8070027828216553
0.6170154213905334
-1.8386361598968506
10.864198684692383
-3.670130968093872
-2.869645833969116
4.858409881591797
-0.1875963807106018
6.390153408050537
2.294649839401245
-5.3543620109558105
5.26624870300293
-2.000044822692871
1.3101575374603271
-2.3643393516540527
10.483064651489258
-3.210256814956665
-3.105239152908325
5.234246253967285
0.7756458520889282
5.224320411682129
2.3509840965270996
-5.358662128448486
5.117338180541992
-1.243621826171875
1.926267147064209
-2.8050737380981445
10.057450294494629
-2.713651657104492
-3.247286081314087
5.472379207611084
1.8168470859527588
4.049726963043213
2.354189157485962
-5.273353576660156
5.049850940704346
-0.5720678567886353
2.457416534423828
-3.1505308151245117
9.619037628173828
-2.216647148132324
-3.29162335395813
5.569442272186279
2.9024014472961426
2.908031940460205
2.3253185749053955
-5.117678165435791
5.0539164543151855
0.00801694393157959
2.898102283477783
-3.3981056213378906
9.203208923339844
-1.7470173835754395
-3.2401115894317627
5.535274982452393
4.0025553703308105
1.8174883127212524
2.283867359161377
-4.916208744049072
5.095371723175049
0.5207334756851196
3.2499141693115234
-3.5544211864471436
8.834425926208496
-1.3202723264694214
-3.104482889175415
5.388045310974121
5.096785068511963
0.7886639833450317
2.239924907684326
-4.685209274291992
5.140408992767334
0.9930118918418884
3.529261589050293
-3.6373255252838135
8.507349967956543
-0.9299132823944092
-2.889986991882324
5.140135765075684
6.151055335998535
-0.16178548336029053
2.2012882232666016
-4.428545951843262
5.1482720375061035
1.4386513233184814
3.7499852180480957
-3.657156467437744
8.166438102722168
-0.5410600304603577
-2.600440740585327
4.800282955169678
7.140881538391113
-1.0200761556625366
2.168694257736206
-4.144222259521484
5.102514266967773
1.8617147207260132
3.9074692726135254
-3.611783981323242
7.832094192504883
-0.16344144940376282
-2.24751615524292
4.3839874267578125
8.076912879943848
-1.7926597595214844
2.136566638946533
-3.8348448276519775
5.044576644897461
2.246551990509033
4.012887001037598
-3.513751268386841
7.514350891113281
0.1994592249393463
-1.8366420269012451
3.9047842025756836
8.955668449401855
-2.48154878616333
2.099639415740967
-3.5023531913757324
5.000638961791992
2.585423231124878
4.076897621154785
-3.3743321895599365
7.215662956237793
0.5457437038421631
-1.3714569807052612
3.372809410095215
9.767027854919434
-3.082709789276123
2.0574958324432373
-3.1503376960754395
4.989472389221191
2.8689558506011963
4.107968330383301
-3.202509880065918
6.938774585723877
0.8738583326339722
-0.8569828271865845
2.7973852157592773
10.500850677490234
-3.591182231903076
2.0103206634521484
-2.783414602279663
5.025137901306152
3.0898585319519043
4.109476089477539
-3.0026698112487793
6.696760654449463
1.1759071350097656
-0.30010634660720825
2.1873860359191895
11.148347854614258
-4.001161098480225
1.9602159261703491
-2.406877040863037
5.118326187133789
3.241744041442871
4.084738254547119
-2.779520034790039
6.504364013671875
1.4424419403076172
0.2908385992050171
1.5521531105041504
11.702467918395996
-4.307583808898926
1.9108625650405884
-2.0271151065826416
5.278374671936035
3.3188438415527344
4.039082050323486
-2.538072109222412
6.37307596206665
1.6643420457839966
0.9060770869255066
0.9029124975204468
12.160611152648926
-4.509126663208008
1.86661958694458
-1.651366114616394
5.5118560791015625
3.317038059234619
3.9770798683166504
-2.2830352783203125
6.311339378356934
1.8344595432281494
1.5331026315689087
0.25375550985336304
12.533966064453125
-4.611207962036133
1.8321503400802612
-1.2867076396942139
5.822412967681885
3.234767198562622
3.903935432434082
-2.019803524017334
6.328137397766113
1.9462562799453735
2.160384178161621
-0.38308173418045044
12.82829761505127
-4.618000507354736
1.812226414680481
-0.9395548105239868
6.210362434387207
3.071594715118408
3.8248283863067627
-1.7535326480865479
6.430602550506592
1.9948114156723022
2.777900457382202
-0.9959831833839417
13.049064636230469
-4.535055637359619
1.8119878768920898
-0.617820143699646
6.674947261810303
2.830491065979004
3.7451658248901367
-1.4888510704040527
6.622669696807861
1.9757400751113892
3.3763277530670166
-1.5733513832092285
13.206257820129395
-4.371712684631348
1.8363549709320068
-0.3293895721435547
7.21140193939209
2.517808198928833
3.671208620071411
-1.2326939105987549
6.9067063331604
1.888237476348877
3.9465787410736084
-2.104238510131836
13.31360149383545
-4.140674114227295
1.8895031213760376
-0.08169138431549072
7.8134765625
2.1434788703918457
3.608670234680176
-0.9920831322669983
7.282872200012207
1.7339073419570923
4.480297565460205
-2.578981637954712
13.39035701751709
-3.8589210510253906
1.9744731187820435
0.11903202533721924
8.474065780639648
1.7207223176956177
3.56306791305542
-0.7742254734039307
7.748204708099365
1.5175005197525024
4.969548225402832
-2.989586353302002
13.460977554321289
-3.5465996265411377
2.093445062637329
0.2679866552352905
9.187222480773926
1.2655590772628784
3.5393807888031006
-0.5857794880867004
8.297235488891602
1.246885061264038
5.409057140350342
-3.330216407775879
13.556320190429688
-3.228701591491699
2.2469141483306885
0.36304545402526855
9.947908401489258
0.7925718426704407
3.5421388149261475
-0.4325471818447113
8.923274993896484
0.9338617920875549
5.7978315353393555
-3.599928617477417
13.698773384094238
-2.925325393676758
2.433570384979248
0.4028552174568176
10.752700805664062
0.31649863719940186
3.574258804321289
-0.31945332884788513
9.619512557983398
0.591890811920166
6.140157699584961
-3.802050828933716
13.896316528320312
-2.648638963699341
2.6522302627563477
0.3897755444049835
11.595794677734375
-0.1534547209739685
3.6380021572113037
-0.24667583405971527
10.376304626464844
0.22937744855880737
6.442353248596191
-3.9422855377197266
14.14850902557373
-2.405869245529175
2.9035146236419678
0.32755476236343384
12.467026710510254
-0.6110473871231079
3.7347733974456787
-0.2133069783449173
11.185848236083984
-0.14579200744628906
6.711532115936279
-4.028720378875732
14.45717716217041
-2.202125310897827
3.1887872219085693
0.21896053850650787
13.352076530456543
-1.0490915775299072
3.8645544052124023
-0.21670126914978027
12.042036056518555
-0.5300148725509644
6.953727722167969
-4.068955898284912
14.827882766723633
-2.042501926422119
3.5049939155578613
0.07053865492343903
14.248726844787598
-1.4688342809677124
4.026169300079346
-0.25342950224876404
12.942764282226562
-0.9226391911506653
7.174221515655518
-4.069843292236328
15.262738227844238
-1.9299335479736328
3.8459954261779785
-0.1085549145936966
15.165127754211426
-1.8783221244812012
4.2177886962890625
-0.32015371322631836
13.89026927947998
-1.3250296115875244
7.376976490020752
-4.038017272949219
15.763640403747559
-1.86664879322052
4.205913543701172
-0.31119030714035034
16.110492706298828
-2.2833945751190186
4.43709659576416
-0.4140453338623047
14.888021469116211
-1.7399206161499023
