2
3
4.824008941650391
7.290806770324707
1.6661384105682373
0.961603045463562
8.461740493774414
3.4965579509735107
5.0910186767578125
8.271750450134277
-0.6992528438568115
-4.595757484436035
0.36560261249542236
-5.621832370758057
4.7329301834106445
7.093437194824219
1.8902013301849365
0.14480644464492798
8.571741104125977
4.101658821105957
4.016440391540527
7.626060962677002
-0.4381812810897827
-4.934297561645508
1.0368103981018066
-4.685317039489746
4.6725335121154785
6.80063009262085
2.180358648300171
-0.5567578673362732
8.578807830810547
4.643889904022217
3.075678825378418
6.944002151489258
-0.13930851221084595
-5.204903602600098
1.6611521244049072
-3.6973094940185547
4.64697790145874
6.438337802886963
2.5131635665893555
-1.1513923406600952
8.493230819702148
5.118707180023193
2.2739596366882324
6.234035015106201
0.190540611743927
-5.400325298309326
2.2244253158569336
-2.662416934967041
4.671132564544678
6.044157028198242
2.841555118560791
-1.675268530845642
8.325617790222168
5.524829864501953
1.6149182319641113
5.497570991516113
0.5459068417549133
-5.49633264541626
2.699110269546509
-1.6275429725646973
4.766010284423828
5.661752700805664
3.0900537967681885
-2.1881754398345947
8.094428062438965
5.87332010269165
1.0937039852142334
4.7312774658203125
0.9233042001724243
-5.47730016708374
3.063755512237549
-0.6464707255363464
4.915698051452637
5.288604736328125
3.2669849395751953
-2.6895041465759277
7.819693088531494
6.15323543548584
0.7112979888916016
3.9646010398864746
1.30649995803833
-5.355172634124756
3.3506526947021484
0.2850421071052551
5.099307060241699
4.908390522003174
3.3981316089630127
-3.148756265640259
7.5297040939331055
6.371976852416992
0.43249982595443726
3.1841907501220703
1.6819616556167603
-5.142706394195557
3.5850250720977783
1.1687250137329102
5.300651550292969
4.516942977905273
3.4983861446380615
-3.550586700439453
7.2398810386657715
6.536174297332764
0.24291208386421204
2.382021903991699
2.0450634956359863
-4.853532314300537
3.7723121643066406
2.002755641937256
5.510493755340576
4.115650653839111
3.5729196071624756
-3.8872711658477783
6.96027135848999
6.647448539733887
0.1308211088180542
1.5519015789031982
2.3915581703186035
-4.499406814575195
3.918708324432373
2.7871201038360596
5.720698356628418
3.7071831226348877
3.623210906982422
-4.155343532562256
6.695216655731201
6.701586723327637
0.09728250652551651
0.7107431292533875
2.716449022293091
-4.088361740112305
4.034720420837402
3.5163564682006836
5.925032615661621
3.29471755027771
3.6508870124816895
-4.3519062995910645
6.448657035827637
6.693725109100342
0.14193150401115417
-0.12175542116165161
3.0181469917297363
-3.6305558681488037
4.1245598793029785
4.187504768371582
6.117919921875
2.882643699645996
3.6592812538146973
-4.4760847091674805
6.225310325622559
6.621283054351807
0.2606940269470215
-0.9275142550468445
3.296982765197754
-3.135176658630371
4.193131923675537
4.794973373413086
6.29427433013916
2.4765243530273438
3.657520294189453
-4.531372547149658
6.029686450958252
6.48499059677124
0.4458642601966858
-1.695253610610962
3.5563437938690186
-2.60994291305542
4.243348121643066
5.332278728485107
6.451845645904541
2.0806450843811035
3.6486101150512695
-4.5207695960998535
5.866388320922852
6.286265850067139
0.686337411403656
-2.4154772758483887
3.8017725944519043
-2.060917854309082
4.275759696960449
5.7928147315979
6.5923752784729
1.701847791671753
3.6326632499694824
-4.454575538635254
5.739374160766602
6.028637409210205
0.969467282295227
-3.0805556774139404
4.038242816925049
-1.4920687675476074
4.290788173675537
6.1664557456970215
6.716611385345459
1.3452610969543457
3.60845685005188
-4.340945243835449
5.6515092849731445
5.716953277587891
1.281700611114502
-3.684962272644043
4.270516395568848
-0.9069495797157288
4.285486698150635
6.445525646209717
6.825716018676758
1.01536226272583
3.575133800506592
-4.1830058097839355
5.605453014373779
5.357261657714844
1.6072204113006592
-4.221880912780762
4.501197338104248
-0.30948692560195923
4.256008625030518
6.624969959259033
6.920975208282471
0.7169575691223145
3.5338220596313477
-3.982959747314453
5.602932453155518
4.9542951583862305
1.929246425628662
-4.6837477684021
4.729955673217773
0.2974626421928406
4.201500415802002
6.697548866271973
7.003696441650391
0.4540148675441742
3.493241786956787
-3.7498977184295654
5.6426496505737305
4.514009952545166
2.2397892475128174
-5.067741394042969
4.953786849975586
0.9087896347045898
4.125792026519775
6.658352375030518
7.075620174407959
0.22688843309879303
3.4622011184692383
-3.490152359008789
5.722738265991211
4.0442280769348145
2.5345652103424072
-5.374223232269287
5.169931411743164
1.519054651260376
4.036289691925049
6.502510070800781
7.139420986175537
0.03563752770423889
3.447434186935425
-3.2102222442626953
5.836665630340576
3.5542802810668945
2.814366102218628
-5.600852966308594
5.3740105628967285
2.1199564933776855
3.9456424713134766
6.2285966873168945
7.196989059448242
-0.1186768114566803
3.4510912895202637
-2.9166831970214844
5.977285861968994
3.0541322231292725
3.081463575363159
-5.747229099273682
5.561868667602539
2.700218677520752
3.8719027042388916
5.8400397300720215
7.249215602874756
-0.23497335612773895
3.474766731262207
-2.617053508758545
6.139103412628174
2.5529048442840576
3.334559440612793
-5.814618110656738
5.731943130493164
3.246089458465576
3.8322012424468994
5.349117279052734
7.2958903312683105
-0.31210556626319885
3.521580696105957
-2.321063756942749
6.316577911376953
2.060328960418701
3.573564291000366
-5.808548927307129
5.885736465454102
3.748121738433838
3.835575819015503
4.76140832901001
7.337167739868164
-0.35002872347831726
3.593142509460449
-2.0392961502075195
6.504184246063232
1.5865261554718018
3.7991700172424316
-5.73828125
6.025390148162842
4.19738245010376
3.888521671295166
4.0854997634887695
7.373558521270752
-0.349147230386734
3.690131902694702
-1.7823723554611206
6.696669578552246
1.1409465074539185
4.012997627258301
-5.615715503692627
6.151365756988525
4.582891464233398
4.000264644622803
3.3395495414733887
7.406311511993408
-0.3097277283668518
3.8110554218292236
-1.5624909400939941
6.888132572174072
0.731768012046814
4.221863746643066
-5.455101490020752
6.268781661987305
4.898106098175049
4.169393539428711
2.540839672088623
7.436583518981934
-0.2358303964138031
3.954399347305298
-1.3865779638290405
7.074365615844727
0.3649839162826538
4.430022716522217
-5.269107818603516
6.383110523223877
5.138700008392334
4.392119884490967
1.7093870639801025
7.467015266418457
-0.1327856034040451
4.115418434143066
-1.2600171566009521
7.252859115600586
0.04288014769554138
4.6373515129089355
-5.063372611999512
6.4985833168029785
5.303298473358154
4.663833141326904
0.8630899786949158
7.500985145568848
-0.005649298429489136
4.285783767700195
-1.1881510019302368
7.420760154724121
-0.23437541723251343
4.843813419342041
-4.839245319366455
6.619235038757324
5.391547679901123
4.978786468505859
0.020533382892608643
7.54102087020874
0.13913875818252563
4.459683895111084
-1.172224760055542
7.575826644897461
-0.4661017060279846
5.05201530456543
-4.604159832000732
6.74838399887085
5.402734279632568
5.331671237945557
-0.7974482178688049
7.585396766662598
0.29193568229675293
4.642256259918213
-1.2040352821350098
7.71746826171875
-0.6523486375808716
5.262537956237793
-4.36383581161499
6.889986038208008
5.33565092086792
5.714224815368652
-1.5675745010375977
7.6326069831848145
0.44485145807266235
4.838362216949463
-1.273270845413208
7.8466973304748535
-0.7932984828948975
5.475447654724121
-4.126274585723877
7.048409461975098
5.19183874130249
6.113724708557129
-2.27213191986084
7.68159818649292
0.5925345420837402
5.0557403564453125
-1.3760106563568115
7.965380668640137
-0.889764130115509
5.693210124969482
-3.9011223316192627
7.224428653717041
4.982166290283203
6.521543502807617
-2.911416530609131
7.731596946716309
0.7317280769348145
5.301614761352539
-1.5107166767120361
8.076556205749512
-0.9450932145118713
5.92262601852417
-3.701681613922119
7.4183502197265625
4.721004962921143
6.93501091003418
-3.494635820388794
7.7832136154174805
0.8607155084609985
5.580602645874023
-1.6786317825317383
8.181349754333496
-0.9640001654624939
6.168173313140869
-3.5356760025024414
7.6302809715271
4.420845985412598
7.352419376373291
-4.031569957733154
7.837814807891846
0.9779825210571289
5.8969526290893555
-1.8813447952270508
8.280765533447266
-0.9499343633651733
6.431442737579346
-3.408639430999756
7.858460903167725
4.091753005981445
7.773194313049316
-4.53026819229126
7.8977837562561035
1.0817019939422607
6.254238128662109
-2.121171236038208
8.376435279846191
-0.9077469706535339
6.715961456298828
-3.3267691135406494
8.100555419921875
3.741278648376465
8.196953773498535
-4.99556827545166
7.96530818939209
1.170073390007019
6.655173301696777
-2.3992013931274414
8.470803260803223
-0.8444651365280151
7.026505947113037
-3.292956590652466
8.354687690734863
3.3752708435058594
8.624195098876953
-5.430629253387451
