2
3
-9.667101860046387
-3.540424346923828
-2.400186538696289
-4.558441162109375
8.196284294128418
-8.233960151672363
-2.495598554611206
-1.3728954792022705
-1.37898588180542
9.716022491455078
9.604053497314453
-0.7240397930145264
-9.504541397094727
-3.6366019248962402
-0.9642703533172607
-4.503611087799072
7.606393337249756
-7.789272785186768
-3.8869659900665283
-0.23877763748168945
-0.7764718532562256
9.325777053833008
9.645767211914062
-2.431377410888672
-9.249471664428711
-3.720963716506958
0.48404741287231445
-4.484246253967285
6.944821357727051
-7.289198875427246
-5.176196575164795
0.8496890068054199
-0.20092546939849854
8.78823471069336
9.689966201782227
-3.9468092918395996
-8.9024076461792
-3.8084557056427
1.909855604171753
-4.484887599945068
6.218888282775879
-6.736241340637207
-6.355732440948486
1.8702681064605713
0.3537847399711609
8.148554801940918
9.738227844238281
-5.30731201171875
-8.462029457092285
-3.9067158699035645
3.2584939002990723
-4.501547336578369
5.445774555206299
-6.12867546081543
-7.442658424377441
2.7946395874023438
0.9032333493232727
7.4456787109375
9.785557746887207
-6.546130180358887
-7.945522308349609
-4.011203289031982
4.522853851318359
-4.530729293823242
4.656170845031738
-5.4676947593688965
-8.465646743774414
3.597752094268799
1.4414702653884888
6.694995880126953
9.838510513305664
-7.64951229095459
-7.358101844787598
-4.145023345947266
5.7023468017578125
-4.524133205413818
3.844618797302246
-4.774396896362305
-9.378023147583008
4.2728800773620605
1.9886987209320068
5.893352508544922
9.87255573272705
-8.609139442443848
-6.70039176940918
-4.315492630004883
6.778966903686523
-4.4607367515563965
3.009084701538086
-4.064696311950684
-10.143702507019043
4.810955047607422
2.548516035079956
5.054719924926758
9.858201026916504
-9.438763618469238
-5.979938507080078
-4.515052795410156
7.7296857833862305
-4.336100101470947
2.151238441467285
-3.345108985900879
-10.742819786071777
5.196836948394775
3.1165013313293457
4.192639350891113
9.783646583557129
-10.14061164855957
-5.208122253417969
-4.734044551849365
8.538496971130371
-4.1471452713012695
1.278057336807251
-2.6217970848083496
-11.162323951721191
5.417384147644043
3.693359375
3.3146839141845703
9.622980117797852
-10.718663215637207
-4.397419452667236
-4.961817741394043
9.191596031188965
-3.89522123336792
0.4027160406112671
-1.9007058143615723
-11.392359733581543
5.465578556060791
4.270023822784424
2.426828384399414
9.366942405700684
-11.16922664642334
-3.562696933746338
-5.18467378616333
9.680876731872559
-3.583625078201294
-0.46561747789382935
-1.1896625757217407
-11.422452926635742
5.334258079528809
4.833033561706543
1.537613034248352
9.010007858276367
-11.49021053314209
-2.7191152572631836
-5.388152599334717
10.004749298095703
-3.2195065021514893
-1.3235676288604736
-0.49791401624679565
-11.239501953125
5.020283222198486
5.3680033683776855
0.6594183444976807
8.550137519836426
-11.683749198913574
-1.8814842700958252
-5.559490203857422
10.164889335632324
-2.813416004180908
-2.1534934043884277
0.1577562689781189
-10.848834991455078
4.531198501586914
5.862180233001709
-0.19575786590576172
7.991668224334717
-11.757906913757324
-1.0630565881729126
-5.686215877532959
10.167149543762207
-2.3846325874328613
-2.9449963569641113
0.7647951245307922
-10.251012802124023
3.8709092140197754
6.30483341217041
-1.0164010524749756
7.344837188720703
-11.725432395935059
-0.2769932746887207
-5.758235454559326
10.025020599365234
-1.9501326084136963
-3.687839984893799
1.3127975463867188
-9.444266319274902
3.046905517578125
6.688024044036865
-1.791953206062317
6.621716499328613
-11.60324764251709
0.4659581184387207
-5.768838882446289
9.753657341003418
-1.5288816690444946
-4.370190143585205
1.7922561168670654
-8.426413536071777
2.0719292163848877
7.004161834716797
-2.512463092803955
5.832026958465576
-11.408217430114746
1.1581580638885498
-5.714107990264893
9.3693208694458
-1.1418824195861816
-4.976980686187744
2.193415641784668
-7.199003219604492
0.9632737636566162
7.2481913566589355
-3.1703827381134033
4.989707946777344
-11.158499717712402
1.7961176633834839
-5.595309734344482
8.885721206665039
-0.8034258484840393
-5.482669830322266
2.498965263366699
-5.798976421356201
-0.2411327362060547
7.417657852172852
-3.760664224624634
4.1089630126953125
-10.869351387023926
2.377114772796631
-5.416331768035889
8.31580924987793
-0.5294198989868164
-5.859746932983398
2.6932148933410645
-4.2841291427612305
-1.4927061796188354
7.510325908660889
-4.280734539031982
3.2184934616088867
-10.5601167678833
2.8940019607543945
-5.180973052978516
7.6868062019348145
-0.33525457978248596
-6.09076452255249
2.7682957649230957
-2.7248053550720215
-2.7428596019744873
7.519420623779297
-4.7205634117126465
2.3880367279052734
-10.292203903198242
3.326261281967163
-4.884997367858887
7.074707984924316
-0.2515454590320587
-6.175400257110596
2.7238190174102783
-1.172144889831543
-3.9578161239624023
7.439612865447998
-5.079554080963135
1.6919080018997192
-10.110862731933594
3.6660311222076416
-4.526869773864746
6.5163679122924805
-0.304752379655838
-6.126008987426758
2.569030284881592
0.365917444229126
-5.129375457763672
7.301283359527588
-5.391874313354492
1.0301097631454468
-9.934828758239746
3.938340425491333
-4.127265930175781
5.911415100097656
-0.4413798153400421
-5.956732749938965
2.3174703121185303
1.9164695739746094
-6.263199806213379
7.1108880043029785
-5.653233528137207
0.3481248617172241
-9.729056358337402
4.154550552368164
-3.709721088409424
5.272587776184082
-0.6449427008628845
-5.673764228820801
1.977400541305542
3.4594810009002686
-7.34010124206543
6.871277809143066
-5.86632776260376
-0.35462576150894165
-9.479161262512207
4.315363883972168
-3.288952350616455
4.624194145202637
-0.9116432666778564
-5.277836322784424
1.553113341331482
4.952645778656006
-8.338482856750488
6.586037635803223
-6.038900852203369
-1.058735966682434
-9.190630912780762
4.417157173156738
-2.867039203643799
3.980670690536499
-1.2492796182632446
-4.771559238433838
1.0481613874435425
6.357089996337891
-9.24246883392334
6.256312370300293
-6.170274257659912
-1.7422088384628296
-8.877808570861816
4.462530136108398
-2.4498291015625
3.3639121055603027
-1.6656343936920166
-4.15924596786499
0.4771305322647095
7.628968238830566
-10.058356285095215
5.888373851776123
-6.256202220916748
-2.394165515899658
-8.558159828186035
4.4538893699646
-2.049190044403076
2.806272506713867
-2.154031991958618
-3.4476447105407715
-0.13859325647354126
8.726072311401367
-10.80843734741211
5.492396354675293
-6.287945747375488
-3.013774871826172
-8.252875328063965
4.395867824554443
-1.67836332321167
2.3365659713745117
-2.700958013534546
-2.66192889213562
-0.7972361445426941
9.662117004394531
-11.472049713134766
5.070794582366943
-6.261959075927734
-3.588392734527588
-7.982550144195557
4.297878265380859
-1.3459223508834839
1.965378999710083
-3.2981395721435547
-1.8232030868530273
-1.4942564964294434
10.445304870605469
-12.030670166015625
4.622629165649414
-6.1863932609558105
-4.091165542602539
-7.764510631561279
4.172726154327393
-1.0581302642822266
1.6933503150939941
-3.9457197189331055
-0.9449554681777954
-2.2212905883789062
11.066488265991211
-12.47595500946045
4.149055480957031
-6.071737766265869
-4.497921943664551
-7.609554290771484
4.034982204437256
-0.8178096413612366
1.5137068033218384
-4.649110794067383
-0.03842782974243164
-2.9673385620117188
11.509937286376953
-12.804430961608887
3.6553027629852295
-5.928170204162598
-4.7905354499816895
-7.526659965515137
3.8956151008605957
-0.6267992258071899
1.4210151433944702
-5.410274505615234
0.882573664188385
-3.7185161113739014
11.764613151550293
-13.020620346069336
3.14949369430542
-5.765511989593506
-4.955977439880371
-7.523414611816406
3.7631094455718994
-0.489050954580307
1.4123486280441284
-6.2243828773498535
1.8008439540863037
-4.4570465087890625
11.836478233337402
-13.135595321655273
2.6405272483825684
-5.591864585876465
-4.984893321990967
-7.606295585632324
3.6431708335876465
-0.4108741879463196
1.4851888418197632
-7.078005790710449
2.696488857269287
-5.1640448570251465
11.74293041229248
-13.171858787536621
2.139482021331787
-5.416662216186523
-4.873280048370361
-7.779219150543213
3.540247917175293
-0.40014415979385376
1.6354644298553467
-7.950730323791504
3.5536487102508545
-5.825279712677002
11.493904113769531
-13.146089553833008
1.6604838371276855
-5.249805927276611
-4.624184608459473
-8.045100212097168
3.4569380283355713
-0.46006321907043457
1.8570595979690552
-8.82717227935791
4.357150077819824
-6.427173137664795
11.10877513885498
-13.080283164978027
1.2144449949264526
-5.099706649780273
-4.24286413192749
-8.40137767791748
3.396352767944336
-0.5894830226898193
2.141646385192871
-9.698822975158691
5.092732906341553
-6.958069801330566
10.621837615966797
-13.003271102905273
0.8107990026473999
-4.973546981811523
-3.7382853031158447
-8.840896606445312
3.3609414100646973
-0.7863954305648804
2.4804704189300537
-10.557733535766602
5.752071857452393
-7.412848472595215
10.0575532913208
-12.934930801391602
0.45720356702804565
-4.87605619430542
-3.1211888790130615
-9.356362342834473
