2
3
0.3032206594944
1.4270293712615967
-1.142462968826294
2.475799798965454
-2.211871385574341
-0.6189475059509277
-5.164617538452148
-8.674728393554688
-7.322689533233643
-7.795729637145996
6.142108917236328
-7.9332451820373535
-0.038780152797698975
1.8820618391036987
-1.6437809467315674
1.5454213619232178
-2.4921021461486816
-0.8485679626464844
-5.203085422515869
-9.134695053100586
-6.553292274475098
-8.152848243713379
6.383839130401611
-7.315762519836426
-0.4020133316516876
2.2668192386627197
-1.9850679636001587
0.545262336730957
-2.749516487121582
-1.0826236009597778
-5.188100337982178
-9.608931541442871
-5.784719944000244
-8.430939674377441
6.461389064788818
-6.661518096923828
-0.7627835273742676
2.583202838897705
-2.1982691287994385
-0.5300842523574829
-2.9893431663513184
-1.3267751932144165
-5.1149187088012695
-10.096282005310059
-5.034075736999512
-8.622776985168457
6.383876800537109
-5.987994194030762
-1.1011778116226196
2.83207106590271
-2.3165414333343506
-1.678409457206726
-3.21138858795166
-1.583513855934143
-4.984658241271973
-10.597434997558594
-4.321569919586182
-8.719468116760254
6.182412147521973
-5.318817138671875
-1.4102180004119873
3.008140802383423
-2.3536410331726074
-2.8787617683410645
-3.4113550186157227
-1.8582627773284912
-4.800610542297363
-11.093921661376953
-3.660452127456665
-8.71850872039795
5.879122257232666
-4.672176837921143
-1.6854336261749268
3.1084258556365967
-2.3213186264038086
-4.108057498931885
-3.58756685256958
-2.156404495239258
-4.569963455200195
-11.573357582092285
-3.060007333755493
-8.620514869689941
5.490324974060059
-4.0621514320373535
-1.9240878820419312
3.130648136138916
-2.231785535812378
-5.3473358154296875
-3.7395200729370117
-2.484372615814209
-4.304973602294922
-12.023530960083008
-2.52645206451416
-8.429244041442871
5.032528877258301
-3.507401943206787
-2.124065399169922
3.072558879852295
-2.099811315536499
-6.580313682556152
-3.8684940338134766
-2.846221923828125
-4.017615795135498
-12.433769226074219
-2.067949056625366
-8.153765678405762
4.53052282333374
-3.0204262733459473
-2.285011053085327
2.9348580837249756
-1.9419300556182861
-7.789534568786621
-3.9780359268188477
-3.237478256225586
-3.7049570083618164
-12.800137519836426
-1.690817952156067
-7.804744243621826
4.010415077209473
-2.6154987812042236
-2.4124960899353027
2.721419334411621
-1.757844090461731
-8.966316223144531
-4.070897579193115
-3.6494364738464355
-3.356625556945801
-13.118430137634277
-1.3924533128738403
-7.397003650665283
3.487884283065796
-2.2995569705963135
-2.5126442909240723
2.4350547790527344
-1.5383119583129883
-10.100478172302246
-4.146016597747803
-4.0759782791137695
-2.9750497341156006
-13.386838912963867
-1.1673362255096436
-6.947476863861084
2.963107109069824
-2.069336414337158
-2.590620994567871
2.072493553161621
-1.2747960090637207
-11.174189567565918
-4.197767734527588
-4.511382102966309
-2.5734996795654297
-13.61647891998291
-1.0056167840957642
-6.471858024597168
2.4281105995178223
-1.920615315437317
-2.6476826667785645
1.6327614784240723
-0.9704345464706421
-12.170406341552734
-4.222895622253418
-4.9478960037231445
-2.161475896835327
-13.814559936523438
-0.9020867347717285
-5.978945732116699
1.884854793548584
-1.8519657850265503
-2.6794636249542236
1.1214327812194824
-0.6349784135818481
-13.083701133728027
-4.220128059387207
-5.378909587860107
-1.7459754943847656
-13.989411354064941
-0.8545474410057068
-5.476957321166992
1.346417784690857
-1.8674927949905396
-2.6807475090026855
0.5454944372177124
-0.2794986069202423
-13.911712646484375
-4.188642978668213
-5.7995147705078125
-1.3325625658035278
-14.148062705993652
-0.8602616190910339
-4.973592281341553
0.8253588676452637
-1.9736578464508057
-2.6464900970458984
-0.08721280097961426
0.08514323830604553
-14.653975486755371
-4.128060817718506
-6.206976413726807
-0.9274962544441223
-14.292997360229492
-0.9155513644218445
-4.475243091583252
0.33413201570510864
-2.178551197052002
-2.5751237869262695
-0.7682636380195618
0.44851818680763245
-15.30966567993164
-4.040152549743652
-6.600934028625488
-0.5345199108123779
-14.42551326751709
-1.0154669284820557
-3.9869205951690674
-0.1136273741722107
-2.4913692474365234
-2.469609260559082
-1.488876461982727
0.8015244007110596
-15.876646041870117
-3.928039073944092
-6.981576442718506
-0.1561812460422516
-14.545562744140625
-1.153980016708374
-3.5138168334960938
-0.5048653483390808
-2.9195847511291504
-2.3342318534851074
-2.238746404647827
1.1359426975250244
-16.357683181762695
-3.7959113121032715
-7.349242687225342
0.20727741718292236
-14.654790878295898
-1.3244935274124146
-3.063147783279419
-0.8269145488739014
-3.4708542823791504
-2.1740829944610596
-3.006115436553955
1.4454853534698486
-16.758283615112305
-3.6473259925842285
-7.700428009033203
0.5562461614608765
-14.763404846191406
-1.5200918912887573
-2.6426873207092285
-1.0683425664901733
-4.150327682495117
-1.9940311908721924
-3.7790679931640625
1.725752830505371
-17.086462020874023
-3.485443115234375
-8.029487609863281
0.890142560005188
-14.889518737792969
-1.7332531213760376
-2.2605066299438477
-1.219862937927246
-4.95859432220459
-1.8012906312942505
-4.542215347290039
1.9781146049499512
-17.365835189819336
-3.3121144771575928
-8.329154968261719
1.2071318626403809
-15.059550285339355
-1.956085205078125
-1.9248545169830322
-1.275128722190857
-5.890970230102539
-1.602805256843567
-5.279565334320068
2.2077550888061523
-17.62640953063965
-3.1269943714141846
-8.591167449951172
1.5044350624084473
-15.306906700134277
-2.1805155277252197
-1.6432249546051025
-1.2319635152816772
-6.937439918518066
-1.4037742614746094
-5.975234031677246
2.4207043647766113
-17.9053955078125
-2.933250904083252
-8.817814826965332
1.789156198501587
-15.647568702697754
-2.3986339569091797
-1.421783685684204
-1.0917152166366577
-8.085040092468262
-1.2076563835144043
-6.617228984832764
2.625565528869629
-18.240772247314453
-2.7360219955444336
-9.016107559204102
2.0737719535827637
-16.087430953979492
-2.6032602787017822
-1.2648829221725464
-0.8584380745887756
-9.319891929626465
-1.0179086923599243
-7.202217102050781
2.8348073959350586
-18.657440185546875
-2.539158821105957
-9.193675994873047
2.3693902492523193
-16.628173828125
-2.7882771492004395
-1.1747658252716064
-0.5377275943756104
-10.628752708435059
-0.840143084526062
-7.73777961730957
3.0676143169403076
-19.160364151000977
-2.345477819442749
-9.3590087890625
2.6869616508483887
-17.26876449584961
-2.948540687561035
-1.1516860723495483
-0.1365979015827179
-12.001178741455078
-0.6763717532157898
-8.22999095916748
3.3377535343170166
-19.756572723388672
-2.1568217277526855
-9.51910400390625
3.0347797870635986
-18.00662612915039
-3.0806875228881836
-1.1951853036880493
0.3391862213611603
-13.42867660522461
-0.52619868516922
-8.685144424438477
3.6513707637786865
-20.44830894470215
-1.9744253158569336
-9.679961204528809
3.4182193279266357
-18.83759117126465
-3.1828343868255615
-1.304443120956421
0.8859848976135254
-14.904989242553711
-0.3880496621131897
-9.110203742980957
4.009251117706299
-21.232799530029297
-1.798771619796753
-9.84546947479248
3.8438491821289062
-19.761960983276367
-3.253591537475586
-1.4789735078811646
1.501880407333374
-16.42449951171875
-0.2598333954811096
-9.511214256286621
4.414902210235596
-22.112056732177734
-1.6280417442321777
-10.020264625549316
4.316221714019775
-20.7797794342041
-3.293644428253174
-1.7171685695648193
2.1874828338623047
-17.987075805664062
-0.13943657279014587
-9.894355773925781
4.872368812561035
-23.08661651611328
-1.4611338376998901
-10.20710563659668
4.841006755828857
-21.89370346069336
-3.3054018020629883
-2.0161051750183105
2.945798397064209
-19.5963134765625
-0.024805881083011627
-10.265048027038574
5.387767791748047
-24.16080093383789
-1.2967243194580078
-10.406222343444824
5.422887802124023
-23.106990814208984
-3.290123462677002
-2.373384714126587
3.780334949493408
-21.25674819946289
0.08624506741762161
-10.628339767456055
5.967427730560303
-25.339099884033203
-1.1324166059494019
-10.623249053955078
6.067021369934082
-24.41744041442871
-3.247074604034424
-2.7866463661193848
4.69370174407959
-22.973737716674805
0.19554448127746582
-10.988411903381348
6.617571830749512
-26.622556686401367
-0.9668668508529663
-10.861278533935547
6.780721664428711
-25.828025817871094
-3.1744158267974854
-3.2541401386260986
5.6883673667907715
-24.75131607055664
0.3049728572368622
-11.34995174407959
7.3486175537109375
-28.017314910888672
-0.7989304065704346
-11.122520446777344
7.57304573059082
-27.34333038330078
-3.0690805912017822
-3.7732276916503906
6.767795562744141
-26.596141815185547
0.4167928695678711
-11.716201782226562
8.169145584106445
-29.528629302978516
-0.6269457340240479
-11.40769100189209
8.452173233032227
-28.968202590942383
-2.9291629791259766
-4.342560768127441
7.9369001388549805
-28.515615463256836
0.5331236124038696
-12.090935707092285
9.08880615234375
-31.159717559814453
-0.44953012466430664
-11.718415260314941
9.429998397827148
-30.70911979675293
-2.754124641418457
-4.96009635925293
9.204821586608887
-30.518798828125
0.6563529968261719
-12.478516578674316
10.119200706481934
-32.91563415527344
-0.26424169540405273
-12.058653831481934
10.519299507141113
-32.56978988647461
-2.543653726577759
-5.624053955078125
10.581144332885742
-32.614219665527344
