2
3
1.3584364652633667
2.4690988063812256
2.54829740524292
8.119176864624023
-4.644628524780273
-0.23736920952796936
-1.1271440982818604
9.46804428100586
4.58986759185791
-0.8622482419013977
0.5068966150283813
8.969574928283691
1.3686316013336182
2.50291109085083
2.520689010620117
8.169217109680176
-4.358643531799316
-0.047160804271698
-0.6227277517318726
9.843263626098633
4.37478494644165
-0.5462972521781921
-0.06465548276901245
9.537009239196777
1.378296971321106
2.5497593879699707
2.4894979000091553
8.243083953857422
-4.080018997192383
0.15329864621162415
-0.1360141634941101
10.235702514648438
4.162034511566162
-0.22789472341537476
-0.629348635673523
10.108492851257324
1.3874567747116089
2.6098036766052246
2.4544479846954346
8.340938568115234
-3.808633804321289
0.364155650138855
0.333121120929718
10.645730018615723
3.951716184616089
0.09344136714935303
-1.1872634887695312
10.684870719909668
1.396111249923706
2.683199167251587
2.4152355194091797
8.462940216064453
-3.544355630874634
0.5855491161346436
0.7848426103591919
11.073671340942383
3.7438979148864746
0.41814666986465454
-1.738624095916748
11.266879081726074
1.4042459726333618
2.7701187133789062
2.3716282844543457
8.609434127807617
-3.2870631217956543
0.8176425695419312
1.2192968130111694
11.519878387451172
3.538616895675659
0.746738076210022
-2.283594846725464
11.855528831481934
1.411839485168457
2.8708596229553223
2.323417901992798
8.781010627746582
-3.036689519882202
1.061186671257019
1.6362483501434326
11.985092163085938
3.3359012603759766
1.079942226409912
-2.8223843574523926
12.452386856079102
1.4188746213912964
2.985642671585083
2.270249128341675
8.977972984313965
-2.792997360229492
1.3169993162155151
2.0354695320129395
12.47006607055664
3.1357054710388184
1.4185330867767334
-3.3554749488830566
13.059022903442383
1.4253203868865967
3.1147496700286865
2.211773633956909
9.200801849365234
-2.555596113204956
1.5858339071273804
2.4168455600738525
12.975400924682617
2.9379420280456543
1.7631428241729736
-3.8833887577056885
13.676604270935059
1.4311318397521973
3.2584831714630127
2.147629737854004
9.449957847595215
-2.324127197265625
1.868148684501648
2.780384063720703
13.501632690429688
2.7425453662872314
2.1143996715545654
-4.406586647033691
14.306244850158691
1.436257243156433
3.4171862602233887
2.077444314956665
9.72596549987793
-2.0982465744018555
2.1643803119659424
3.1260828971862793
14.049240112304688
2.549423933029175
2.4729135036468506
-4.925601005554199
14.949028968811035
1.4406384229660034
3.5912184715270996
2.0008251667022705
10.029363632202148
-1.877634048461914
2.474984884262085
3.4538755416870117
14.618744850158691
2.3584859371185303
2.839329957962036
-5.440971374511719
15.606098175048828
1.4441630840301514
3.7809526920318604
1.917344331741333
10.360727310180664
-1.6619951725006104
2.8004720211029053
3.763634204864502
15.210766792297363
2.169680595397949
3.2144296169281006
-5.953341960906982
16.278779983520508
1.4467196464538574
3.986807346343994
1.8265923261642456
10.720721244812012
-1.451059103012085
3.1413016319274902
4.055206298828125
15.825884819030762
1.9829257726669312
3.5990891456604004
-6.463435649871826
16.968608856201172
1.4482203722000122
4.209195613861084
1.7281827926635742
11.110092163085938
-1.2446043491363525
3.4978246688842773
4.328413963317871
16.4646053314209
1.7980860471725464
3.994097948074341
-6.97194242477417
17.67692756652832
1.4485915899276733
4.4486260414123535
1.6217213869094849
11.529719352722168
-1.0424532890319824
3.8705501556396484
4.582993984222412
17.127525329589844
1.6150459051132202
4.400143146514893
-7.479489803314209
18.404876708984375
1.4477424621582031
4.70550012588501
1.5068482160568237
11.980477333068848
-0.8444703221321106
4.260003089904785
4.818639278411865
17.815263748168945
1.4337290525436401
4.817784786224365
-7.9865922927856445
19.15329933166504
1.4455591440200806
4.979950904846191
1.383242130279541
12.462890625
-0.6505755186080933
4.666421890258789
5.0350494384765625
18.528339385986328
1.2540613412857056
5.2469096183776855
-8.493597030639648
19.922950744628906
1.4419046640396118
5.272003650665283
1.2505238056182861
12.977153778076172
-0.46072816848754883
5.090097427368164
5.231874942779541
19.267276763916016
1.0760568380355835
5.687589168548584
-9.00069522857666
20.714468002319336
1.4366590976715088
5.582108974456787
1.108176589012146
13.523866653442383
-0.2749118208885193
5.531476974487305
5.4087042808532715
20.03260040283203
0.8995198011398315
6.140555381774902
-9.508583068847656
21.52938461303711
1.4297020435333252
5.910799026489258
0.955696702003479
14.103819847106934
-0.09316134452819824
5.990959644317627
5.565079689025879
20.82480239868164
0.7243672609329224
6.606272220611572
-10.017635345458984
22.368518829345703
1.4208987951278687
6.2585978507995605
0.7925885319709778
14.717782020568848
0.08444927632808685
6.468978404998779
5.700512886047363
21.64444923400879
0.5505302548408508
7.085143566131592
-10.528345108032227
23.2329044342041
1.4100830554962158
6.626006126403809
0.6183618307113647
15.36652660369873
0.2577778697013855
6.9659504890441895
5.814501762390137
22.49217987060547
0.3780624270439148
7.5777177810668945
-11.0410737991333
24.123485565185547
1.397094488143921
7.013543128967285
0.4325174391269684
16.050846099853516
0.42665350437164307
7.482189655303955
5.906525135040283
23.368389129638672
0.20689508318901062
8.084102630615234
-11.555803298950195
25.040578842163086
1.3816930055618286
7.421624660491943
0.23459264636039734
16.77151870727539
0.5908198356628418
8.017881393432617
5.975944519042969
24.27322006225586
0.03705973923206329
8.60443115234375
-12.072502136230469
25.984548568725586
1.3636749982833862
7.850706100463867
0.024115294218063354
17.529287338256836
0.7497571706771851
8.572553634643555
6.021946907043457
25.205427169799805
-0.13142071664333344
9.138903617858887
-12.590993881225586
26.95542335510254
1.342895269393921
8.301311492919922
-0.1994379758834839
18.324865341186523
0.902946949005127
9.145788192749023
6.043662071228027
26.163753509521484
-0.2985241711139679
9.688008308410645
-13.111501693725586
27.95369529724121
1.3192286491394043
8.773871421813965
-0.4366193115711212
19.158655166625977
1.049895167350769
9.737261772155762
6.040331840515137
27.147188186645508
-0.46431705355644226
10.252362251281738
-13.634428977966309
28.980281829833984
1.2925151586532593
9.268802642822266
-0.6879466772079468
20.031091690063477
1.1902718544006348
10.34694766998291
6.011219501495361
28.155248641967773
-0.6289204359054565
10.832621574401855
-14.160273551940918
30.036211013793945
1.2625622749328613
9.786500930786133
-0.953885555267334
20.942630767822266
1.3236956596374512
10.97491455078125
5.9556989669799805
29.187837600708008
-0.7924569845199585
11.429311752319336
-14.689462661743164
31.122406005859375
1.229207158088684
10.3274564743042
-1.234971523284912
21.893875122070312
1.4499740600585938
11.621591567993164
5.873166561126709
30.24542236328125
-0.9550682902336121
12.042960166931152
-15.222464561462402
32.23979187011719
1.1922390460968018
10.892108917236328
-1.5317147970199585
22.885475158691406
1.568869948387146
12.28735065460205
5.7630615234375
31.328462600708008
-1.1169136762619019
12.674216270446777
-15.759831428527832
33.38934326171875
1.1514812707901
11.48090934753418
-1.844628095626831
23.918031692504883
1.680019497871399
12.972308158874512
5.624897003173828
32.43718719482422
-1.278177261352539
13.323753356933594
-16.302167892456055
34.57206344604492
1.1067577600479126
12.094352722167969
-2.1742546558380127
24.992149353027344
1.783163070678711
13.676767349243164
5.458176612854004
33.57197189331055
-1.4390385150909424
13.992219924926758
-16.850053787231445
35.78886032104492
1.0578864812850952
12.732882499694824
-2.5211219787597656
26.10833168029785
1.878065824508667
14.401208877563477
5.262470722198486
34.73353958129883
-1.599703073501587
14.680285453796387
-17.40412712097168
37.040687561035156
1.0046838521957397
13.397014617919922
-2.8858001232147217
27.267200469970703
1.9644757509231567
15.146013259887695
5.037338733673096
35.9224739074707
-1.7603768110275269
15.388580322265625
-17.965015411376953
38.328468322753906
0.9469572901725769
14.087279319763184
-3.2688779830932617
28.469383239746094
2.0421619415283203
15.911589622497559
4.782344341278076
37.139366149902344
-1.9212820529937744
16.11777687072754
-18.533388137817383
39.65313720703125
0.8845087885856628
14.804207801818848
-3.6709609031677246
29.715499877929688
2.110902786254883
16.698381423950195
4.497066974639893
38.38487243652344
-2.0826516151428223
16.868558883666992
-19.109935760498047
41.01560592651367
0.8171350359916687
15.548334121704102
-4.092663288116455
31.006166458129883
2.1704845428466797
17.50685691833496
4.181097507476807
39.65967559814453
-2.244724750518799
17.641611099243164
-19.69536018371582
42.41677474975586
0.7445632815361023
16.320110321044922
-4.534596920013428
32.34184265136719
2.220701217651367
18.337501525878906
3.834038019180298
40.9644889831543
-2.407747507095337
18.437618255615234
-20.290372848510742
43.857521057128906
