2
3
-4.66664457321167
9.337678909301758
-4.194781303405762
-3.0676021575927734
-1.4808927774429321
-2.4112589359283447
-5.3887128829956055
4.02208137512207
-2.897465229034424
-9.96251392364502
2.814739465713501
-0.2752920389175415
-4.72340726852417
8.897259712219238
-3.7110636234283447
-4.544094562530518
-1.9088239669799805
-1.9719592332839966
-5.574936866760254
4.066081523895264
-2.464246988296509
-9.772906303405762
2.121584415435791
1.0769308805465698
-4.7167744636535645
8.381099700927734
-3.2572460174560547
-5.931695938110352
-2.3040435314178467
-1.5590806007385254
-5.813439846038818
4.140666961669922
-2.10711669921875
-9.450532913208008
1.3370364904403687
2.4015889167785645
-4.657478332519531
7.79172420501709
-2.800924301147461
-7.2337446212768555
-2.674295425415039
-1.1660799980163574
-6.061477184295654
4.220820903778076
-1.8224493265151978
-9.022665023803711
0.4896763563156128
3.6832358837127686
-4.548777103424072
7.131058216094971
-2.338697910308838
-8.437958717346191
-3.0330703258514404
-0.7878421545028687
-6.259024143218994
4.271088123321533
-1.6059231758117676
-8.508285522460938
-0.40434718132019043
4.909821510314941
-4.395772457122803
6.4013848304748535
-1.874223232269287
-9.5325345993042
-3.3808326721191406
-0.42336565256118774
-6.386671543121338
4.274478912353516
-1.4572069644927979
-7.919688701629639
-1.3298945426940918
6.072105884552002
-4.205453872680664
5.607402324676514
-1.4117181301116943
-10.510741233825684
-3.7126624584198
-0.07502466440200806
-6.440393447875977
4.227364540100098
-1.3902862071990967
-7.257053852081299
-2.2446889877319336
7.148524284362793
-3.9844536781311035
4.754608631134033
-0.9570572972297668
-11.367568016052246
-4.016172885894775
0.25285136699676514
-6.42563009262085
4.124453544616699
-1.4170411825180054
-6.52316951751709
-3.1137824058532715
8.12474250793457
-3.7362678050994873
3.8474767208099365
-0.5205790400505066
-12.09378433227539
-4.28909969329834
0.5584642887115479
-6.349930763244629
3.9740610122680664
-1.535489797592163
-5.724087238311768
-3.916926622390747
8.99026107788086
-3.462170124053955
2.8899776935577393
-0.1198352575302124
-12.67471981048584
-4.525139331817627
0.836336076259613
-6.224534511566162
3.777068614959717
-1.727963924407959
-4.874080181121826
-4.6479034423828125
9.73167610168457
-3.163576126098633
1.888089895248413
0.22505366802215576
-13.091801643371582
-4.722024917602539
1.082758903503418
-6.051832675933838
3.529221773147583
-1.981743335723877
-3.9847841262817383
-5.294626235961914
10.332526206970215
-2.8437209129333496
0.8514679670333862
0.4945697486400604
-13.328611373901367
-4.880139350891113
1.2941222190856934
-5.836076736450195
3.2356934547424316
-2.288066864013672
-3.0660552978515625
-5.840405464172363
10.777114868164062
-2.5077900886535645
-0.20662617683410645
0.6708254814147949
-13.374756813049316
-5.001219272613525
1.4697667360305786
-5.584478378295898
2.903207540512085
-2.637341260910034
-2.131413221359253
-6.271350383758545
11.05197811126709
-2.16207218170166
-1.2694586515426636
0.738317608833313
-13.227108001708984
-5.087025165557861
1.6087894439697266
-5.302744388580322
2.5373544692993164
-3.0173916816711426
-1.1931264400482178
-6.579167366027832
11.144883155822754
-1.8140454292297363
-2.318282127380371
0.6842966675758362
-12.888524055480957
-5.136352062225342
1.709340214729309
-4.999122142791748
2.1433143615722656
-3.4155373573303223
-0.2656060457229614
-6.761833190917969
11.049897193908691
-1.472051739692688
-3.333970308303833
0.4990861415863037
-12.369400024414062
-5.151744365692139
1.769646167755127
-4.681410789489746
1.730259895324707
-3.819972515106201
0.6370596885681152
-6.822781562805176
10.76389217376709
-1.1453566551208496
-4.2966179847717285
0.1759709119796753
-11.682401657104492
-5.1366286277771
1.7899706363677979
-4.357792377471924
1.308706521987915
-4.218113899230957
1.501563310623169
-6.770322799682617
10.288021087646484
-0.843622624874115
-5.186830043792725
-0.2866719365119934
-10.844623565673828
-5.094778537750244
1.7715080976486206
-4.036018371582031
0.88821941614151
-4.597820281982422
2.314922332763672
-6.6152496337890625
9.626838684082031
-0.5788524746894836
-5.984279155731201
-0.8820152282714844
-9.87564468383789
-5.029809474945068
1.7173068523406982
-3.7240443229675293
0.47642046213150024
-4.94661808013916
3.0585274696350098
-6.37588357925415
8.800503730773926
-0.3657931685447693
-6.6667327880859375
-1.5928397178649902
-8.798439979553223
-4.945028781890869
1.6324660778045654
-3.431039333343506
0.07868117094039917
-5.252556800842285
3.707308292388916
-6.072341442108154
7.853200435638428
-0.22459536790847778
-7.210634231567383
-2.3731350898742676
-7.653851509094238
-4.842568397521973
1.523932695388794
-3.169682264328003
-0.3025903105735779
-5.509451866149902
4.251218795776367
-5.7176971435546875
6.809770584106445
-0.16839739680290222
-7.598505020141602
-3.186800718307495
-6.47991943359375
-4.722700119018555
1.3994389772415161
-2.961819648742676
-0.6654592752456665
-5.712072372436523
4.6857404708862305
-5.326275825500488
5.69645881652832
-0.2073793113231659
-7.82460880279541
-3.9928457736968994
-5.318512439727783
-4.586980819702148
1.2680575847625732
-2.8240017890930176
-1.0168297290802002
-5.854738235473633
5.012341499328613
-4.917107582092285
4.539682865142822
-0.34053337574005127
-7.89082145690918
-4.762514591217041
-4.200140476226807
-4.443842887878418
1.13333261013031
-2.7129499912261963
-1.377152681350708
-5.925897598266602
5.236173152923584
-4.503309726715088
3.3421640396118164
-0.5618627667427063
-7.812272071838379
-5.480837821960449
-3.13319730758667
-4.297289848327637
0.9922045469284058
-2.6111440658569336
-1.7598426342010498
-5.924345970153809
5.350703716278076
-4.108299732208252
2.1501576900482178
-0.8457542657852173
-7.609153747558594
-6.167592525482178
-2.1314573287963867
-4.152800559997559
0.8333067893981934
-2.5328683853149414
-2.1347098350524902
-5.865149021148682
5.351296901702881
-3.7233967781066895
1.009268879890442
-1.1755732297897339
-7.309761047363281
-6.8328776359558105
-1.1922327280044556
-4.0188889503479
0.6528621315956116
-2.4888370037078857
-2.4732906818389893
-5.767875671386719
5.251060962677002
-3.345639705657959
-0.0642702579498291
-1.5401113033294678
-6.937171459197998
-7.4826579093933105
-0.311387300491333
-3.8999156951904297
0.45611122250556946
-2.485860586166382
-2.762343645095825
-5.649508953094482
5.0644659996032715
-2.975654125213623
-1.0640802383422852
-1.9346832036972046
-6.508230209350586
-8.112268447875977
0.5105152130126953
-3.7929911613464355
0.25147518515586853
-2.53031325340271
-3.0075290203094482
-5.516883850097656
4.8097686767578125
-2.6236155033111572
-1.9884610176086426
-2.3564412593841553
-6.033740043640137
-8.713709831237793
1.275259256362915
-3.692427635192871
0.04364977777004242
-2.6285271644592285
-3.210561990737915
-5.368557929992676
4.5007219314575195
-2.3003549575805664
-2.840409517288208
-2.8047380447387695
-5.522390365600586
-9.275650024414062
1.9808433055877686
-3.596653461456299
-0.1603197604417801
-2.780557632446289
-3.3751587867736816
-5.200108528137207
4.143048286437988
-2.014697790145874
-3.6207752227783203
-3.2781968116760254
-4.982157230377197
-9.784720420837402
2.6212520599365234
-3.5069193840026855
-0.35478675365448
-2.977264642715454
-3.5046157836914062
-5.008513450622559
3.735283374786377
-1.774094581604004
-4.318689823150635
-3.774198055267334
-4.419423580169678
-10.227956771850586
3.1885974407196045
-3.4246037006378174
-0.538216233253479
-3.2125744819641113
-3.601936101913452
-4.794426918029785
3.283062219619751
-1.5868594646453857
-4.931352615356445
-4.289111137390137
-3.839869499206543
-10.593165397644043
3.6746652126312256
-3.350163221359253
-0.7108807563781738
-3.4858274459838867
-3.6664199829101562
-4.56112813949585
2.7926669120788574
-1.461157202720642
-5.454627990722656
-4.817713260650635
-3.2496285438537598
-10.868768692016602
4.071055889129639
-3.284961462020874
-0.8737025856971741
-3.7958805561065674
-3.6975889205932617
-4.31348991394043
2.271012306213379
-1.4049662351608276
-5.8836669921875
-5.353220462799072
-2.654812812805176
-11.044403076171875
4.368820667266846
-3.2306201457977295
-1.028403878211975
-4.143424987792969
-3.6947152614593506
-4.057653903961182
1.7257719039916992
-1.425939917564392
-6.21476411819458
-5.884607315063477
-2.0623254776000977
-11.11591625213623
4.560397624969482
-3.1903629302978516
-1.1751430034637451
-4.527522087097168
-3.657472848892212
-3.800520658493042
1.1642446517944336
-1.530834674835205
-6.444499969482422
-6.401566505432129
-1.478569507598877
-11.082125663757324
4.638490676879883
-3.168038845062256
-1.3135088682174683
-4.944631099700928
-3.5872066020965576
-3.549807548522949
0.5956933498382568
-1.7236785888671875
-6.570521831512451
-6.895048141479492
-0.9102886915206909
-10.94312572479248
4.596009731292725
-3.167801856994629
-1.4420173168182373
-5.389655590057373
-3.4869823455810547
-3.314077138900757
0.02931535243988037
-2.006293535232544
-6.591790199279785
-7.35614013671875
-0.3652012348175049
-10.706193923950195
4.4305195808410645
-3.1939432621002197
-1.560142993927002
-5.855799674987793
-3.3592069149017334
-3.1025867462158203
-0.5237006545066833
-2.3762030601501465
-6.511603832244873
