2
3
-4.206787586212158
-0.3602454662322998
0.26348721981048584
-0.21860836446285248
5.58307409286499
7.174754619598389
6.368531227111816
-10.460671424865723
8.023289680480957
-4.627836227416992
-10.873425483703613
-3.220594882965088
-3.8245620727539062
-0.0801810622215271
1.383232831954956
-0.6453486680984497
6.037637233734131
6.3281779289245605
6.353236675262451
-11.217270851135254
7.2519145011901855
-4.219297409057617
-11.76118278503418
-2.5446701049804688
-3.378877639770508
0.13884375989437103
2.4589216709136963
-1.093005895614624
6.507327556610107
5.4592204093933105
6.23855447769165
-11.860376358032227
6.43621826171875
-3.781689405441284
-12.505136489868164
-1.9465875625610352
-2.875300884246826
0.29581737518310547
3.4750561714172363
-1.5506075620651245
6.985149383544922
4.573647499084473
6.021409511566162
-12.389533042907715
5.58458137512207
-3.3238561153411865
-13.098162651062012
-1.4432419538497925
-2.318467855453491
0.3931072950363159
4.41154670715332
-2.0124521255493164
7.460200309753418
3.6797966957092285
5.706679344177246
-12.804566383361816
4.707577228546143
-2.852717161178589
-13.536169052124023
-1.0463049411773682
-1.7156004905700684
0.4313829839229584
5.252072811126709
-2.46763277053833
7.9206223487854
2.7863969802856445
5.284564018249512
-13.102363586425781
3.815109968185425
-2.3757922649383545
-13.815064430236816
-0.7625579237937927
-1.0703461170196533
0.40940555930137634
5.966667175292969
-2.8997199535369873
8.348468780517578
1.9133570194244385
4.746994495391846
-13.287957191467285
2.9172539710998535
-1.8995344638824463
-13.930634498596191
-0.5954475998878479
-0.38749372959136963
0.3311024010181427
6.526639938354492
-3.2961199283599854
8.728858947753906
1.079054594039917
4.104243278503418
-13.371116638183594
2.0240721702575684
-1.4297852516174316
-13.880925178527832
-0.5481901168823242
0.3291856646537781
0.20577086508274078
6.896350383758545
-3.6488187313079834
9.050085067749023
0.29528260231018066
3.3767433166503906
-13.36528205871582
1.1498836278915405
-0.9721947908401489
-13.666092872619629
-0.6207695603370667
1.0639057159423828
0.04397457838058472
7.076848030090332
-3.953159809112549
9.304891586303711
-0.4303150773048401
2.5866878032684326
-13.285956382751465
0.3093833923339844
-0.530759334564209
-13.283154487609863
-0.8189429044723511
1.8047454357147217
-0.1405084729194641
7.069552898406982
-4.214413166046143
9.489662170410156
-1.0933003425598145
1.75539231300354
-13.148214340209961
-0.48442113399505615
-0.10986211895942688
-12.727679252624512
-1.1525499820709229
2.5357861518859863
-0.33205312490463257
6.886845588684082
-4.441895008087158
9.60513687133789
-1.6950154304504395
0.8957425951957703
-12.963964462280273
-1.2221193313598633
0.2829154431819916
-11.991262435913086
-1.6221171617507935
3.2366065979003906
-0.5159437656402588
6.561163425445557
-4.649444103240967
9.65416145324707
-2.2392449378967285
0.013853371143341064
-12.739853858947754
-1.8913406133651733
0.6400963664054871
-11.072870254516602
-2.2252678871154785
3.894649028778076
-0.6830204725265503
6.107208251953125
-4.849540710449219
9.635866165161133
-2.728013515472412
-0.8773521780967712
-12.486326217651367
-2.470421075820923
0.9495576620101929
-10.00592041015625
-2.945089340209961
4.500331878662109
-0.8267256021499634
5.539031505584717
-5.056365489959717
9.547514915466309
-3.161367654800415
-1.7566430568695068
-12.222803115844727
-2.9443907737731934
1.2013853788375854
-8.822303771972656
-3.7602176666259766
5.043745517730713
-0.9409438967704773
4.8861589431762695
-5.289506435394287
9.385164260864258
-3.5357940196990967
-2.5895183086395264
-11.98260498046875
-3.305138349533081
1.3854012489318848
-7.552774906158447
-4.646529197692871
5.512320518493652
-1.0177903175354004
4.2045464515686035
-5.577518939971924
9.151691436767578
-3.8496689796447754
-3.33380389213562
-11.809395790100098
-3.5477004051208496
1.4919548034667969
-6.2334370613098145
-5.579191207885742
5.892946720123291
-1.049918293952942
3.5581164360046387
-5.954546928405762
8.861513137817383
-4.116819858551025
-3.9979515075683594
-11.69367504119873
-3.667806625366211
1.5123008489608765
-4.908088684082031
-6.541271209716797
6.187489986419678
-1.0467885732650757
2.976247549057007
-6.430129051208496
8.527118682861328
-4.351747989654541
-4.620766639709473
-11.601219177246094
-3.666750192642212
1.4474420547485352
-3.6229915618896484
-7.52021598815918
6.418155670166016
-1.025716781616211
2.3712759017944336
-6.960168361663818
8.15583324432373
-4.558298110961914
-5.268463611602783
-11.501933097839355
-3.559232234954834
1.3145956993103027
-2.37846040725708
-8.519536972045898
6.59033727645874
-0.991942286491394
1.7505173683166504
-7.534176826477051
7.750421524047852
-4.73221492767334
-5.960124969482422
-11.387757301330566
-3.351649761199951
1.1286629438400269
-1.1845098733901978
-9.543063163757324
6.709903240203857
-0.9524564146995544
1.1274698972702026
-8.148749351501465
7.311925888061523
-4.867568016052246
-6.670126914978027
-11.271944999694824
-3.051616668701172
0.8862704038619995
-0.047948241233825684
-10.570798873901367
6.784711837768555
-0.9221804738044739
0.5067518949508667
-8.789302825927734
6.841923236846924
-4.956358909606934
-7.379341125488281
-11.170528411865234
-2.668855667114258
0.580369234085083
1.0248087644577026
-11.577545166015625
6.81491756439209
-0.9084875583648682
-0.10828614234924316
-9.441591262817383
6.342556476593018
-4.995843887329102
-8.06747055053711
-11.099742889404297
-2.2132952213287354
0.21072542667388916
2.0269508361816406
-12.54494571685791
6.793121814727783
-0.9168802499771118
-0.6880794763565063
-10.086281776428223
5.814417839050293
-4.989498138427734
-8.706548690795898
-11.070793151855469
-1.6945441961288452
-0.22101429104804993
2.9487156867980957
-13.460016250610352
6.723685264587402
-0.9519663453102112
-1.223459005355835
-10.715768814086914
5.258983135223389
-4.945323944091797
-9.272812843322754
-11.094560623168945
-1.121646523475647
-0.7101935148239136
3.7787208557128906
-14.312609672546387
6.620655536651611
-1.0109000205993652
-1.7269132137298584
-11.34616756439209
4.681260108947754
-4.872398853302002
-9.750821113586426
-11.181256294250488
-0.5042086243629456
-1.2503448724746704
4.504296779632568
-15.095894813537598
6.491818428039551
-1.0917863845825195
-2.201791524887085
-11.987000465393066
4.088141441345215
-4.779411315917969
-10.129559516906738
-11.341511726379395
0.148931086063385
-1.8330844640731812
5.111411094665527
-15.80540943145752
6.339292049407959
-1.1961842775344849
-2.6423635482788086
-12.640870094299316
3.486783027648926
-4.674229145050049
-10.399892807006836
-11.583845138549805
0.8269442915916443
-2.4483535289764404
5.5911784172058105
-16.445390701293945
6.165163993835449
-1.3258249759674072
-3.0420637130737305
-13.310407638549805
2.884657382965088
-4.564369201660156
-10.555025100708008
-11.914840698242188
1.5200588703155518
-3.085564374923706
5.935826301574707
-17.018325805664062
5.971858024597168
-1.482413411140442
-3.394573211669922
-13.99869155883789
2.290069103240967
-4.456982612609863
-10.592246055603027
-12.338359832763672
2.21897292137146
-3.734311580657959
6.136853218078613
-17.528850555419922
5.7619757652282715
-1.6673743724822998
-3.6940231323242188
-14.708523750305176
1.7133586406707764
-4.357944488525391
-10.510985374450684
-12.85904312133789
2.913058042526245
-4.383695602416992
6.189935207366943
-17.987043380737305
5.538686752319336
-1.8814260959625244
-3.935305595397949
-15.443225860595703
1.1630550622940063
-4.274191856384277
-10.313928604125977
-13.479588508605957
3.5898635387420654
-5.022928237915039
6.099042892456055
-18.40597152709961
5.305271148681641
-2.1246187686920166
-4.11445426940918
-16.207515716552734
0.6473204493522644
-4.213456153869629
-10.007965087890625
-14.199570655822754
4.2384843826293945
-5.641732215881348
5.871927738189697
-18.79945182800293
5.064517498016357
-2.3967466354370117
-4.228503704071045
-17.00664520263672
0.17484694719314575
-4.182358264923096
-9.602444648742676
-15.016045570373535
4.845668315887451
-6.228768825531006
5.530200958251953
-19.18816566467285
4.819349765777588
-2.697136163711548
-4.27513313293457
-17.84767723083496
-0.2472052276134491
-4.186225414276123
-9.109893798828125
-15.92439079284668
5.399541854858398
-6.776550769805908
5.096003532409668
-19.593036651611328
4.572940349578857
-3.0249521732330322
-4.251941680908203
-18.74031639099121
-0.614332914352417
-4.229323863983154
-8.54555606842041
-16.920909881591797
5.891636848449707
-7.280984401702881
4.5885772705078125
-20.032501220703125
4.329483985900879
-3.379884719848633
-4.157829284667969
-19.693601608276367
-0.9225900173187256
-4.31384801864624
-7.9276957511901855
-18.007061004638672
6.314227104187012
-7.7391462326049805
4.039039611816406
-20.529905319213867
4.094717979431152
-3.7614452838897705
-3.996474504470825
-20.715923309326172
-1.1688158512115479
-4.439680099487305
-7.276576995849609
-19.188138961791992
6.662014484405518
-8.148687362670898
3.482654571533203
-21.115734100341797
3.8747260570526123
-4.16779088973999
-3.7763543128967285
-21.817493438720703
-1.352103590965271
-4.606216907501221
-6.612784385681152
-20.471656799316406
6.933115482330322
-8.505916595458984
2.9574427604675293
-21.829679489135742
