2
3
-4.9872965812683105
-7.52163553237915
-3.18052077293396
2.944305419921875
-0.6291567087173462
7.543050765991211
-4.204988479614258
-10.105030059814453
6.855971336364746
8.90133285522461
5.558669090270996
5.047911643981934
-4.728775501251221
-6.820385456085205
-2.9504892826080322
4.206939697265625
-0.6073645353317261
7.034082412719727
-4.10195255279541
-11.132441520690918
6.646245002746582
8.60417652130127
5.064126014709473
4.437312126159668
-4.477724075317383
-6.13539981842041
-2.725085735321045
5.446124076843262
-0.5850823521614075
6.537919998168945
-3.997406244277954
-12.137426376342773
6.434704780578613
8.316452980041504
4.578923225402832
3.850560426712036
-4.234602928161621
-5.467382431030273
-2.5054104328155518
6.659343719482422
-0.5623201131820679
6.050637245178223
-3.8906660079956055
-13.125298500061035
6.221636772155762
8.037955284118652
4.103198051452637
3.2864203453063965
-3.999919891357422
-4.816699028015137
-2.2921247482299805
7.8450846672058105
-0.5394639372825623
5.567928314208984
-3.7814536094665527
-14.101731300354004
6.007375717163086
7.768354892730713
3.6371119022369385
2.7435011863708496
-3.7749385833740234
-4.183675765991211
-2.0867011547088623
9.001903533935547
-0.5165202617645264
5.085928440093994
-3.66898775100708
-15.071768760681152
5.792319297790527
7.507171154022217
3.1807861328125
2.2200775146484375
-3.5597753524780273
-3.5682742595672607
-1.8895090818405151
10.1290283203125
-0.49342483282089233
4.601320266723633
-3.5526838302612305
-16.04023551940918
5.576947212219238
7.253762245178223
2.734269618988037
1.7140401601791382
-3.3530073165893555
-2.970099925994873
-1.7001017332077026
11.225753784179688
-0.47000837326049805
4.111663818359375
-3.4318830966949463
-17.01120948791504
5.361836910247803
7.007598876953125
2.297884702682495
1.2236628532409668
-3.1535868644714355
-2.389026641845703
-1.5181976556777954
12.291315078735352
-0.44599369168281555
3.6153035163879395
-3.30583119392395
-17.98805809020996
5.147473335266113
6.768031597137451
1.871734857559204
0.7471820116043091
-2.9616217613220215
-1.8253889083862305
-1.3437373638153076
13.324913024902344
-0.4210585951805115
3.111056327819824
-3.173877716064453
-18.97385025024414
4.9343438148498535
6.5341997146606445
1.4560139179229736
0.2826547622680664
-2.776853561401367
-1.279443383216858
-1.1764492988586426
14.325827598571777
-0.3963707387447357
2.5960705280303955
-3.035210132598877
-19.9726505279541
4.722899436950684
6.305192470550537
1.0507851839065552
-0.17194175720214844
-2.5993001461029053
-0.7512884736061096
-1.0164620876312256
15.293787002563477
-0.37179791927337646
2.0685033798217773
-2.8887927532196045
-20.9887752532959
4.51345157623291
6.0797929763793945
0.6566389799118042
-0.6188007593154907
-2.4292328357696533
-0.24087011814117432
-0.8640784025192261
16.228961944580078
-0.34697914123535156
1.5255770683288574
-2.733048439025879
-22.02928924560547
4.306637287139893
5.856646537780762
0.2741326093673706
-1.0603134632110596
-2.2668044567108154
0.2530975341796875
-0.7200333476066589
17.132070541381836
-0.3215195834636688
0.9651614427566528
-2.5660903453826904
-23.099143981933594
4.102840900421143
5.634183406829834
-0.09594544768333435
-1.4989264011383057
-2.1117231845855713
0.7307983636856079
-0.5842345952987671
18.003036499023438
-0.2949550747871399
0.38586491346359253
-2.385566473007202
-24.201082229614258
3.902482271194458
5.410800457000732
-0.45301172137260437
-1.9372098445892334
-1.9634846448898315
1.1886937618255615
-0.4550374150276184
18.838634490966797
-0.26706135272979736
-0.21292519569396973
-2.189694404602051
-25.335384368896484
3.7057292461395264
5.184781074523926
-0.7970404624938965
-2.378021478652954
-1.8218570947647095
1.621182918548584
-0.33041614294052124
19.633569717407227
-0.23748967051506042
-0.8310141563415527
-1.9774221181869507
-26.501432418823242
3.5128211975097656
4.954402446746826
-1.127828598022461
-2.8242740631103516
-1.686087727546692
2.026276111602783
-0.20937694609165192
20.385074615478516
-0.20553117990493774
-1.4696581363677979
-1.7471930980682373
-27.702009201049805
3.3240036964416504
4.717947959899902
-1.4451053142547607
-3.2789855003356934
-1.554955005645752
2.4036216735839844
-0.09178686141967773
21.090240478515625
-0.1703377068042755
-2.1299896240234375
-1.4972779750823975
-28.939687728881836
3.1392271518707275
4.473753452301025
-1.748700737953186
-3.74515700340271
-1.4274439811706543
2.751781463623047
0.023339927196502686
21.74557876586914
-0.13100126385688782
-2.81339955329895
-1.2259001731872559
-30.21786117553711
2.9587643146514893
4.220409870147705
-2.0383057594299316
-4.2257208824157715
-1.3029632568359375
3.068519115447998
0.13732212781906128
22.347122192382812
-0.08473797142505646
-3.5193333625793457
-0.9314939975738525
-31.539875030517578
2.7831602096557617
3.956667900085449
-2.3134100437164307
-4.7237138748168945
-1.1808220148086548
3.3525009155273438
0.2512390613555908
22.8912353515625
-0.030442796647548676
-4.2495222091674805
-0.6118264198303223
-32.91033172607422
2.6128389835357666
3.680943012237549
-2.573267698287964
-5.242514610290527
-1.0603017807006836
3.603959321975708
0.36613255739212036
23.374977111816406
0.03283853083848953
-5.006128311157227
-0.2643474340438843
-34.33427429199219
2.4482836723327637
3.3922572135925293
-2.8172359466552734
-5.784963607788086
-0.9406665563583374
3.822803258895874
0.4831831455230713
23.795398712158203
0.1061931923031807
-5.791359901428223
0.11375299096107483
-35.816856384277344
2.28989839553833
3.0893688201904297
-3.0444700717926025
-6.353900909423828
-0.8217236399650574
4.0081915855407715
0.6038275957107544
24.14955711364746
0.190784752368927
-6.607800483703613
0.5255992412567139
-37.363983154296875
2.1382405757904053
2.771275520324707
-3.254141330718994
-6.952027320861816
-0.7032082676887512
4.159345626831055
0.7292208671569824
24.434640884399414
0.28787925839424133
-7.4582133293151855
0.974632978439331
-38.981937408447266
1.9938554763793945
2.436713695526123
-3.445223093032837
-7.58241081237793
-0.5844096541404724
4.27506685256958
0.8607803583145142
24.64641761779785
0.3988645672798157
-8.345539093017578
1.4646525382995605
-40.67738342285156
1.8572748899459839
2.084320068359375
-3.6166141033172607
-8.24824047088623
-0.4646940529346466
4.354195594787598
1.0002161264419556
24.781394958496094
0.5252834558486938
-9.272913932800293
1.9998247623443604
-42.457435607910156
1.7290432453155518
1.712620496749878
-3.7671151161193848
-8.952888488769531
-0.3434029221534729
4.3956990242004395
1.1492371559143066
24.836835861206055
0.6690239906311035
-10.244160652160645
2.585000991821289
-44.3314323425293
1.6097480058670044
1.3201100826263428
-3.895379066467285
-9.699843406677246
-0.2200222909450531
4.398344039916992
1.309826374053955
24.810375213623047
0.8319449424743652
-11.262843132019043
3.225339412689209
-46.30754852294922
1.4999678134918213
0.9053934216499329
-3.999912738800049
-10.492103576660156
-0.09383848309516907
4.360630989074707
1.4842053651809692
24.698894500732422
1.0160764455795288
-12.332674026489258
3.926426410675049
-48.39442443847656
1.40040922164917
0.46686357259750366
-4.07899808883667
-11.333305358886719
0.03593242168426514
4.281269550323486
1.6746495962142944
24.49998664855957
1.2236591577529907
-13.457690238952637
4.694525718688965
-50.601280212402344
1.311826229095459
0.002747178077697754
-4.130736351013184
-12.2274169921875
0.17018145322799683
4.158768653869629
1.8835104703903198
24.21075439453125
1.457148551940918
-14.642170906066895
5.536506652832031
-52.93791961669922
1.235008955001831
-0.4886712431907654
-4.153147220611572
-13.178305625915527
0.3097531795501709
3.991828441619873
2.113164186477661
23.828983306884766
1.719226598739624
-15.890650749206543
6.459875583648682
-55.414737701416016
1.1707916259765625
-1.0093178749084473
-4.144064903259277
-14.190350532531738
0.4555560350418091
3.778905153274536
2.3662328720092773
23.351930618286133
2.0128207206726074
-17.207921981811523
7.472833633422852
-58.04275894165039
1.1200510263442993
-1.561310052871704
-4.101015090942383
-15.268194198608398
0.6085778474807739
3.518376350402832
2.645561456680298
22.776803970336914
2.3411312103271484
-18.598941802978516
8.584301948547363
-60.83340835571289
1.08380925655365
-2.146838665008545
-4.021166801452637
-16.41665267944336
0.7698977589607239
3.208545207977295
2.954253673553467
22.100698471069336
2.7076213359832764
-20.06900405883789
9.804004669189453
-63.798912048339844
1.0631670951843262
-2.7681708335876465
-3.9015042781829834
-17.640785217285156
0.9406967759132385
2.847615957260132
3.295666217803955
21.320554733276367
3.116049289703369
-21.623737335205078
11.142544746398926
-66.95233917236328
1.0592830181121826
-3.427741050720215
-3.738748550415039
-18.945878982543945
1.1222593784332275
2.4336743354797363
3.673466682434082
20.43314552307129
3.5703582763671875
-23.269887924194336
12.611778259277344
-70.30927276611328
1.0734100341796875
-4.128167629241943
-3.529266595840454
-20.33751106262207
1.3158329725265503
1.9646658897399902
4.09164571762085
19.43528175354004
4.0748724937438965
-25.014320373535156
14.224425315856934
-73.88556671142578
1.1069130897521973
-4.872227668762207
-3.2690858840942383
-21.82155418395996
