2
3
9.854935646057129
-4.292186737060547
1.4307582378387451
2.6611578464508057
0.8055769205093384
1.2112183570861816
-2.198063850402832
-2.796933889389038
10.744646072387695
1.4711871147155762
8.396585464477539
1.221479892730713
9.672581672668457
-3.8953826427459717
1.081271767616272
3.2035329341888428
0.7970110177993774
0.9578965306282043
-0.9959635734558105
-3.184016704559326
11.157801628112793
1.4386857748031616
7.424320220947266
0.8457684516906738
9.479832649230957
-3.4712085723876953
0.6946207284927368
3.691707134246826
0.9042554497718811
0.6452569961547852
0.17264485359191895
-3.50950288772583
11.455902099609375
1.4127039909362793
6.4836320877075195
0.4913831949234009
9.286972999572754
-3.010740041732788
0.24292480945587158
4.094346046447754
1.1190541982650757
0.28018462657928467
1.2997591495513916
-3.7594943046569824
11.644038200378418
1.3886295557022095
5.609032154083252
0.16417628526687622
9.09079360961914
-2.5162179470062256
-0.24354398250579834
4.393834114074707
1.4309766292572021
-0.13074856996536255
2.3650331497192383
-3.920313596725464
11.739835739135742
1.356131911277771
4.810251235961914
-0.125267893075943
8.874397277832031
-2.003246784210205
-0.7032486796379089
4.601330757141113
1.8282976150512695
-0.5761235356330872
3.35014009475708
-3.984048843383789
11.76406192779541
1.304932713508606
4.0822930335998535
-0.36587923765182495
8.62733268737793
-1.485877513885498
-1.0910003185272217
4.724623680114746
2.2988054752349854
-1.0416622161865234
4.23716926574707
-3.950563430786133
11.734832763671875
1.236433982849121
3.4133942127227783
-0.5612485408782959
8.351317405700684
-0.9655246734619141
-1.3895087242126465
4.7515363693237305
2.831390380859375
-1.5116817951202393
5.007894039154053
-3.8271756172180176
11.6630859375
1.1528772115707397
2.802802562713623
-0.7135394215583801
8.050946235656738
-0.4569932222366333
-1.5713062286376953
4.684794902801514
3.4151463508605957
-1.9724011421203613
5.648493766784668
-3.6190648078918457
11.559287071228027
1.0664443969726562
2.2341270446777344
-0.838923454284668
7.735250473022461
0.02940499782562256
-1.6245700120925903
4.523698329925537
4.038248538970947
-2.411436080932617
6.146124839782715
-3.3315248489379883
11.42989730834961
0.9824701547622681
1.7025988101959229
-0.9540022611618042
7.416728973388672
0.48384737968444824
-1.5458260774612427
4.268490314483643
4.686178684234619
-2.8161580562591553
6.492183208465576
-2.9727251529693604
11.27894115447998
0.9020074009895325
1.2142741680145264
-1.0703493356704712
7.11142110824585
0.8973832130432129
-1.3429043292999268
3.922433853149414
5.342023849487305
-3.172790050506592
6.687654495239258
-2.555192232131958
11.105348587036133
0.8264480233192444
0.7801603078842163
-1.1962647438049316
6.833188533782959
1.2623153924942017
-1.0270085334777832
3.4942548274993896
5.988564968109131
-3.4688541889190674
6.744102954864502
-2.095938205718994
10.907106399536133
0.7568750381469727
0.413463294506073
-1.3381383419036865
6.594013214111328
1.5729684829711914
-0.6136773228645325
2.9966111183166504
6.611502647399902
-3.6958839893341064
6.677258014678955
-1.6096994876861572
10.685530662536621
0.6935032606124878
0.12407553195953369
-1.5013360977172852
6.403387069702148
1.8246605396270752
-0.1214786171913147
2.444462776184082
7.196700572967529
-3.846859931945801
6.5162553787231445
-1.1170933246612549
10.446008682250977
0.6339399814605713
-0.08574534952640533
-1.6891692876815796
6.269533634185791
2.013256549835205
0.4292027950286865
1.8575239181518555
7.735439300537109
-3.920715808868408
6.278543472290039
-0.6315554976463318
10.196773529052734
0.573020339012146
-0.22030411660671234
-1.8975225687026978
6.197309494018555
2.1358203887939453
1.0166372060775757
1.2555232048034668
8.221969604492188
-3.9188902378082275
5.98018741607666
-0.167436420917511
9.947336196899414
0.5041201710700989
-0.28929513692855835
-2.1141350269317627
6.188203811645508
2.1916027069091797
1.618695855140686
0.6593953967094421
8.653091430664062
-3.8461198806762695
5.637903213500977
0.2629246711730957
9.704190254211426
0.42367810010910034
-0.30080100893974304
-2.331538677215576
6.239979267120361
2.1826562881469727
2.211857795715332
0.08873718976974487
9.027652740478516
-3.7096729278564453
5.265382289886475
0.6524264812469482
9.473173141479492
0.3287556767463684
-0.26958343386650085
-2.537814140319824
6.350405693054199
2.110875129699707
2.7695841789245605
-0.4376761317253113
9.345438003540039
-3.5174977779388428
4.8695149421691895
1.0002723932266235
9.258403778076172
0.21886008977890015
-0.21201001107692719
-2.720970630645752
6.512023448944092
1.9830125570297241
3.284459114074707
-0.9143825769424438
9.604305267333984
-3.2727012634277344
4.461901664733887
1.2991530895233154
9.060243606567383
0.09694869816303253
-0.1296364665031433
-2.8760902881622314
6.714663505554199
1.8105229139328003
3.7636239528656006
-1.345423936843872
9.80509090423584
-2.982781410217285
4.059174060821533
1.543140172958374
8.87682056427002
-0.03357590734958649
-0.009794987738132477
-3.00614333152771
6.952845096588135
1.6014081239700317
4.201937675476074
-1.7307792901992798
9.953563690185547
-2.6596994400024414
3.6646242141723633
1.733934760093689
8.708251953125
-0.17076285183429718
0.1550597846508026
-3.1140494346618652
7.22205924987793
1.362726092338562
4.591686248779297
-2.06984806060791
10.054338455200195
-2.313746690750122
3.286214828491211
1.870724081993103
8.557361602783203
-0.3139446973800659
0.36709147691726685
-3.2015206813812256
7.517610549926758
1.1017439365386963
4.925966739654541
-2.362982988357544
10.11141586303711
-1.9534648656845093
2.9341142177581787
1.9513291120529175
8.429096221923828
-0.46244585514068604
0.6240083575248718
-3.2700672149658203
7.8341522216796875
0.8255616426467896
5.201526165008545
-2.6118180751800537
10.128499031066895
-1.5859843492507935
2.619584798812866
1.9725620746612549
8.32783317565918
-0.6147732138633728
0.9211669564247131
-3.3203206062316895
8.166287422180176
0.5408006310462952
5.415563106536865
-2.817627429962158
10.109081268310547
-1.2182068824768066
2.3540596961975098
1.9326258897781372
8.257272720336914
-0.7701700925827026
1.2521183490753174
-3.3520865440368652
8.507248878479004
0.2534293532371521
5.569853782653809
-2.981074810028076
10.058371543884277
-0.8574538230895996
2.1469955444335938
1.830182671546936
8.219243049621582
-0.927200436592102
1.6093345880508423
-3.365204334259033
8.849895477294922
-0.030843794345855713
5.668185234069824
-3.1035234928131104
9.98183536529541
-0.5112230777740479
2.006096124649048
1.6654767990112305
8.213815689086914
-1.0841652154922485
1.9855225086212158
-3.3602466583251953
9.186718940734863
-0.30702292919158936
5.7170329093933105
-3.1865878105163574
9.886239051818848
-0.1861230432987213
1.9364311695098877
1.4389429092407227
8.239437103271484
-1.239300012588501
2.3736259937286377
-3.3384180068969727
9.510401725769043
-0.5703251361846924
5.726685047149658
-3.2341060638427734
9.778167724609375
0.11145156621932983
1.9411472082138062
1.1528457403182983
8.29400634765625
-1.390712022781372
2.7662856578826904
-3.3017420768737793
9.814175605773926
-0.8162475824356079
5.710582733154297
-3.2522926330566406
9.663962364196777
0.3755382299423218
2.0217127799987793
0.81168133020401
8.375370025634766
-1.536313772201538
3.1559481620788574
-3.2533416748046875
10.092543601989746
-1.0409942865371704
5.680256366729736
-3.2482616901397705
9.550561904907227
0.6005896329879761
2.176753520965576
0.4224292039871216
8.480741500854492
-1.6735341548919678
3.5361227989196777
-3.198543071746826
10.341760635375977
-1.2414140701293945
5.647782325744629
-3.231058120727539
9.444905281066895
0.7816972136497498
2.4020566940307617
-0.004751056432723999
8.607091903686523
-1.80045485496521
3.901428461074829
-3.1415939331054688
10.560397148132324
-1.415325403213501
5.623519420623779
-3.211066246032715
9.35377025604248
0.9156856536865234
2.690707206726074
-0.4590727984905243
8.751017570495605
-1.9150155782699585
4.248847007751465
-3.0884218215942383
10.748852729797363
-1.5620845556259155
5.615794658660889
-3.1978163719177246
9.282322883605957
1.0000929832458496
3.0369114875793457
-0.9286787509918213
8.908156394958496
-2.0149130821228027
4.579949378967285
-3.0460264682769775
10.908852577209473
-1.6827033758163452
5.6317596435546875
-3.198737382888794
9.235057830810547
1.0346310138702393
3.433828830718994
-1.4039913415908813
9.074250221252441
-2.098701238632202
4.898642539978027
-3.021287202835083
11.04273796081543
-1.7800300121307373
5.6773505210876465
-3.2182488441467285
9.215243339538574
1.0219165086746216
3.8739089965820312
-1.879589557647705
9.245627403259277
-2.1664462089538574
5.210394382476807
-3.019523859024048
11.154546737670898
-1.8586091995239258
5.753103733062744
-3.2562756538391113
9.22470474243164
0.9657390117645264
4.349826812744141
-2.352292537689209
9.420021057128906
-2.2202606201171875
5.520244121551514
-3.042372703552246
11.248010635375977
-1.9220166206359863
5.861842155456543
-3.314059257507324
9.264354705810547
0.8696106672286987
4.854725360870361
-2.819350004196167
9.59541130065918
-2.262204170227051
5.832401752471924
-3.0904223918914795
