2
3
-0.9984492063522339
1.966937780380249
-4.522931098937988
8.429288864135742
4.959997653961182
0.20866864919662476
-2.4442272186279297
-6.738407611846924
-1.887331485748291
2.452672004699707
8.123800277709961
6.350484371185303
-1.362553596496582
2.5556528568267822
-4.100108623504639
8.187117576599121
4.805190086364746
-0.22824227809906006
-3.1897664070129395
-6.378640174865723
-1.0577456951141357
2.6173832416534424
7.882706642150879
6.051916122436523
-1.6698728799819946
3.111287832260132
-3.564995288848877
7.8407793045043945
4.596299648284912
-0.608235239982605
-3.87725830078125
-5.960318088531494
-0.2585190534591675
2.7714695930480957
7.528237342834473
5.7648820877075195
-1.9073519706726074
3.622541904449463
-2.93436598777771
7.398514270782471
4.3323974609375
-0.9270516633987427
-4.489221096038818
-5.5012736320495605
0.4922698736190796
2.92391037940979
7.094861030578613
5.47450065612793
-2.060300588607788
4.076023101806641
-2.239276170730591
6.879319667816162
4.024208068847656
-1.1879253387451172
-5.026230812072754
-5.010637283325195
1.1822004318237305
3.08426570892334
6.6119842529296875
5.160823345184326
-2.1242754459381104
4.465086936950684
-1.5137383937835693
6.304091930389404
3.685232639312744
-1.39742112159729
-5.503122329711914
-4.482394695281982
1.8086987733840942
3.254857063293457
6.092733383178711
4.81569766998291
-2.106658458709717
4.788457870483398
-0.7807900905609131
5.691470146179199
3.3206241130828857
-1.5565450191497803
-5.920428276062012
-3.919800043106079
2.3752903938293457
3.428358554840088
5.531770706176758
4.447282314300537
-2.0151028633117676
5.04603385925293
-0.06482166051864624
5.0603227615356445
2.9327282905578613
-1.6657562255859375
-6.276028156280518
-3.3266448974609375
2.8834004402160645
3.5966250896453857
4.928495407104492
4.068139553070068
-1.8479063510894775
5.2369513511657715
0.5951959490776062
4.424541473388672
2.523536443710327
-1.7264235019683838
-6.567936897277832
-2.7073421478271484
3.3317034244537354
3.753995180130005
4.292240142822266
3.6884288787841797
-1.6006584167480469
5.366082191467285
1.1432404518127441
3.7863235473632812
2.0984609127044678
-1.739544153213501
-6.803421497344971
-2.0644097328186035
3.712113380432129
3.893789529800415
3.637887954711914
3.3276827335357666
-1.278381586074829
5.441666603088379
1.550511360168457
3.1382124423980713
1.6613223552703857
-1.7067142724990845
-6.982102870941162
-1.3948097229003906
4.023427486419678
4.015900135040283
2.981147289276123
2.9889297485351562
-0.8984121084213257
5.4660515785217285
1.823103666305542
2.4886364936828613
1.2162576913833618
-1.630904197692871
-7.0938615798950195
-0.7003180384635925
4.268792152404785
4.1246442794799805
2.328007221221924
2.6665234565734863
-0.48125746846199036
5.4365410804748535
1.9793636798858643
1.8618823289871216
0.7672466039657593
-1.5157947540283203
-7.121028900146484
0.010362386703491211
4.451774597167969
4.219172954559326
1.68602454662323
2.3589038848876953
-0.04759064316749573
5.349662780761719
2.0423314571380615
1.2877237796783447
0.3250157833099365
-1.3580244779586792
-7.057436943054199
0.7119007110595703
4.5753607749938965
4.2926130294799805
1.058187484741211
2.0787785053253174
0.3870161473751068
5.206055164337158
2.0241570472717285
0.7878615260124207
-0.09480017423629761
-1.1489602327346802
-6.918638706207275
1.3637876510620117
4.642117023468018
4.339298725128174
0.4473046064376831
1.840139389038086
0.8054089546203613
5.011828422546387
1.9424036741256714
0.3782593607902527
-0.48518672585487366
-0.8943847417831421
-6.709553241729736
1.9553651809692383
4.653909206390381
4.3590006828308105
-0.14069724082946777
1.651828408241272
1.1969809532165527
4.779712677001953
1.8080673217773438
0.061376869678497314
-0.8367206454277039
-0.6056389212608337
-6.443463325500488
2.4858450889587402
4.615561008453369
4.358198165893555
-0.7021796107292175
1.5100091695785522
1.559576392173767
4.523448944091797
1.6231428384780884
-0.17009487748146057
-1.1450254917144775
-0.2919972836971283
-6.129387378692627
2.9541468620300293
4.535816669464111
4.344825744628906
-1.23753821849823
1.4020544290542603
1.8931620121002197
4.252200126647949
1.3836489915847778
-0.32110297679901123
-1.408547043800354
0.03863361477851868
-5.779018878936768
3.3596227169036865
4.422040939331055
4.323411464691162
-1.7465472221374512
1.3182860612869263
2.194873094558716
3.974395275115967
1.0907859802246094
-0.39466312527656555
-1.625622272491455
0.38014331459999084
-5.404702186584473
3.701343059539795
4.278284072875977
4.295690059661865
-2.2276458740234375
1.2536439895629883
2.4612889289855957
3.6992201805114746
0.7474964261054993
-0.39557695388793945
-1.7962708473205566
0.725972056388855
-5.014279842376709
3.9813685417175293
4.1076812744140625
4.2645721435546875
-2.6789000034332275
1.202378273010254
2.6882753372192383
3.435274600982666
0.3606584370136261
-0.3287351429462433
-1.9211881160736084
1.0689345598220825
-4.6133809089660645
4.206083297729492
3.912656307220459
4.232784271240234
-3.0984020233154297
1.1595755815505981
2.870288133621216
3.188971519470215
-0.05701586604118347
-0.19801494479179382
-2.001552104949951
1.403688907623291
-4.208702087402344
4.380978584289551
3.694178581237793
4.201420783996582
-3.4797778129577637
1.124269962310791
3.0053107738494873
2.9668843746185303
-0.4949816167354584
-0.010046571493148804
-2.038029909133911
1.7254769802093506
-3.810335159301758
4.51198673248291
3.4555516242980957
4.1700873374938965
-3.8214635848999023
1.09721040725708
3.094167709350586
2.774569511413574
-0.9457540512084961
0.22643761336803436
-2.031489610671997
2.0310440063476562
-3.4332077503204346
4.606076717376709
3.2022275924682617
4.136903762817383
-4.128582000732422
1.0808513164520264
3.1403462886810303
2.6165313720703125
-1.4069427251815796
0.5000415444374084
-1.9837398529052734
2.3183319568634033
-3.0924129486083984
4.670313835144043
2.9398193359375
4.1001787185668945
-4.4091596603393555
1.0784865617752075
3.14750599861145
2.495501756668091
-1.8766472339630127
0.8002704381942749
-1.8973033428192139
2.586256504058838
-2.8005194664001465
4.710798263549805
2.673678398132324
4.058498859405518
-4.673573970794678
1.0941572189331055
3.1190686225891113
2.412376642227173
-2.3523178100585938
1.1183547973632812
-1.7773305177688599
2.835016965866089
-2.5612666606903076
4.731237888336182
2.4078874588012695
4.01206111907959
-4.931585788726807
1.1315168142318726
3.057478189468384
2.366567850112915
-2.8311054706573486
1.4472129344940186
-1.6293683052062988
3.065978527069092
-2.375734806060791
4.733412265777588
2.142914295196533
3.9633231163024902
-5.183206081390381
1.191601037979126
2.9639394283294678
2.3573544025421143
-3.310023069381714
1.780714511871338
-1.4582655429840088
3.2801835536956787
-2.2455296516418457
4.720010280609131
1.8790801763534546
3.9148166179656982
-5.42508602142334
1.2738713026046753
2.8397254943847656
2.384002208709717
-3.7827110290527344
2.113187551498413
-1.268946886062622
3.477747917175293
-2.168792247772217
4.693024158477783
1.6170308589935303
3.8684887886047363
-5.651876926422119
1.377076506614685
2.687375783920288
2.4438681602478027
-4.244106769561768
2.4411203861236572
-1.0663635730743408
3.6593713760375977
-2.1479299068450928
4.656213760375977
1.3582772016525269
3.8254146575927734
-5.859282493591309
1.4998847246170044
2.5102531909942627
2.5329465866088867
-4.691977500915527
2.762838125228882
-0.855355978012085
3.8257739543914795
-2.1860053539276123
4.614199161529541
1.1049673557281494
3.7861876487731934
-6.048362731933594
1.6430789232254028
2.311528444290161
2.647081136703491
-5.124672889709473
3.077317953109741
-0.6409863233566284
3.9777824878692627
-2.2850358486175537
4.57147216796875
0.8591923713684082
3.751420736312866
-6.2221527099609375
1.8078149557113647
2.094332456588745
2.7822980880737305
-5.540867328643799
3.3838958740234375
-0.4285203218460083
4.116186141967773
-2.4451537132263184
4.532279014587402
0.6227213144302368
3.721618413925171
-6.384339809417725
1.99540376663208
1.8620719909667969
2.9350643157958984
-5.940466403961182
3.681962728500366
-0.2232610583305359
4.241817951202393
-2.6664440631866455
4.501594066619873
0.39704540371894836
3.697401762008667
-6.5395026206970215
2.2069880962371826
1.6181977987289429
3.101813316345215
-6.3248291015625
3.9718971252441406
-0.030520260334014893
4.355745315551758
-2.9479258060455322
4.4842681884765625
0.18334704637527466
3.6795825958251953
-6.693113327026367
2.4434783458709717
1.3658463954925537
3.2794315814971924
-6.696826457977295
4.254598617553711
0.14454373717308044
4.459222793579102
-3.2876639366149902
4.485124111175537
-0.01772373914718628
3.669475555419922
-6.851404666900635
2.7053492069244385
1.108134388923645
3.46520733833313
-7.0610761642456055
4.531386852264404
0.29730114340782166
4.553720474243164
-3.682767629623413
4.508724212646484
-0.20593714714050293
3.6691651344299316
-7.021923065185547
2.991908550262451
0.8476028442382812
3.6569766998291016
-7.424187660217285
4.804620265960693
0.4239196479320526
4.640746593475342
-4.129261016845703
4.559073448181152
-0.381561815738678
3.68096661567688
-7.212048530578613
3.3015365600585938
