2
3
1.749579668045044
-5.920130252838135
4.32951021194458
-8.970450401306152
-9.496091842651367
8.978304862976074
10.102477073669434
3.4706015586853027
-5.636404991149902
-7.3891754150390625
-7.323631286621094
-5.991296291351318
1.5347707271575928
-5.896756649017334
3.849170446395874
-8.869019508361816
-9.026938438415527
8.310043334960938
11.249568939208984
2.1703011989593506
-5.700220108032227
-7.172943115234375
-7.549835681915283
-5.5846123695373535
1.3212053775787354
-5.876497745513916
3.3750922679901123
-8.77692985534668
-8.560026168823242
7.6557769775390625
12.383186340332031
0.8975968360900879
-5.761410236358643
-6.963356018066406
-7.768707275390625
-5.194498062133789
1.1094142198562622
-5.859678268432617
2.9082562923431396
-8.694842338562012
-8.094486236572266
7.0157856941223145
13.505764961242676
-0.3469400405883789
-5.819831848144531
-6.761137008666992
-7.979752540588379
-4.821573257446289
0.9000281691551208
-5.846774101257324
2.449799060821533
-8.623600006103516
-7.628908157348633
6.389873027801514
14.620351791381836
-1.5638983249664307
-5.875239849090576
-6.567066192626953
-8.182321548461914
-4.466557502746582
0.6936919093132019
-5.838541507720947
2.001082420349121
-8.564391136169434
-7.161443710327148
5.776371479034424
15.730050086975098
-2.7578413486480713
-5.92741584777832
-6.381925582885742
-8.375865936279297
-4.130287170410156
0.49091365933418274
-5.835384845733643
1.5629099607467651
-8.51781940460205
-6.689025402069092
5.174159049987793
16.83818817138672
-3.9325413703918457
-5.976114749908447
-6.206456184387207
-8.559720993041992
-3.8135757446289062
0.29223766922950745
-5.837728500366211
1.1361753940582275
-8.484533309936523
-6.209463119506836
4.580996513366699
17.948734283447266
-5.0916547775268555
-6.020938396453857
-6.041368007659912
-8.732819557189941
-3.517326593399048
0.09818992018699646
-5.845963954925537
0.7216944694519043
-8.465020179748535
-5.720513343811035
3.993997573852539
19.065654754638672
-6.239703178405762
-6.061567783355713
-5.887321949005127
-8.894372940063477
-3.2424051761627197
-0.09066776931285858
-5.860581398010254
0.32044917345046997
-8.459980964660645
-5.219778537750244
3.409669876098633
20.19306182861328
-7.381608486175537
-6.0976080894470215
-5.7449564933776855
-9.043377876281738
-2.9896864891052246
-0.2737007141113281
-5.8821492195129395
-0.0663864016532898
-8.470330238342285
-4.704741477966309
2.8238964080810547
21.335651397705078
-8.522518157958984
-6.1286444664001465
-5.61475944519043
-9.178990364074707
-2.7599213123321533
-0.4502280652523041
-5.91139030456543
-0.437485933303833
-8.497330665588379
-4.173113822937012
2.232325553894043
22.49755096435547
-9.667730331420898
-6.153975486755371
-5.496968746185303
-9.300436973571777
-2.5539588928222656
-0.6195502281188965
-5.949214935302734
-0.7913702130317688
-8.542461395263672
-3.62330961227417
1.6309908628463745
23.68191909790039
-10.822091102600098
-6.173028469085693
-5.392217636108398
-9.406340599060059
-2.3727893829345703
-0.7811262607574463
-5.996947765350342
-1.126380443572998
-8.607316017150879
-3.0537662506103516
1.016503095626831
24.89272689819336
-11.990488052368164
-6.185110569000244
-5.30128812789917
-9.495138168334961
-2.2177326679229736
-0.9343128800392151
-6.05537748336792
-1.4410043954849243
-8.693090438842773
-2.463559627532959
0.3864063024520874
26.132423400878906
-13.177108764648438
-6.189335346221924
-5.22489595413208
-9.56497859954834
-2.089980363845825
-1.0782628059387207
-6.125141620635986
-1.733666181564331
-8.800965309143066
-1.851139783859253
-0.26127785444259644
27.405132293701172
-14.386651992797852
-6.18507194519043
-5.164071559906006
-9.614082336425781
-1.991342306137085
-1.2120684385299683
-6.207366943359375
-2.0023112297058105
-8.93299674987793
-1.215300440788269
-0.9283270835876465
28.714313507080078
-15.62391471862793
-6.1714582443237305
-5.119899272918701
-9.640033721923828
-1.923782229423523
-1.3347666263580322
-6.303184509277344
-2.24479341506958
-9.091242790222168
-0.5544766187667847
-1.6166670322418213
30.0640811920166
-16.894113540649414
-6.147644996643066
-5.093480110168457
-9.640629768371582
-1.8894410133361816
-1.4453970193862915
-6.413842678070068
-2.458879232406616
-9.278008460998535
0.13340657949447632
-2.328549385070801
31.45966148376465
-18.20355796813965
-6.1127705574035645
-5.085916042327881
-9.613980293273926
-1.89065420627594
-1.542751669883728
-6.540460586547852
-2.6418159008026123
-9.495361328125
0.8502017855644226
-3.0660531520843506
32.905418395996094
-19.55779457092285
-6.066168308258057
-5.098257541656494
-9.558730125427246
-1.929598093032837
-1.625353455543518
-6.684260845184326
-2.790354013442993
-9.745587348937988
1.5975080728530884
-3.831195831298828
34.404666900634766
-20.962093353271484
-6.0069966316223145
-5.13150691986084
-9.472935676574707
-2.0083425045013428
-1.6918659210205078
-6.846963405609131
-2.9018948078155518
-10.03238296508789
2.3779611587524414
-4.627076148986816
35.96417236328125
-22.42338752746582
-5.934038162231445
-5.186550140380859
-9.354225158691406
-2.128998041152954
-1.7410742044448853
-7.029818534851074
-2.973947286605835
-10.358322143554688
3.193263530731201
-5.455877780914307
37.58849334716797
-23.946447372436523
-5.845616340637207
-5.264657974243164
-9.19897174835205
-2.294001340866089
-1.7717801332473755
-7.2344255447387695
-3.0037055015563965
-10.726274490356445
4.044734477996826
-6.319443225860596
39.281349182128906
-25.53531265258789
-5.740159034729004
-5.367574214935303
-9.00324535369873
-2.506023406982422
-1.7825878858566284
-7.462041854858398
-2.9881529808044434
-11.139001846313477
4.934616565704346
-7.2206010818481445
41.048519134521484
-27.196340560913086
-5.6162109375
-5.497090816497803
-8.763615608215332
-2.767895460128784
-1.7717652320861816
-7.713619709014893
-2.9231178760528564
-11.598551750183105
5.863536834716797
-8.160672187805176
42.89305877685547
-28.932825088500977
-5.471566677093506
-5.654817581176758
-8.47658920288086
-3.082578182220459
-1.737416386604309
-7.991014003753662
-2.8042144775390625
-12.108489990234375
6.832912921905518
-9.141692161560059
44.81885528564453
-30.74917984008789
-5.305216312408447
-5.842562675476074
-8.139410018920898
-3.45304274559021
-1.6774698495864868
-8.29613971710205
-2.6273393630981445
-12.672679901123047
7.843472957611084
-10.165397644042969
46.82859802246094
-32.64899826049805
-5.115406513214111
-6.062271595001221
-7.748019218444824
-3.8823671340942383
-1.589646816253662
-8.631272315979004
-2.3876419067382812
-13.295402526855469
8.8970308303833
-11.234222412109375
48.927459716796875
-34.638118743896484
-4.9003520011901855
-6.315868377685547
-7.29832649230957
-4.373799800872803
-1.4722453355789185
-8.998701095581055
-2.0808098316192627
-13.980779647827148
9.996193885803223
-12.351224899291992
51.12217712402344
-36.72382736206055
-4.6582159996032715
-6.605227947235107
-6.786106586456299
-4.930534362792969
-1.323686957359314
-9.40070629119873
-1.70292329788208
-14.733108520507812
11.144173622131348
-13.520244598388672
53.4202766418457
-38.914161682128906
-4.387380123138428
-6.932145595550537
-6.207401275634766
-5.55577278137207
-1.1423593759536743
-9.839536666870117
-1.2498947381973267
-15.556599617004395
12.344038963317871
-14.745298385620117
55.82881164550781
-41.216461181640625
-4.0863037109375
-7.298415184020996
-5.558356761932373
-6.2527899742126465
-0.9266859292984009
-10.317425727844238
-0.7176568508148193
-16.4554443359375
13.599153518676758
-16.03044891357422
58.35557174682617
-43.63909149169922
-3.75346040725708
-7.705820560455322
-4.835134983062744
-7.025041580200195
-0.6749877333641052
-10.836714744567871
-0.10175883769989014
-17.43415641784668
14.913039207458496
-17.380002975463867
61.00874710083008
-46.191001892089844
-3.3870811462402344
-8.15627670288086
-4.033016204833984
-7.876181602478027
-0.38556045293807983
-11.399801254272461
0.6022428274154663
-18.49744987487793
16.28931999206543
-18.79845428466797
63.79673385620117
-48.88148498535156
-2.9851951599121094
-8.651662826538086
-3.1468722820281982
-8.810128211975098
-0.05643823742866516
-12.009164810180664
1.399387001991272
-19.650272369384766
17.731714248657227
-20.290485382080078
66.72814178466797
-51.7201042175293
-2.5461301803588867
-9.193806648254395
-2.1726932525634766
-9.830766677856445
0.31418925523757935
-12.667320251464844
2.29445219039917
-20.89765167236328
19.244022369384766
-21.86092758178711
69.81178283691406
-54.71660232543945
-2.0686283111572266
-9.784577369689941
-1.1071186065673828
-10.942150115966797
0.7282364368438721
-13.376866340637207
3.2923660278320312
-22.244884490966797
20.830101013183594
-23.51476287841797
73.05660247802734
-57.8808708190918
-1.5511753559112549
-10.425968170166016
0.053908705711364746
-12.148507118225098
1.187746524810791
-14.14040756225586
4.3981781005859375
-23.697288513183594
22.494050979614258
-25.25737190246582
76.47216796875
-61.223880767822266
-0.9922933578491211
-11.119853973388672
1.3145716190338135
-13.453980445861816
1.6948814392089844
-14.960909843444824
5.617867469787598
-25.260967254638672
24.241661071777344
-27.095088958740234
80.07237243652344
-64.76129150390625
-0.3898959159851074
-11.868505477905273
2.680354118347168
-14.863326072692871
