2
3
-8.629453659057617
8.469842910766602
2.9905848503112793
-8.975749969482422
-5.659645080566406
-2.830336093902588
3.906242609024048
2.537900924682617
3.538031578063965
-1.8384007215499878
-8.777321815490723
10.408729553222656
-8.276087760925293
7.7920026779174805
3.923125982284546
-10.271223068237305
-5.446049690246582
-2.5472145080566406
4.230164051055908
3.069511651992798
3.0227551460266113
-1.3670704364776611
-9.984759330749512
11.26727294921875
-7.930312156677246
7.134026050567627
4.838747501373291
-11.531431198120117
-5.239801406860352
-2.2647464275360107
4.540440559387207
3.5981390476226807
2.5134429931640625
-0.905834436416626
-11.174771308898926
12.107768058776855
-7.590153694152832
6.490164756774902
5.742185592651367
-12.76367473602295
-5.04052209854126
-1.9831886291503906
4.837487697601318
4.12379789352417
2.0103726387023926
-0.4544459283351898
-12.347354888916016
12.930606842041016
-7.253303050994873
5.854408264160156
6.638429164886475
-13.97547721862793
-4.8479132652282715
-1.703207015991211
5.121899604797363
4.6461310386657715
1.5137639045715332
-0.01271095871925354
-13.502591133117676
13.736313819885254
-6.917583465576172
5.2215118408203125
7.5328450202941895
-15.173713684082031
-4.661755561828613
-1.425415277481079
5.394128799438477
5.164751052856445
1.0237696170806885
0.41893744468688965
-14.640588760375977
14.525431632995605
-6.580755710601807
4.5876851081848145
8.430316925048828
-16.364370346069336
-4.482126235961914
-1.1499278545379639
5.65427827835083
5.679365634918213
0.5405937433242798
0.8399026989936829
-15.761319160461426
15.298030853271484
-6.2408576011657715
3.9506192207336426
9.334918975830078
-17.55229377746582
-4.308687210083008
-0.8771312832832336
5.903038024902344
6.189089298248291
0.06438913941383362
1.2500267028808594
-16.86499786376953
16.054489135742188
-5.895816326141357
3.308018445968628
10.251323699951172
-18.74372100830078
-4.140026569366455
-0.6071309447288513
6.141517162322998
6.692771911621094
-0.40507927536964417
1.6500213146209717
-17.953062057495117
16.79722785949707
-5.5431694984436035
2.6567301750183105
11.185613632202148
-19.948036193847656
-3.9752933979034424
-0.3402143716812134
6.370638847351074
7.189157962799072
-0.8676868677139282
2.0399293899536133
-19.025829315185547
17.52682113647461
-5.180727005004883
1.9936336278915405
12.14360237121582
-21.173818588256836
-3.813828706741333
-0.07692009210586548
6.591346263885498
7.676742076873779
-1.3232014179229736
2.419642210006714
-20.083332061767578
18.24340057373047
-4.806227684020996
1.3170764446258545
13.129870414733887
-22.426753997802734
-3.6549932956695557
0.1820586621761322
6.804878234863281
8.153741836547852
-1.7710089683532715
2.7883801460266113
-21.12470817565918
18.94582176208496
-4.418838977813721
0.6268022060394287
14.146803855895996
-23.70768928527832
-3.498107433319092
0.43599534034729004
7.012519836425781
8.61817741394043
-2.2091400623321533
3.1414852142333984
-22.146129608154297
19.628520965576172
-4.017457962036133
-0.08000624179840088
15.198622703552246
-25.020673751831055
-3.342226505279541
0.6840548515319824
7.215811252593994
9.067739486694336
-2.6363301277160645
3.475365400314331
-23.145431518554688
20.288925170898438
-3.6017134189605713
-0.8029992580413818
16.287036895751953
-26.3654842376709
-3.187354803085327
0.9230386018753052
7.416182994842529
9.498261451721191
-3.0513598918914795
3.787649631500244
-24.120342254638672
20.924785614013672
-3.170584201812744
-1.5420842170715332
17.414485931396484
-27.743274688720703
-3.0333168506622314
1.1486990451812744
7.615309238433838
9.904951095581055
-3.4509785175323486
4.073421478271484
-25.063976287841797
21.529176712036133
-2.722762107849121
-2.2972822189331055
18.583847045898438
-29.157495498657227
-2.879356861114502
1.3576115369796753
7.815264701843262
10.282881736755371
-3.8332347869873047
4.329940319061279
-25.97235870361328
22.0982723236084
-2.2569687366485596
-3.0700855255126953
19.798498153686523
-30.612350463867188
-2.7244293689727783
1.5465288162231445
8.018757820129395
10.627409934997559
-4.197062015533447
4.556314945220947
-26.84325408935547
22.63059425354004
-1.7716364860534668
-3.8625543117523193
21.062437057495117
-32.11320877075195
-2.5675196647644043
1.7128804922103882
8.228777885437012
10.93503475189209
-4.541327476501465
4.751831531524658
-27.673709869384766
23.122629165649414
-1.264794111251831
-4.677611351013184
22.380565643310547
-33.66730499267578
-2.4074149131774902
1.8542718887329102
8.448084831237793
11.201635360717773
-4.865151405334473
4.916336536407471
-28.46150779724121
23.571929931640625
-0.7344053983688354
-5.5175652503967285
23.7574405670166
-35.28220748901367
-2.242788076400757
1.9691236019134521
8.679669380187988
11.423502922058105
-5.167762756347656
5.04966926574707
-29.20464324951172
23.97572898864746
-0.17859071493148804
-6.3844757080078125
25.197200775146484
-36.964481353759766
-2.0722815990448
2.0561046600341797
8.926390647888184
11.596861839294434
-5.448319911956787
5.151737213134766
-29.901098251342773
24.33159065246582
0.40445172786712646
-7.280776023864746
26.703811645507812
-38.72039794921875
-1.8945945501327515
2.1141247749328613
9.191139221191406
11.718289375305176
-5.706088066101074
5.222521781921387
-30.549169540405273
24.63739585876465
1.0168302059173584
-8.208776473999023
28.281902313232422
-40.55711364746094
-1.7083983421325684
2.142177104949951
9.476953506469727
11.78441047668457
-5.940635681152344
5.262018203735352
-31.147357940673828
24.891239166259766
1.6608911752700806
-9.17152214050293
29.93709373474121
-42.482425689697266
-1.5123820304870605
2.13936185836792
9.787017822265625
11.792168617248535
-6.15159273147583
5.269986629486084
-31.694135665893555
25.090978622436523
2.339263677597046
-10.172714233398438
31.675745010375977
-44.50517272949219
-1.3052127361297607
2.1047616004943848
10.12448787689209
11.738525390625
-6.338438034057617
5.246074676513672
-32.18767166137695
25.234163284301758
3.0546271800994873
-11.21623420715332
33.504947662353516
-46.634254455566406
-1.0855306386947632
2.037403106689453
10.492620468139648
11.62048053741455
-6.5005693435668945
5.18973445892334
-32.6258659362793
25.31789779663086
3.809845447540283
-12.306144714355469
35.43230056762695
-48.87889099121094
-0.8518483638763428
1.9362759590148926
10.894639015197754
11.434769630432129
-6.637424945831299
5.100359916687012
-33.00674819946289
25.339387893676758
4.607996463775635
-13.446693420410156
37.465850830078125
-51.24874496459961
-0.602825939655304
1.8002070188522339
11.333806991577148
11.178239822387695
-6.748213768005371
4.976855278015137
-33.327659606933594
25.294801712036133
5.452375888824463
-14.642263412475586
39.61400604248047
-53.75387954711914
-0.337039589881897
1.6279072761535645
11.813989639282227
10.847993850708008
-6.832197666168213
4.818216323852539
-33.58635330200195
25.1807804107666
6.346518516540527
-15.897361755371094
41.88556671142578
-56.40476608276367
-0.05303698778152466
1.417434811592102
12.339334487915039
10.440022468566895
-6.888411998748779
4.623074531555176
-33.77981185913086
24.993099212646484
7.294129371643066
-17.217195510864258
44.2904167175293
-59.21248245239258
0.2508053183555603
1.1670323610305786
12.914034843444824
9.950541496276855
-6.915655136108398
4.389654159545898
-33.90447998046875
24.726797103881836
8.298833847045898
-18.60687255859375
46.837791442871094
-62.18758010864258
0.5761862397193909
0.8750848174095154
13.542624473571777
9.376235008239746
-6.912267208099365
4.115479946136475
-33.95573425292969
24.375591278076172
9.364873886108398
-20.072172164916992
49.53889846801758
-65.3423080444336
0.9248359799385071
0.5396989583969116
14.229609489440918
8.7131986618042
-6.876809597015381
3.798499345779419
-33.92940139770508
23.93400001525879
10.496779441833496
-21.61912727355957
52.40559387207031
-68.68948364257812
1.2985758781433105
0.15866872668266296
14.97961711883545
7.956962585449219
-6.807657241821289
3.4364922046661377
-33.82090377807617
23.396202087402344
11.699098587036133
-23.25379753112793
55.449440002441406
-72.24173736572266
1.699582815170288
-0.2710234820842743
15.797754287719727
7.101253032684326
-6.703060626983643
3.0271236896514893
-33.62535858154297
22.756101608276367
12.976781845092773
-24.982624053955078
58.68314743041992
-76.01272583007812
2.129772424697876
-0.7517153024673462
16.688552856445312
6.141541004180908
-6.5613627433776855
2.5682177543640137
-33.337913513183594
22.00763511657715
14.335110664367676
-26.812358856201172
62.12031173706055
-80.01686096191406
2.5912375450134277
-1.2856680154800415
17.656797409057617
5.073619365692139
-6.378948211669922
2.0575594902038574
-32.952728271484375
21.144563674926758
15.779659271240234
-28.750032424926758
65.77523803710938
-84.2691650390625
3.0864953994750977
-1.8760546445846558
18.70865249633789
3.8908209800720215
-6.153993129730225
1.493044137954712
-32.46476364135742
20.161008834838867
17.316295623779297
-30.802967071533203
69.66300201416016
-88.78532409667969
3.61788010597229
-2.5257930755615234
19.849878311157227
2.5875906944274902
-5.882129669189453
0.8695716857910156
-31.86383819580078
19.046358108520508
