2
3
-6.324504375457764
7.878057479858398
-1.880690097808838
2.078087329864502
-4.308999538421631
3.4744369983673096
9.633033752441406
9.423371315002441
1.776179313659668
-5.079261779785156
4.293031692504883
0.7446345686912537
-6.134160041809082
7.441067695617676
-1.3492404222488403
1.2938909530639648
-4.017136573791504
3.4754133224487305
10.18175220489502
9.476868629455566
1.6126859188079834
-4.580464839935303
3.7890279293060303
1.658376932144165
-5.943479537963867
7.025181293487549
-0.8233196139335632
0.5482221841812134
-3.7243590354919434
3.4903252124786377
10.721545219421387
9.547802925109863
1.451993703842163
-4.0904059410095215
3.2932825088500977
2.5566775798797607
-5.7520928382873535
6.629930019378662
-0.301885724067688
-0.1603083610534668
-3.4303739070892334
3.5186104774475098
11.252901077270508
9.634876251220703
1.294555425643921
-3.609067440032959
2.806661367416382
3.4398539066314697
-5.559872150421143
6.255383491516113
0.2154068946838379
-0.832156240940094
-3.134995937347412
3.5595781803131104
11.776232719421387
9.7367525100708
1.1407153606414795
-3.136054039001465
2.3297815322875977
4.308559894561768
-5.367175102233887
5.902624130249023
0.7277781367301941
-1.4664232730865479
-2.837996006011963
3.6127171516418457
12.291670799255371
9.852274894714355
0.9908053874969482
-2.670999526977539
1.8632214069366455
5.163410186767578
-5.173616886138916
5.571089267730713
1.2360469102859497
-2.0647218227386475
-2.5392727851867676
3.6775853633880615
12.799140930175781
9.980635643005371
0.8451657295227051
-2.213512659072876
1.4075311422348022
6.005039215087891
-4.978449821472168
5.25941276550293
1.7421830892562866
-2.6299209594726562
-2.238729953765869
3.7537360191345215
13.298778533935547
10.121068954467773
0.7044125199317932
-1.763381838798523
0.963958203792572
6.833668231964111
-4.780888557434082
4.966048240661621
2.2482476234436035
-3.1648635864257812
-1.9362986087799072
3.8406870365142822
13.790748596191406
10.272772789001465
0.5689911246299744
-1.3202557563781738
0.5334757566452026
7.64979362487793
-4.58032751083374
4.689498424530029
2.7558765411376953
-3.671654462814331
-1.6323413848876953
3.9378278255462646
14.274847984313965
10.434842109680176
0.43918710947036743
-0.88372403383255
0.1166238784790039
8.454014778137207
-4.376088619232178
4.428016662597656
3.266676425933838
-4.152271747589111
-1.3269109725952148
4.044492244720459
14.751373291015625
10.606428146362305
0.31533801555633545
-0.4533153474330902
-0.2861327826976776
9.246938705444336
-4.167490482330322
4.17976188659668
3.782261610031128
-4.608651161193848
-1.020053744316101
4.160006523132324
15.2200288772583
10.78635025024414
0.19800418615341187
-0.02838960289955139
-0.6743214726448059
10.029118537902832
-3.9538228511810303
3.9430654048919678
4.30418586730957
-5.0425262451171875
-0.7121460437774658
4.283498287200928
15.680614471435547
10.973377227783203
0.0874188095331192
0.3914588689804077
-1.0474730730056763
10.800952911376953
-3.7343950271606445
3.71631121635437
4.833962917327881
-5.455452919006348
-0.40312471985816956
4.414438247680664
16.133743286132812
11.166964530944824
-0.016178950667381287
0.8065868616104126
-1.4051103591918945
11.56277847290039
-3.5085909366607666
3.498110771179199
5.373014450073242
-5.848578453063965
-0.09307828545570374
4.552216053009033
16.57952308654785
11.366244316101074
-0.1125306785106659
1.2172086238861084
-1.746699571609497
12.314759254455566
-3.275820016860962
3.287493944168091
5.9226155281066895
-6.222869873046875
0.2178885042667389
4.696165084838867
17.01810646057129
11.570380210876465
-0.20137140154838562
1.6235146522521973
-2.071625232696533
13.057182312011719
-3.0355193614959717
3.0835940837860107
6.483961582183838
-6.579219341278076
0.5298960208892822
4.845466613769531
17.449926376342773
11.778376579284668
-0.28251945972442627
2.026099920272827
-2.3796589374542236
13.791258811950684
-2.787020206451416
2.88541579246521
7.058608055114746
-6.919167518615723
0.8433170914649963
4.999533653259277
17.874847412109375
11.989011764526367
-0.3558695912361145
2.4254326820373535
-2.670764684677124
14.518034934997559
-2.529715061187744
2.692216634750366
7.647956371307373
-7.2438201904296875
1.1580207347869873
5.157515048980713
18.292675018310547
12.20107650756836
-0.421148419380188
2.8219687938690186
-2.9446299076080322
15.238309860229492
-2.2631936073303223
2.5036816596984863
8.253117561340332
-7.553579807281494
1.473973035812378
5.3186492919921875
18.7037296295166
12.413853645324707
-0.47818899154663086
3.2154581546783447
-3.2006921768188477
15.951543807983398
-1.9872767925262451
2.3201301097869873
8.874465942382812
-7.84797477722168
1.7912828922271729
5.482280731201172
19.108726501464844
12.626914024353027
-0.5267646908760071
3.604358673095703
-3.437932014465332
16.655994415283203
-1.7016348838806152
2.141671657562256
9.512687683105469
-8.127079963684082
2.110105037689209
5.647771835327148
19.50905990600586
12.840258598327637
-0.5664491057395935
3.9863317012786865
-3.654970407485962
17.35001564025879
-1.4057674407958984
1.967860460281372
10.168896675109863
-8.391661643981934
2.4306626319885254
5.814498424530029
19.905452728271484
13.053335189819336
-0.5967810750007629
4.360544681549072
-3.850842237472534
18.033058166503906
-1.0991606712341309
1.798323631286621
10.844127655029297
-8.64250659942627
2.753176212310791
5.981841564178467
20.29864501953125
13.265582084655762
-0.6173616647720337
4.726431369781494
-4.024693489074707
18.704694747924805
-0.7813460230827332
1.6327192783355713
11.539207458496094
-8.880400657653809
3.0778703689575195
6.149198055267334
20.68950653076172
13.476529121398926
-0.6277267336845398
5.083138942718506
-4.1755547523498535
19.36392593383789
-0.4519021213054657
1.4709761142730713
12.25490665435791
-9.105696678161621
3.4049220085144043
6.315935134887695
21.0786190032959
13.685399055480957
-0.6272371411323547
5.429958343505859
-4.302139759063721
20.00991439819336
-0.1103193461894989
1.3129091262817383
12.992158889770508
-9.319009780883789
3.734506130218506
6.48145055770874
21.466665267944336
13.891467094421387
-0.6153481602668762
5.766469955444336
-4.403419494628906
20.642318725585938
0.24394512176513672
1.1581472158432007
13.752086639404297
-9.52121353149414
4.066807746887207
6.645212650299072
21.854393005371094
14.094046592712402
-0.5915502905845642
6.092331409454346
-4.478484630584717
21.2608642578125
0.6114560961723328
1.006305456161499
14.535850524902344
-9.713217735290527
4.402096748352051
6.806835651397705
22.242618560791016
14.292596817016602
-0.5553773641586304
6.40736722946167
-4.526469707489014
21.865201950073242
0.9927148818969727
0.8571044206619263
15.344451904296875
-9.89566707611084
4.740667343139648
6.965962886810303
22.632150650024414
14.486570358276367
-0.5063580870628357
6.711399078369141
-4.546498775482178
22.454965591430664
1.3883053064346313
0.7101673483848572
16.179067611694336
-10.06941032409668
5.0829548835754395
7.122318267822266
23.024093627929688
14.675536155700684
-0.44407153129577637
7.00446081161499
-4.537820816040039
23.030099868774414
1.7988042831420898
0.5651557445526123
17.040822982788086
-10.235221862792969
5.429437160491943
7.275683879852295
23.419586181640625
14.859140396118164
-0.36816027760505676
7.286813259124756
-4.499822616577148
23.590667724609375
2.2248480319976807
0.4216831922531128
17.930904388427734
-10.393889427185059
5.780587673187256
7.425817489624023
23.8198299407959
15.03701114654541
-0.27830028533935547
7.558943271636963
-4.431948661804199
24.136930465698242
2.6671855449676514
0.2792660593986511
18.850528717041016
-10.546238899230957
6.136921405792236
7.572504043579102
24.226150512695312
15.208822250366211
-0.1742672473192215
7.821334362030029
-4.333644390106201
24.669200897216797
3.1264631748199463
0.13766339421272278
19.800718307495117
-10.692977905273438
6.498926639556885
7.7155022621154785
24.639753341674805
15.374157905578613
-0.05578400194644928
8.074196815490723
-4.20422887802124
25.187349319458008
3.6035585403442383
-0.0036182403564453125
20.783044815063477
-10.835151672363281
6.8671135902404785
7.854584693908691
25.061885833740234
15.532620429992676
0.07749113440513611
8.31790828704834
-4.043135643005371
25.69148826599121
4.098916053771973
-0.14472658932209015
21.7984676361084
-10.973376274108887
7.242018699645996
7.989530563354492
25.49384307861328
15.683822631835938
0.2258056402206421
8.55242919921875
-3.849489450454712
26.18111801147461
4.613193988800049
-0.2859407067298889
22.84808921813965
-11.108369827270508
7.624207973480225
8.120112419128418
25.93695831298828
15.827351570129395
0.3895096182823181
8.778059959411621
-3.6226511001586914
26.656269073486328
5.147214889526367
-0.42762768268585205
23.933265686035156
-11.24096393585205
8.014324188232422
8.246119499206543
26.392690658569336
15.962825775146484
0.5689640641212463
8.995072364807129
-3.361947536468506
27.116943359375
5.701840877532959
-0.5701771974563599
25.05541229248047
-11.372031211853027
8.412973403930664
8.367351531982422
26.862470626831055
16.08989143371582
0.7645581364631653
9.203657150268555
-3.0666236877441406
27.56302833557129
