2
3
2.5062594413757324
-0.9926385283470154
8.143575668334961
-3.1198883056640625
-3.2624330520629883
-1.7776721715927124
-7.762184143066406
-3.309180498123169
7.07826566696167
-8.290055274963379
4.772116184234619
-0.8495473861694336
3.130474090576172
-1.3303217887878418
7.574833869934082
-3.4816930294036865
-3.734037399291992
-1.8137943744659424
-6.736517906188965
-3.793553590774536
7.169708728790283
-7.972667694091797
3.764963388442993
-0.23824000358581543
3.685051441192627
-1.664109468460083
6.971558570861816
-3.7999773025512695
-4.091756820678711
-1.9001634120941162
-5.613637447357178
-4.288910388946533
7.1933722496032715
-7.596593379974365
2.7683682441711426
0.28639739751815796
4.1643757820129395
-1.985000491142273
6.372058868408203
-4.094743728637695
-4.330552577972412
-2.041323661804199
-4.406899452209473
-4.786984443664551
7.134891986846924
-7.167257308959961
1.8280938863754272
0.7141092419624329
4.560517311096191
-2.284727096557617
5.827603340148926
-4.388283729553223
-4.439824104309082
-2.2448618412017822
-3.1527624130249023
-5.273404121398926
7.004496097564697
-6.699804782867432
0.9436110258102417
1.0476255416870117
4.881895542144775
-2.566534996032715
5.326847553253174
-4.6745805740356445
-4.4222259521484375
-2.512547731399536
-1.8977818489074707
-5.728056907653809
6.815014362335205
-6.210025310516357
0.09309840202331543
1.299060583114624
5.143190860748291
-2.8356027603149414
4.827178955078125
-4.9290618896484375
-4.28925895690918
-2.8387882709503174
-0.6739765405654907
-6.136178970336914
6.5723958015441895
-5.71018123626709
-0.7391291856765747
1.4797929525375366
5.35099458694458
-3.092924118041992
4.3319926261901855
-5.143122673034668
-4.052037239074707
-3.2158617973327637
0.4918407201766968
-6.486099720001221
6.277026176452637
-5.209445476531982
-1.5526401996612549
1.5960173606872559
5.508594512939453
-3.338407516479492
3.8638603687286377
-5.319641590118408
-3.722235918045044
-3.627134323120117
1.5899664163589478
-6.780044078826904
5.929622650146484
-4.715037822723389
-2.315182685852051
1.6466425657272339
5.627897262573242
-3.576932907104492
3.4259212017059326
-5.4564433097839355
-3.3099617958068848
-4.0659661293029785
2.6047887802124023
-7.011486053466797
5.532642364501953
-4.230293273925781
-2.9903666973114014
1.6229722499847412
5.720750331878662
-3.7990617752075195
2.999429941177368
-5.564116477966309
-2.8244547843933105
-4.5266852378845215
3.5251424312591553
-7.1710920333862305
5.09627628326416
-3.749729633331299
-3.5713844299316406
1.5023493766784668
5.789520740509033
-4.009279727935791
2.575286865234375
-5.632937908172607
-2.2771105766296387
-5.004883766174316
4.338242053985596
-7.247117519378662
4.626957416534424
-3.282787322998047
-4.035514831542969
1.2818098068237305
5.834210395812988
-4.20596170425415
2.150761604309082
-5.670104026794434
-1.678789496421814
-5.4898505210876465
5.0285725593566895
-7.237582683563232
4.13328218460083
-2.8399059772491455
-4.365612506866455
0.9585880041122437
5.854554653167725
-4.386898994445801
1.7265195846557617
-5.688416481018066
-1.042095422744751
-5.968234062194824
5.583927631378174
-7.144985675811768
3.628925323486328
-2.4267592430114746
-4.557196140289307
0.5230834484100342
5.849699020385742
-4.550024509429932
1.3094559907913208
-5.703062057495117
-0.38158392906188965
-6.426691055297852
5.997561931610107
-6.9766459465026855
3.127807140350342
-2.050492286682129
-4.6083083152771
-0.025921344757080078
5.818174839019775
-4.694511890411377
0.9084389805793762
-5.724896430969238
0.28838634490966797
-6.851637363433838
6.265693187713623
-6.745288848876953
2.6427388191223145
-1.7204222679138184
-4.5175981521606445
-0.6805562376976013
5.756065845489502
-4.819109916687012
0.5348604917526245
-5.763739585876465
0.953633189201355
-7.23064661026001
6.392451763153076
-6.467325687408447
2.186589241027832
-1.4475215673446655
-4.289018154144287
-1.4226199388504028
5.659580230712891
-4.922840118408203
0.203474223613739
-5.830362796783447
1.600614309310913
-7.553462028503418
6.38512659072876
-6.157909870147705
1.7726294994354248
-1.2414271831512451
-3.933811664581299
-2.2271459102630615
5.527725696563721
-5.007299423217773
-0.07019710540771484
-5.934799671173096
2.214992046356201
-7.812253952026367
6.263789653778076
-5.834772109985352
1.4126110076904297
-1.1088944673538208
-3.4699759483337402
-3.0698163509368896
5.36325740814209
-5.076671123504639
-0.27446311712265015
-6.0817742347717285
2.783233165740967
-8.001108169555664
6.059344291687012
-5.521459579467773
1.112675666809082
-1.0514400005340576
-2.9150571823120117
-3.93179988861084
5.173736095428467
-5.137069225311279
-0.4065553843975067
-6.270793914794922
3.2963271141052246
-8.120247840881348
5.794273376464844
-5.232456207275391
0.8754927515983582
-1.0687814950942993
-2.2887895107269287
-4.795539855957031
4.97033166885376
-5.19692325592041
-0.4748220145702362
-6.495606422424316
3.7490968704223633
-8.172466278076172
5.487504005432129
-4.981287479400635
0.7028899788856506
-1.1600008010864258
-1.6125720739364624
-5.645570755004883
4.762890338897705
-5.26285982131958
-0.493010938167572
-6.745345115661621
4.139814853668213
-8.163352012634277
5.152669906616211
-4.776528358459473
0.5964609384536743
-1.3243144750595093
-0.906740665435791
-6.469870567321777
4.558328151702881
-5.338964939117432
-0.4782935678958893
-7.010597229003906
4.469456672668457
-8.098877906799316
4.799113750457764
-4.624401569366455
0.5549536943435669
-1.5604130029678345
-0.19131731986999512
-7.256210803985596
4.361204624176025
-5.426192283630371
-0.45371687412261963
-7.278535842895508
4.7408905029296875
-7.98443603515625
4.420191287994385
-4.526927947998047
0.5738383531570435
-1.8633618354797363
0.5170681476593018
-7.994648456573486
4.1718573570251465
-5.520601749420166
-0.4194719195365906
-7.5485920906066895
4.95361328125
-7.823850154876709
4.028449535369873
-4.490651607513428
0.6472146511077881
-2.2244820594787598
1.215505838394165
-8.682406425476074
3.9889535903930664
-5.619995594024658
-0.35804328322410583
-7.827785015106201
5.1111955642700195
-7.627727508544922
3.6357688903808594
-4.51987361907959
0.7701964974403381
-2.6341254711151123
1.905440330505371
-9.319541931152344
3.812822103500366
-5.724658966064453
-0.2577823996543884
-8.121204376220703
5.218894958496094
-7.408478736877441
3.2439746856689453
-4.613648891448975
0.9402826428413391
-3.0851902961730957
2.5786890983581543
-9.904561042785645
3.6455907821655273
-5.835739612579346
-0.11192397773265839
-8.43204116821289
5.2802629470825195
-7.175355911254883
2.8621273040771484
-4.774958610534668
1.155480146408081
-3.57077693939209
3.2242612838745117
-10.437213897705078
3.492478847503662
-5.9539265632629395
0.08216841518878937
-8.764421463012695
5.297062397003174
-6.935817241668701
2.5036487579345703
-5.00637674331665
1.4139608144760132
-4.083559989929199
3.829058885574341
-10.918523788452148
3.3583984375
-6.079189300537109
0.32420116662979126
-9.122048377990723
5.272373199462891
-6.697961330413818
2.184246301651001
-5.311798095703125
1.713215947151184
-4.614336967468262
4.379239559173584
-11.353263854980469
3.2476065158843994
-6.2110915184021
0.6119332909584045
-9.509241104125977
5.211002826690674
-6.4690752029418945
1.9186420440673828
-5.6937432289123535
2.04856014251709
-5.153319358825684
4.864124298095703
-11.74950885772705
3.163322687149048
-6.349353790283203
0.9428505897521973
-9.930817604064941
5.118195533752441
-6.254423141479492
1.718362808227539
-6.150871753692627
2.4122154712677
-5.6916303634643555
5.280296325683594
-12.113401412963867
3.107386827468872
-6.494746685028076
1.3149243593215942
-10.389829635620117
4.999981880187988
-6.059970855712891
1.5937557220458984
-6.682415962219238
2.7924559116363525
-6.221639633178711
5.63735294342041
-12.453192710876465
3.0803639888763428
-6.6499924659729
1.7270771265029907
-10.886995315551758
4.862712860107422
-5.891821384429932
1.5542079210281372
-7.286356449127197
3.1797988414764404
-6.736313343048096
5.943692207336426
-12.779426574707031
3.0816709995269775
-6.818168640136719
2.1793012619018555
-11.422950744628906
4.713685035705566
-5.755251884460449
1.6051373481750488
-7.95994758605957
3.565574884414673
-7.2297749519348145
6.20892858505249
-13.103448867797852
3.109764575958252
-7.003222942352295
2.6724085807800293
-11.995745658874512
4.559948444366455
-5.654239654541016
1.7484526634216309
-8.699878692626953
3.9407167434692383
-7.69716739654541
6.450621604919434
-13.43985652923584
3.163079023361206
-7.206563949584961
3.2053442001342773
-12.605977058410645
4.408234596252441
-5.5921759605407715
1.982938289642334
-9.50197696685791
4.298788070678711
-8.134866714477539
6.6834330558776855
-13.8032808303833
3.2401909828186035
-7.428981781005859
3.7770657539367676
-13.25513744354248
4.26502799987793
-5.572072505950928
2.3057332038879395
-10.361713409423828
4.635247707366943
-8.539900779724121
6.92140007019043
-14.209529876708984
3.340198278427124
-7.670444488525391
4.38653564453125
-13.946678161621094
4.136573314666748
-5.597467422485352
2.712876558303833
-11.272887229919434
4.9471611976623535
-8.911664009094238
7.179352760314941
-14.673563957214355
