2
3
4.53903341293335
0.10633763670921326
-6.892132759094238
-2.3444719314575195
8.808505058288574
3.4098658561706543
-1.719364881515503
-6.138484477996826
6.36440896987915
-6.579134941101074
-5.650430679321289
-5.378809452056885
4.544943809509277
-0.038805752992630005
-6.881739616394043
-2.624469518661499
8.658904075622559
3.0002012252807617
-1.8919734954833984
-6.913440704345703
6.2660627365112305
-6.355803966522217
-5.946850776672363
-4.955964088439941
4.544147491455078
-0.18386250734329224
-6.882827281951904
-2.906397819519043
8.509221076965332
2.5950815677642822
-2.0647222995758057
-7.680968761444092
6.162910461425781
-6.1369853019714355
-6.250792026519775
-4.545808792114258
4.536716461181641
-0.32905417680740356
-6.895209312438965
-3.1905264854431152
8.359654426574707
2.193174123764038
-2.2376649379730225
-8.443145751953125
6.054987907409668
-5.923495292663574
-6.562166213989258
-4.14933967590332
4.522703647613525
-0.47476720809936523
-6.918848037719727
-3.477494716644287
8.210354804992676
1.7930214405059814
-2.4108290672302246
-9.202083587646484
5.942322731018066
-5.716118812561035
-6.880781173706055
-3.7674458026885986
4.501875400543213
-0.621583104133606
-6.953734397888184
-3.7680585384368896
8.061443328857422
1.3930457830429077
-2.5841965675354004
-9.960103988647461
5.824968338012695
-5.515650272369385
-7.20654296875
-3.4011595249176025
4.474129676818848
-0.7701137065887451
-6.999866962432861
-4.0631489753723145
7.9128804206848145
0.9914330244064331
-2.757722854614258
-10.719649314880371
5.702919960021973
-5.322940826416016
-7.539475917816162
-3.0516293048858643
4.439526081085205
-0.9209792613983154
-7.057088375091553
-4.36374044418335
7.76457405090332
0.5864247679710388
-2.9313926696777344
-11.483322143554688
5.57620906829834
-5.138781547546387
-7.879336833953857
-2.719735860824585
4.398074626922607
-1.0748317241668701
-7.125370025634766
-4.670807838439941
7.616446018218994
0.17662769556045532
-3.1053032875061035
-12.253408432006836
5.444850444793701
-4.963951587677002
-8.226004600524902
-2.406480073928833
4.349789142608643
-1.2323744297027588
-7.204668045043945
-4.985418796539307
7.468425273895264
-0.23916003108024597
-3.2795660495758057
-13.032110214233398
5.308858871459961
-4.799214839935303
-8.579350471496582
-2.1128787994384766
4.2946577072143555
-1.3943426609039307
-7.294930934906006
-5.3087005615234375
7.32039737701416
-0.6620756387710571
-3.4542768001556396
-13.821663856506348
5.168234825134277
-4.645327091217041
-8.939253807067871
-1.8399735689163208
4.2326459884643555
-1.561507225036621
-7.396239280700684
-5.641951084136963
7.171751499176025
-1.0939745903015137
-3.62930965423584
-14.624710083007812
5.022741317749023
-4.503243446350098
-9.305803298950195
-1.5888832807540894
4.163840293884277
-1.734544277191162
-7.508650302886963
-5.986536979675293
7.022319316864014
-1.5358303785324097
-3.8047115802764893
-15.4434232711792
4.872021675109863
-4.373836994171143
-9.67929744720459
-1.3607337474822998
4.088290214538574
-1.9143017530441284
-7.632164478302002
-6.343891143798828
6.8719482421875
-1.9886353015899658
-3.980468988418579
-16.280275344848633
4.716017246246338
-4.257551670074463
-10.059858322143555
-1.1565415859222412
4.0060577392578125
-2.1016433238983154
-7.766575336456299
-6.715427875518799
6.720527648925781
-2.453792095184326
-4.156330108642578
-17.138765335083008
4.5546159744262695
-4.154852390289307
-10.447959899902344
-0.9774223566055298
3.9172449111938477
-2.29742169380188
-7.911749362945557
-7.102649211883545
6.567985534667969
-2.932478904724121
-4.332096099853516
-18.021821975708008
4.387746810913086
-4.066195964813232
-10.843867301940918
-0.8244098424911499
3.8220791816711426
-2.502420425415039
-8.067445755004883
-7.506997585296631
6.414335250854492
-3.425718069076538
-4.507582187652588
-18.932113647460938
4.215353488922119
-3.9920802116394043
-11.247885704040527
-0.6985722184181213
3.720590829849243
-2.7175393104553223
-8.23353385925293
-7.930056095123291
6.259547710418701
-3.934781551361084
-4.682480812072754
-19.872648239135742
4.037283420562744
-3.9330294132232666
-11.66085433959961
-0.6010032892227173
3.6128010749816895
-2.9436919689178467
-8.409912109375
-8.373482704162598
6.103494167327881
-4.4604716300964355
-4.856387615203857
-20.845317840576172
3.854074001312256
-3.889970541000366
-12.082015991210938
-0.5330213904380798
3.498753786087036
-3.181797981262207
-8.596433639526367
-8.838980674743652
5.94635009765625
-5.0029425621032715
-5.02919340133667
-21.85077667236328
3.666317939758301
-3.863853693008423
-12.51066780090332
-0.4960865378379822
3.3786797523498535
-3.4326364994049072
-8.792906761169434
-9.328239440917969
5.788639068603516
-5.562554359436035
-5.200688362121582
-22.89102554321289
3.4741477966308594
-3.855527400970459
-12.946907997131348
-0.49145758152008057
3.252688407897949
-3.6971261501312256
-8.999215126037598
-9.843223571777344
5.630493640899658
-6.140495777130127
-5.37042760848999
-23.968809127807617
3.278031349182129
-3.8656930923461914
-13.390472412109375
-0.5203889608383179
3.120906352996826
-3.976177453994751
-9.21507740020752
-10.385830879211426
5.472100734710693
-6.738165378570557
-5.537795066833496
-25.087451934814453
3.078183650970459
-3.895254135131836
-13.841062545776367
-0.5843309164047241
2.983508586883545
-4.270603656768799
-9.440208435058594
-10.957907676696777
5.3136420249938965
-7.356952667236328
-5.702041149139404
-26.25016975402832
2.874925136566162
-3.944974184036255
-14.298190116882324
-0.6846088171005249
2.8408701419830322
-4.58084774017334
-9.673983573913574
-11.560700416564941
5.155205249786377
-7.998041152954102
-5.862394332885742
-27.459196090698242
2.66869854927063
-4.0155134201049805
-14.760720252990723
-0.8225541710853577
2.693466901779175
-4.907651901245117
-9.915970802307129
-12.196114540100098
4.997044563293457
-8.66301441192627
-6.01791524887085
-28.718082427978516
2.4595718383789062
-4.107597827911377
-15.22859001159668
-0.9995847344398499
2.5414416790008545
-5.252025604248047
-10.165854454040527
-12.866321563720703
4.839473247528076
-9.35345458984375
-6.167539119720459
-30.030458450317383
2.2476892471313477
-4.221953868865967
-15.7015962600708
-1.2172136306762695
2.3849475383758545
-5.614998817443848
-10.423279762268066
-13.573562622070312
4.682851314544678
-10.071227073669434
-6.310031414031982
-31.400575637817383
2.0331614017486572
-4.359290599822998
-16.17963981628418
-1.4769744873046875
2.2241315841674805
-5.9977006912231445
-10.687901496887207
-14.320290565490723
4.527588844299316
-10.818398475646973
-6.443979740142822
-32.83311462402344
1.816123604774475
-4.520331859588623
-16.662553787231445
-1.7804888486862183
2.0591979026794434
-6.401256561279297
-10.959245681762695
-15.108976364135742
4.374156951904297
-11.597197532653809
-6.567774295806885
-34.33311462402344
1.5967519283294678
-4.70585823059082
-17.150054931640625
-2.129560708999634
1.8903616666793823
-6.826867580413818
-11.236825942993164
-15.94227409362793
4.223067283630371
-12.4099702835083
-6.679653167724609
-35.90581130981445
1.3752481937408447
-4.9167327880859375
-17.641849517822266
-2.526193618774414
1.7178804874420166
-7.2757792472839355
-11.520078659057617
-16.822967529296875
4.074886798858643
-13.259209632873535
-6.77768087387085
-37.55673599243164
1.1516557931900024
-5.153676509857178
-18.13797950744629
-2.972224235534668
1.5420416593551636
-7.749308109283447
-11.808308601379395
-17.75399398803711
3.9302666187286377
-14.147592544555664
-6.859679222106934
-39.29183578491211
0.9260545969009399
-5.417456150054932
-18.638525009155273
-3.4695301055908203
1.3631436824798584
-8.24885368347168
-12.100805282592773
-18.738496780395508
3.78997802734375
-15.078031539916992
-6.923159599304199
-41.11769104003906
0.698630154132843
-5.708940029144287
-19.14321517944336
-4.020239353179932
1.181527018547058
-8.77588939666748
-12.396732330322266
-19.77978515625
3.654932737350464
-16.0538330078125
-6.965273857116699
-43.041751861572266
0.4695364832878113
-6.028990268707275
-19.651742935180664
-4.626580238342285
0.9975651502609253
-9.331975936889648
-12.695172309875488
-20.881376266479492
3.5261707305908203
-17.078554153442383
-6.98278284072876
-45.07201385498047
0.2386699616909027
-6.378235816955566
-20.164165496826172
-5.290794372558594
0.81166672706604
-9.918755531311035
-12.995115280151367
-22.046987533569336
3.4048616886138916
-18.155899047851562
-6.972070693969727
-47.21686935424805
0.006392762064933777
-6.757902145385742
-20.679672241210938
-6.015906810760498
0.6242843270301819
-10.537973403930664
-13.295424461364746
-23.28057098388672
3.292335271835327
-19.289838790893555
-6.929057598114014
-49.4853401184082
-0.22700393199920654
-7.169199466705322
-21.197696685791016
-6.804858207702637
0.4359208345413208
-11.191476821899414
-13.594818115234375
-24.586315155029297
3.190100908279419
-20.48464584350586
-6.849138259887695
-51.887115478515625
-0.4611934423446655
-7.613427639007568
-21.71757698059082
-7.660809516906738
0.24713382124900818
-11.881226539611816
-13.891852378845215
-25.968664169311523
3.099867105484009
-21.74488639831543
-6.727137088775635
-54.432586669921875
-0.6958034038543701
-8.091985702514648
-22.2385311126709
-8.587143898010254
