2
3
3.881887435913086
-7.368641376495361
-9.696465492248535
-2.732753038406372
-8.076272964477539
-6.621480464935303
-6.012045383453369
8.09988021850586
-5.231022357940674
2.300961971282959
8.986166954040527
2.230297327041626
3.3499062061309814
-7.136878490447998
-10.882729530334473
-2.3266959190368652
-7.867238998413086
-6.329061985015869
-5.715241432189941
8.665570259094238
-4.922791004180908
1.8910431861877441
9.706103324890137
1.4438384771347046
2.82354736328125
-6.9061408042907715
-12.059625625610352
-1.9239554405212402
-7.668721675872803
-6.036843299865723
-5.435937404632568
9.228961944580078
-4.619851112365723
1.499199390411377
10.408507347106934
0.6899938583374023
2.3025736808776855
-6.678350448608398
-13.227864265441895
-1.5250059366226196
-7.479347229003906
-5.745481491088867
-5.17311429977417
9.789640426635742
-4.321381568908691
1.1252021789550781
11.095088958740234
-0.03165924549102783
1.7869212627410889
-6.453221797943115
-14.38865852355957
-1.1294916868209839
-7.298855304718018
-5.455012321472168
-4.9264655113220215
10.34774398803711
-4.026130676269531
0.7681288719177246
11.768003463745117
-0.7230005860328674
1.2765591144561768
-6.230329990386963
-15.54301929473877
-0.736495316028595
-7.127072334289551
-5.165415287017822
-4.695702075958252
10.903388977050781
-3.7329626083374023
0.4266016483306885
12.429170608520508
-1.386566162109375
0.7715626955032349
-6.0092668533325195
-16.691577911376953
-0.3452131748199463
-6.964016437530518
-4.876515865325928
-4.480656623840332
11.456920623779297
-3.4403188228607178
0.09923619031906128
13.080663681030273
-2.0246925354003906
0.2720905840396881
-5.789733409881592
-17.834789276123047
0.04490017890930176
-6.809463977813721
-4.588321208953857
-4.280940055847168
12.008399963378906
-3.1464850902557373
-0.21541744470596313
13.724306106567383
-2.639468193054199
-0.22169926762580872
-5.571441650390625
-18.973081588745117
0.43439412117004395
-6.663144111633301
-4.3007965087890625
-4.09618616104126
12.558076858520508
-2.850334882736206
-0.51931232213974
14.362010955810547
-3.2330679893493652
-0.7096998691558838
-5.354233264923096
-20.10682487487793
0.8236092329025269
-6.524865627288818
-4.0137481689453125
-3.926180839538574
13.106505393981934
-2.550699234008789
-0.8145145177841187
14.995613098144531
-3.8078150749206543
-1.1917353868484497
-5.138023376464844
-21.235963821411133
1.2127752304077148
-6.394338130950928
-3.7268810272216797
-3.770479202270508
13.653973579406738
-2.2467572689056396
-1.103012204170227
15.626502990722656
-4.3658013343811035
-1.6676825284957886
-4.9227375984191895
-22.36035919189453
1.6021342277526855
-6.271385669708252
-3.4393715858459473
-3.628997802734375
14.201448440551758
-1.9377096891403198
-1.386634111404419
16.255998611450195
-4.909007549285889
-2.137476921081543
-4.708285331726074
-23.480262756347656
1.9918642044067383
-6.155391693115234
-3.151270866394043
-3.5007307529449463
14.748781204223633
-1.6227028369903564
-1.6670527458190918
16.88622283935547
-5.439640998840332
-2.6007919311523438
-4.4946608543396
-24.594968795776367
2.3820066452026367
-6.045680999755859
-2.862730026245117
-3.384518623352051
15.29562759399414
-1.3011499643325806
-1.945633053779602
17.5184383392334
-5.9594292640686035
-3.056915760040283
-4.282156944274902
-25.703218460083008
2.772282838821411
-5.941432476043701
-2.5742921829223633
-3.278921604156494
15.841105461120605
-0.9728223085403442
-2.2232842445373535
18.153135299682617
-6.4698381423950195
-3.5053465366363525
-4.071136474609375
-26.803728103637695
3.1623125076293945
-5.841599464416504
-2.287227153778076
-3.1821069717407227
16.383590698242188
-0.6380236148834229
-2.500048875808716
18.789812088012695
-6.971460342407227
-3.945488214492798
-3.8619492053985596
-27.895029067993164
3.551473379135132
-5.745110988616943
-2.00224232673645
-3.0924482345581055
16.921215057373047
-0.29659929871559143
-2.7763216495513916
19.429019927978516
-7.464905738830566
-4.376528739929199
-3.6549103260040283
-28.97519302368164
3.939190626144409
-5.65101432800293
-1.7205018997192383
-3.00823974609375
17.452302932739258
0.05198797583580017
-3.052830934524536
20.072725296020508
-7.9514970779418945
-4.796727180480957
-3.4511611461639404
-30.040781021118164
4.324157238006592
-5.558241367340088
-1.443337321281433
-2.9276418685913086
17.974735260009766
0.40691497921943665
-3.329482078552246
20.720529556274414
-8.431330680847168
-5.203887462615967
-3.2529397010803223
-31.087329864501953
4.704111576080322
-5.465936660766602
-1.171845555305481
-2.8492636680603027
18.48680305480957
0.7676123380661011
-3.6059279441833496
21.37156867980957
-8.904129028320312
-5.5971832275390625
-3.0612869262695312
-32.11249542236328
5.0778326988220215
-5.373449802398682
-0.9075709581375122
-2.7713608741760254
18.98611068725586
1.1340343952178955
-3.882303237915039
22.02560806274414
-9.369980812072754
-5.975596904754639
-2.8771121501922607
-33.11444854736328
5.444225311279297
-5.280228137969971
-0.6517493724822998
-2.6924328804016113
19.47086524963379
1.5064719915390015
-4.1591010093688965
22.683345794677734
-9.829728126525879
-6.33809232711792
-2.7013468742370605
-34.09150695800781
5.802110195159912
-5.185515880584717
-0.40538957715034485
-2.610837459564209
19.939437866210938
1.885105848312378
-4.436650276184082
23.345590591430664
-10.284162521362305
-6.683985233306885
-2.534933567047119
-35.042274475097656
6.15035343170166
-5.0887532234191895
-0.16942903399467468
-2.5252761840820312
20.39031219482422
2.270315408706665
-4.715329170227051
24.013269424438477
-10.734183311462402
-7.012904644012451
-2.378666639328003
-35.96595001220703
6.487991809844971
-4.98931884765625
0.05542057752609253
-2.4344215393066406
20.82225799560547
2.6624655723571777
-4.995511054992676
24.687177658081055
-11.180706977844238
-7.324538707733154
-2.2332355976104736
-36.86160659790039
6.8141560554504395
-4.886739730834961
0.26890304684638977
-2.3370649814605713
21.234827041625977
3.06203031539917
-5.2776336669921875
25.36835289001465
-11.624794960021973
-7.618676662445068
-2.099215269088745
-37.728485107421875
7.12808895111084
-4.780493259429932
0.470708966255188
-2.232069492340088
21.627304077148438
3.469515800476074
-5.562171459197998
26.057876586914062
-12.067583084106445
-7.8951640129089355
-1.9769995212554932
-38.56594467163086
7.429138660430908
-4.670078277587891
0.6606543064117432
-2.118358850479126
21.999244689941406
3.885359287261963
-5.8495988845825195
26.75664710998535
-12.51022720336914
-8.154050827026367
-1.8666445016860962
-39.373870849609375
7.716957092285156
-4.554922103881836
0.8385312557220459
-1.9947758913040161
22.34989356994629
4.310111045837402
-6.140438556671143
27.465808868408203
-12.953959465026855
-8.395394325256348
-1.7681761980056763
-40.15196228027344
7.99113130569458
-4.434453964233398
1.0041749477386475
-1.8601751327514648
22.67853546142578
4.744343280792236
-6.4352312088012695
28.186542510986328
-13.400042533874512
-8.619298934936523
-1.681566596031189
-40.90000915527344
8.251285552978516
-4.30811071395874
1.1574413776397705
-1.7134201526641846
22.98448944091797
5.188653945922852
-6.734537124633789
28.92007064819336
-13.849775314331055
-8.825562477111816
-1.6066534519195557
-41.61790466308594
8.497056007385254
-4.1753315925598145
1.2981765270233154
-1.553344964981079
23.267038345336914
5.643662929534912
-7.038939952850342
29.667654037475586
-14.30449390411377
-9.01426887512207
-1.5433635711669922
-42.30577850341797
8.728069305419922
-4.035551071166992
1.4262149333953857
-1.3787462711334229
23.525447845458984
6.110022068023682
-7.3490447998046875
30.43061637878418
-14.76557445526123
-9.185508728027344
-1.4916422367095947
-42.963462829589844
8.943925857543945
-3.8882410526275635
1.5414444208145142
-1.1884965896606445
23.75916862487793
6.588409900665283
-7.665484428405762
31.210330963134766
-15.234440803527832
-9.339217185974121
-1.451553225517273
-43.59015655517578
9.144119262695312
-3.732902765274048
1.6437785625457764
-0.98149573802948
23.967796325683594
7.07953405380249
-7.988919258117676
32.00823211669922
-15.712568283081055
-9.475485801696777
-1.4232503175735474
-44.1848030090332
9.328036308288574
-3.56897234916687
1.7330238819122314
-0.7564846277236938
24.150663375854492
7.584136009216309
-8.320042610168457
32.8258171081543
-16.201494216918945
-9.594353675842285
-1.4069308042526245
-44.746177673339844
9.494979858398438
-3.395904541015625
1.8089960813522339
-0.5122525095939636
24.307117462158203
8.102989196777344
-8.65958309173584
33.66465377807617
-16.70282554626465
-9.695733070373535
-1.4026896953582764
-45.27356719970703
9.644278526306152
-3.2131524085998535
1.8714905977249146
-0.24757707118988037
24.436485290527344
8.63690185546875
-9.008310317993164
34.52638626098633
-17.21824836730957
-9.779470443725586
-1.4106050729751587
-45.76637649536133
9.775257110595703
-3.0201616287231445
1.9202933311462402
0.03876519203186035
24.53806495666504
9.186783790588379
-9.367074966430664
35.41290283203125
-17.749650955200195
-9.845417022705078
-1.4307783842086792
-46.22399139404297
9.887202262878418
-2.8162941932678223
1.9553322792053223
0.34782618284225464
24.611129760742188
9.753556251525879
-9.736753463745117
36.326107025146484
-18.298952102661133
