2
3
-3.638723373413086
0.9562587738037109
-4.2908711433410645
-0.3187904953956604
2.2204203605651855
8.901829719543457
3.42777681350708
-8.403594970703125
-0.07887806743383408
8.864423751831055
-3.0583784580230713
-7.15123176574707
-3.533435106277466
1.2901320457458496
-4.218574523925781
0.2871306538581848
2.1481072902679443
8.532614707946777
3.3793818950653076
-9.10357666015625
-0.15280595421791077
8.53928279876709
-3.12618350982666
-7.781911373138428
-3.432621479034424
1.6092535257339478
-4.14813232421875
0.8688099384307861
2.0799553394317627
8.160165786743164
3.3428092002868652
-9.805148124694824
-0.22468534111976624
8.213579177856445
-3.1888856887817383
-8.41329288482666
-3.336390495300293
1.913076400756836
-4.079268455505371
1.4249861240386963
2.0163586139678955
7.782865524291992
3.3186497688293457
-10.510950088500977
-0.2944881021976471
7.885432720184326
-3.2461559772491455
-9.04802131652832
-3.244723081588745
2.201089382171631
-4.011769771575928
1.9542946815490723
1.9575328826904297
7.399226188659668
3.3074159622192383
-11.223467826843262
-0.3621916174888611
7.55305814743042
-3.297638416290283
-9.688663482666016
-3.1574394702911377
2.4728431701660156
-3.9450769424438477
2.4555249214172363
1.9035813808441162
7.008073806762695
3.30944561958313
-11.945023536682129
-0.42776548862457275
7.214788436889648
-3.3429880142211914
-10.337753295898438
-3.074368715286255
2.7278428077697754
-3.878772497177124
2.927318811416626
1.8547383546829224
6.608246326446533
3.325424909591675
-12.678343772888184
-0.491115540266037
6.8691301345825195
-3.3817930221557617
-10.997714042663574
-2.9954991340637207
2.965618848800659
-3.812676429748535
3.3683674335479736
1.8113120794296265
6.198616027832031
3.3562064170837402
-13.426374435424805
-0.5521189570426941
6.514703273773193
-3.413651943206787
-11.671021461486816
-2.920576810836792
3.18568754196167
-3.7462713718414307
3.7773704528808594
1.7735908031463623
5.778007984161377
3.402646064758301
-14.192161560058594
-0.6110769510269165
6.149820804595947
-3.437997817993164
-12.360158920288086
-2.8493659496307373
3.387556552886963
-3.679197072982788
4.153059005737305
1.7419465780258179
5.344913005828857
3.465975284576416
-14.979645729064941
-0.6681276559829712
5.772974967956543
-3.454167366027832
-13.067562103271484
-2.781602621078491
3.570669651031494
-3.6109344959259033
4.4940996170043945
1.7166621685028076
4.898118019104004
3.5470850467681885
-15.792022705078125
-0.7230720520019531
5.38295316696167
-3.461439609527588
-13.795804023742676
-2.7171077728271484
3.7345004081726074
-3.5413427352905273
4.799431800842285
1.6980217695236206
4.4364142417907715
3.6469125747680664
-16.632503509521484
-0.7758036255836487
4.978108882904053
-3.4590818881988525
-14.548576354980469
-2.6553354263305664
3.8781352043151855
-3.4696829319000244
5.067693710327148
1.6863669157028198
3.958247184753418
3.7668039798736572
-17.50450325012207
-0.8260746598243713
4.557090759277344
-3.4461841583251953
-15.328871726989746
-2.595235824584961
3.9996562004089355
-3.3941094875335693
5.29654598236084
1.6817206144332886
3.4616594314575195
3.9080445766448975
-18.410612106323242
-0.8735377192497253
4.118739128112793
-3.421724796295166
-16.13933563232422
-2.536360502243042
4.097461223602295
-3.3132553100585938
5.483671188354492
1.6843698024749756
2.945524215698242
4.071756362915039
-19.35321807861328
-0.9177927374839783
3.6620471477508545
-3.384503126144409
-16.982376098632812
-2.4779443740844727
4.169510841369629
-3.2251148223876953
5.626045227050781
1.694692850112915
2.408637523651123
4.2592339515686035
-20.335256576538086
-0.9584685564041138
3.1864981651306152
-3.3334038257598877
-17.8593692779541
-2.419705390930176
4.214369773864746
-3.1281888484954834
5.7209391593933105
1.713431477546692
1.849771499633789
4.4722065925598145
-21.36031723022461
-0.995046079158783
2.691037654876709
-3.267223596572876
-18.77289581298828
-2.361616849899292
4.231245040893555
-3.0215799808502197
5.766298770904541
1.741331934928894
1.2672584056854248
4.712756156921387
-22.432483673095703
-1.0270063877105713
2.174363613128662
-3.1844675540924072
-19.725727081298828
-2.3034229278564453
4.219485282897949
-2.904282331466675
5.759911060333252
1.7790879011154175
0.6592386364936829
4.983041763305664
-23.55585479736328
-1.0536739826202393
1.6352159976959229
-3.083632469177246
-20.72068977355957
-2.244652271270752
4.178203582763672
-2.775131940841675
5.6994948387146
1.8275278806686401
0.023687303066253662
5.285576343536377
-24.734920501708984
-1.0739727020263672
1.0725796222686768
-2.9631452560424805
-21.76075553894043
-2.184913158416748
4.106811046600342
-2.633287191390991
5.583637237548828
1.8876093626022339
-0.6415727734565735
5.623211860656738
-25.97454071044922
-1.0873148441314697
0.4847910404205322
-2.8212192058563232
-22.849483489990234
-2.1236391067504883
4.0045037269592285
-2.4773929119110107
5.41036319732666
1.9603629112243652
-1.3387432098388672
5.999006271362305
-27.279695510864258
-1.093057632446289
-0.1297978162765503
-2.6560490131378174
-23.99050521850586
-2.060137987136841
3.8703534603118896
-2.3056480884552
5.177368640899658
2.0468976497650146
-2.069850444793701
6.4160075187683105
-28.65512466430664
-1.090282917022705
-0.7726181745529175
-2.4657115936279297
-25.187726974487305
-1.993789792060852
3.7035865783691406
-2.1165435314178467
4.882889747619629
2.1484711170196533
-2.837350606918335
6.877788543701172
-30.106252670288086
-1.0781744718551636
-1.4457221031188965
-2.2478997707366943
-26.445669174194336
-1.9239786863327026
3.5034196376800537
-1.9086109399795532
4.525190353393555
2.2664706707000732
-3.6437175273895264
7.388125419616699
-31.63886833190918
-1.0558357238769531
-2.151305913925171
-2.0000686645507812
-27.769149780273438
-1.8500186204910278
3.268951416015625
-1.6801533699035645
4.1022443771362305
2.4024195671081543
-4.491417407989502
7.951014518737793
-33.25914764404297
-1.0222787857055664
-2.8917057514190674
-1.7194162607192993
-29.163280487060547
-1.7712352275848389
2.999328851699829
-1.4295413494110107
3.6122050285339355
2.5580055713653564
-5.383387088775635
8.571161270141602
-34.97395706176758
-0.976409375667572
-3.6693918704986572
-1.4028576612472534
-30.633440017700195
-1.686807632446289
2.693448781967163
-1.154700756072998
3.052718162536621
2.7350199222564697
-6.322672367095947
9.25351333618164
-36.7904052734375
-0.9170277118682861
-4.4870285987854
-1.0469889640808105
-32.185420989990234
-1.5958651304244995
2.3501205444335938
-0.8534088134765625
2.4211857318878174
2.9354488849639893
-7.312502384185791
10.003570556640625
-38.7161865234375
-0.8428069353103638
-5.347451686859131
-0.6480569243431091
-33.82539367675781
-1.497562289237976
1.9680445194244385
-0.5234351754188538
1.7148767709732056
3.161472797393799
-8.356294631958008
10.827306747436523
-40.75954818725586
-0.7522791624069214
-6.253677845001221
-0.20192843675613403
-35.55992126464844
-1.3907536268234253
1.5455446243286133
-0.1622028946876526
0.930097222328186
3.4154317378997803
-9.457476615905762
11.73095989227295
-42.92922592163086
-0.6438246965408325
-7.208906173706055
0.2959466576576233
-37.39597702026367
-1.2744123935699463
1.0811822414398193
0.2328283190727234
0.06373822689056396
3.6998660564422607
-10.61957836151123
12.721156120300293
-45.2346076965332
-0.5156574845314026
-8.216530799865723
0.8505777716636658
-39.34099197387695
-1.1475470066070557
0.5737857818603516
0.6641964912414551
-0.8868262767791748
4.017424583435059
-11.846397399902344
13.804906845092773
-47.685386657714844
-0.3658069372177124
-9.280138969421387
1.467473030090332
-41.402854919433594
-1.009496808052063
0.024403631687164307
1.1332716941833496
-1.9202463626861572
4.370998382568359
-13.1419095993042
14.989850044250488
-50.29198455810547
-0.19210365414619446
-10.403519630432129
2.1526732444763184
-43.589927673339844
-0.8590391874313354
-0.5682759881019592
1.6430312395095825
-3.039067029953003
4.763689994812012
-14.510251998901367
16.284141540527344
-53.065467834472656
0.007836580276489258
-11.590648651123047
2.912787914276123
-45.91107177734375
-0.6946747303009033
-1.2068171501159668
2.197267532348633
-4.248098373413086
5.1988115310668945
-15.955695152282715
17.696422576904297
-56.01752853393555
0.23663583397865295
-12.84572696685791
3.7550742626190186
-48.37571716308594
-0.5146363973617554
-1.8938418626785278
2.800624370574951
-5.552644729614258
5.679924964904785
-17.482749938964844
19.23598861694336
-59.16071319580078
0.497173011302948
-14.173215866088867
4.687501907348633
-50.993934631347656
-0.3174149692058563
-2.631840467453003
3.457604169845581
-6.957494258880615
6.210787296295166
-19.09604835510254
20.912586212158203
-62.508155822753906
0.7926173210144043
-15.577799797058105
5.718807220458984
-53.776363372802734
-0.10139650106430054
-3.4232563972473145
4.1727423667907715
-8.467388153076172
6.795342922210693
-20.80032730102539
22.736387252807617
-66.073486328125
1.1263858079910278
-17.06439208984375
6.85837459564209
-56.73442459106445
0.1353430449962616
-4.270524978637695
4.950935363769531
-10.087206840515137
7.438092231750488
-22.60326385498047
24.721529006958008
-69.87244415283203
1.5021878480911255
-18.638282775878906
8.116482734680176
-59.88037872314453
