2
3
9.434680938720703
-6.2517266273498535
3.810626983642578
-2.552104949951172
-0.8231619000434875
-0.9044396877288818
9.859829902648926
0.6098831295967102
3.183964967727661
-7.000614643096924
-1.064293622970581
-7.522120475769043
9.219602584838867
-6.187714576721191
3.315554618835449
-2.4247186183929443
-0.3778124749660492
-1.2109824419021606
10.86913013458252
0.05059003829956055
3.215017557144165
-7.068429946899414
-0.9942008256912231
-7.6207427978515625
9.00767707824707
-6.13050651550293
2.8339717388153076
-2.312246799468994
0.06754979491233826
-1.5115199089050293
11.873756408691406
-0.5014044642448425
3.2493937015533447
-7.142414093017578
-0.9137306213378906
-7.729803562164307
8.799566268920898
-6.080556392669678
2.3669164180755615
-2.215167284011841
0.5142998695373535
-1.8075541257858276
12.875964164733887
-1.0485628843307495
3.287429094314575
-7.222701549530029
-0.8221632242202759
-7.849417686462402
8.595977783203125
-6.038340091705322
1.9155817031860352
-2.134060859680176
0.9638820290565491
-2.100625991821289
13.878105163574219
-1.593159556388855
3.3294103145599365
-7.309403419494629
-0.7188750505447388
-7.979727268218994
8.397579193115234
-6.004398345947266
1.4810798168182373
-2.0696842670440674
1.4180271625518799
-2.3922219276428223
14.88254451751709
-2.1373229026794434
3.3756744861602783
-7.402669906616211
-0.603257954120636
-8.12104320526123
8.205155372619629
-5.979294776916504
1.0649305582046509
-2.0228586196899414
1.8784741163253784
-2.684011459350586
15.89165210723877
-2.6832821369171143
3.426546812057495
-7.502714157104492
-0.47471487522125244
-8.273748397827148
8.019429206848145
-5.963497161865234
0.6683874130249023
-1.9941887855529785
2.346815824508667
-2.9778201580047607
16.907812118530273
-3.2333335876464844
3.4823997020721436
-7.609787940979004
-0.33269986510276794
-8.438454627990723
7.841167449951172
-5.957494258880615
0.29284271597862244
-1.9843989610671997
2.824456214904785
-3.2755038738250732
17.933374404907227
-3.7898449897766113
3.5436716079711914
-7.724009990692139
-0.17657053470611572
-8.615518569946289
7.671295166015625
-5.961785793304443
-0.060158103704452515
-1.994231939315796
3.313077211380005
-3.578948497772217
18.971166610717773
-4.355190277099609
3.6108264923095703
-7.845807075500488
-0.005327433347702026
-8.805703163146973
7.510515213012695
-5.976715087890625
-0.3893771171569824
-2.0244500637054443
3.814664363861084
-3.890103816986084
20.024993896484375
-4.932040691375732
3.6843886375427246
-7.9756178855896
0.18211665749549866
-9.009832382202148
7.359591484069824
-6.002798557281494
-0.6934801936149597
-2.075958013534546
4.330966949462891
-4.210820198059082
21.098003387451172
-5.523049354553223
3.764976739883423
-8.113868713378906
0.38690948486328125
-9.228840827941895
7.2193145751953125
-6.040588855743408
-0.9710787534713745
-2.1497626304626465
4.863623142242432
-4.542870998382568
22.193281173706055
-6.130924224853516
3.8531887531280518
-8.261200904846191
0.6104118227958679
-9.46384048461914
7.090412139892578
-6.090739727020264
-1.2206895351409912
-2.2469935417175293
5.413558006286621
-4.887698650360107
23.3127498626709
-6.758222579956055
3.949681520462036
-8.418218612670898
0.8541233539581299
-9.715930938720703
6.973651885986328
-6.153840065002441
-1.4408625364303589
-2.3687877655029297
5.981482982635498
-5.246432304382324
24.457441329956055
-7.4073052406311035
4.055213928222656
-8.585569381713867
1.1196494102478027
-9.986438751220703
6.869831085205078
-6.230485916137695
-1.6301056146621704
-2.5163538455963135
6.56862211227417
-5.620386123657227
25.629335403442383
-8.081049919128418
4.170610427856445
-8.763970375061035
1.4087210893630981
-10.276906967163086
6.779749870300293
-6.321319103240967
-1.786847472190857
-2.690967082977295
7.176018238067627
-6.010699272155762
26.83007049560547
-8.781874656677246
4.296715259552002
-8.954364776611328
1.723158836364746
-10.589200973510742
6.704339027404785
-6.426775932312012
-1.9092532396316528
-2.8934967517852783
7.803675651550293
-6.417776584625244
28.058685302734375
-9.511236190795898
4.434365272521973
-9.157648086547852
2.0649218559265137
-10.925010681152344
6.644717216491699
-6.547216415405273
-1.9951344728469849
-3.1249778270721436
8.451455116271973
-6.841976165771484
29.314456939697266
-10.270271301269531
4.584267616271973
-9.375167846679688
2.4362576007843018
-11.286660194396973
6.601949691772461
-6.683276176452637
-2.0426242351531982
-3.3869247436523438
9.120072364807129
-7.284062385559082
30.59903335571289
-11.060633659362793
4.747396469116211
-9.607747077941895
2.8392956256866455
-11.675776481628418
6.577055931091309
-6.835747718811035
-2.0498569011688232
-3.6808907985687256
9.810795783996582
-7.745264530181885
31.915319442749023
-11.88489055633545
4.92473030090332
-9.85634708404541
3.276247501373291
-12.094276428222656
6.571065902709961
-7.00545072555542
-2.01481032371521
-4.008385181427002
10.524816513061523
-8.226654052734375
33.26544952392578
-12.745477676391602
5.117307662963867
-10.122058868408203
3.749459981918335
-12.544354438781738
6.585189342498779
-7.193240642547607
-1.9350849390029907
-4.370960712432861
11.263671875
-8.729535102844238
34.65253448486328
-13.645237922668457
5.326171398162842
-10.405786514282227
4.261274337768555
-13.027779579162598
6.620540142059326
-7.40006160736084
-1.8083124160766602
-4.770319938659668
12.029003143310547
-9.255475044250488
36.07973861694336
-14.587376594543457
5.552394390106201
-10.708563804626465
4.81410551071167
-13.546649932861328
6.678101539611816
-7.626893997192383
-1.6322928667068481
-5.208250045776367
12.822284698486328
-9.80601692199707
37.55006408691406
-15.574947357177734
5.796996593475342
-11.03177261352539
5.410782814025879
-14.10355281829834
6.7587971687316895
-7.874783039093018
-1.4049150943756104
-5.686637878417969
13.644975662231445
-10.382673263549805
39.066627502441406
-16.611055374145508
6.061136722564697
-11.376642227172852
6.054174423217773
-14.7008695602417
6.863516330718994
-8.144845008850098
-1.1240625381469727
-6.207492351531982
14.49876880645752
-10.987213134765625
40.63328170776367
-17.69932746887207
6.346126079559326
-11.7443265914917
6.74715518951416
-15.341012954711914
6.993299961090088
-8.438231468200684
-0.7873097658157349
-6.7728729248046875
15.385368347167969
-11.621400833129883
42.25426483154297
-18.843473434448242
6.653385639190674
-12.136235237121582
7.493075370788574
-16.026994705200195
7.149106025695801
-8.756166458129883
-0.39228513836860657
-7.384946823120117
16.306495666503906
-12.287117958068848
43.93339157104492
-20.047500610351562
6.98422908782959
-12.553704261779785
8.295166969299316
-16.761526107788086
7.3319597244262695
-9.099953651428223
0.06359943747520447
-8.046011924743652
17.263900756835938
-12.986356735229492
45.67458724975586
-21.31558609008789
7.340002059936523
-12.998167037963867
9.156764030456543
-17.547544479370117
7.542916774749756
-9.470983505249023
0.582945704460144
-8.758535385131836
18.259294509887695
-13.721113204956055
47.481693267822266
-22.65187644958496
7.722166538238525
-13.471161842346191
10.081422805786133
-18.388229370117188
7.783104419708252
-9.870709419250488
1.1685376167297363
-9.525092124938965
19.29463768005371
-14.493620872497559
49.35926818847656
-24.061185836791992
8.132220268249512
-13.97436809539795
11.072844505310059
-19.287092208862305
8.053722381591797
-10.300641059875488
1.823601245880127
-10.348310470581055
20.371898651123047
-15.306188583374023
51.31199264526367
-25.54852294921875
8.571723937988281
-14.509550094604492
12.134902000427246
-20.247852325439453
8.355987548828125
-10.762386322021484
2.551159381866455
-11.231099128723145
21.49304962158203
-16.161130905151367
53.344566345214844
-27.118871688842773
9.04227066040039
-15.078516006469727
13.271585464477539
-21.27435874938965
8.691149711608887
-11.257658958435059
3.3543930053710938
-12.176584243774414
22.66036033630371
-17.061054229736328
55.46269607543945
-28.7780818939209
9.54554557800293
-15.683198928833008
14.487123489379883
-22.370744705200195
9.060517311096191
-11.78822135925293
4.236728668212891
-13.187965393066406
23.876256942749023
-18.008750915527344
57.67262649536133
-30.53252410888672
10.083430290222168
-16.325590133666992
15.785969734191895
-23.541458129882812
9.465452194213867
-12.35569953918457
5.201411247253418
-14.26865005493164
25.143264770507812
-19.007160186767578
59.98061752319336
-32.38886260986328
10.657941818237305
-17.007951736450195
17.17302131652832
-24.79155731201172
9.907061576843262
-12.962030410766602
6.251736640930176
-15.42230224609375
26.46412467956543
-20.059436798095703
62.39340591430664
-34.354244232177734
11.27107048034668
-17.732542037963867
18.653430938720703
-26.125871658325195
10.386744499206543
-13.609339714050293
7.391661643981934
-16.652896881103516
27.841629028320312
-21.16888999938965
64.91788482666016
-36.43614959716797
11.924934387207031
-18.501773834228516
20.232524871826172
-27.549652099609375
10.906163215637207
-14.299781799316406
8.625289916992188
-17.96495246887207
29.27889633178711
-22.339122772216797
67.5617446899414
-38.64274978637695
12.621767044067383
-19.318233489990234
21.91592788696289
-29.068578720092773
