2
3
-4.025052070617676
-3.6335644721984863
-5.5916852951049805
6.8049635887146
-6.206660747528076
-5.818670272827148
8.697035789489746
7.976341724395752
5.65990686416626
6.260578632354736
-1.5447187423706055
9.035237312316895
-3.954103946685791
-3.3157153129577637
-5.626028537750244
7.366115093231201
-5.780797958374023
-5.395358562469482
9.385123252868652
8.764534950256348
5.293252944946289
6.028329372406006
-2.3621325492858887
8.508212089538574
-3.8885881900787354
-2.9973788261413574
-5.661808013916016
7.933866024017334
-5.363208770751953
-4.97032356262207
10.056724548339844
9.556241035461426
4.924878120422363
5.805158615112305
-3.1617631912231445
8.01341438293457
-3.828312635421753
-2.6780312061309814
-5.699418544769287
8.508607864379883
-4.953458309173584
-4.542893409729004
10.711539268493652
10.351997375488281
4.555739402770996
5.591789722442627
-3.9440677165985107
7.550920009613037
-3.7730495929718018
-2.3572394847869873
-5.739399433135986
9.090353012084961
-4.551133155822754
-4.112393856048584
11.349230766296387
11.152327537536621
4.186717510223389
5.389166355133057
-4.709667205810547
7.121507167816162
-3.7225303649902344
-2.0343620777130127
-5.782214641571045
9.679654121398926
-4.155773162841797
-3.6781256198883057
11.96950912475586
11.957804679870605
3.818859577178955
5.198156356811523
-5.459234714508057
6.725405693054199
-3.676412582397461
-1.7086238861083984
-5.828486442565918
10.277185440063477
-3.7670865058898926
-3.2394602298736572
12.571897506713867
12.768889427185059
3.4533803462982178
5.020126819610596
-6.193385601043701
6.363724231719971
-3.6333675384521484
-1.3787695169448853
-5.878925323486328
10.883809089660645
-3.384932279586792
-2.7958178520202637
13.155811309814453
13.586007118225098
3.0913171768188477
4.856583595275879
-6.912988185882568
6.038123607635498
-3.593308448791504
-1.0443459749221802
-5.933776378631592
11.50009536743164
-3.009113311767578
-2.346583604812622
13.720826148986816
14.4097318649292
2.7336630821228027
4.708828926086426
-7.619184970855713
5.749553203582764
-3.5562586784362793
-0.704978883266449
-5.993484020233154
12.126623153686523
-2.637260675430298
-1.8896247148513794
14.266279220581055
15.24063777923584
2.3812808990478516
4.577993392944336
-8.313294410705566
5.498581409454346
-3.5222861766815186
-0.3600175976753235
-6.058726787567139
12.764328002929688
-2.2687487602233887
-1.4239585399627686
14.79093074798584
16.078716278076172
2.0348877906799316
4.465139389038086
-8.996658325195312
5.285802841186523
-3.491084575653076
-0.008913159370422363
-6.129520416259766
13.413787841796875
-1.9032979011535645
-0.9488679766654968
15.293455123901367
16.923982620239258
1.6950191259384155
4.371230125427246
-9.670670509338379
5.111813545227051
-3.462470293045044
0.34903234243392944
-6.205971717834473
14.076022148132324
-1.5408909320831299
-0.4637857973575592
15.772760391235352
17.776609420776367
1.3620065450668335
4.297124862670898
-10.336806297302246
4.977243423461914
-3.4362027645111084
0.7144633531570435
-6.2880377769470215
14.751933097839355
-1.181610345840454
0.03176984190940857
16.227989196777344
18.63685417175293
1.0360305309295654
4.243525505065918
-10.99647331237793
4.8825459480285645
-3.412135124206543
1.0882004499435425
-6.375964641571045
15.442854881286621
-0.8252919912338257
0.5383464097976685
16.658679962158203
19.505334854125977
0.7171792387962341
4.210975646972656
-11.650985717773438
4.828025817871094
-3.3901309967041016
1.4710800647735596
-6.470012664794922
16.150157928466797
-0.47239750623703003
1.056121826171875
17.063634872436523
20.382028579711914
0.4054696559906006
4.199930667877197
-12.301605224609375
4.813965320587158
-3.370083808898926
1.863837718963623
-6.570470809936523
16.8750057220459
-0.12451449036598206
1.5846480131149292
17.441326141357422
21.2662353515625
0.10067221522331238
4.211078643798828
-12.949645042419434
4.840768814086914
-3.351824998855591
2.2670793533325195
-6.6774210929870605
17.618223190307617
0.2170930802822113
2.123641014099121
17.790260314941406
22.15741539001465
-0.19792968034744263
4.244859218597412
-13.596314430236816
4.908742904663086
-3.335275173187256
2.681352376937866
-6.791013717651367
18.380739212036133
0.5512358546257019
2.6727356910705566
18.10838508605957
23.05478858947754
-0.49090510606765747
4.301332950592041
-14.243067741394043
5.018420696258545
-3.3203582763671875
3.107053756713867
-6.911352157592773
19.163352966308594
0.8767353296279907
3.2314796447753906
18.392993927001953
23.956918716430664
-0.7784304618835449
4.380523681640625
-14.890359878540039
5.169899940490723
-3.3071162700653076
3.5445189476013184
-7.038637161254883
19.96689796447754
1.193076252937317
3.799532413482666
18.641372680664062
24.86163902282715
-1.060530424118042
4.482470512390137
-15.537643432617188
5.363083839416504
-3.295807123184204
3.995107889175415
-7.173707962036133
20.792512893676758
1.499670386314392
4.376687049865723
18.852310180664062
25.768171310424805
-1.3371529579162598
4.607229232788086
-16.184337615966797
5.597867488861084
-3.2863705158233643
4.459233283996582
-7.316842079162598
21.640947341918945
1.7957825660705566
4.962790012359619
19.025177001953125
26.676593780517578
-1.6084851026535034
4.754989147186279
-16.8306941986084
5.8744988441467285
-3.278843879699707
4.93714714050293
-7.468417167663574
22.51291847229004
2.0805931091308594
5.557574272155762
19.159297943115234
27.586822509765625
-1.8741472959518433
4.925806522369385
-17.477079391479492
6.193112850189209
-3.273223876953125
5.428747177124023
-7.628800392150879
23.408836364746094
2.3535547256469727
6.160839557647705
19.253816604614258
28.49856948852539
-2.1341440677642822
5.119581699371338
-18.124040603637695
6.553859710693359
-3.269599199295044
5.934066295623779
-7.798151969909668
24.32880401611328
2.614076852798462
6.772116661071777
19.30821418762207
29.411794662475586
-2.38793683052063
5.335877418518066
-18.76995086669922
6.956363201141357
-3.268007278442383
6.453034400939941
-7.976524353027344
25.272703170776367
2.8617427349090576
7.39072847366333
19.322311401367188
30.32664680480957
-2.635265350341797
5.574493885040283
-19.413978576660156
7.40068244934082
-3.2685585021972656
6.98551607131958
-8.164190292358398
26.240570068359375
3.0963683128356934
8.016805648803711
19.29607391357422
31.243633270263672
-2.876446485519409
5.835647106170654
-20.056474685668945
7.887267112731934
-3.2713236808776855
7.531552791595459
-8.3615140914917
27.2320499420166
3.3177664279937744
8.65042781829834
19.22954559326172
32.16327667236328
-3.111787796020508
6.119486331939697
-20.697538375854492
8.41640853881836
-3.276618719100952
8.09097671508789
-8.568758964538574
28.246726989746094
3.525695323944092
9.291318893432617
19.122846603393555
33.08600997924805
-3.341642379760742
6.4261794090271
-21.337413787841797
8.988394737243652
-3.2846856117248535
8.664006233215332
-8.786459922790527
29.284923553466797
3.720012903213501
9.939672470092773
18.976158142089844
34.01250076293945
-3.5664870738983154
6.755931377410889
-21.976810455322266
9.603672981262207
-3.2957746982574463
9.250931739807129
-9.015213012695312
30.347087860107422
3.900585174560547
10.595717430114746
18.789691925048828
34.94346618652344
-3.786827802658081
7.108948707580566
-22.61647605895996
10.262711524963379
-3.3101346492767334
9.852009773254395
-9.255611419677734
31.433597564697266
4.067288398742676
11.259718894958496
18.563692092895508
35.879669189453125
-4.003134727478027
7.4853973388671875
-23.257030487060547
10.96589469909668
-3.327993631362915
10.467516899108887
-9.508140563964844
32.5448112487793
4.220010280609131
11.931973457336426
18.29842758178711
36.82192611694336
-4.2159037590026855
7.885456085205078
-23.899127960205078
11.713626861572266
-3.349585771560669
11.097729682922363
-9.773292541503906
33.68107604980469
4.358651161193848
12.612811088562012
17.994182586669922
37.771080017089844
-4.425614833831787
8.309260368347168
-24.5432186126709
12.506233215332031
-3.3751614093780518
11.742932319641113
-10.051628112792969
34.8427619934082
4.483128547668457
13.302579879760742
17.651248931884766
38.72800064086914
-4.632694721221924
8.756848335266113
-25.189268112182617
13.343851089477539
-3.40494966506958
12.4034423828125
-10.343705177307129
36.0302734375
4.5933661460876465
14.001644134521484
17.269926071166992
39.693565368652344
-4.837656021118164
9.228409767150879
-25.837907791137695
14.226861000061035
-3.4391982555389404
13.079724311828613
-10.650208473205566
37.244136810302734
4.689296722412109
14.710390090942383
16.850513458251953
40.66867446899414
-5.041134357452393
9.724143981933594
-26.489824295043945
15.155696868896484
-3.478137254714966
13.772438049316406
-10.971936225891113
38.48495864868164
4.770870208740234
15.429229736328125
16.393299102783203
41.654258728027344
-5.243727207183838
10.244331359863281
-27.1463623046875
16.13084602355957
-3.5220022201538086
14.48200511932373
-11.309499740600586
39.753211975097656
4.838049411773682
16.15871238708496
15.898658752441406
42.65147399902344
-5.446188926696777
10.78934383392334
-27.808990478515625
17.152965545654297
