2
3
0.21931235492229462
1.2647359371185303
-2.252687692642212
-7.358458995819092
4.153564929962158
0.5575919151306152
0.5627033710479736
-6.408416748046875
5.4093852043151855
7.699134826660156
0.32480376958847046
3.744147539138794
0.3052518367767334
0.9090878367424011
-1.7127149105072021
-7.127774238586426
4.269689559936523
0.3100571036338806
0.4060422480106354
-6.037291049957275
5.329648971557617
8.110706329345703
-0.16592931747436523
2.6703577041625977
0.4288357198238373
0.5827128887176514
-1.2069838047027588
-6.873219013214111
4.359034061431885
0.1298668086528778
0.23872002959251404
-5.678573131561279
5.202263832092285
8.42435359954834
-0.5523327589035034
1.566208004951477
0.5831901431083679
0.295194149017334
-0.7434473037719727
-6.605813026428223
4.4202880859375
0.019057512283325195
0.06109417974948883
-5.3512701988220215
5.0417256355285645
8.641295433044434
-0.8336770534515381
0.44908201694488525
0.763579249382019
0.05899423360824585
-0.3361286520957947
-6.350830078125
4.455124378204346
-0.02249019593000412
-0.13068583607673645
-5.07803201675415
4.861747741699219
8.761844635009766
-1.009928584098816
-0.6583729982376099
0.9693747758865356
-0.11899733543395996
0.0072550177574157715
-6.134225845336914
4.465789794921875
-0.0034581348299980164
-0.333634614944458
-4.864706039428711
4.672595977783203
8.782730102539062
-1.0855143070220947
-1.7232593297958374
1.1922136545181274
-0.24831832945346832
0.29556363821029663
-5.946542739868164
4.44993782043457
0.061711959540843964
-0.5350952744483948
-4.706149101257324
4.484612464904785
8.706269264221191
-1.0690985918045044
-2.7223994731903076
1.4219449758529663
-0.33902060985565186
0.5373517274856567
-5.778826713562012
4.4071831703186035
0.15909460186958313
-0.7262909412384033
-4.587055683135986
4.307428359985352
8.549919128417969
-0.9819496870040894
-3.6637823581695557
1.6508684158325195
-0.3948366045951843
0.7378085255622864
-5.631738185882568
4.338141441345215
0.27895113825798035
-0.9010132551193237
-4.502311706542969
4.150237560272217
8.331439971923828
-0.8464504480361938
-4.56095027923584
1.8738099336624146
-0.4193718135356903
0.8985995054244995
-5.501608371734619
4.244636535644531
0.4143526554107666
-1.0538510084152222
-4.448877811431885
4.01906156539917
8.063456535339355
-0.6809678673744202
-5.422934055328369
2.086838722229004
-0.41688060760498047
1.022024393081665
-5.3853302001953125
4.130817890167236
0.5591445565223694
-1.1824531555175781
-4.424509048461914
3.9179913997650146
7.752481937408447
-0.5001713037490845
-6.252391815185547
2.288025379180908
-0.3918914496898651
1.1103332042694092
-5.280431747436523
4.002139091491699
0.7080448269844055
-1.2876901626586914
-4.42702579498291
3.849071741104126
7.401693344116211
-0.3160657584667206
-7.047886371612549
2.4769012928009033
-0.3454304337501526
1.1642807722091675
-5.186516761779785
3.863156318664551
0.8577430248260498
-1.3682992458343506
-4.457696914672852
3.811030626296997
7.012804985046387
-0.13467299938201904
-7.806038856506348
2.6508822441101074
-0.2785642445087433
1.1929285526275635
-5.11208963394165
3.717651128768921
1.0060019493103027
-1.4217078685760498
-4.520444393157959
3.800074815750122
6.5885419845581055
0.044578731060028076
-8.524706840515137
2.808501958847046
-0.1929197907447815
1.204501986503601
-5.066267490386963
3.5685691833496094
1.1513453722000122
-1.4443923234939575
-4.620569229125977
3.8122332096099854
6.132021427154541
0.22270020842552185
-9.202227592468262
2.9503822326660156
-0.09191800653934479
1.202207326889038
-5.055860996246338
3.418475866317749
1.2919100522994995
-1.4321876764297485
-4.764362335205078
3.844212770462036
5.646440029144287
0.39887702465057373
-9.835988998413086
3.0764920711517334
0.02215047925710678
1.1914728879928589
-5.088210582733154
3.2700541019439697
1.4257553815841675
-1.3813952207565308
-4.95721960067749
3.8944103717803955
5.1354522705078125
0.5710041522979736
-10.423177719116211
3.187333106994629
0.14630979299545288
1.1764603853225708
-5.1693949699401855
3.1261789798736572
1.5505566596984863
-1.2891809940338135
-5.203634262084961
3.9600701332092285
4.602712631225586
0.736652135848999
-10.96131706237793
3.2832798957824707
0.2771488428115845
1.1623042821884155
-5.305946350097656
2.9900448322296143
1.6638182401657104
-1.1542110443115234
-5.506688594818115
4.038397312164307
4.0525407791137695
0.8940531015396118
-11.449577331542969
3.364438533782959
0.41145116090774536
1.1550099849700928
-5.503560543060303
2.864750862121582
1.7632044553756714
-0.9763712286949158
-5.868442058563232
4.126380443572998
3.4900331497192383
1.042550802230835
-11.889410018920898
3.4310081005096436
0.5460549592971802
1.160841464996338
-5.766880512237549
2.7535696029663086
1.847438097000122
-0.7574409246444702
-6.29221773147583
4.220697402954102
2.921128749847412
1.1823612451553345
-12.283970832824707
3.4844279289245605
0.6776605844497681
1.1851617097854614
-6.100319862365723
2.6594722270965576
1.9128273725509644
-0.4998609125614166
-6.7786664962768555
4.3179931640625
2.3523786067962646
1.3146369457244873
-12.638191223144531
3.526146650314331
0.802506148815155
1.23306143283844
-6.5056915283203125
2.5854086875915527
1.9561245441436768
-0.2070675790309906
-7.327286720275879
4.4152116775512695
1.790492057800293
1.4420242309570312
-12.960737228393555
3.558483839035034
0.9155868291854858
1.3079231977462769
-6.983475685119629
2.533576250076294
1.9747616052627563
0.11744111776351929
-7.936273574829102
4.5097455978393555
1.2417243719100952
1.5683056116104126
-13.262316703796387
3.5837314128875732
1.0124988555908203
1.4131646156311035
-7.533542633056641
2.505075454711914
1.9663748741149902
0.4705885648727417
-8.603271484375
4.599524974822998
0.711425244808197
1.6977970600128174
-13.55411148071289
3.6041030883789062
1.0894806385040283
1.5514124631881714
-8.154315948486328
2.499906301498413
1.9286757707595825
0.8506926894187927
-9.324748039245605
4.6823930740356445
0.20433056354522705
1.838358998298645
-13.849649429321289
3.6217360496520996
1.1430799961090088
1.7245562076568604
-8.843441009521484
2.517202854156494
1.859581470489502
1.2570977210998535
-10.095897674560547
4.756897926330566
-0.27679458260536194
1.9967212677001953
-14.160582542419434
3.6385529041290283
1.1703208684921265
1.9342373609542847
-9.59776782989502
2.556602954864502
1.7578924894332886
1.6877985000610352
-10.912327766418457
4.823179244995117
-0.7300010919570923
2.1733224391937256
-14.495279312133789
3.656635284423828
1.1689122915267944
2.180739641189575
-10.412593841552734
2.6179847717285156
1.6223111152648926
2.1410021781921387
-11.769682884216309
4.881227016448975
-1.1529310941696167
2.37042236328125
-14.864678382873535
3.677720785140991
1.1370964050292969
2.465730905532837
-11.284446716308594
2.701164484024048
1.4507502317428589
2.6155080795288086
-12.664149284362793
4.931990146636963
-1.545013427734375
2.589750051498413
-15.278632164001465
3.7031915187835693
1.0734530687332153
2.792069911956787
-12.210838317871094
2.8054745197296143
1.2415130138397217
3.1109700202941895
-13.590668678283691
4.976006031036377
-1.9069771766662598
2.835841655731201
-15.746866226196289
3.7343835830688477
0.9765523672103882
3.163715362548828
-13.189688682556152
2.928349256515503
0.9960770010948181
3.630235195159912
-14.548370361328125
5.014172077178955
-2.240642786026001
3.114307403564453
-16.278762817382812
3.7728147506713867
0.8446503281593323
3.5858445167541504
-14.220330238342285
3.067171573638916
0.7154683470726013
4.179694652557373
-15.537784576416016
5.047046184539795
-2.5502893924713135
3.4330708980560303
-16.88023567199707
3.819779634475708
0.6762258410453796
4.0638747215271
-15.302017211914062
3.220163106918335
0.4031212031841278
4.764891624450684
-16.563697814941406
5.076037883758545
-2.840036392211914
3.79897403717041
-17.55743980407715
3.875871419906616
0.47061124444007874
4.60405158996582
-16.435874938964844
3.386449098587036
0.06204524636268616
5.391181468963623
-17.63240623474121
5.103033542633057
-3.1143150329589844
4.218398094177246
-18.31556510925293
3.9420013427734375
0.2286410629749298
5.211846828460693
-17.62569808959961
3.5656538009643555
-0.3056713938713074
6.063897132873535
-18.749914169311523
5.130069255828857
-3.3783013820648193
4.698059558868408
-19.158830642700195
4.020193576812744
-0.04865428805351257
5.892155647277832
-18.876314163208008
3.757524251937866
-0.698278546333313
6.789079666137695
-19.92272186279297
5.159424304962158
-3.6372461318969727
5.244210720062256
-20.090206146240234
4.1124467849731445
-0.3607426881790161
6.650460243225098
-20.19255828857422
3.961961030960083
-1.1146456003189087
7.573652267456055
-21.157527923583984
5.193325519561768
-3.8962302207946777
5.863921642303467
-21.11359405517578
4.220662593841553
-0.7074282169342041
7.492886066436768
-21.57935905456543
4.17886209487915
-1.5540738105773926
8.425236701965332
-22.46051597595215
5.2338948249816895
-4.1599955558776855
6.565030097961426
-22.2330265045166
4.346753120422363
-1.0887775421142578
8.425830841064453
-23.04175567626953
4.4083123207092285
-2.016055107116699
9.351887702941895
-23.8378849029541
5.283256530761719
-4.432916641235352
7.355428218841553
-23.45196533203125
