2
3
0.6335299611091614
6.311089515686035
5.2014994621276855
5.791019439697266
7.44999885559082
7.211704730987549
-8.4591703414917
-0.3484741449356079
9.369978904724121
3.934469699859619
-1.0383414030075073
-0.8093030452728271
1.0235133171081543
6.327516078948975
5.988901615142822
5.856048107147217
7.217536449432373
7.140257835388184
-8.948081970214844
-0.48294878005981445
9.150655746459961
4.074505805969238
-1.543904185295105
-0.5529937148094177
1.4043792486190796
6.350935459136963
6.755063056945801
5.930778503417969
6.98669958114624
7.0734477043151855
-9.435352325439453
-0.6101923584938049
8.93263053894043
4.213272571563721
-2.0445425510406494
-0.29959410429000854
1.777119755744934
6.38149881362915
7.500706672668457
6.01498556137085
6.756931781768799
7.011282920837402
-9.922028541564941
-0.7301622629165649
8.716017723083496
4.350546836853027
-2.5403530597686768
-0.04884323477745056
2.142670154571533
6.41913366317749
8.226593017578125
6.108330249786377
6.528007984161377
6.953758716583252
-10.408954620361328
-0.8428546786308289
8.500885963439941
4.486253261566162
-3.031552314758301
0.19945397973060608
2.5019099712371826
6.463769435882568
8.933403015136719
6.210483551025391
6.299737930297852
6.9008708000183105
-10.896904945373535
-0.9482522010803223
8.287189483642578
4.620687007904053
-3.518573760986328
0.4458025395870209
2.8556454181671143
6.515342712402344
9.621724128723145
6.321141242980957
6.071980953216553
6.852630138397217
-11.386479377746582
-1.0462907552719116
8.074857711791992
4.754147052764893
-4.001833915710449
0.6907761096954346
3.2046079635620117
6.573797702789307
10.292060852050781
6.440035820007324
5.844644069671631
6.809051513671875
-11.878201484680176
-1.1368987560272217
7.863685131072998
4.886928081512451
-4.481969356536865
0.9349393844604492
3.5494039058685303
6.639051914215088
10.944890975952148
6.5670013427734375
5.617677688598633
6.770149230957031
-12.372538566589355
-1.2200006246566772
7.65354585647583
5.019361972808838
-4.959445476531982
1.178795576095581
3.89054536819458
6.7110185623168945
11.580611228942871
6.701815605163574
5.39111328125
6.735913276672363
-12.869810104370117
-1.295544981956482
7.444307327270508
5.1517744064331055
-5.434722900390625
1.4228404760360718
4.228506088256836
6.789674282073975
12.199545860290527
6.84434700012207
5.165196418762207
6.706346035003662
-13.369848251342773
-1.3634446859359741
7.235896110534668
5.2844929695129395
-5.908223628997803
1.667557716369629
4.563663005828857
6.874967575073242
12.80189037322998
6.994417667388916
4.9400177001953125
6.681515216827393
-13.872762680053711
-1.4235215187072754
7.028371334075928
5.417852878570557
-6.380298137664795
1.9134092330932617
4.896176815032959
6.966766834259033
13.387650489807129
7.151735305786133
4.715704917907715
6.66153621673584
-14.378719329833984
-1.4755641222000122
6.821682453155518
5.552146911621094
-6.851324081420898
2.1608526706695557
5.2256693840026855
7.064791202545166
13.955289840698242
7.315345764160156
4.492733001708984
6.64656400680542
-14.886290550231934
-1.5191630125045776
6.615790367126465
5.687665939331055
-7.321673393249512
2.4103589057922363
5.551323413848877
7.168673992156982
14.502511978149414
7.4840826988220215
4.271996974945068
6.636716842651367
-15.393704414367676
-1.5540103912353516
6.410622596740723
5.824713230133057
-7.791831970214844
2.6624596118927
5.8720293045043945
7.27793550491333
15.027277946472168
7.656865119934082
4.054134845733643
6.632193565368652
-15.90062427520752
-1.5798676013946533
6.206364631652832
5.963623523712158
-8.262097358703613
2.917680501937866
6.1866068840026855
7.392181873321533
15.526961326599121
7.832710266113281
3.8391635417938232
6.633131504058838
-16.40729522705078
-1.596497893333435
6.003138542175293
6.104655742645264
-8.732460021972656
3.1764607429504395
6.494326591491699
7.511201858520508
16.00031852722168
8.011284828186035
3.627152919769287
6.6396565437316895
-16.913747787475586
-1.6036092042922974
5.801130294799805
6.248049259185791
-9.202834129333496
3.439213752746582
6.794747352600098
7.634914398193359
16.446378707885742
8.192516326904297
3.4181230068206787
6.651890754699707
-17.420101165771484
-1.6009135246276855
5.600623607635498
6.393970012664795
-9.673002243041992
3.7062337398529053
7.0873703956604
7.763271808624268
16.864227294921875
8.376432418823242
3.211958885192871
6.669964790344238
-17.926841735839844
-1.588118553161621
5.4018402099609375
6.5425801277160645
-10.142996788024902
3.9778313636779785
7.371840476989746
7.896279811859131
17.25327491760254
8.563224792480469
3.00858473777771
6.6940226554870605
-18.434499740600586
-1.5649421215057373
5.204847812652588
6.69404935836792
-10.613219261169434
4.254318714141846
7.648273468017578
8.03421688079834
17.612041473388672
8.752669334411621
2.807971239089966
6.724198341369629
-18.943355560302734
-1.5310981273651123
5.009712219238281
6.84857177734375
-11.083901405334473
4.536049842834473
7.916704177856445
8.177287101745605
17.93932342529297
8.944681167602539
2.6100964546203613
6.760617733001709
-19.453758239746094
-1.4863396883010864
4.816479206085205
7.006331443786621
-11.555233001708984
4.82335090637207
8.176746368408203
8.325339317321777
18.235506057739258
9.139814376831055
2.414851427078247
6.803408145904541
-19.966466903686523
-1.430448293685913
4.625154495239258
7.167540550231934
-12.027491569519043
5.1166157722473145
8.428013801574707
8.478330612182617
18.500667572021484
9.33851432800293
2.222090244293213
6.8526997566223145
-20.48211669921875
-1.3631631135940552
4.435725212097168
7.332395076751709
-12.500981330871582
5.41621208190918
8.670496940612793
8.636409759521484
18.735090255737305
9.541321754455566
2.031730890274048
6.908614158630371
-21.0009765625
-1.2841832637786865
4.248149871826172
7.501091480255127
-12.976029396057129
5.722524642944336
8.903989791870117
8.799703598022461
18.9389591217041
9.748770713806152
1.843724250793457
6.97124719619751
-21.523324966430664
-1.1932114362716675
4.062397003173828
7.673694133758545
-13.452912330627441
6.035871982574463
9.128217697143555
8.96827507019043
19.112152099609375
9.96121883392334
1.6579077243804932
7.040761470794678
-22.049579620361328
-1.089887022972107
3.8783905506134033
7.850383758544922
-13.931987762451172
6.356665134429932
9.342947006225586
9.142254829406738
19.254915237426758
10.17917537689209
1.474101185798645
7.11732292175293
-22.580177307128906
-0.9738390445709229
3.696073532104492
8.031271934509277
-14.413551330566406
6.685285568237305
9.547807693481445
9.321683883666992
19.366987228393555
10.402957916259766
1.2921110391616821
7.201101303100586
-23.115577697753906
-0.8446861505508423
3.515404462814331
8.216477394104004
-14.897902488708496
7.022137641906738
9.742621421813965
9.506668090820312
19.44843101501465
10.632943153381348
1.1117268800735474
7.292267799377441
-23.65625762939453
-0.7020397186279297
3.3362417221069336
8.406207084655762
-15.385457992553711
7.367697715759277
9.927129745483398
9.697346687316895
19.4991397857666
10.869515419006348
0.9326884150505066
7.390992641448975
-24.20279884338379
-0.5454887747764587
3.158385753631592
8.600685119628906
-15.876729011535645
7.722486972808838
10.101167678833008
9.89391040802002
19.5191707611084
11.11313247680664
0.7547062635421753
7.497452259063721
-24.755834579467773
-0.3746025264263153
2.9817097187042236
8.80004596710205
-16.37204360961914
8.086954116821289
10.264476776123047
10.096538543701172
19.508543014526367
11.364273071289062
0.5775275230407715
7.611832618713379
-25.315906524658203
-0.18894648551940918
2.8059921264648438
9.004469871520996
-16.871807098388672
8.461600303649902
10.416760444641113
10.30541706085205
19.46721649169922
11.623421669006348
0.40088650584220886
7.734323501586914
-25.883573532104492
0.011926963925361633
2.630969524383545
9.214200019836426
-17.376571655273438
8.84699535369873
10.557698249816895
10.520746231079102
19.395105361938477
11.891077041625977
0.22450509667396545
7.865121364593506
-26.45941162109375
0.22848249971866608
2.456374168395996
9.429486274719238
-17.886871337890625
9.243711471557617
10.686976432800293
10.742718696594238
19.29209327697754
12.167708396911621
0.04809248447418213
8.004429817199707
-27.044015884399414
0.461201012134552
2.281902313232422
9.650593757629395
-18.403310775756836
9.652359962463379
10.8042631149292
10.971525192260742
19.157936096191406
12.45374584197998
-0.12865415215492249
8.152459144592285
-27.637998580932617
0.7105815410614014
2.1072311401367188
9.877799034118652
-18.926523208618164
10.073575019836426
10.90920639038086
11.207351684570312
18.992284774780273
12.749581336975098
-0.306049108505249
8.309428215026855
-28.241994857788086
0.9771397709846497
1.9320199489593506
10.111388206481934
-19.457162857055664
10.508009910583496
11.001453399658203
11.450392723083496
18.794780731201172
13.055610656738281
-0.48448890447616577
8.475600242614746
-28.856843948364258
1.261453628540039
1.7559112310409546
10.351655960083008
-19.99591064453125
10.956337928771973
