2
3
-0.177058145403862
5.499367713928223
-4.210350036621094
-5.187628269195557
-3.803075075149536
-3.415562629699707
8.733983993530273
8.893898010253906
-4.096529006958008
-1.8282856941223145
4.234805107116699
-9.216176986694336
-0.3874995708465576
5.069639205932617
-4.500674724578857
-6.009323596954346
-3.5649805068969727
-3.0182886123657227
9.055773735046387
9.626533508300781
-3.917381763458252
-1.9857683181762695
4.627729892730713
-9.487939834594727
-0.5889731645584106
4.646066188812256
-4.773362636566162
-6.820199966430664
-3.3290328979492188
-2.632732629776001
9.375287055969238
10.335905075073242
-3.736346483230591
-2.150408983230591
5.0305023193359375
-9.7661771774292
-0.780921220779419
4.227451324462891
-5.028609752655029
-7.62297248840332
-3.0950355529785156
-2.2589282989501953
9.692756652832031
11.021445274353027
-3.553039789199829
-2.322917938232422
5.444026470184326
-10.051959037780762
-0.9629203677177429
3.8123879432678223
-5.266607284545898
-8.420452117919922
-2.8616080284118652
-1.8964335918426514
10.008148193359375
11.681901931762695
-3.3669357299804688
-2.5036845207214355
5.868936538696289
-10.346185684204102
-1.1346038579940796
3.399359941482544
-5.487428665161133
-9.215452194213867
-2.627659320831299
-1.546233892440796
10.321643829345703
12.315217018127441
-3.1776516437530518
-2.692356824874878
6.305581092834473
-10.648874282836914
-1.2957584857940674
2.986797571182251
-5.691258430480957
-10.010831832885742
-2.3923778533935547
-1.2089636325836182
10.634014129638672
12.920576095581055
-2.984393835067749
-2.8888306617736816
6.754971981048584
-10.960470199584961
-1.447126865386963
2.5724387168884277
-5.878190040588379
-10.809683799743652
-2.1552507877349854
-0.8848514556884766
10.945505142211914
13.497055053710938
-2.7864577770233154
-3.092900276184082
7.2178544998168945
-11.280802726745605
-1.5887672901153564
2.1545097827911377
-6.048056602478027
-11.614860534667969
-1.9161882400512695
-0.5745117664337158
11.256126403808594
14.043201446533203
-2.583022356033325
-3.304738759994507
7.695394039154053
-11.610901832580566
-1.7212326526641846
1.730926752090454
-6.200651168823242
-12.429335594177246
-1.6751891374588013
-0.2787652611732483
11.566097259521484
14.55731201171875
-2.373178720474243
-3.523940086364746
8.188460350036621
-11.951695442199707
-1.8445017337799072
1.30013906955719
-6.335599899291992
-13.255851745605469
-1.4322141408920288
0.0014179050922393799
11.8753023147583
15.037120819091797
-2.156433582305908
-3.7509329319000244
8.69809341430664
-12.304285049438477
-1.9583152532577515
0.8607003688812256
-6.45253324508667
-14.097455978393555
-1.1873241662979126
0.2648864686489105
12.183734893798828
15.47993278503418
-1.932191252708435
-3.986416816711426
9.225530624389648
-12.670426368713379
-2.062473773956299
0.41133880615234375
-6.550893306732178
-14.95700740814209
-0.9407285451889038
0.5103879570960999
12.490804672241211
15.88288402557373
-1.6998283863067627
-4.231158256530762
9.772140502929688
-13.051977157592773
-2.156453847885132
-0.04842466115951538
-6.629526615142822
-15.835551261901855
-0.6925275325775146
0.7368345856666565
12.796591758728027
16.244104385375977
-1.458816409111023
-4.485795497894287
10.339123725891113
-13.450359344482422
-2.239542245864868
-0.5182538032531738
-6.687228679656982
-16.733030319213867
-0.4432142674922943
0.94287109375
13.10093879699707
16.5612850189209
-1.2084591388702393
-4.751194953918457
10.928183555603027
-13.867633819580078
-2.3113837242126465
-0.9986352920532227
-6.722951412200928
-17.650737762451172
-0.19301733374595642
1.1272920370101929
13.404346466064453
16.83228874206543
-0.9481253623962402
-5.028149604797363
11.540833473205566
-14.305621147155762
-2.371612787246704
-1.490377426147461
-6.7355523109436035
-18.590370178222656
0.057850807905197144
1.2890359163284302
13.707782745361328
17.055341720581055
-0.6771277189254761
-5.317570209503174
12.178750991821289
-14.766419410705566
-2.4199297428131104
-1.9944006204605103
-6.72404670715332
-19.554046630859375
0.3097356855869293
1.4278197288513184
14.012497901916504
17.229745864868164
-0.3949649930000305
-5.620019435882568
12.842961311340332
-15.251875877380371
-2.456112861633301
-2.5115623474121094
-6.687220573425293
-20.543357849121094
0.5630242824554443
1.5432583093643188
14.319538116455078
17.354503631591797
-0.10095924139022827
-5.93627405166626
13.535015106201172
-15.764348030090332
-2.4799089431762695
-3.0428898334503174
-6.623927116394043
-21.560441970825195
0.8181166648864746
1.6349732875823975
14.630008697509766
17.428691864013672
0.20571166276931763
-6.266984939575195
14.256476402282715
-16.306259155273438
-2.491231918334961
-3.5897395610809326
-6.533184051513672
-22.60813331604004
1.075427532196045
1.7025814056396484
14.945117950439453
17.451501846313477
0.5260636806488037
-6.614193439483643
15.009730339050293
-16.880664825439453
-2.4897806644439697
-4.153539657592773
-6.413768291473389
-23.68955421447754
1.3353908061981201
1.7456402778625488
15.266179084777832
17.422088623046875
0.8610397577285767
-6.979517936706543
15.79692268371582
-17.490707397460938
-2.4753077030181885
-4.73602294921875
-6.264227867126465
-24.80829429626465
1.5984903573989868
1.7637534141540527
15.594744682312012
17.33987808227539
1.2114484310150146
-7.364218711853027
16.62004852294922
-18.139141082763672
-2.447450637817383
-5.338779926300049
-6.0829668045043945
-25.967578887939453
1.8651893138885498
1.7565852403640747
15.93265438079834
17.204692840576172
1.578097939491272
-7.769561290740967
17.48108673095703
-18.82893180847168
-2.405780792236328
-5.963728904724121
-5.868276119232178
-27.17163848876953
2.135995388031006
1.7235201597213745
16.28139305114746
17.015398025512695
1.9618592262268066
-8.196935653686523
18.382226943969727
-19.56334686279297
-2.3498082160949707
-6.612729549407959
-5.618227005004883
-28.424280166625977
2.4114980697631836
1.664325475692749
16.643068313598633
16.771879196166992
2.363701820373535
-8.64791202545166
19.325908660888672
-20.34585189819336
-2.2789769172668457
-7.287769317626953
-5.330725193023682
-29.729589462280273
2.6923446655273438
1.5784039497375488
17.01949691772461
16.47332763671875
2.784593105316162
-9.123991966247559
20.314529418945312
-21.179615020751953
-2.192683219909668
-7.990904331207275
-5.003454208374023
-31.09178924560547
2.9791617393493652
1.4650254249572754
17.412490844726562
16.11857795715332
3.22566556930542
-9.626925468444824
21.350933074951172
-22.06851577758789
-2.0903189182281494
-8.72445011138916
-4.633930683135986
-32.51555633544922
3.2726337909698486
1.323441982269287
17.824064254760742
15.706460952758789
3.688169479370117
-10.158601760864258
22.438217163085938
-23.016738891601562
-1.9711251258850098
-9.491012573242188
-4.21947717666626
-34.006256103515625
3.573481321334839
1.1528370380401611
18.25635528564453
15.235703468322754
4.173536777496338
-10.72098445892334
23.579792022705078
-24.02875328063965
-1.8342047929763794
-10.293219566345215
-3.75707745552063
-35.56934356689453
3.8824939727783203
0.9523050785064697
18.7115478515625
14.704904556274414
4.683168411254883
-11.316097259521484
24.77910614013672
-25.108938217163086
-1.6785433292388916
-11.133848190307617
-3.2434282302856445
-37.21063232421875
4.200467586517334
0.7208064794540405
19.19187355041504
14.112325668334961
5.218586444854736
-11.946160316467285
26.03993034362793
-26.262165069580078
-1.5029791593551636
-12.01580810546875
-2.6748547554016113
-38.93618392944336
4.528252601623535
0.4572511911392212
19.69985008239746
13.456238746643066
5.781369209289551
-12.613569259643555
27.366222381591797
-27.49370002746582
-1.3061565160751343
-12.942158699035645
-2.0473239421844482
-40.75249481201172
4.866699695587158
0.16040462255477905
20.23790740966797
12.734566688537598
6.373167991638184
-13.320858001708984
28.762226104736328
-28.80917739868164
-1.0865185260772705
-13.916118621826172
-1.356426477432251
-42.66654586791992
5.217339515686035
-0.17064893245697021
20.8095703125
11.945809364318848
6.995656967163086
-14.070601463317871
30.23214340209961
-30.21392822265625
-0.8424110412597656
-14.94113826751709
-0.5973142385482788
-44.685791015625
5.581518173217773
-0.5371659398078918
21.418182373046875
11.087825775146484
7.650821685791016
-14.865608215332031
31.780269622802734
-31.713788986206055
-0.5719857215881348
-16.020849227905273
0.2353413701057434
-46.818153381347656
5.960423946380615
-0.9406212568283081
22.066905975341797
10.158039093017578
8.340843200683594
-15.70891284942627
33.41158676147461
-33.3154182434082
-0.2731856107711792
-17.15904998779297
1.1473798751831055
-49.072021484375
6.355593681335449
-1.3824208974838257
22.759395599365234
9.153968811035156
9.068133354187012
-16.60378646850586
35.13188934326172
-35.0261116027832
0.05628448724746704
-18.359556198120117
2.1451492309570312
-51.4559326171875
6.7681779861450195
-1.864605188369751
23.49833869934082
8.071564674377441
9.83476448059082
-17.553020477294922
36.94536590576172
-36.850486755371094
0.41893112659454346
-19.626550674438477
3.2356131076812744
-53.97933578491211
7.199400901794434
-2.389559745788574
24.286163330078125
6.905791759490967
10.643695831298828
-18.56045913696289
38.85853958129883
-38.796852111816406
