2
3
6.936248779296875
5.497031211853027
-12.393573760986328
-3.8944833278656006
-5.5406036376953125
-9.922143936157227
7.792281150817871
-7.221612453460693
-3.6753225326538086
-4.031243324279785
1.8190919160842896
8.850194931030273
5.864518165588379
5.300986289978027
-13.254332542419434
-4.908936500549316
-4.7559051513671875
-10.526856422424316
8.388151168823242
-5.953256130218506
-3.4417543411254883
-3.3779361248016357
1.9505736827850342
8.679832458496094
4.7943291664123535
5.057973384857178
-13.9669828414917
-5.915778636932373
-3.93605899810791
-11.04185962677002
8.716290473937988
-4.533725738525391
-3.2037642002105713
-2.7518346309661865
2.0757486820220947
8.403358459472656
3.742222785949707
4.773408889770508
-14.546552658081055
-6.914529323577881
-3.092177391052246
-11.438555717468262
8.746916770935059
-3.012089729309082
-2.958101749420166
-2.1602683067321777
2.198399066925049
8.032018661499023
2.725341796875
4.459292888641357
-15.016950607299805
-7.912959098815918
-2.2328243255615234
-11.67773723602295
8.461700439453125
-1.4762659072875977
-2.7230401039123535
-1.6213830709457397
2.377078056335449
7.606260776519775
1.7555749416351318
4.120237827301025
-15.384583473205566
-8.923068046569824
-1.3865854740142822
-11.737492561340332
7.911460876464844
0.01583409309387207
-2.486133098602295
-1.145321249961853
2.5861196517944336
7.13232421875
0.8340214490890503
3.7501001358032227
-15.645216941833496
-9.93409252166748
-0.5793597102165222
-11.61854362487793
7.137238502502441
1.4400570392608643
-2.231477737426758
-0.7316747903823853
2.7905025482177734
6.618372440338135
-0.03909313678741455
3.341273546218872
-15.798748016357422
-10.928085327148438
0.1684713363647461
-11.330645561218262
6.174988269805908
2.773547410964966
-1.946790099143982
-0.37432700395584106
2.956096887588501
6.083421230316162
-0.8646602630615234
2.8831615447998047
-15.863377571105957
-11.883609771728516
0.8414490818977356
-10.888988494873047
5.068570137023926
4.001134395599365
-1.6252385377883911
-0.06805965304374695
3.0452563762664795
5.552077293395996
-1.6446294784545898
2.3640084266662598
-15.921570777893066
-12.777009010314941
1.429180383682251
-10.312845230102539
3.8516204357147217
5.1133623123168945
-1.25131094455719
0.18578574061393738
2.97526216506958
5.053975582122803
-2.376838445663452
1.7898263931274414
-15.948538780212402
-13.598671913146973
1.9264230728149414
-9.61685562133789
2.5602924823760986
6.095287799835205
-0.8409878015518188
0.39804598689079285
2.7540459632873535
4.598021030426025
-3.0626883506774902
1.1662250757217407
-15.89143180847168
-14.346349716186523
2.344043254852295
-8.824604988098145
1.2111546993255615
6.936243057250977
-0.4177438020706177
0.588040292263031
2.4246702194213867
4.154297351837158
-3.6937854290008545
0.4976099133491516
-15.743631362915039
-15.011834144592285
2.6931912899017334
-7.963021278381348
-0.20549488067626953
7.649085998535156
0.006681501865386963
0.7594157457351685
1.988671064376831
3.7139437198638916
-4.260006904602051
-0.21263867616653442
-15.51469898223877
-15.582942962646484
2.9690537452697754
-7.052267551422119
-1.6785598993301392
8.236257553100586
0.42345044016838074
0.9128162860870361
1.4492924213409424
3.268876314163208
-4.759644508361816
-0.9595209956169128
-15.19829273223877
-16.052148818969727
3.138831853866577
-6.101125717163086
-3.167396306991577
8.700909614562988
0.8157128095626831
1.0475726127624512
0.8282390832901001
2.815279483795166
-5.186298370361328
-1.7405977249145508
-14.781889915466309
-16.407344818115234
3.188674211502075
-5.117743015289307
-4.62950325012207
9.041217803955078
1.1686930656433105
1.1659084558486938
0.15230846405029297
2.342741012573242
-5.5359063148498535
-2.5540366172790527
-14.295134544372559
-16.632978439331055
3.1241157054901123
-4.1198320388793945
-6.041966438293457
9.25314712524414
1.4766298532485962
1.2730014324188232
-0.5623269081115723
1.8399295806884766
-5.811646461486816
-3.394428253173828
-13.767098426818848
-16.719215393066406
2.9607343673706055
-3.122309684753418
-7.389276504516602
9.327783584594727
1.7451066970825195
1.3659892082214355
-1.323324203491211
1.3153414726257324
-6.018570423126221
-4.251511573791504
-13.220460891723633
-16.66295051574707
2.703195571899414
-2.1411962509155273
-8.641664505004883
9.267263412475586
1.9804377555847168
1.4415836334228516
-2.144043207168579
0.7791555523872375
-6.164556980133057
-5.113528251647949
-12.674267768859863
-16.467077255249023
2.3578195571899414
-1.190199613571167
-9.777125358581543
9.06972599029541
2.180462121963501
1.4960777759552002
-3.0200257301330566
0.2386797070503235
-6.258297443389893
-5.968984603881836
-12.147722244262695
-16.1387882232666
1.9350485801696777
-0.28106367588043213
-10.782280921936035
8.734066009521484
2.340106964111328
1.526068925857544
-3.937775135040283
-0.3010530471801758
-6.305737495422363
-6.806840896606445
-11.656665802001953
-15.684160232543945
1.4487967491149902
0.5760438442230225
-11.655045509338379
8.261591911315918
2.4536194801330566
1.5316518545150757
-4.8840861320495605
-0.8359456062316895
-6.313363075256348
-7.61643123626709
-11.214823722839355
-15.108989715576172
0.9154117107391357
1.3735294342041016
-12.399949073791504
7.651093482971191
2.516427993774414
1.5142748355865479
-5.848145961761475
-1.3640656471252441
-6.288974761962891
-8.386664390563965
-10.833134651184082
-14.4197998046875
0.35127735137939453
2.1056227684020996
-13.024903297424316
6.900289058685303
2.5258233547210693
1.4762098789215088
-6.819343090057373
-1.884821891784668
-6.241682529449463
-9.104321479797363
-10.519286155700684
-13.622208595275879
-0.22550082206726074
2.7683985233306885
-13.541705131530762
6.009097099304199
2.483339548110962
1.421114444732666
-7.792108535766602
-2.4015259742736816
-6.181855201721191
-9.752969741821289
-10.27991771697998
-12.721064567565918
-0.8014286756515503
3.352581262588501
-13.963397979736328
4.993967056274414
2.387969732284546
1.3521751165390015
-8.762306213378906
-2.9164886474609375
-6.083365440368652
-10.261878967285156
-10.208779335021973
-11.831101417541504
-1.365625023841858
3.8482089042663574
-14.307209014892578
3.8854856491088867
2.2367095947265625
1.2700655460357666
-9.724868774414062
-3.4305930137634277
-5.954893112182617
-10.630146026611328
-10.301119804382324
-10.979351997375488
-1.9086048603057861
4.252812385559082
-14.587366104125977
2.708085060119629
2.0273892879486084
1.1743601560592651
-10.674056053161621
-3.9388463497161865
-5.828610897064209
-10.894261360168457
-10.50456428527832
-10.123748779296875
-2.4227516651153564
4.564863681793213
-14.81766128540039
1.4862298965454102
1.756380558013916
1.0577888488769531
-11.599654197692871
-4.423982620239258
-5.710536956787109
-11.040131568908691
-10.82064151763916
-9.314698219299316
-2.9027910232543945
4.779811382293701
-15.011695861816406
0.25021088123321533
1.4288820028305054
0.9145665168762207
-12.50300407409668
-4.865349769592285
-5.611175060272217
-11.07678508758545
-11.234931945800781
-8.558449745178223
-3.3436014652252197
4.895234107971191
-15.186325073242188
-0.9706870317459106
1.0474445819854736
0.7574131488800049
-13.392739295959473
-5.277575969696045
-5.537544250488281
-11.014257431030273
-11.734598159790039
-7.854345321655273
-3.741011142730713
4.9187164306640625
-15.398491859436035
-2.1466753482818604
0.6133983731269836
0.5979131460189819
-14.279306411743164
-5.67472505569458
-5.492360591888428
-10.871264457702637
-12.311868667602539
-7.186222553253174
-4.092845916748047
4.8730387687683105
-15.723761558532715
-3.268526077270508
0.13493219017982483
0.44932788610458374
-15.179291725158691
-6.074437618255615
-5.473695755004883
-10.661247253417969
-12.965522766113281
-6.536131381988525
-4.408718585968018
4.773809432983398
-16.154083251953125
-4.354371070861816
-0.3790297210216522
0.3170176148414612
-16.108118057250977
-6.482729434967041
-5.480861186981201
-10.392589569091797
-13.696316719055176
-5.891116142272949
-4.700587749481201
4.626958847045898
-16.646581649780273
-5.425449848175049
-0.9154682159423828
0.1958436369895935
-17.070947647094727
-6.899888515472412
-5.515743732452393
-10.070404052734375
-14.503608703613281
-5.251311779022217
-4.979257106781006
4.431623458862305
-17.176074981689453
-6.476934432983398
-1.467780590057373
0.08487670123577118
-18.06587028503418
-7.327492713928223
-5.582139015197754
-9.699570655822754
-15.387192726135254
-4.622694969177246
-5.252233028411865
4.188992023468018
-17.735963821411133
-7.499389171600342
-2.0307445526123047
-0.019546911120414734
-19.08893585205078
-7.766192436218262
-5.6841044425964355
-9.285685539245605
-16.34657096862793
-4.010275363922119
-5.524840354919434
3.9014132022857666
-18.325361251831055
-8.485157012939453
-2.601090908050537
-0.12302585691213608
-20.134862899780273
-8.2130126953125
-5.8253045082092285
-8.834368705749512
-17.379362106323242
-3.417476177215576
-5.800956726074219
3.571462631225586
-18.947124481201172
-9.426579475402832
-3.1777422428131104
-0.23081403970718384
-21.201641082763672
-8.661758422851562
-6.008667469024658
-8.350783348083496
-18.48153305053711
-2.847621440887451
-6.0826568603515625
3.2021758556365967
-19.604646682739258
-10.317749977111816
-3.7600231170654297
-0.3467980623245239
-22.29191017150879
-9.10587215423584
