2
3
6.011744022369385
4.9801249504089355
2.886353015899658
-9.094696044921875
3.6155121326446533
8.68191909790039
-4.529482841491699
3.045872211456299
-4.90871000289917
-1.4436578750610352
3.2183609008789062
-4.233974933624268
5.845791816711426
4.711246490478516
2.570481300354004
-9.608467102050781
3.418416976928711
8.435566902160645
-4.885477542877197
2.5770163536071777
-4.491239547729492
-1.267331600189209
3.991302728652954
-3.8638365268707275
5.684076309204102
4.436847686767578
2.2715048789978027
-10.128265380859375
3.228050470352173
8.190163612365723
-5.224824905395508
2.111414670944214
-4.080697536468506
-1.0990822315216064
4.755708694458008
-3.509697437286377
5.526650428771973
4.15636682510376
1.98954439163208
-10.65527057647705
3.0450921058654785
7.945671081542969
-5.547806262969971
1.6483278274536133
-3.676703929901123
-0.9394516348838806
5.511943340301514
-3.172692060470581
5.373857021331787
3.869408369064331
1.7247204780578613
-11.190442085266113
2.8696420192718506
7.701747417449951
-5.854963302612305
1.1865918636322021
-3.278820514678955
-0.7888081073760986
6.260741710662842
-2.8533706665039062
5.226033687591553
3.5755090713500977
1.4772164821624756
-11.734926223754883
2.7015955448150635
7.458202838897705
-6.1470232009887695
0.7252153158187866
-2.8865504264831543
-0.6476013660430908
7.002951622009277
-2.55259108543396
5.083536624908447
3.274076461791992
1.2473340034484863
-12.290183067321777
2.5407960414886475
7.214574337005615
-6.42458963394165
0.2630583643913269
-2.499323606491089
-0.5161696672439575
7.739446640014648
-2.27089262008667
4.946826457977295
2.9642817974090576
1.0356354713439941
-12.85805892944336
2.3868892192840576
6.970458984375
-6.68844747543335
-0.20090395212173462
-2.1165335178375244
-0.39483940601348877
8.471121788024902
-2.0088348388671875
4.816351413726807
2.645176410675049
0.842742919921875
-13.440632820129395
2.2395827770233154
6.725224494934082
-6.939067363739014
-0.668002724647522
-1.7375314235687256
-0.2839323878288269
9.19890308380127
-1.76701021194458
4.692403316497803
2.3158345222473145
0.6691355109214783
-14.040169715881348
2.0984086990356445
6.477978706359863
-7.176806449890137
-1.1396292448043823
-1.3616352081298828
-0.1837802231311798
9.923748970031738
-1.5460673570632935
4.575232028961182
1.975427269935608
0.5151660442352295
-14.658717155456543
1.9628620147705078
6.227813720703125
-7.401999473571777
-1.6172497272491455
-0.988260805606842
-0.09453019499778748
10.646437644958496
-1.3465299606323242
4.465025901794434
1.6232820749282837
0.38115644454956055
-15.297942161560059
1.8328032493591309
5.974263668060303
-7.615112781524658
-2.1021790504455566
-0.6171882152557373
-0.01622350513935089
11.367575645446777
-1.1689261198043823
4.3619794845581055
1.2581992149353027
0.26774266362190247
-15.960329055786133
1.708343267440796
5.716750144958496
-7.816013813018799
-2.59615159034729
-0.24737703800201416
0.050145410001277924
12.088685989379883
-1.0144929885864258
4.265956878662109
0.8778700232505798
0.17601536214351654
-16.6488037109375
1.5896592140197754
5.454351425170898
-8.004356384277344
-3.101119041442871
0.12218272686004639
0.10409753769636154
12.810871124267578
-0.8840653896331787
4.177183151245117
0.4812786281108856
0.10665763914585114
-17.365612030029297
1.4768227338790894
5.186127185821533
-8.179990768432617
-3.618976593017578
0.4924234449863434
0.1452755481004715
13.535032272338867
-0.7784734964370728
4.0959153175354
0.06737783551216125
0.06039576977491379
-18.112966537475586
1.370021104812622
4.911261558532715
-8.342766761779785
-4.151556491851807
0.8651922941207886
0.17308813333511353
14.26248836517334
-0.699058473110199
4.022439479827881
-0.36482080817222595
0.03807652369141579
-18.892873764038086
1.2689785957336426
4.628790855407715
-8.492436408996582
-4.700737953186035
1.241590976715088
0.1870705932378769
14.994200706481934
-0.647132158279419
3.957170248031616
-0.8162376880645752
0.04070064052939415
-19.707347869873047
1.173895001411438
4.337716102600098
-8.628229141235352
-5.268491744995117
1.6221864223480225
0.18681742250919342
15.730945587158203
-0.6238927245140076
3.900646209716797
-1.28779137134552
0.06940815597772598
-20.5584716796875
1.0851389169692993
4.037038803100586
-8.749382019042969
-5.856805801391602
2.007530927658081
0.17183628678321838
16.473215103149414
-0.630520761013031
3.853523015975952
-1.780279517173767
0.1253720223903656
-21.448223114013672
1.0031534433364868
3.725738286972046
-8.855003356933594
-6.467650890350342
2.3982415199279785
0.14153721928596497
17.22159767150879
-0.6684038639068604
3.8167061805725098
-2.2935824394226074
0.20949044823646545
-22.377717971801758
0.9281166791915894
3.402841806411743
-8.944681167602539
-7.102955341339111
2.794818878173828
0.09515516459941864
17.976274490356445
-0.7396137118339539
3.7906970977783203
-2.828554630279541
0.32309138774871826
-23.348405838012695
0.8605189323425293
3.0673351287841797
-9.017178535461426
-7.764620780944824
3.196845531463623
0.03205793350934982
18.735071182250977
-0.8459415435791016
3.776092052459717
-3.385944366455078
0.4673405885696411
-24.362173080444336
0.8007827401161194
2.7181971073150635
-9.071503639221191
-8.454619407653809
3.60382342338562
-0.04851771146059036
19.4962158203125
-0.9895962476730347
3.773679256439209
-3.9666454792022705
0.6436780691146851
-25.4217472076416
0.7492538690567017
2.3544254302978516
-9.106612205505371
-9.17479133605957
4.015161514282227
-0.1473885178565979
20.25738525390625
-1.1723133325576782
3.7842578887939453
-4.571988582611084
0.8539759516716003
-26.530370712280273
0.7063894271850586
1.9749414920806885
-9.121089935302734
-9.927123069763184
4.430922985076904
-0.26561838388442993
21.01868438720703
-1.3959476947784424
3.8086626529693604
-5.203488349914551
1.100304126739502
-27.691640853881836
0.6727665066719055
1.5785473585128784
-9.114038467407227
-10.713920593261719
4.85145902633667
-0.4044293761253357
21.781192779541016
-1.662711501121521
3.84775447845459
-5.862793922424316
1.3850195407867432
-28.909204483032227
0.6489349007606506
1.1640387773513794
-9.084273338317871
-11.537418365478516
5.277250289916992
-0.5650683045387268
22.54643440246582
-1.974860429763794
3.902472496032715
-6.551760673522949
1.7107212543487549
-30.187166213989258
0.6353702545166016
0.7301363945007324
-9.030596733093262
-12.400014877319336
5.708985805511475
-0.7487900257110596
23.316370010375977
-2.334591865539551
3.9738500118255615
-7.272194862365723
2.080045223236084
-31.529775619506836
0.6326034665107727
0.27554264664649963
-8.951587677001953
-13.304150581359863
6.1477789878845215
-0.956763744354248
24.09351348876953
-2.744067668914795
4.063114643096924
-8.0264253616333
2.496169328689575
-32.94268798828125
0.641230046749115
-0.20109912753105164
-8.845678329467773
-14.252426147460938
6.59502649307251
-1.19014310836792
24.88005828857422
-3.2055816650390625
4.171567916870117
-8.816946983337402
2.9625916481018066
-34.43173599243164
0.6618795990943909
-0.7012341022491455
-8.71126937866211
-15.247659683227539
7.051839828491211
-1.4501829147338867
25.677701950073242
-3.721560478210449
4.300568103790283
-9.646316528320312
3.4830546379089355
-36.00272750854492
0.6952177882194519
-1.2264795303344727
-8.546573638916016
-16.293014526367188
7.520164966583252
-1.7380136251449585
26.4877986907959
-4.295000076293945
4.451606750488281
-10.51722240447998
4.0616583824157715
-37.66181564331055
0.7421891689300537
-1.7783246040344238
-8.34990119934082
-17.391799926757812
8.00132942199707
-2.055123805999756
27.313282012939453
-4.928648471832275
4.626316547393799
-11.432525634765625
4.702878952026367
-39.41559982299805
0.8037617802619934
-2.3583803176879883
-8.119603157043457
-18.547739028930664
8.49613094329834
-2.4032721519470215
28.158321380615234
-5.625107765197754
4.826484203338623
-12.395279884338379
5.411593437194824
-41.27117919921875
0.880782425403595
-2.9684202671051025
-7.853498458862305
-19.76457977294922
9.005860328674316
-2.7842419147491455
29.026966094970703
-6.387289047241211
5.054062843322754
-13.40872573852539
6.193118095397949
-43.23615264892578
0.9741882085800171
-3.610278367996216
-7.549187660217285
-21.046241760253906
9.532134056091309
-3.199812889099121
29.922870635986328
-7.21842098236084
5.311188220977783
-14.47629165649414
7.053242206573486
-45.318634033203125
1.0849072933197021
-4.286089897155762
-7.204558372497559
-22.397523880004883
10.07647705078125
-3.6517887115478516
30.849279403686523
-8.121742248535156
5.600192070007324
-15.601598739624023
7.998261451721191
-47.527286529541016
1.2139697074890137
-4.997948169708252
-6.816901206970215
-23.82301902770996
10.640386581420898
-4.142035007476807
31.809364318847656
-9.100591659545898
5.923544883728027
-16.788972854614258
9.035204887390137
-49.87248229980469
1.3619306087493896
-5.7483930587768555
-6.384037017822266
-25.32821273803711
11.225591659545898
-4.672624588012695
32.80698776245117
-10.158799171447754
6.283870697021484
-18.042373657226562
10.171100616455078
-52.3641242980957
1.5299724340438843
-6.539862155914307
-5.902700424194336
-26.91845703125
11.834165573120117
-5.245997905731201
33.84693908691406
-11.300809860229492
