2
3
-3.788285255432129
6.966664791107178
2.481642484664917
-0.26618993282318115
-8.368876457214355
-0.5476972460746765
-3.835907459259033
-4.062504291534424
-4.598353385925293
-3.651912212371826
6.079108715057373
4.019814968109131
-3.755312442779541
6.34392786026001
2.2205543518066406
-1.6182926893234253
-8.138113975524902
-0.4365409016609192
-3.621629476547241
-4.064155101776123
-4.545931816101074
-2.929392099380493
6.229133129119873
5.179608345031738
-3.754875898361206
5.726572513580322
1.9506161212921143
-2.8954601287841797
-7.931025505065918
-0.3467526435852051
-3.4136176109313965
-4.075998783111572
-4.468130588531494
-2.241122007369995
6.400264263153076
6.263670921325684
-3.777254104614258
5.124462604522705
1.6871883869171143
-4.073479175567627
-7.740375995635986
-0.2780400514602661
-3.2043638229370117
-4.100627422332764
-4.3527960777282715
-1.574161410331726
6.590349197387695
7.258200645446777
-3.8172335624694824
4.535398483276367
1.4461250305175781
-5.145684242248535
-7.564122676849365
-0.22918018698692322
-2.9904637336730957
-4.139114856719971
-4.200049877166748
-0.9266195297241211
6.83378267288208
8.153553009033203
-3.852844715118408
3.9491465091705322
1.2281938791275024
-6.139961242675781
-7.401648044586182
-0.19938035309314728
-2.770829439163208
-4.195301055908203
-4.013597011566162
-0.26352179050445557
7.133641242980957
8.985365867614746
-3.8573880195617676
3.351071834564209
1.0307879447937012
-7.126555919647217
-7.248037815093994
-0.19374355673789978
-2.5414700508117676
-4.275530815124512
-3.8029496669769287
0.4012564420700073
7.4504499435424805
9.750384330749512
-3.8281071186065674
2.750595808029175
0.8510832786560059
-8.134720802307129
-7.09655237197876
-0.21964684128761292
-2.2992982864379883
-4.394533634185791
-3.593407154083252
1.0365092754364014
7.746582984924316
10.435185432434082
-3.790250778198242
2.1577486991882324
0.6612706184387207
-9.169185638427734
-6.938719749450684
-0.27274924516677856
-2.036660671234131
-4.5542144775390625
-3.377070665359497
1.633834958076477
8.028463363647461
11.036141395568848
-3.742969274520874
1.583064317703247
0.4484490156173706
-10.22926139831543
-6.7692389488220215
-0.34124433994293213
-1.7550619840621948
-4.757088661193848
-3.1536924839019775
2.178680181503296
8.27926254272461
11.5250244140625
-3.68053936958313
1.02610182762146
0.24128980934619904
-11.291632652282715
-6.581768989562988
-0.4106048047542572
-1.454910159111023
-4.986950397491455
-2.9236056804656982
2.68099045753479
8.505972862243652
11.898552894592285
-3.606606960296631
0.4979853630065918
0.04999537765979767
-12.330549240112305
-6.369597911834717
-0.46711283922195435
-1.1324244737625122
-5.2188544273376465
-2.6772773265838623
3.1479880809783936
8.724863052368164
12.162652015686035
-3.5112247467041016
-0.0009457767009735107
-0.11603662371635437
-13.354817390441895
-6.135503768920898
-0.5085400342941284
-0.7926416397094727
-5.448935508728027
-2.4091131687164307
3.5817837715148926
8.9490327835083
12.333538055419922
-3.3969502449035645
-0.471013605594635
-0.27337339520454407
-14.371847152709961
-5.880560398101807
-0.5397167801856995
-0.436577171087265
-5.676578044891357
-2.1213626861572266
3.982478141784668
9.178679466247559
12.421675682067871
-3.266051769256592
-0.9194582104682922
-0.42728179693222046
-15.400276184082031
-5.605487823486328
-0.5678458213806152
-0.06520587205886841
-5.90849494934082
-1.810941457748413
4.352452278137207
9.421528816223145
12.431516647338867
-3.1207997798919678
-1.353960394859314
-0.5778864622116089
-16.45372200012207
-5.308259963989258
-0.597639799118042
0.32341060042381287
-6.149181365966797
-1.4774255752563477
4.690368175506592
9.680010795593262
12.359668731689453
-2.9622433185577393
-1.780153512954712
-0.7239719033241272
-17.540782928466797
-4.988126754760742
-0.6307704448699951
0.7319097518920898
-6.3966474533081055
-1.121055245399475
4.996834754943848
9.9578218460083
12.209074020385742
-2.7906949520111084
-2.202040433883667
-0.8641088008880615
-18.667423248291016
-4.645133018493652
-0.6648975014686584
1.1629506349563599
-6.647004127502441
-0.7431055307388306
5.268869400024414
10.253403663635254
11.97301959991455
-2.606037139892578
-2.6229023933410645
-0.996974527835846
-19.83820915222168
-4.2790985107421875
-0.7012273073196411
1.6187092065811157
-6.899331569671631
-0.3471836447715759
5.5023345947265625
10.56362247467041
11.649415016174316
-2.4081015586853027
-3.0454368591308594
-1.1214025020599365
-21.056020736694336
-3.8900740146636963
-0.7406777739524841
2.1011126041412354
-7.1521453857421875
0.06495809555053711
5.693718433380127
10.890823364257812
11.240418434143066
