2
3
7.95457124710083
0.6998729109764099
0.25781071186065674
-5.765143394470215
7.635150909423828
-9.029653549194336
6.814183712005615
-5.558049201965332
-5.213268756866455
-7.810825347900391
-2.786684513092041
-2.845761775970459
7.5366926193237305
-0.12754714488983154
-0.9985110759735107
-7.315528869628906
7.520562648773193
-8.87524700164795
6.199338912963867
-5.220759868621826
-4.261662006378174
-7.552069664001465
-1.4936182498931885
-2.4937636852264404
7.14998722076416
-0.9498794078826904
-2.1709976196289062
-8.783920288085938
7.397778034210205
-8.744062423706055
5.605639457702637
-4.908056735992432
-3.3260021209716797
-7.328798294067383
-0.16075944900512695
-2.1604745388031006
6.783348560333252
-1.7409048080444336
-3.2341561317443848
-10.189361572265625
7.2748026847839355
-8.642184257507324
5.0448102951049805
-4.6251678466796875
-2.4087255001068115
-7.143183708190918
1.2119988203048706
-1.8409450054168701
6.481109619140625
-2.5370097160339355
-4.145225524902344
-11.648542404174805
7.16099739074707
-8.572190284729004
4.528072357177734
-4.376443862915039
-1.5019985437393188
-6.990830898284912
2.6200430393218994
-1.5263559818267822
6.1864190101623535
-3.353468894958496
-5.026708126068115
-13.196348190307617
7.065836429595947
-8.53441047668457
4.0606865882873535
-4.167788028717041
-0.6503312587738037
-6.885549545288086
3.97538161277771
-1.2664788961410522
5.8930745124816895
-4.198328018188477
-5.911222457885742
-14.871774673461914
6.99466609954834
-8.530460357666016
3.634455442428589
-4.005655765533447
0.14167261123657227
-6.83042049407959
5.265946388244629
-1.067071795463562
5.601872444152832
-5.077768325805664
-6.823467254638672
-16.702468872070312
6.941897392272949
-8.562905311584473
3.234168291091919
-3.8949673175811768
0.868689775466919
-6.83158540725708
6.4786176681518555
-0.9410496950149536
5.311265468597412
-5.999610424041748
-7.774538040161133
-18.703481674194336
6.894804954528809
-8.629447937011719
2.833658456802368
-3.8392789363861084
1.5545384883880615
-6.896529197692871
7.651050567626953
-0.8980478644371033
5.0207624435424805
-6.9666008949279785
-8.769681930541992
-20.87525749206543
6.847129821777344
-8.726554870605469
2.4303245544433594
-3.8399696350097656
2.2632992267608643
-6.992040157318115
8.843358039855957
-0.9049522280693054
4.733278274536133
-7.9740986824035645
-9.811243057250977
-23.198509216308594
6.801978588104248
-8.855693817138672
2.0363118648529053
-3.9008631706237793
3.0265674591064453
-7.104000091552734
10.085405349731445
-0.9608267545700073
4.442965984344482
-9.029083251953125
-10.874458312988281
-25.639944076538086
6.767113208770752
-9.018741607666016
1.6804301738739014
-4.021748065948486
3.8426740169525146
-7.236701965332031
11.381523132324219
-1.0684529542922974
4.164170265197754
-10.121438026428223
-11.930051803588867
-28.21341896057129
6.748934268951416
-9.21728801727295
1.3859035968780518
-4.210944175720215
4.682333469390869
-7.394542217254639
12.679044723510742
-1.2298004627227783
3.906747579574585
-11.217751502990723
-12.963560104370117
-30.91693115234375
6.737155437469482
-9.443180084228516
1.1372705698013306
-4.469746112823486
5.498074054718018
-7.598307132720947
13.90196418762207
-1.4873340129852295
3.6656622886657715
-12.318726539611816
-13.989864349365234
-33.735591888427734
6.727034091949463
-9.702198028564453
0.9224205017089844
-4.822925090789795
6.295338153839111
-7.851972579956055
15.06057071685791
-1.8460702896118164
3.44364595413208
-13.419767379760742
-14.996694564819336
-36.64371109008789
6.713787078857422
-9.98271369934082
0.7231555581092834
-5.268707752227783
7.074126720428467
-8.149650573730469
16.132247924804688
-2.307471752166748
3.24471116065979
-14.521811485290527
-15.962751388549805
-39.6225700378418
6.711385250091553
-10.270980834960938
0.5352511405944824
-5.798821449279785
7.8206987380981445
-8.494393348693848
17.09578514099121
-2.8689212799072266
3.0640034675598145
-15.648750305175781
-16.915498733520508
-42.745262145996094
6.73124885559082
-10.575568199157715
0.364242821931839
-6.421608924865723
8.534799575805664
-8.885702133178711
17.96768569946289
-3.5176901817321777
2.898892402648926
-16.801891326904297
-17.857589721679688
-46.017677307128906
6.7759785652160645
-10.903018951416016
0.21540507674217224
-7.14261531829834
9.21500301361084
-9.325495719909668
18.756938934326172
-4.251042366027832
2.747182607650757
-17.983333587646484
-18.792335510253906
-49.43926239013672
6.84445333480835
-11.26132583618164
0.08899027109146118
-7.9710798263549805
9.856966018676758
-9.817627906799316
19.46368408203125
-5.080141067504883
