2
3
5.845544815063477
-5.011373996734619
-6.805652141571045
0.5183879137039185
0.07368154078722
-7.538785457611084
-2.194627285003662
2.234257221221924
7.769917964935303
0.2880561351776123
4.973171234130859
-9.285934448242188
4.852697372436523
-4.349722385406494
-6.460282325744629
0.3970075249671936
0.3324546813964844
-6.810361862182617
-1.0651384592056274
2.8665177822113037
8.864895820617676
-1.5260008573532104
3.114759683609009
-10.01102066040039
3.959933280944824
-3.8254828453063965
-5.653409481048584
-0.08907279372215271
0.7006221413612366
-6.02800178527832
0.022586941719055176
3.1102280616760254
9.711365699768066
-3.282078504562378
0.9947469234466553
-10.229316711425781
3.2475409507751465
-3.4761130809783936
-4.4938530921936035
-0.7354519367218018
1.1610866785049438
-5.233251094818115
1.1723629236221313
2.8563222885131836
10.140754699707031
-4.904443740844727
-1.2185230255126953
-9.976728439331055
2.8027381896972656
-3.25522780418396
-3.060716152191162
-1.6303529739379883
1.6884820461273193
-4.479529857635498
2.4578447341918945
2.0675621032714844
9.97353458404541
-6.2914862632751465
-3.225205421447754
-9.305249214172363
2.6900534629821777
-3.237065315246582
-1.7670364379882812
-2.6003379821777344
2.3175442218780518
-3.9600186347961426
3.5205366611480713
1.1173268556594849
9.316099166870117
-7.272195816040039
-4.664851188659668
-8.512446403503418
2.7718048095703125
-3.413468360900879
-0.6213078498840332
-3.513575792312622
3.007452964782715
-3.5973846912384033
4.253817081451416
0.06742453575134277
8.335789680480957
-7.908276081085205
-5.488297939300537
-7.8043928146362305
2.926626443862915
-3.677471399307251
0.37265926599502563
-4.437746047973633
3.783613920211792
-3.438532590866089
4.58872127532959
-1.0372822284698486
7.203238487243652
-8.317774772644043
-5.883914470672607
-7.154532432556152
3.2016868591308594
-4.080462455749512
1.2130308151245117
-5.3107590675354
4.592911243438721
-3.461010456085205
4.474058151245117
-2.1773815155029297
6.026928901672363
-8.580663681030273
-5.887082576751709
-6.453315258026123
3.5858659744262695
-4.637387275695801
1.8353385925292969
-5.99026346206665
5.381427764892578
-3.6378254890441895
3.888154983520508
-3.317532777786255
4.904247760772705
-8.710858345031738
-5.49844217300415
-5.720844745635986
4.047338485717773
-5.326172351837158
2.17832088470459
-6.459823131561279
6.049562931060791
-3.9560303688049316
2.9318723678588867
-4.402149200439453
3.929386615753174
-8.702364921569824
-4.744818687438965
-5.0985846519470215
4.587880611419678
-6.07571268081665
2.1899051666259766
-6.798210620880127
6.443596363067627
-4.362698554992676
1.9867744445800781
-5.4722490310668945
3.184541702270508
-8.58600902557373
-3.7337851524353027
-4.732877731323242
5.122465133666992
-6.821168899536133
1.9107484817504883
-7.10713529586792
6.615046977996826
-4.8436994552612305
1.279524564743042
-6.504036903381348
2.645460844039917
-8.42278003692627
-2.514441967010498
-4.749662399291992
5.543583869934082
-7.5152692794799805
1.5053216218948364
-7.429666042327881
6.646475315093994
-5.435468673706055
0.8106613159179688
-7.382751941680908
2.289064884185791
-8.219575881958008
-1.1588058471679688
-5.2769575119018555
5.795847415924072
-8.133895874023438
1.123030424118042
-7.805913925170898
6.5906267166137695
-6.161976337432861
0.47429320216178894
-8.105058670043945
2.173625946044922
-8.097716331481934
0.19237005710601807
-6.156482219696045
5.857203483581543
-8.699775695800781
0.9307291507720947
-8.37024974822998
6.441466331481934
-6.952361106872559
0.3344953656196594
-8.823613166809082
2.2834389209747314
-8.171988487243652
1.381058931350708
-7.1987199783325195
5.8062214851379395
-9.247367858886719
0.903432309627533
-9.075533866882324
6.219736576080322
-7.751425743103027
0.4111872911453247
-9.619706153869629
2.536457061767578
-8.491800308227539
2.4226555824279785
-8.288742065429688
5.65506649017334
-9.776991844177246
1.089017391204834
-9.95462703704834
5.9401421546936035
-8.53127670288086
0.7210407257080078
-10.529614448547363
2.912914276123047
-9.020988464355469
3.369455337524414
-9.428875923156738
5.417993545532227
-10.287790298461914
1.512437105178833
-11.051518440246582
5.631801128387451
-9.287656784057617
1.2477298974990845
-11.60280990600586
3.3801047801971436
-9.70506477355957
4.244234561920166
-10.664380073547363
5.177268028259277
-10.861946105957031
2.1768484115600586
-12.351908683776855
5.350482940673828
-10.074463844299316
1.9983978271484375
-12.85556697845459
3.904655933380127
-10.514266967773438
5.090242385864258
-12.059364318847656
