2
3
-5.548861503601074
-5.985816955566406
5.37075138092041
-9.810333251953125
0.3610856533050537
1.0471948385238647
-7.153645992279053
-3.8331258296966553
7.314698219299316
7.265158176422119
-11.385766983032227
-9.299560546875
-4.48612642288208
-5.641433238983154
6.829784870147705
-9.576661109924316
0.40467143058776855
1.099191427230835
-7.358968734741211
-4.129405975341797
6.337775230407715
6.313819885253906
-13.421628952026367
-11.223429679870605
-3.48065185546875
-5.359407901763916
8.217312812805176
-9.33683967590332
0.413840651512146
1.0947896242141724
-7.615327835083008
-4.483057498931885
5.393093109130859
5.414065361022949
-15.42641830444336
-13.068824768066406
-2.534817695617676
-5.144720554351807
9.530046463012695
-9.094409942626953
0.37082213163375854
1.027376651763916
-7.960960388183594
-4.928127288818359
4.406968593597412
4.499297142028809
-17.508869171142578
-14.980193138122559
-1.6458600759506226
-5.044885635375977
10.783601760864258
-8.866497993469238
0.25104331970214844
0.8782446980476379
-8.4486722946167
-5.495765686035156
3.3968467712402344
3.5407421588897705
-19.671968460083008
-17.006933212280273
-0.7924283742904663
-5.090521812438965
11.966279983520508
-8.666272163391113
0.07802106440067291
0.651676595211029
-9.05225658416748
-6.1702423095703125
2.3551318645477295
2.5277843475341797
-21.923721313476562
-19.178966522216797
0.013480722904205322
-5.206897258758545
13.064743041992188
-8.463380813598633
-0.1510513871908188
0.3454487919807434
-9.761033058166504
-6.936022758483887
1.278596043586731
1.4568531513214111
-24.260950088500977
-21.510698318481445
0.8024704456329346
-5.427461624145508
14.200610160827637
-8.340493202209473
-0.4568433165550232
-0.049984127283096313
-10.610907554626465
-7.805761814117432
0.16955018043518066
0.3179512023925781
-26.676713943481445
-24.012243270874023
1.5684581995010376
-5.678809642791748
15.256098747253418
-8.227704048156738
-0.8403508067131042
-0.5690109729766846
-11.62100601196289
-8.826013565063477
-0.9324039220809937
-0.8676729202270508
-29.154525756835938
-26.66504669189453
2.3238492012023926
-5.952244281768799
16.226274490356445
-8.138691902160645
-1.258319616317749
-1.2058738470077515
-12.70036792755127
-9.989570617675781
-2.012403964996338
-2.103811740875244
-31.598670959472656
-29.46018409729004
3.04241943359375
-6.197996139526367
17.00873565673828
-8.06424617767334
-1.65944504737854
-1.8966927528381348
-13.783266067504883
-11.259750366210938
-3.0315849781036377
-3.366227149963379
-33.92493438720703
-32.3420524597168
3.6404402256011963
-6.43685245513916
17.56726837158203
-8.014055252075195
-2.038404941558838
-2.607435703277588
-14.856882095336914
-12.620119094848633
-4.015951633453369
-4.664994716644287
-36.20534133911133
-35.36164855957031
4.185346603393555
-6.723191738128662
17.990734100341797
-8.030695915222168
-2.4036972522735596
-3.341165781021118
-15.924806594848633
-14.069806098937988
-4.976043701171875
-6.002427101135254
-38.47462844848633
-38.53166580200195
4.696875095367432
-7.046123504638672
18.291337966918945
-8.131302833557129
-2.75893235206604
-4.1057448387146
-16.982555389404297
-15.618441581726074
-5.914677143096924
-7.377761363983154
-40.74944305419922
-41.871498107910156
5.186916828155518
-7.415402412414551
18.49225616455078
-8.340938568115234
-3.1235218048095703
-4.907664775848389
-18.076627731323242
-17.298290252685547
-6.834157943725586
-8.787534713745117
-43.01015090942383
-45.383934020996094
5.676022529602051
-7.842868804931641
18.622793197631836
-8.662988662719727
-3.5252699851989746
-5.750080585479736
-19.244905471801758
-19.15106964111328
-7.7347517013549805
-10.22688102722168
-45.21881103515625
-49.0511589050293
6.134651184082031
-8.325794219970703
18.643686294555664
-9.105772018432617
-3.9727280139923096
-6.64357852935791
-20.487411499023438
-21.194252014160156
-8.619791984558105
-11.705011367797852
-47.379024505615234
-52.88908386230469
6.516700267791748
-8.871417045593262
18.492963790893555
-9.664752960205078
-4.437132835388184
-7.595978736877441
-21.751680374145508
-23.409456253051758
-9.498588562011719
-13.236656188964844
-49.53374481201172
-56.9394416809082
6.843752861022949
-9.478072166442871
18.2028751373291
-10.351335525512695
-4.903583526611328
-8.60269832611084
-23.036840438842773
-25.790447235107422
-10.37592601776123
-14.827789306640625
-51.67858123779297
-61.20662307739258
7.0898518562316895
-10.164226531982422
17.762971878051758
-11.184292793273926
-5.366618633270264
-9.664507865905762
-24.34023094177246
-28.343212127685547
-11.254682540893555
-16.482995986938477
-53.80133819580078
-65.69355773925781
