2
3
4.656034469604492
-8.890436172485352
9.173185348510742
-4.0500688552856445
6.841278076171875
-4.524174690246582
6.904137134552002
9.248908042907715
-2.5962119102478027
-1.7862038612365723
0.6384162902832031
4.983916282653809
6.097063064575195
-9.79289436340332
8.208223342895508
-2.034836769104004
6.829987525939941
-3.452677011489868
6.066913604736328
8.327165603637695
-2.6731557846069336
-1.7824782133102417
3.663806200027466
4.052637577056885
7.100359916687012
-10.311394691467285
6.955022811889648
0.7263646125793457
6.599751949310303
-2.58964204788208
5.532393455505371
6.872921466827393
-2.190718173980713
-2.130861282348633
6.573056221008301
3.1636929512023926
7.474309921264648
-10.216644287109375
5.6905517578125
3.2432861328125
6.300354957580566
-2.1369688510894775
5.459540843963623
5.289180755615234
-1.2783277034759521
-2.6090352535247803
8.825754165649414
2.44618821144104
7.394947052001953
-9.547715187072754
4.690883636474609
5.008764266967773
5.9398512840271
-1.9992791414260864
5.475772380828857
4.03378438949585
0.03189873695373535
-3.1697607040405273
10.47230339050293
1.9132871627807617
7.149960041046143
-8.639154434204102
3.9314727783203125
6.385425567626953
5.662815570831299
-2.130976676940918
5.758724212646484
3.1880264282226562
1.613053798675537
-3.7827205657958984
11.528280258178711
1.5658206939697266
6.777848243713379
-7.589015960693359
3.5606749057769775
7.3755693435668945
5.529129505157471
-2.4086196422576904
6.409894943237305
2.4548120498657227
3.366274356842041
-4.421895980834961
11.967934608459473
1.5788261890411377
6.364038944244385
-6.46164083480835
3.680832624435425
7.928586006164551
5.616194248199463
-2.8272624015808105
7.354750633239746
1.9357280731201172
5.1178765296936035
-4.99862813949585
11.936110496520996
1.9416247606277466
6.001248359680176
-5.3389177322387695
4.308823108673096
8.067718505859375
5.983493804931641
-3.331313133239746
8.444111824035645
1.735461711883545
6.724016189575195
-5.420932769775391
11.557056427001953
2.5444061756134033
5.710812568664551
-4.283883571624756
5.450615406036377
7.749100208282471
6.602625846862793
-3.8545074462890625
9.561783790588379
1.8923014402389526
8.04868221282959
-5.622437953948975
11.09568977355957
3.3099801540374756
5.499887943267822
-3.3792295455932617
7.10346794128418
6.937978744506836
7.443364143371582
-4.337695598602295
10.461130142211914
2.443108558654785
9.048065185546875
-5.617891311645508
10.675877571105957
4.087784767150879
5.5662665367126465
-2.792612314224243
8.968854904174805
6.134836196899414
8.4112548828125
-4.712734699249268
11.042196273803711
3.256394624710083
9.711438179016113
-5.456252574920654
10.564164161682129
4.76759147644043
5.947232723236084
-2.5218794345855713
10.816761016845703
5.482361316680908
9.27436637878418
-4.9359354972839355
11.60171127319336
4.2049970626831055
10.154019355773926
-5.202301979064941
11.012109756469727
5.300786972045898
6.668622970581055
-2.529494047164917
12.471510887145996
5.128954887390137
10.010685920715332
-4.965254783630371
12.330645561218262
5.0506134033203125
10.571209907531738
-4.9081292152404785
11.6552734375
5.835504055023193
7.675930976867676
-2.7183666229248047
13.916090965270996
5.120540142059326
10.696281433105469
-4.845095634460449
13.168770790100098
5.791625499725342
10.9925537109375
-4.583518981933594
12.456530570983887
6.341073513031006
8.854761123657227
-2.9773240089416504
15.300033569335938
5.3851776123046875
11.324933052062988
-4.618702411651611
14.222028732299805
6.410579681396484
11.421738624572754
-4.250716686248779
13.475481986999512
6.7970099449157715
10.11440658569336
-3.2444276809692383
16.678993225097656
5.880069732666016
11.96009635925293
-4.360951900482178
15.525654792785645
6.957660675048828
11.897398948669434
-3.947114944458008
14.797321319580078
7.2061262130737305
11.40402603149414
-3.4811434745788574
18.138591766357422
6.552283763885498
12.651527404785156
-4.122398853302002
17.096372604370117
7.481059551239014
12.45307445526123
-3.6953341960906982
16.446216583251953
7.599391460418701
12.684568405151367
-3.662205219268799
19.822795867919922
7.334765911102295
13.43139934539795
-3.927713394165039
18.929458618164062
8.024555206298828
13.12252140045166
-3.509949207305908
18.397647857666016
8.0203218460083
13.96274471282959
-3.7810206413269043
21.753942489624023
8.172609329223633
14.32785415649414
-3.788874387741089
20.996875762939453
8.628169059753418
13.931347846984863
-3.401566743850708
20.62022590637207
8.512665748596191
