2
3
5.874181270599365
0.22706937789916992
1.7837923765182495
-8.774690628051758
3.359374761581421
5.912521839141846
3.736211061477661
3.0424394607543945
4.368807792663574
-4.8551435470581055
4.757078170776367
3.0509777069091797
6.021775722503662
-1.1697533130645752
2.2048301696777344
-8.776564598083496
3.3934829235076904
5.7843098640441895
4.808229923248291
0.7405872344970703
4.817187309265137
-3.857128620147705
4.7087225914001465
4.101644515991211
6.23286771774292
-2.444688320159912
2.664273738861084
-8.264144897460938
3.6771304607391357
5.414272785186768
5.769025802612305
-1.3580827713012695
5.166726112365723
-2.7974636554718018
4.670377731323242
4.783684730529785
6.483965873718262
-3.5549368858337402
3.0534374713897705
-7.338387966156006
4.170898914337158
4.814114093780518
6.665983200073242
-3.2297120094299316
5.422863960266113
-1.7192606925964355
4.663355350494385
5.056271553039551
6.628216743469238
-4.277350902557373
3.4326634407043457
-6.141536712646484
4.876812934875488
3.9707112312316895
7.476003646850586
-4.794028282165527
5.558600902557373
-0.6445705890655518
4.611506462097168
5.0374531745910645
6.71434211730957
-4.65327262878418
3.874253749847412
-4.823352813720703
5.800123691558838
2.877734661102295
8.119678497314453
-5.842045783996582
5.621865272521973
0.33788585662841797
4.773864269256592
4.4983673095703125
6.8187127113342285
-4.730329513549805
4.394704818725586
-3.5321550369262695
6.8735504150390625
1.6481739282608032
8.589494705200195
-6.420724868774414
5.6268415451049805
1.1823203563690186
5.290614128112793
3.4108223915100098
6.939817428588867
-4.5897746086120605
5.038424968719482
-2.3200082778930664
7.9846696853637695
0.40518367290496826
8.8441801071167
-6.569188594818115
5.648890018463135
1.827237606048584
6.155688762664795
2.004065990447998
7.0045576095581055
-4.25890588760376
6.034567832946777
-1.629621982574463
9.049509048461914
-0.7761921882629395
8.902547836303711
-6.338061809539795
5.731418132781982
2.22450852394104
7.344742298126221
0.25991153717041016
7.134964942932129
-3.8574461936950684
7.243782997131348
-1.3820847272872925
9.939959526062012
-1.7791531085968018
8.942973136901855
-5.99143123626709
5.982470512390137
2.288581132888794
8.685100555419922
-1.4864912033081055
7.371364593505859
-3.4673049449920654
8.590662002563477
-1.3871934413909912
10.693331718444824
-2.58386492729187
9.012744903564453
-5.5982441902160645
6.479938507080078
1.9949195384979248
10.015503883361816
-2.944976329803467
7.759124279022217
-3.134692907333374
9.962905883789062
-1.5191113948822021
11.260631561279297
-3.2010436058044434
9.277928352355957
-5.200469970703125
7.237366676330566
1.4318656921386719
11.260831832885742
-4.083024501800537
8.270156860351562
-2.85863995552063
11.339133262634277
-1.7520359754562378
11.588057518005371
-3.593693256378174
9.892820358276367
-4.92734432220459
8.201520919799805
0.679921567440033
12.53905963897705
-4.924197673797607
8.877910614013672
-2.669044017791748
12.85439395904541
-2.136000633239746
11.851929664611816
-3.84625244140625
10.765686988830566
-4.808981895446777
9.319820404052734
-0.18525725603103638
13.874801635742188
-5.55671501159668
9.58027172088623
-2.5901105403900146
14.567313194274902
-2.6339619159698486
12.092458724975586
-4.024217128753662
11.970356941223145
-4.890697956085205
10.532374382019043
-1.1118578910827637
15.289078712463379
-6.055742263793945
10.37442398071289
-2.6286873817443848
16.514467239379883
-3.263005018234253
12.394173622131348
-4.221836090087891
13.582265853881836
-5.149735450744629
11.811627388000488
-2.0695056915283203
16.807861328125
-6.459706783294678
11.330230712890625
-2.8217756748199463
18.59386444091797
-3.9663500785827637
12.848899841308594
-4.520799160003662
15.625448226928711
-5.523600101470947
13.109529495239258
-3.03153657913208
18.555524826049805
-6.855205535888672
12.45800495147705
-3.1712841987609863
20.757911682128906
-4.697397708892822
13.469037055969238
-4.924389362335205
18.09165382385254
-6.011723518371582
14.430522918701172
-3.9896950721740723
20.59032440185547
-7.279644966125488
13.705770492553711
-3.6578569412231445
23.11244773864746
-5.481142520904541
14.272080421447754
-5.4326372146606445
21.00313377380371
-6.637810707092285
15.807819366455078
-4.955597400665283
22.898639678955078
-7.725255966186523
15.084783554077148
-4.287871360778809
25.755645751953125
-6.321002006530762
15.433908462524414
-6.12117862701416
24.061010360717773
-7.23517370223999
17.26226806640625
-5.93608283996582
25.448577880859375
-8.181549072265625
