2
3
4.869140625
8.847447395324707
1.1403944492340088
4.604405403137207
2.878182888031006
8.116455078125
2.2521915435791016
10.124344825744629
-5.7110724449157715
6.835836887359619
0.5712786316871643
-9.574870109558105
4.409321308135986
9.014156341552734
0.20450037717819214
4.6319708824157715
2.6502010822296143
8.639952659606934
1.7475794553756714
10.67769718170166
-4.992127895355225
6.541581153869629
1.7901482582092285
-10.20431137084961
3.934638023376465
9.142232894897461
-0.7086222767829895
4.630645275115967
2.4322805404663086
9.15864372253418
1.270559310913086
11.197638511657715
-4.290145397186279
6.2239670753479
2.907829761505127
-10.945446968078613
3.4473114013671875
9.220518112182617
-1.5855779647827148
4.597552299499512
2.2595622539520264
9.682509422302246
0.8809885382652283
11.715210914611816
-3.599052906036377
5.8967695236206055
3.974750280380249
-11.669157981872559
2.9746108055114746
9.266124725341797
-2.4074959754943848
4.549266815185547
2.121147871017456
10.183113098144531
0.548324465751648
12.177281379699707
-2.9223756790161133
5.571036338806152
4.996085166931152
-12.34537124633789
2.559617757797241
9.315253257751465
-3.1299006938934326
4.552883625030518
2.0236377716064453
10.672934532165527
0.26038622856140137
12.60958480834961
-2.256366014480591
5.264770984649658
5.963396072387695
-12.941829681396484
2.1982316970825195
9.367508888244629
-3.787853956222534
4.606053352355957
1.9603512287139893
11.150084495544434
0.012274742126464844
13.003969192504883
-1.6034003496170044
4.965541839599609
6.8863749504089355
-13.47043228149414
1.8724424839019775
9.416733741760254
-4.43012809753418
4.67532205581665
1.9149483442306519
11.591195106506348
-0.24337220191955566
13.30910587310791
-0.9556275606155396
4.658836364746094
7.779019355773926
-13.924722671508789
1.5892953872680664
9.456965446472168
-5.07293176651001
4.737432956695557
1.8875584602355957
11.992847442626953
-0.5077770948410034
13.536308288574219
-0.30251866579055786
4.348228931427002
8.630572319030762
-14.300442695617676
1.3574789762496948
9.485584259033203
-5.716702461242676
4.7849955558776855
1.879393458366394
12.360508918762207
-0.7691247463226318
13.715808868408203
0.34691041707992554
4.057811260223389
9.425677299499512
-14.596479415893555
1.169114351272583
9.5101318359375
-6.356965065002441
4.833770275115967
1.8894078731536865
12.697400093078613
-1.0220969915390015
13.861296653747559
0.9832817316055298
3.781468152999878
10.178498268127441
-14.832820892333984
1.0167287588119507
9.536630630493164
-6.994819641113281
4.89197301864624
1.915571928024292
13.00458812713623
-1.265113115310669
13.978273391723633
1.6070868968963623
3.5139472484588623
10.89893913269043
-15.020920753479004
0.8975138068199158
9.560458183288574
-7.637411117553711
4.95638370513916
1.9559837579727173
13.281538963317871
-1.4970194101333618
14.06887149810791
2.2179625034332275
3.258796215057373
11.58754825592041
-15.159347534179688
0.8084769248962402
9.578155517578125
-8.289504051208496
5.026150703430176
2.0118441581726074
13.520057678222656
-1.7192292213439941
14.12276840209961
2.816504955291748
3.023045778274536
12.24172306060791
-15.233051300048828
0.7408509254455566
9.592239379882812
-8.956390380859375
5.107913017272949
2.0822277069091797
13.713701248168945
-1.928525447845459
14.13611125946045
3.4062795639038086
2.7967426776885986
12.877486228942871
-15.255986213684082
0.6901435256004333
9.602407455444336
-9.641759872436523
5.204200267791748
2.166323184967041
13.859519004821777
-2.119415283203125
14.11728286743164
3.9938340187072754
2.5681943893432617
13.515979766845703
-15.242979049682617
0.6513632535934448
9.609199523925781
-10.351566314697266
5.317903995513916
2.267199754714966
13.953714370727539
-2.2884669303894043
14.072020530700684
4.586569786071777
2.3359458446502686
14.155664443969727
-15.197882652282715
0.6197633147239685
9.612712860107422
-11.089529037475586
5.4520978927612305
2.3891172409057617
13.987702369689941
-2.4289486408233643
14.000478744506836
5.19804573059082
2.0879461765289307
14.815346717834473
-15.135869026184082
0.6004619598388672
9.605929374694824
-11.850273132324219
5.5916748046875
2.537750720977783
13.959600448608398
-2.539299249649048
13.901017189025879
5.820436477661133
1.8222146034240723
15.492295265197754
-15.070104598999023
0.5925632119178772
9.588302612304688
-12.633882522583008
5.734105587005615
2.711294651031494
13.887213706970215
-2.627877712249756
13.778694152832031
6.446098804473877
1.5539119243621826
16.160457611083984
-14.98193073272705
