2
3
-0.5022308230400085
1.0253915786743164
3.2111406326293945
1.1726012229919434
-3.0540847778320312
-7.969036102294922
3.497978448867798
3.462552070617676
1.1645944118499756
-7.992691993713379
6.690670490264893
-1.5062143802642822
-0.6560914516448975
0.46156197786331177
4.081353187561035
-0.6561917066574097
-2.8014369010925293
-7.203921318054199
4.766277313232422
3.7943713665008545
1.9950824975967407
-8.286404609680176
5.638247013092041
0.15686273574829102
-0.43773865699768066
-0.3265332579612732
4.880107879638672
-2.022576332092285
-2.342097759246826
-6.551574230194092
5.840999603271484
3.9872519969940186
2.315701961517334
-8.135472297668457
4.858691215515137
1.4626479148864746
-0.064663827419281
-1.232121467590332
5.807368278503418
-3.1848855018615723
-1.7988171577453613
-5.908554553985596
6.623302936553955
4.1290178298950195
2.307934522628784
-7.616161346435547
4.386012077331543
2.4494094848632812
0.48158735036849976
-2.240191698074341
6.803184509277344
-4.107367038726807
-1.236774206161499
-5.312173366546631
7.3090033531188965
4.113358020782471
2.1577422618865967
-6.962970733642578
4.18115758895874
3.2959885597229004
1.219242811203003
-3.318058490753174
7.681060791015625
-4.684600830078125
-0.6514619588851929
-4.792081356048584
7.923758506774902
3.9781365394592285
1.9486098289489746
-6.223474025726318
4.294770240783691
3.8865184783935547
2.108219623565674
-4.431702613830566
8.319584846496582
-4.858139991760254
-0.056577205657958984
-4.328874588012695
8.537763595581055
3.692718505859375
1.7258141040802002
-5.451281547546387
4.772311687469482
4.135178089141846
3.0639920234680176
-5.513312339782715
8.682079315185547
-4.609452247619629
0.5423647165298462
-3.923999309539795
9.19707202911377
3.253190517425537
1.5304166078567505
-4.708165168762207
5.6330246925354
4.0097503662109375
3.9791464805603027
-6.474994659423828
8.827640533447266
-3.958998680114746
1.1577014923095703
-3.6079368591308594
9.930702209472656
2.6772515773773193
1.4114571809768677
-4.052684783935547
6.873008728027344
3.487809896469116
4.776785850524902
-7.248185157775879
8.89207935333252
-2.9195289611816406
1.8411104679107666
-3.432734489440918
10.685346603393555
2.033013343811035
1.4240080118179321
-3.534421443939209
8.391912460327148
2.5260462760925293
5.372233867645264
-7.762484550476074
9.083075523376465
-1.6156518459320068
2.6203441619873047
-3.414332866668701
11.352235794067383
1.3461841344833374
1.6997270584106445
-3.303455352783203
9.92155647277832
1.4889771938323975
5.709954738616943
-7.986423015594482
9.66930866241455
-0.41124439239501953
3.446409225463867
-3.541074514389038
12.113133430480957
0.6622868776321411
2.25952410697937
-3.348583459854126
11.324443817138672
0.5971474051475525
5.9717583656311035
-7.898899078369141
10.425894737243652
0.5343681573867798
4.302385330200195
-3.805128574371338
12.997014999389648
0.13199079036712646
3.0690555572509766
-3.6359176635742188
12.660406112670898
-0.027824342250823975
6.219428539276123
-7.616625785827637
11.381103515625
1.1661940813064575
5.274279594421387
-4.172177791595459
14.013837814331055
-0.18054619431495667
4.11549186706543
-4.062225818634033
14.01198959350586
-0.3865758776664734
6.504970550537109
-7.266311168670654
12.648168563842773
1.5442469120025635
6.275646209716797
-4.580559730529785
15.144227027893066
-0.3494972884654999
5.275981426239014
-4.539116382598877
15.358902931213379
-0.5582202672958374
6.890085697174072
-6.936156272888184
14.274686813354492
1.7327985763549805
7.287679195404053
-5.006462574005127
16.425703048706055
-0.4065535068511963
6.50055456161499
-5.033854007720947
16.73548126220703
-0.5705820918083191
7.400659084320068
-6.680317401885986
16.22661590576172
1.7867528200149536
8.315326690673828
-5.4417033195495605
17.921241760253906
-0.38461464643478394
7.74332332611084
-5.528498649597168
18.247798919677734
-0.46633028984069824
8.04081916809082
-6.512502193450928
18.474185943603516
1.7135361433029175
9.364021301269531
-5.887425422668457
19.711761474609375
-0.32666102051734924
8.962614059448242
-6.007573127746582
20.031604766845703
-0.32557475566864014
8.806580543518066
-6.440067768096924
20.997196197509766
1.5310388803482056
10.449411392211914
-6.344234943389893
21.810653686523438
-0.25044453144073486
10.161327362060547
-6.467453479766846
22.132680892944336
-0.19523361325263977
9.70598316192627
-6.480351448059082
23.790136337280273
1.2694659233093262
11.602738380432129
-6.8166117668151855
24.166038513183594
-0.1367170363664627
11.393807411193848
-6.921163558959961
24.48529052734375
-0.05611021816730499
