2
3
-7.6332926750183105
1.2276020050048828
7.430758476257324
-4.556009292602539
2.319704532623291
-2.9578003883361816
-1.7712316513061523
0.3575184941291809
-5.252617835998535
-1.3597261905670166
5.591648101806641
-7.968227386474609
-6.7629804611206055
0.796372652053833
8.906366348266602
-5.142666339874268
1.5196281671524048
-2.6730246543884277
-3.2569503784179688
0.7721759080886841
-4.758688926696777
-1.6696348190307617
6.130345344543457
-8.32557201385498
-5.931946277618408
0.34454065561294556
10.314050674438477
-5.755773067474365
0.7824138402938843
-2.4311466217041016
-4.594082832336426
1.1163268089294434
-4.26508092880249
-2.0104575157165527
6.686906814575195
-8.717828750610352
-5.070789813995361
-0.14278915524482727
11.766871452331543
-6.381947040557861
0.10854184627532959
-2.23335337638855
-5.77878999710083
1.3834097385406494
-3.760650396347046
-2.409930467605591
7.268453598022461
-9.15344524383545
-4.172042369842529
-0.6499471664428711
13.276765823364258
-7.015244960784912
-0.49705249071121216
-2.084644317626953
-6.833117961883545
1.560034155845642
-3.2365381717681885
-2.859797954559326
7.87712287902832
-9.618145942687988
-3.2408719062805176
-1.1719119548797607
14.832086563110352
-7.649758338928223
-1.0645253658294678
-1.9756463766098022
-7.900864601135254
1.689895510673523
-2.697425603866577
-3.338714122772217
8.514657020568848
-10.09868049621582
-2.2808008193969727
-1.7068660259246826
16.41938018798828
-8.283849716186523
-1.5953248739242554
-1.902641773223877
-8.995055198669434
1.787722110748291
-2.1379590034484863
-3.8527238368988037
9.213343620300293
-10.610383033752441
-1.3038588762283325
-2.256286382675171
18.024965286254883
-8.920939445495605
-2.061182975769043
-1.8918434381484985
-10.103555679321289
1.8413395881652832
-1.5462486743927002
-4.407431125640869
10.00014877319336
-11.1640043258667
-0.32378435134887695
-2.794607162475586
19.538015365600586
-9.518641471862793
-2.4410862922668457
-1.929481029510498
-11.194043159484863
1.8664051294326782
-0.9307548999786377
-4.984333515167236
10.818538665771484
-11.724316596984863
0.63863205909729
-3.3045427799224854
20.859079360961914
-10.034440040588379
-2.7553720474243164
-2.002082586288452
-12.252223014831543
1.8583965301513672
-0.30235350131988525
-5.569939613342285
11.621376991271973
-12.265945434570312
1.5890038013458252
-3.804400682449341
22.041526794433594
-10.482760429382324
-3.007601737976074
-2.1106390953063965
-13.274886131286621
1.8114898204803467
0.3297732472419739
-6.14682674407959
12.368067741394043
-12.760987281799316
2.5354056358337402
-4.300660610198975
23.135080337524414
-10.887728691101074
-3.1948013305664062
-2.256129741668701
-14.27007007598877
1.7296935319900513
0.9618781208992004
-6.713720798492432
13.047048568725586
-13.204418182373047
3.482102394104004
-4.79497766494751
24.166440963745117
-11.262798309326172
-3.327007532119751
-2.4315669536590576
-15.240638732910156
1.616028070449829
1.597930908203125
-7.277160167694092
13.6829833984375
-13.616174697875977
4.431273460388184
-5.288403511047363
25.147075653076172
-11.615057945251465
-3.4128665924072266
-2.632636070251465
-16.19249153137207
1.4709887504577637
2.2419309616088867
-7.841059684753418
14.294414520263672
-14.008902549743652
5.3849687576293945
-5.782008647918701
26.08403205871582
-11.949222564697266
-3.454214096069336
-2.858112335205078
-17.12093734741211
1.29571533203125
2.8959147930145264
-8.405913352966309
14.887840270996094
-14.38722038269043
6.345500946044922
-6.276921272277832
26.983434677124023
-12.269145965576172
-3.449765205383301
-3.1076622009277344
-18.01263427734375
1.0917022228240967
3.5615131855010986
-8.972092628479004
15.467644691467285
-14.75429916381836
7.3139448165893555
-6.774092674255371
27.849628448486328
-12.57761287689209
-3.4065349102020264
-3.3811707496643066
-18.872386932373047
0.8590250015258789
4.240198135375977
-9.540005683898926
16.03750228881836
-15.112760543823242
8.291272163391113
-7.274486064910889
28.686233520507812
-12.877126693725586
-3.331271171569824
-3.6769566535949707
-19.713510513305664
0.5979252457618713
4.933197498321533
-10.110129356384277
16.60007667541504
-15.465035438537598
9.278301239013672
-7.778998374938965
29.496187210083008
-13.169881820678711
-3.2291464805603027
-3.9932398796081543
-20.549148559570312
0.3071405291557312
5.639996528625488
-10.682662963867188
17.155941009521484
-15.811397552490234
10.275699615478516
-8.288469314575195
30.281875610351562
-13.457845687866211
-3.103165626525879
-4.3306145668029785
-21.382349014282227
-0.015419572591781616
6.360685348510742
-11.25799560546875
17.705835342407227
-16.15292739868164
