2
3
1.5342059135437012
-1.5625417232513428
-4.830958366394043
-6.16658878326416
-4.282660484313965
-0.43627214431762695
4.479558944702148
0.5035842657089233
3.209662675857544
-3.7786457538604736
6.872040271759033
-9.805625915527344
1.262769103050232
-1.8749332427978516
-5.598100662231445
-6.700188636779785
-3.552133560180664
-0.6633893847465515
5.72611141204834
0.3138503134250641
3.366006851196289
-4.189949989318848
6.51011323928833
-10.130946159362793
1.013441562652588
-2.22373366355896
-6.296577453613281
-7.303072929382324
-2.8278660774230957
-0.8809018135070801
6.944684028625488
0.09405778348445892
3.504577875137329
-4.603482723236084
6.147935390472412
-10.468524932861328
0.7706072330474854
-2.606314182281494
-6.96045446395874
-7.972808837890625
-2.0905447006225586
-1.078827977180481
8.169207572937012
-0.16136331856250763
3.6286869049072266
-5.020505905151367
5.795883655548096
-10.823770523071289
0.5240683555603027
-3.0361573696136475
-7.604333400726318
-8.732643127441406
-1.3303678035736084
-1.2753112316131592
9.420909881591797
-0.45158350467681885
3.7414193153381348
-5.439535617828369
5.462205410003662
-11.198738098144531
0.270988792181015
-3.5080883502960205
-8.232328414916992
-9.578791618347168
-0.5394227504730225
-1.4821161031723022
10.705738067626953
-0.7601014971733093
3.859318256378174
-5.8773579597473145
5.167496681213379
-11.617868423461914
0.01922544836997986
-4.015411376953125
-8.82441520690918
-10.510156631469727
0.28111398220062256
-1.7106512784957886
12.008668899536133
-1.092605471611023
3.9768197536468506
-6.323820114135742
4.9017109870910645
-12.070952415466309
-0.2204473614692688
-4.541018486022949
-9.366878509521484
-11.513862609863281
1.1245851516723633
-1.9626307487487793
13.294331550598145
-1.4553024768829346
4.101412773132324
-6.776566505432129
4.666355133056641
-12.569955825805664
-0.4420343041419983
-5.077542304992676
-9.845314979553223
-12.571739196777344
1.9850518703460693
-2.2402024269104004
14.556483268737793
-1.8626229763031006
4.238578796386719
-7.25278377532959
4.466566562652588
-13.148101806640625
-0.6381703019142151
-5.621053695678711
-10.276915550231934
-13.696412086486816
2.8315248489379883
-2.5434374809265137
15.732505798339844
-2.3353464603424072
4.387351989746094
-7.752505302429199
4.288695812225342
-13.804594039916992
-0.794701099395752
-6.158219337463379
-10.67110538482666
-14.887762069702148
3.664632797241211
-2.8762855529785156
16.843006134033203
-2.869565010070801
4.547853469848633
-8.265439987182617
4.119515419006348
-14.523324966430664
-0.9111196994781494
-6.693658351898193
-11.019096374511719
-16.1533203125
4.4826555252075195
-3.239043951034546
17.886478424072266
-3.456906318664551
4.722931861877441
-8.785310745239258
3.9596588611602783
-15.30221939086914
-0.9945917725563049
-7.240057468414307
-11.316411972045898
-17.513212203979492
5.280884742736816
-3.6288790702819824
18.850765228271484
-4.084613800048828
4.9152750968933105
-9.30061149597168
3.8005661964416504
-16.134885787963867
-1.050234079360962
-7.8085551261901855
-11.566107749938965
-18.988096237182617
6.072892189025879
-4.040293216705322
19.75481414794922
-4.740903854370117
5.120871543884277
-9.811439514160156
3.6438002586364746
-17.02788543701172
-1.0685572624206543
-8.4021577835083
-11.753990173339844
-20.568092346191406
6.874630451202393
-4.463130474090576
20.64275550842285
-5.405123710632324
5.33933162689209
-10.327183723449707
3.4890339374542236
-17.99207305908203
-1.035487174987793
-9.017187118530273
-11.860570907592773
-22.236841201782227
7.687045574188232
-4.897582530975342
21.532875061035156
-6.077500820159912
5.573813438415527
-10.862574577331543
3.340670108795166
-19.037975311279297
-0.9379200339317322
-9.652511596679688
-11.869085311889648
-23.98798179626465
8.504612922668457
-5.354510307312012
22.416385650634766
-6.77636194229126
5.825962066650391
-11.42668628692627
3.2030091285705566
-20.172330856323242
-0.7821590900421143
-10.321104049682617
-11.802462577819824
-25.86804962158203
9.335561752319336
-5.840681552886963
23.29806900024414
-7.521563529968262
6.096739768981934
-12.025015830993652
3.0795493125915527
-21.400798797607422
-0.5930989980697632
-11.047760009765625
-11.748687744140625
-27.98977279663086
10.181180953979492
-6.359886169433594
24.177309036254883
-8.321209907531738
6.386846542358398
-12.65909194946289
2.974194288253784
-22.728057861328125
-0.3782505989074707
-11.84912395477295
-11.74086856842041
-30.38306427001953
11.040823936462402
-6.916580677032471
25.054468154907227
-9.181602478027344
6.702897071838379
-13.313045501708984
2.8871264457702637
-24.148395538330078
