2
3
2.228971481323242
1.3451390266418457
5.976553916931152
-0.029649734497070312
-1.046492099761963
-4.795970916748047
-6.837499618530273
-9.147522926330566
-3.3337531089782715
-2.866826057434082
-3.3317577838897705
10.39599895477295
3.2112247943878174
0.7626705169677734
3.4007060527801514
-0.5892172455787659
-1.8671380281448364
-5.7812418937683105
-5.881402492523193
-8.550557136535645
-3.759507179260254
-1.0904655456542969
-2.2285094261169434
8.493523597717285
3.6661252975463867
0.20515656471252441
0.7702062129974365
-0.8941790461540222
-2.443411350250244
-6.698848724365234
-4.873547554016113
-7.476541519165039
-3.977811098098755
0.3300997018814087
-1.3086704015731812
6.1750569343566895
3.602538824081421
-0.20282873511314392
-1.6615276336669922
-1.1870315074920654
-2.753357410430908
-7.43169641494751
-3.981844902038574
-5.936146259307861
-3.9748525619506836
1.2582523822784424
-0.5366760492324829
3.6918349266052246
3.0437850952148438
-0.4940063953399658
-3.365902900695801
-1.5908591747283936
-2.8330695629119873
-7.8439483642578125
-3.3570034503936768
-3.925635814666748
-3.707333564758301
1.6560311317443848
-0.06628480553627014
1.349898099899292
2.1503617763519287
-0.7078457474708557
-4.408553123474121
-2.16335391998291
-2.768205404281616
-7.842820167541504
-3.0442075729370117
-1.9894940853118896
-3.4223971366882324
1.6367279291152954
0.3255259394645691
-0.7630078792572021
1.1459637880325317
-0.8701273202896118
-5.093481540679932
-2.579073667526245
-2.7716312408447266
-7.354311943054199
-3.0388286113739014
-0.6720411777496338
-3.0137195587158203
1.207397699356079
0.6380939483642578
-2.5199546813964844
0.23314684629440308
-1.0363786220550537
-5.572029113769531
-3.0596022605895996
-2.774897813796997
-6.672137260437012
-3.196004629135132
0.24265062808990479
-2.5207488536834717
0.5567760467529297
0.7966076135635376
-3.8952698707580566
-0.6043497323989868
-1.2485871315002441
-5.794426441192627
-3.4905171394348145
-2.8157460689544678
-5.872004985809326
-3.3882670402526855
0.8056811094284058
-1.9478552341461182
-0.23663395643234253
0.6065505743026733
-4.922334671020508
-1.339064121246338
-1.5004456043243408
-5.739781379699707
-3.902432441711426
-2.900244951248169
-5.006617069244385
-3.5293002128601074
0.9897093772888184
-1.356153964996338
-1.1255972385406494
0.022777676582336426
-5.560711860656738
-1.9538911581039429
-1.8116440773010254
-5.480000972747803
-4.275258541107178
-3.0240836143493652
-4.131087303161621
-3.574512004852295
0.700935423374176
-0.8394104242324829
-2.0359280109405518
-0.8810001611709595
-5.8262481689453125
-2.4429373741149902
-2.1839845180511475
-5.091875076293945
-4.573746204376221
-3.1936771869659424
-3.3005447387695312
-3.4475550651550293
-0.12305635213851929
-0.4892505407333374
-2.895120143890381
-2.0528757572174072
-5.719917297363281
-2.8278932571411133
-2.5962135791778564
-4.700874328613281
-4.792157173156738
-3.333949327468872
-2.6531341075897217
-3.2375741004943848
-1.253932237625122
-0.42594659328460693
-3.6090474128723145
-3.276170492172241
-5.345675945281982
-3.123568058013916
-3.020781993865967
-4.514457702636719
-4.924821376800537
-3.3775672912597656
-2.2809970378875732
-3.122805118560791
-2.489145278930664
-0.6761738061904907
-4.101804256439209
-4.312258720397949
-4.880852222442627
-3.408812999725342
-3.4297187328338623
-4.519400119781494
-5.045791149139404
-3.3816723823547363
-2.197381019592285
-3.2395646572113037
-3.6578164100646973
-1.1927422285079956
-4.372818946838379
-5.053236961364746
-4.660921573638916
-3.6947479248046875
-3.785125255584717
-4.636715888977051
-5.273995876312256
-3.413492441177368
-2.3727850914001465
-3.5405077934265137
-4.653312683105469
-1.8426613807678223
-4.4792022705078125
-5.6328582763671875
-4.706411838531494
-3.959193229675293
-4.092682361602783
-4.886116027832031
-5.616830825805664
-3.5014498233795166
-2.7248334884643555
-3.9847230911254883
-5.492351531982422
-2.5498151779174805
-4.514522075653076
-6.115354537963867
-4.992467403411865
-4.231492042541504
-4.3805341720581055
-5.269374847412109
-6.0685930252075195
-3.648451805114746
-3.177036762237549
-4.5672502517700195
-6.224602699279785
-3.2857158184051514
-4.547463417053223
-6.526839256286621
-5.482925891876221
-4.546945095062256
-4.669919013977051
-5.774360656738281
-6.618040084838867
-3.8842217922210693
-3.6782984733581543
-5.2765679359436035
-6.89824104309082
-4.032406806945801
-4.617520809173584
-6.901604175567627
-6.147223472595215
-4.934074401855469
-4.977972984313965
-6.389830112457275
-7.269956111907959
-4.236518383026123
-4.198753833770752
-6.090902328491211
-7.565759658813477
-4.771167755126953
-4.764233112335205
-7.308557987213135
-6.942211627960205
