2
3
-2.9274091720581055
7.949061393737793
0.1929033249616623
7.225056171417236
0.6848574280738831
5.100404262542725
7.906954288482666
-5.880524158477783
-3.913761615753174
2.0658247470855713
-0.5581937432289124
2.2037572860717773
-2.7849056720733643
7.944617748260498
0.2892792224884033
7.229634761810303
0.9135332107543945
4.756359100341797
7.930985927581787
-6.148904800415039
-3.6953608989715576
2.5428736209869385
-0.1699625849723816
3.0248639583587646
-2.619603157043457
7.951644420623779
0.4166997969150543
7.277703285217285
1.1361942291259766
4.424271583557129
7.939451694488525
-6.365476608276367
-3.4627020359039307
2.971950054168701
0.22855544090270996
3.801926374435425
-2.431154489517212
7.97114372253418
0.5737862586975098
7.359678268432617
1.3609405755996704
4.106588840484619
7.947360992431641
-6.540076732635498
-3.212536096572876
3.354252815246582
0.6339404582977295
4.531755447387695
-2.217040538787842
8.004878044128418
0.7630602717399597
7.465493202209473
1.6055139303207397
3.8043973445892334
7.975454330444336
-6.681146621704102
-2.9451088905334473
3.6987156867980957
1.0533018112182617
5.218895435333252
-1.9734447002410889
8.05297565460205
0.9905939698219299
7.587615489959717
1.8774170875549316
3.517183780670166
8.031990051269531
-6.79123067855835
-2.6630947589874268
4.029940605163574
1.4890536069869995
5.8925933837890625
-1.7012979984283447
8.113332748413086
1.2559597492218018
7.716243743896484
2.165733814239502
3.246534585952759
8.105711936950684
-6.867801189422607
-2.363116979598999
4.375316619873047
1.9354634284973145
6.573194980621338
-1.4053453207015991
8.183124542236328
1.5534555912017822
7.83920431137085
2.4583470821380615
2.998288631439209
8.18539047241211
-6.903107643127441
-2.028388738632202
4.726650238037109
2.4137699604034424
7.244844436645508
-1.0864086151123047
8.262414932250977
1.8810858726501465
7.949231147766113
2.750098943710327
2.7744839191436768
8.270859718322754
-6.890610218048096
-1.6458215713500977
5.065483093261719
2.9371728897094727
7.871095180511475
-0.7430930137634277
8.35106086730957
2.239346981048584
8.040572166442871
3.041072368621826
2.577838182449341
8.365559577941895
-6.826691627502441
-1.2289299964904785
5.408102989196777
3.4898507595062256
8.452581405639648
-0.37686556577682495
8.445216178894043
2.6286301612854004
8.106277465820312
3.340163469314575
2.4042749404907227
8.481433868408203
-6.718581199645996
-0.785638689994812
5.760290622711182
4.064774990081787
8.99360466003418
0.010403096675872803
8.540270805358887
3.0484564304351807
8.143436431884766
3.6489274501800537
2.255127429962158
8.622376441955566
-6.565192222595215
-0.3185197412967682
6.117431163787842
4.6614508628845215
9.493490219116211
0.41828787326812744
8.634119033813477
3.4976656436920166
8.151713371276855
3.9701619148254395
2.1306869983673096
8.796881675720215
-6.368447780609131
0.1718534529209137
6.4742560386657715
5.281975269317627
9.950993537902832
0.8459231853485107
8.722040176391602
3.978269100189209
8.12802791595459
4.305782318115234
2.0325419902801514
9.008256912231445
-6.126270771026611
0.6859694719314575
6.829675674438477
5.926948070526123
10.369973182678223
1.2957581281661987
8.80093765258789
4.495819568634033
8.073078155517578
4.658425331115723
1.9610214233398438
9.261454582214355
-5.838033199310303
1.223247766494751
7.181931018829346
6.596436023712158
10.750041961669922
1.771036148071289
8.871869087219238
5.055769920349121
7.9920878410339355
5.032729625701904
1.91572904586792
9.56485652923584
-5.504504203796387
1.7836717367172241
7.529646396636963
7.291745185852051
11.090653419494629
2.2726988792419434
8.934928894042969
5.661011219024658
7.887218475341797
5.436085224151611
1.8935716152191162
9.936738967895508
-5.129164695739746
2.36828875541687
7.871849536895752
8.016165733337402
11.3919095993042
2.8006086349487305
8.989617347717285
6.313908100128174
7.759855270385742
5.871307373046875
1.8974953889846802
10.376669883728027
-4.707347393035889
2.9797847270965576
8.205267906188965
8.77221393585205
11.64472770690918
3.355020046234131
9.049421310424805
7.016668796539307
7.619441032409668
6.341850757598877
1.9252641201019287
10.885940551757812
-4.233376979827881
3.6197643280029297
8.527734756469727
9.561812400817871
11.834850311279297
3.940976619720459
9.112793922424316
7.776584625244141
7.468698501586914
6.847319602966309
1.980042815208435
11.458955764770508
-3.696406841278076
4.2919921875
8.844718933105469
10.390276908874512
11.966828346252441
