2
3
1.4011383056640625
2.602130174636841
2.401073694229126
8.169207572937012
-4.416955471038818
-0.06834012269973755
-0.8974044322967529
10.058455467224121
4.312046051025391
-0.5880793333053589
0.24031245708465576
9.035510063171387
1.4356685876846313
2.793693780899048
2.218487501144409
8.28761100769043
-3.9201183319091797
0.33368849754333496
-0.14722609519958496
11.053433418273926
3.8204505443573
0.00266951322555542
-0.5751533508300781
9.686132431030273
1.4510093927383423
3.028834581375122
2.0276660919189453
8.455705642700195
-3.450418472290039
0.8023558259010315
0.5716102123260498
12.109163284301758
3.337106704711914
0.6041294932365417
-1.3469462394714355
10.37232780456543
1.4510703086853027
3.3166325092315674
1.8394827842712402
8.688597679138184
-3.036046266555786
1.38969087600708
1.1927820444107056
13.258119583129883
2.888878107070923
1.2402551174163818
-2.0012073516845703
11.148653030395508
1.4432750940322876
3.6622002124786377
1.6655616760253906
9.000774383544922
-2.6376781463623047
2.0700106620788574
1.7930783033370972
14.46792221069336
2.480419158935547
1.92527437210083
-2.5521750450134277
12.042940139770508
1.4325870275497437
4.066237926483154
1.5153509378433228
9.397066116333008
-2.2427539825439453
2.8418166637420654
2.3852875232696533
15.727783203125
2.0970404148101807
2.6640241146087646
-3.0375006198883057
13.057640075683594
1.4191417694091797
4.534599781036377
1.3929533958435059
9.88757610321045
-1.8529406785964966
3.7332844734191895
2.9567651748657227
17.041776657104492
1.7222977876663208
3.4535300731658936
-3.504127025604248
14.171427726745605
1.40180504322052
5.0778326988220215
1.3015527725219727
10.48805046081543
-1.4607106447219849
4.724678993225098
3.520305871963501
18.400482177734375
1.3511322736740112
4.296875953674316
-3.9563167095184326
15.387554168701172
1.3853387832641602
5.706782817840576
1.253007173538208
11.219244003295898
-1.0627217292785645
5.792117118835449
4.089300155639648
19.796735763549805
0.9838680624961853
5.202267169952393
-4.390609264373779
16.718860626220703
1.373389482498169
6.4304656982421875
1.2511541843414307
12.093554496765137
-0.6570615172386169
6.925622940063477
4.667871475219727
21.223634719848633
0.6242249011993408
6.175755500793457
-4.804996013641357
18.169843673706055
1.3680537939071655
7.244326114654541
1.287833571434021
13.099452018737793
-0.2412613034248352
8.116230010986328
5.255188941955566
22.664941787719727
0.28439560532569885
7.198177337646484
-5.195423126220703
19.720809936523438
1.3680270910263062
8.135435104370117
1.3525550365447998
14.211742401123047
0.18633174896240234
9.354537010192871
5.8477959632873535
24.10049057006836
-0.030917584896087646
8.268486976623535
-5.559576034545898
21.38323211669922
1.3693459033966064
9.105137825012207
1.441341757774353
15.43165397644043
0.6151079535484314
10.623757362365723
6.427220821380615
25.4869384765625
-0.315052330493927
9.36651611328125
-5.897968769073486
23.117137908935547
1.3716520071029663
10.155176162719727
1.553261160850525
16.758996963500977
1.0366504192352295
11.922819137573242
6.984320640563965
26.824665069580078
-0.5710057020187378
10.49538803100586
-6.203794956207275
24.923988342285156
1.3763877153396606
11.285684585571289
1.6847869157791138
18.18271827697754
1.4450738430023193
13.256540298461914
7.504582405090332
28.119510650634766
-0.8042159080505371
11.664416313171387
-6.472785472869873
26.815555572509766
1.3851443529129028
12.497875213623047
1.834453821182251
19.697410583496094
1.8331451416015625
14.627619743347168
7.973478317260742
29.387344360351562
-1.0186843872070312
12.886877059936523
-6.7040791511535645
28.802654266357422
1.3994636535644531
13.793410301208496
2.002985715866089
21.301578521728516
2.194070339202881
16.03336524963379
8.379021644592285
30.632509231567383
-1.215991497039795
14.17227554321289
-6.896637916564941
30.892414093017578
1.4207181930541992
15.17367935180664
2.1911847591400146
22.99372100830078
2.5246317386627197
17.478763580322266
8.724313735961914
31.87148666381836
-1.3963508605957031
15.527566909790039
-7.049295425415039
33.089622497558594
1.4501348733901978
16.639883041381836
2.4000086784362793
24.77247428894043
2.8276383876800537
18.97139549255371
9.020930290222168
33.123531341552734
-1.5591566562652588
16.958084106445312
-7.160620212554932
35.39767074584961
1.4890879392623901
18.19302749633789
2.6305899620056152
26.636137008666992
3.107654333114624
20.518585205078125
9.281241416931152
34.40511703491211
-1.7032127380371094
18.468055725097656
-7.228698253631592
37.81907653808594
