2
3
-4.157341003417969
-7.030358791351318
-2.9172885417938232
10.21042251586914
8.29733657836914
0.430338978767395
-7.776759147644043
-9.149301528930664
1.4615235328674316
0.2465139627456665
-2.6989691257476807
-2.6871938705444336
-3.7229526042938232
-5.423280715942383
-1.452100157737732
10.622675895690918
7.130943298339844
-0.7474267482757568
-9.466498374938965
-9.891277313232422
1.8180360794067383
-0.409540593624115
-2.8152711391448975
-3.667022705078125
-3.279965877532959
-3.6610257625579834
-0.018917441368103027
9.899605751037598
5.805715560913086
-1.8459023237228394
-10.626980781555176
-10.343607902526855
2.1423299312591553
-1.1468067169189453
-3.352085590362549
-4.291666507720947
-2.7425897121429443
-2.02474308013916
1.1385130882263184
8.569565773010254
4.388625144958496
-2.8903427124023438
-11.360817909240723
-10.476174354553223
2.3821418285369873
-1.8200244903564453
-4.192119598388672
-4.627085208892822
-2.078310489654541
-0.62648606300354
1.7058806419372559
6.859323501586914
2.9270095825195312
-3.890202283859253
-11.783164978027344
-10.269269943237305
2.4612972736358643
-2.3695762157440186
-5.2335710525512695
-4.7609944343566895
-1.360856533050537
0.5077186822891235
1.6086949110031128
4.9269795417785645
1.4605060815811157
-4.82564640045166
-11.945022583007812
-9.723021507263184
2.2716493606567383
-2.7521331310272217
-6.2446393966674805
-4.8588409423828125
-0.6204716563224792
1.2974770069122314
0.9117671251296997
2.8189308643341064
-0.0005496740341186523
-5.647831439971924
-11.860836029052734
-8.824878692626953
1.8783830404281616
-2.9832687377929688
-7.199254035949707
-4.919445037841797
0.07876753807067871
1.6848390102386475
-0.355236291885376
0.6235835552215576
-1.3812212944030762
-6.243009090423584
-11.512618064880371
-7.731298923492432
1.3509278297424316
-3.0985915660858154
-8.078534126281738
-5.018162250518799
0.6616431474685669
1.675455093383789
-2.1563806533813477
-1.5641529560089111
-2.586888074874878
-6.593170166015625
-10.925823211669922
-6.6229567527771
0.6525911092758179
-3.1725914478302
-8.75279712677002
-5.277146816253662
0.9873163104057312
1.3750712871551514
-4.158293724060059
-3.5681192874908447
-3.4574708938598633
-6.726202011108398
-10.540785789489746
-5.563767433166504
-0.14571291208267212
-3.282352924346924
-9.308755874633789
-5.472749710083008
1.03916597366333
0.8322131633758545
-6.2617292404174805
-5.179715633392334
-4.092611312866211
-6.625772476196289
-10.344586372375488
-4.804103851318359
-1.013300895690918
-3.4830322265625
-9.920734405517578
-5.478324890136719
0.7802582383155823
0.14813899993896484
-8.309473037719727
-6.369597911834717
-4.518873691558838
-6.3593974113464355
-10.48173713684082
-4.597476959228516
-1.8383543491363525
-3.6905288696289062
-10.588417053222656
-5.53566312789917
0.19883137941360474
-0.6223194599151611
-10.228385925292969
-7.195618152618408
-4.872987747192383
-6.035640716552734
-10.913661003112793
-4.794692039489746
-2.63192081451416
-3.8324074745178223
-11.39073657989502
-5.823253154754639
-0.6488227248191833
-1.398747444152832
-12.075704574584961
-7.80056619644165
-5.203331470489502
-5.702707767486572
-11.689140319824219
-5.2624101638793945
-3.3661913871765137
-3.9142422676086426
-12.447793006896973
-6.291502475738525
-1.6970601081848145
-2.1377105712890625
-13.977323532104492
-8.292752265930176
-5.560907363891602
-5.43723726272583
-12.798397064208984
-5.936716556549072
-4.118710041046143
-4.008012771606445
-13.741924285888672
-6.850885391235352
-2.914686918258667
-2.837259292602539
-15.948410987854004
-8.732823371887207
-6.003200531005859
-5.265993595123291
-14.277153015136719
-6.773184776306152
-4.969094753265381
-4.153172969818115
-15.285045623779297
-7.480071067810059
-4.284064769744873
-3.4767818450927734
-17.998550415039062
-9.182619094848633
-6.655954360961914
-5.217792987823486
-16.171674728393555
-7.7103166580200195
-5.9674272537231445
-4.361397743225098
-17.127120971679688
-8.172744750976562
-5.791984558105469
-4.055120468139648
-20.205928802490234
-9.69183349609375
-7.600217819213867
-5.310025215148926
-18.494441986083984
-8.64832878112793
-7.133243560791016
-4.621893882751465
-19.316116333007812
-8.934038162231445
-7.429055213928223
-4.585152626037598
-22.679927825927734
-10.286677360534668
-8.775969505310059
-5.504842758178711
-21.233177185058594
-9.589859962463379
-8.471110343933105
-4.92196798324585
-21.902612686157227
-9.769402503967285
-9.197366714477539
-5.08135986328125
-25.53391456604004
-10.978858947753906
-10.172368049621582
-5.77221155166626
-24.39993667602539
-10.545622825622559
-9.990670204162598
-5.258516311645508
-24.930221557617188
-10.66919231414795
