2
3
-4.738828182220459
-6.207752704620361
-9.69955062866211
-4.35082483291626
3.532527446746826
-3.7333872318267822
4.51553201675415
-6.1425862312316895
3.962967872619629
-5.4402642250061035
3.53336501121521
3.436082124710083
-4.624804973602295
-6.343817234039307
-9.794197082519531
-4.5234904289245605
3.5164754390716553
-4.2100653648376465
4.046628952026367
-6.835075855255127
3.7003259658813477
-5.243466377258301
2.887051582336426
3.6279335021972656
-4.536375999450684
-6.4887871742248535
-9.929946899414062
-4.716100215911865
3.4795358180999756
-4.701579570770264
3.4994471073150635
-7.5303192138671875
3.434865951538086
-5.057808876037598
2.2894625663757324
3.773144245147705
-4.4705119132995605
-6.642985820770264
-10.100028038024902
-4.931076526641846
3.461787223815918
-5.201982498168945
2.9254398345947266
-8.2550630569458
3.173102617263794
-4.8918070793151855
1.7282764911651611
3.8738179206848145
-4.4222412109375
-6.805497646331787
-10.287017822265625
-5.169520854949951
3.458265781402588
-5.707953929901123
2.3371191024780273
-9.017938613891602
2.9098103046417236
-4.759673595428467
1.159523844718933
3.9244577884674072
-4.384103298187256
-6.975004196166992
-10.467817306518555
-5.433721542358398
3.4237678050994873
-6.211507320404053
1.695401668548584
-9.800705909729004
2.650542974472046
-4.669781684875488
0.5827688574790955
3.9267587661743164
-4.352030277252197
-7.152949810028076
-10.640392303466797
-5.728385925292969
3.3602285385131836
-6.714741230010986
1.0069423913955688
-10.605586051940918
2.398165702819824
-4.6292548179626465
0.0039209723472595215
3.8839259147644043
-4.329438209533691
-7.344794273376465
-10.823677062988281
-6.057642459869385
3.2691516876220703
-7.212050914764404
0.2843731641769409
-11.438380241394043
2.1516265869140625
-4.647507190704346
-0.5726326107978821
3.792076587677002
-4.319979667663574
-7.554139614105225
-11.026728630065918
-6.422958850860596
3.151484966278076
-7.710017204284668
-0.46152663230895996
-12.311507225036621
1.9124796390533447
-4.72972297668457
-1.137251615524292
3.6471056938171387
-4.322721481323242
-7.780682563781738
-11.248290061950684
-6.826068878173828
3.0086700916290283
-8.218091011047363
-1.227601408958435
-13.243661880493164
1.6819390058517456
-4.8603692054748535
-1.7053704261779785
3.456336498260498
-4.335879802703857
-8.023774147033691
-11.48600959777832
-7.268826007843018
2.842378854751587
-8.745115280151367
-2.018112897872925
-14.253366470336914
1.461371898651123
-5.027591228485107
-2.275794267654419
3.231842279434204
-4.3649983406066895
-8.286375045776367
-11.752262115478516
-7.7607340812683105
2.6524100303649902
-9.29473876953125
-2.845487594604492
-15.350441932678223
1.251824140548706
-5.222503185272217
-2.847583293914795
2.9857523441314697
-4.415452480316162
-8.571311950683594
-12.061046600341797
-8.309993743896484
2.439147710800171
-9.870406150817871
-3.7139430046081543
-16.5452823638916
1.0509644746780396
-5.44384765625
-3.4271557331085205
2.7170841693878174
-4.478888511657715
-8.878881454467773
-12.394539833068848
-8.907187461853027
2.20314884185791
-10.473455429077148
-4.626127243041992
-17.845489501953125
0.8554452061653137
-5.692416667938232
-4.026428699493408
2.419170379638672
-4.562274932861328
-9.210250854492188
-12.771211624145508
-9.568170547485352
1.9440033435821533
-11.10434627532959
-5.5864973068237305
-19.253273010253906
0.6635384559631348
-5.971884727478027
-4.655450344085693
2.0828957557678223
-4.665729522705078
-9.56695556640625
-13.191324234008789
-10.297042846679688
1.6616230010986328
-11.763233184814453
-6.601341247558594
-20.771867752075195
0.46914657950401306
-6.284204483032227
-5.328210353851318
1.6963742971420288
-4.7901225090026855
-9.950796127319336
-13.656086921691895
-11.098681449890137
1.3556902408599854
-12.451872825622559
-7.676520347595215
-22.40740966796875
0.27332499623298645
-6.635095596313477
-6.0496931076049805
1.239783525466919
-4.9345173835754395
-10.36340618133545
-14.16142749786377
-11.974041938781738
1.025625467300415
-13.172503471374512
-8.817927360534668
-24.166688919067383
0.07119235396385193
-7.0245256423950195
-6.821098327636719
0.7056553363800049
-5.097257137298584
-10.805962562561035
-14.7007417678833
-12.924013137817383
0.6712620258331299
-13.927724838256836
-10.027812004089355
-26.05714988708496
-0.1450870931148529
-7.450041770935059
-7.6466383934021
0.10220956802368164
-5.285001754760742
-11.280362129211426
-15.299956321716309
-13.969280242919922
0.29272574186325073
-14.720077514648438
-11.309243202209473
-28.086755752563477
-0.3777540624141693
-7.912460803985596
-8.529260635375977
-0.5754247903823853
