2
3
1.864760160446167
-0.9396303296089172
9.238557815551758
-2.8719050884246826
-1.8672213554382324
-2.0643444061279297
-9.566187858581543
-3.0040807723999023
6.385826587677002
-8.05402946472168
6.084105491638184
-1.6946133375167847
2.440058708190918
-1.3400390148162842
9.940132141113281
-3.5395162105560303
-1.6637362241744995
-2.4785635471343994
-9.641090393066406
-3.502331256866455
6.197737693786621
-7.68773078918457
5.484774112701416
-0.9258180856704712
3.023224353790283
-1.7291609048843384
10.626548767089844
-4.132315635681152
-1.5091140270233154
-2.8584482669830322
-9.751810073852539
-3.9906275272369385
5.949295997619629
-7.319272518157959
4.864191055297852
-0.1790744662284851
3.602623224258423
-2.1126549243927
11.259721755981445
-4.686670303344727
-1.387668251991272
-3.2102270126342773
-9.897591590881348
-4.477567195892334
5.678920745849609
-6.957708358764648
4.256084442138672
0.5183355808258057
4.179956436157227
-2.4836831092834473
11.857629776000977
-5.20025110244751
-1.3216838836669922
-3.5484509468078613
-10.116847038269043
-4.987605094909668
5.4220805168151855
-6.611696243286133
3.69038462638855
1.1550722122192383
4.746783256530762
-2.8573453426361084
12.422479629516602
-5.694498062133789
-1.3366867303848267
-3.8743860721588135
-10.409180641174316
-5.509454250335693
5.182850360870361
-6.286623954772949
3.160487651824951
1.7309131622314453
5.295118808746338
-3.2425174713134766
12.932857513427734
-6.182135581970215
-1.3654510974884033
-4.185832977294922
-10.699989318847656
-6.043064117431641
4.96340799331665
-5.985905170440674
2.6547250747680664
2.238980770111084
5.816910266876221
-3.6418190002441406
13.359042167663574
-6.658184051513672
-1.3855173587799072
-4.488308906555176
-10.962183952331543
-6.590548038482666
4.755909442901611
-5.713888168334961
2.173476219177246
2.674504280090332
6.314984321594238
-4.059034824371338
13.704684257507324
-7.122417449951172
-1.3934170007705688
-4.789475440979004
-11.194250106811523
-7.151033401489258
4.5496087074279785
-5.474958896636963
1.7131154537200928
3.0419018268585205
6.801430702209473
-4.495427131652832
13.99271011352539
-7.582440376281738
-1.3840316534042358
-5.097536087036133
-11.393945693969727
-7.725663185119629
4.362118721008301
-5.2708740234375
1.294211983680725
3.3625741004943848
7.276209831237793
-4.951066970825195
14.233226776123047
-8.0409574508667
-1.3582587242126465
-5.419002056121826
-11.579490661621094
-8.329106330871582
4.217779159545898
-5.104543209075928
0.966136634349823
3.642731189727783
7.73801851272583
-5.4258809089660645
14.432332038879395
-8.500267028808594
-1.3179173469543457
-5.760659694671631
-11.753308296203613
-8.971921920776367
4.125494480133057
-4.989500045776367
0.7179632782936096
3.8789496421813965
8.184785842895508
-5.919688701629639
14.592711448669434
-8.963637351989746
-1.2662365436553955
-6.125656604766846
-11.914506912231445
-9.657552719116211
4.070345401763916
-4.9233622550964355
0.5178595185279846
4.0689826011657715
8.61494255065918
-6.431847095489502
14.717668533325195
-9.434032440185547
-1.20184326171875
-6.511896133422852
-12.051675796508789
-10.38676929473877
4.046229839324951
-4.901394844055176
0.3579678237438202
4.209731101989746
9.028011322021484
-6.95339298248291
14.810115814208984
-9.902581214904785
-1.1254777908325195
-6.920790672302246
-12.167214393615723
-11.163091659545898
4.055194854736328
-4.924007415771484
0.2420901656150818
4.294711589813232
9.421504020690918
-7.481328010559082
14.871221542358398
-10.369375228881836
-1.041325330734253
-7.355320930480957
-12.266514778137207
-11.993217468261719
4.101494312286377
-4.990835666656494
0.17918244004249573
4.323985576629639
9.797289848327637
-8.015705108642578
14.90372371673584
-10.838932037353516
-0.9535625576972961
-7.8169026374816895
-12.347793579101562
-12.886077880859375
4.183218955993652
-5.099710941314697
0.1638762205839157
4.302861213684082
10.156547546386719
-8.558060646057129
14.905411720275879
-11.315725326538086
-0.8630270957946777
-8.30933952331543
-12.385221481323242
-13.831428527832031
4.297264575958252
-5.247870445251465
0.19402745366096497
4.233781337738037
10.500029563903809
-9.111383438110352
14.871245384216309
-11.800271987915039
-0.7893633246421814
-8.828802108764648
-12.417257308959961
-14.867462158203125
4.4365949630737305
-5.432830810546875
0.2617161273956299
4.115281105041504
10.831974983215332
-9.682782173156738
14.799556732177734
-12.299285888671875
-0.7309030890464783
-9.378183364868164
-12.44713020324707
-16.001630783081055
4.592301368713379
-5.654865264892578
0.3522200584411621
3.9424357414245605
