2
3
-7.434075355529785
0.7989265322685242
5.010994911193848
5.793269157409668
-0.33356422185897827
-6.199684143066406
2.9713871479034424
9.750024795532227
6.203734397888184
-4.011024475097656
3.883183240890503
-5.356725215911865
-6.533361434936523
0.5615490078926086
7.670651435852051
4.502148628234863
-0.28173428773880005
-4.90139102935791
3.4437270164489746
9.880311965942383
6.346032619476318
-5.158400535583496
1.9465993642807007
-4.514459609985352
-5.477319717407227
0.2766353487968445
9.909517288208008
3.3574795722961426
-0.26193374395370483
-3.584625482559204
3.8416354656219482
9.283342361450195
5.958337783813477
-5.9068803787231445
0.3415261507034302
-3.313270330429077
-3.9829232692718506
-0.18108972907066345
11.326683044433594
2.5249505043029785
-0.3265799880027771
-2.3819432258605957
4.227987289428711
8.330926895141602
5.289904594421387
-6.328131675720215
-1.1227530241012573
-1.7091338634490967
-2.164468765258789
-0.7285130023956299
11.824620246887207
1.9947078227996826
-0.3132951557636261
-1.404705286026001
4.794682025909424
7.107625961303711
4.328223705291748
-6.443499565124512
-2.076066017150879
0.3432629108428955
-0.20563197135925293
-1.3144299983978271
11.53652572631836
1.6582565307617188
-0.16829827427864075
-0.8152154088020325
5.5277605056762695
5.685811996459961
3.2358896732330322
-6.251338005065918
-2.3501508235931396
2.245072841644287
1.6532175540924072
-1.9203240871429443
10.906392097473145
1.5814433097839355
0.16327792406082153
-0.593342661857605
6.2337141036987305
4.44389533996582
2.1771271228790283
-5.776650428771973
-2.0350353717803955
3.7698302268981934
3.321687698364258
-2.4640538692474365
9.928086280822754
1.7554887533187866
0.6004743576049805
-0.5905457139015198
7.069849967956543
3.4221534729003906
1.2500120401382446
-5.100588321685791
-1.1495550870895386
4.844869613647461
4.643333911895752
-2.882983684539795
8.585275650024414
2.2142210006713867
1.234678864479065
-0.7679204344749451
7.791300296783447
2.6355700492858887
0.5165430307388306
-4.315129280090332
0.24931395053863525
5.47482442855835
5.506317138671875
-3.1117746829986572
7.222273826599121
2.8709754943847656
2.158719062805176
-1.1219098567962646
8.038496017456055
2.310657024383545
0.00046324729919433594
-3.490703821182251
2.1108551025390625
5.552110195159912
5.811647891998291
-3.0764429569244385
6.374317169189453
3.4582977294921875
3.182121515274048
-1.5158028602600098
7.901599884033203
2.387465715408325
-0.2214917689561844
-2.782693862915039
4.10869836807251
5.360146522521973
5.818312168121338
-2.8658180236816406
5.951794624328613
3.870181083679199
4.066069602966309
-1.8512805700302124
7.777825832366943
2.7590646743774414
-0.05758124589920044
-2.285494327545166
5.981847763061523
5.056731700897217
5.725683212280273
-2.613438844680786
5.823514461517334
4.203104019165039
4.743790149688721
-2.11103892326355
7.719624042510986
3.269474506378174
0.4482528567314148
-1.989084243774414
7.53546142578125
4.843767166137695
5.618976593017578
-2.3580784797668457
5.946159362792969
4.52620792388916
5.263216972351074
-2.264772891998291
7.728934288024902
3.8464927673339844
1.2646756172180176
-1.8634998798370361
8.64365005493164
4.8490519523620605
5.54398250579834
-2.1046464443206787
6.296841144561768
4.861223220825195
5.662232398986816
-2.2910900115966797
7.897913932800293
4.419403076171875
2.2688069343566895
-1.8294751644134521
9.419317245483398
5.008408546447754
5.532970428466797
-1.8655450344085693
6.9286675453186035
5.195007801055908
5.987595081329346
-2.2109575271606445
8.276741027832031
4.95446252822876
3.347628593444824
-1.8221845626831055
9.978394508361816
5.289322376251221
5.631168842315674
-1.6463370323181152
7.832657814025879
5.523067951202393
6.325679302215576
-2.0679659843444824
8.849175453186035
5.466239929199219
4.422349452972412
-1.7962509393692017
10.443485260009766
5.673804759979248
5.876373767852783
-1.4515011310577393
8.95727252960205
5.863630294799805
6.710603713989258
-1.8836884498596191
9.622686386108398
5.968443393707275
5.442490100860596
-1.718812346458435
10.973104476928711
6.135129451751709
6.284003734588623
-1.2820641994476318
10.241447448730469
6.255849361419678
7.162809371948242
-1.6764202117919922
10.578469276428223
6.484079837799072
6.396544933319092
-1.5832849740982056
11.668583869934082
6.652122974395752
6.84522008895874
-1.1436829566955566
11.632304191589355
6.734781265258789
7.691400527954102
-1.4630075693130493
11.694232940673828
7.032679080963135
7.292516708374023
-1.4069513082504272
12.57216739654541
7.221216201782227
