2
3
-1.710571527481079
3.0510997772216797
-2.825922727584839
7.651719570159912
4.283419609069824
-0.6813269257545471
-3.28922963142395
-6.319106578826904
-0.701209306716919
3.0530893802642822
8.630472183227539
6.1696600914001465
-2.2679660320281982
3.96457576751709
-0.9374592304229736
6.475353240966797
3.4608359336853027
-1.3690698146820068
-3.5436620712280273
-5.611863136291504
0.707789421081543
3.397493362426758
7.870644569396973
5.7484211921691895
-2.5039122104644775
4.589973449707031
0.9489750862121582
5.173415660858154
2.616136312484741
-1.8987689018249512
-3.5056159496307373
-4.6249799728393555
1.9131112098693848
3.725644111633301
6.491781711578369
5.160308837890625
-2.3844475746154785
4.902430057525635
2.674008369445801
3.8318519592285156
1.8308963775634766
-2.25144100189209
-3.260563850402832
-3.2832605838775635
2.770720958709717
4.013997554779053
4.772360324859619
4.247973442077637
-1.9257352352142334
4.944962501525879
3.817610740661621
2.698019027709961
1.15948486328125
-2.41481614112854
-2.8203933238983154
-1.5338029861450195
3.190678596496582
4.23853063583374
3.3264594078063965
3.043949604034424
-1.213944435119629
4.796031475067139
4.381469249725342
1.5776487588882446
0.6321184635162354
-2.345048666000366
-2.372117042541504
0.5083212852478027
3.196059226989746
4.320144176483154
2.299081325531006
1.8537347316741943
-0.3184656500816345
4.453160762786865
4.407984733581543
0.5894259214401245
0.1998116374015808
-1.9300905466079712
-1.8586437702178955
2.2227225303649902
3.003702163696289
4.1780595779418945
1.531515121459961
0.9899045825004578
0.6209477782249451
4.002494812011719
4.144636631011963
-0.13720756769180298
-0.14853176474571228
-1.2247931957244873
-1.2297382354736328
3.401826858520508
2.7808587551116943
3.956169366836548
1.1453155279159546
0.4108594059944153
1.4641923904418945
3.434169292449951
3.6871678829193115
-0.4742445945739746
-0.38790032267570496
-0.36046814918518066
-0.4933534860610962
4.056038856506348
2.5768356323242188
3.670095443725586
0.9786542654037476
-0.0015396475791931152
2.1559009552001953
2.8664491176605225
3.091041088104248
-0.42950212955474854
-0.5294977426528931
0.5493984222412109
0.3827439546585083
4.228468418121338
2.406808614730835
3.3591530323028564
0.971856415271759
-0.26956984400749207
2.6368751525878906
2.372681140899658
2.442927360534668
-0.044429242610931396
-0.5673878788948059
1.4120818376541138
1.3694381713867188
3.93508243560791
2.2893571853637695
3.008530616760254
1.0385891199111938
-0.32890114188194275
2.869363307952881
2.03584885597229
1.820352554321289
0.4874156713485718
-0.41916483640670776
2.101207971572876
2.249753475189209
3.4521260261535645
2.2162539958953857
2.635737657546997
1.1236811876296997
-0.1173352599143982
2.8742575645446777
1.892702579498291
1.3727482557296753
0.9941989779472351
-0.08935445547103882
2.5781877040863037
2.8554940223693848
2.951998233795166
2.178342342376709
2.2894701957702637
1.1750905513763428
0.3483765721321106
2.7168424129486084
1.9098862409591675
1.2383023500442505
1.3680419921875
0.362454891204834
2.874708652496338
3.196303367614746
2.509568214416504
2.0989511013031006
2.0703022480010986
1.3420406579971313
0.8592711091041565
2.4998891353607178
2.0154764652252197
1.3210450410842896
1.6776071786880493
0.876000165939331
3.0141212940216064
3.335296392440796
2.1717700958251953
2.010699510574341
1.9833760261535645
1.6305289268493652
1.3418892621994019
2.298933744430542
2.171308755874634
1.56682288646698
1.9146099090576172
1.3871054649353027
3.041201591491699
3.3461225032806396
1.9733014106750488
1.9678707122802734
2.01259183883667
1.9600436687469482
1.7431917190551758
2.163633108139038
2.3447535037994385
1.925809383392334
2.0796215534210205
1.8470782041549683
3.0076329708099365
3.2997817993164062
1.9156183004379272
1.9933114051818848
2.1210062503814697
2.288357734680176
2.040343761444092
2.118417263031006
2.509273052215576
2.341707706451416
2.2020533084869385
2.2323226928710938
2.9609997272491455
3.260291814804077
1.9751261472702026
2.0808703899383545
2.272599935531616
2.6085479259490967
2.2598726749420166
2.1711227893829346
2.6510605812072754
2.7681469917297363
2.3232662677764893
2.5416998863220215
2.9340898990631104
3.2788596153259277
2.115818977355957
2.2198081016540527
2.4397525787353516
2.9254415035247803
2.4418222904205322
2.312695026397705
2.7717103958129883
3.177220344543457
2.467857837677002
2.792515277862549
2.940784454345703
3.3747873306274414
2.3035261631011963
2.403172731399536
2.6082887649536133
3.2424538135528564
2.6141233444213867
