2
3
-2.546154737472534
-0.02917654812335968
2.9853649139404297
6.794722080230713
0.6213613748550415
-9.814122200012207
10.52022933959961
-9.088384628295898
8.130899429321289
-2.5772805213928223
-10.318215370178223
0.9764159321784973
-1.9083420038223267
-0.29470813274383545
4.005206108093262
6.490584373474121
1.3235276937484741
-9.735556602478027
11.28706169128418
-8.665617942810059
7.206638336181641
-2.770092487335205
-12.176261901855469
0.532345712184906
-1.2968263626098633
-0.5442520380020142
4.966803550720215
6.142180919647217
2.0019278526306152
-9.710569381713867
12.026679039001465
-8.236077308654785
6.328983783721924
-2.968442440032959
-14.004789352416992
0.08874005079269409
-0.6948822736740112
-0.7674071192741394
5.890063285827637
5.729032516479492
2.651095390319824
-9.707115173339844
12.7470121383667
-7.783686637878418
5.491738319396973
-3.1849563121795654
-15.883753776550293
-0.3418218195438385
-0.0806570053100586
-0.9364073276519775
6.804784774780273
5.291709899902344
3.3072519302368164
-9.758635520935059
13.549799919128418
-7.3632965087890625
4.6219892501831055
-3.405189037322998
-17.91016960144043
-0.7077692747116089
0.5612818002700806
-1.1036324501037598
7.754110336303711
4.8151726722717285
3.9794344902038574
-9.83340072631836
14.408857345581055
-6.929131984710693
3.74702787399292
-3.6534037590026855
-20.04908561706543
-1.0458717346191406
1.2227709293365479
-1.2955224514007568
8.73865795135498
4.282970905303955
4.67202091217041
-9.900662422180176
15.30550765991211
-6.460304260253906
2.928835391998291
-3.9240570068359375
-22.242900848388672
-1.3802063465118408
1.901268482208252
-1.5064111948013306
9.741225242614746
3.7123003005981445
5.387343406677246
-9.945971488952637
16.22895622253418
-5.947635650634766
2.146663188934326
-4.1915435791015625
-24.483989715576172
-1.708653211593628
2.5995147228240967
-1.7267463207244873
10.74020004272461
3.103130340576172
6.130548477172852
-9.965587615966797
17.185420989990234
-5.3986496925354
1.4095185995101929
-4.467077732086182
-26.769990921020508
-2.034604072570801
3.3170814514160156
-1.9438756704330444
11.745891571044922
2.5015053749084473
6.811532974243164
-9.927925109863281
18.024608612060547
-4.776902675628662
0.7306168079376221
-4.743898868560791
-29.0958251953125
-2.3506925106048584
4.030865669250488
-2.1542696952819824
12.704318046569824
1.9588701725006104
7.369246482849121
-9.860169410705566
18.72902488708496
-4.094169616699219
0.07639646530151367
-5.025384902954102
-31.478166580200195
-2.6606569290161133
4.749123573303223
-2.366974115371704
13.604391098022461
1.453122854232788
7.884840488433838
-9.758796691894531
19.331335067749023
-3.3816914558410645
-0.5734898447990417
-5.302371025085449
-33.9397087097168
-2.96412992477417
5.44182014465332
-2.582502603530884
14.398453712463379
0.9453008770942688
8.37409782409668
-9.626652717590332
19.820049285888672
-2.659757614135742
-1.2270450592041016
-5.57063627243042
-36.48659896850586
-3.260047674179077
6.067293643951416
-2.799241781234741
14.996832847595215
0.45872825384140015
8.863710403442383
-9.479146003723145
20.205965042114258
-1.9519715309143066
-1.8695204257965088
-5.838447093963623
-39.089874267578125
-3.546623468399048
6.647430896759033
-3.0151212215423584
15.452739715576172
0.014554917812347412
9.346794128417969
-9.318962097167969
20.453771591186523
-1.2773232460021973
-2.5063610076904297
-6.105842113494873
-41.75901794433594
-3.8246548175811768
7.184293746948242
-3.2355785369873047
15.77391242980957
-0.40531718730926514
9.790692329406738
-9.131477355957031
20.545665740966797
-0.652003824710846
-3.151181221008301
-6.368523597717285
-44.540191650390625
-4.095797061920166
7.685567855834961
-3.463965654373169
15.97688102722168
-0.8127027153968811
10.203561782836914
-8.929272651672363
20.51547622680664
-0.06401854753494263
-3.8162732124328613
-6.625462532043457
-47.465518951416016
-4.360733509063721
8.158555030822754
-3.700742721557617
16.084918975830078
-1.2219468355178833
10.57918643951416
-8.725685119628906
20.354034423828125
0.4935634732246399
-4.510687828063965
-6.880467414855957
-50.56206512451172
-4.6239824295043945
8.599691390991211
-3.9452011585235596
16.100330352783203
-1.6348674297332764
10.902875900268555
-8.520617485046387
20.056621551513672
1.0230175256729126
-5.2344069480896
-7.1389007568359375
-53.83414077758789
-4.8947529792785645
8.997005462646484
-4.201805114746094
15.986222267150879
-2.0481865406036377
11.177924156188965
-8.320786476135254
19.639070510864258
1.5179252624511719
-5.9948930740356445
-7.406944751739502
-57.26697540283203
-5.1627960205078125
