2
3
4.6857147216796875
0.08995229005813599
-7.073129177093506
-2.5295257568359375
8.732906341552734
3.0055296421051025
-2.200864315032959
-6.847698211669922
6.350743770599365
-6.328693389892578
-5.600154399871826
-5.376071453094482
4.753414154052734
-0.08809293806552887
-7.330634593963623
-2.9983983039855957
8.498571395874023
2.2304790019989014
-2.8597214221954346
-8.227011680603027
6.217620372772217
-5.922839164733887
-5.873378276824951
-5.021538734436035
4.758884429931641
-0.28288447856903076
-7.674781322479248
-3.4887588024139404
8.243538856506348
1.5008209943771362
-3.530787706375122
-9.532997131347656
6.054275989532471
-5.587841987609863
-6.190423965454102
-4.758309841156006
4.724356651306152
-0.4996371269226074
-8.075823783874512
-4.009385108947754
7.959513187408447
0.7637694478034973
-4.253506660461426
-10.897878646850586
5.8588151931762695
-5.3181633949279785
-6.5600409507751465
-4.5772504806518555
4.6487836837768555
-0.7406108975410461
-8.540666580200195
-4.5705084800720215
7.65343713760376
0.005488991737365723
-5.043575763702393
-12.361279487609863
5.62418270111084
-5.117588996887207
-7.002013683319092
-4.484156608581543
4.510712146759033
-1.0131349563598633
-9.10035514831543
-5.183465003967285
7.324743270874023
-0.787825345993042
-5.909207344055176
-13.949525833129883
5.343140602111816
-4.990606307983398
-7.5215959548950195
-4.481764793395996
4.28993034362793
-1.3252313137054443
-9.77289867401123
-5.851572513580322
6.971738815307617
-1.6235625743865967
-6.858335494995117
-15.67448616027832
5.020655632019043
-4.926722049713135
-8.126666069030762
-4.561043739318848
4.005449295043945
-1.6783475875854492
-10.550782203674316
-6.590504169464111
6.5939130783081055
-2.506035804748535
-7.89993143081665
-17.539474487304688
4.6572136878967285
-4.917566299438477
-8.828617095947266
-4.7208452224731445
3.6704742908477783
-2.073458194732666
-11.439031600952148
-7.407082557678223
6.189399719238281
-3.434782028198242
-9.039953231811523
-19.539499282836914
4.256837368011475
-4.960876941680908
-9.61892032623291
-4.961450099945068
3.2888264656066895
-2.517761707305908
-12.431497573852539
-8.30724048614502
5.74923849105835
-4.404413223266602
-10.271492004394531
-21.65131950378418
3.827057123184204
-5.058872222900391
-10.483336448669434
-5.270017623901367
2.860360860824585
-3.0183069705963135
-13.531301498413086
-9.305548667907715
5.266464710235596
-5.424569129943848
-11.60030746459961
-23.897838592529297
3.369793176651001
-5.220301151275635
-11.431205749511719
-5.649631500244141
2.384586811065674
-3.5807700157165527
-14.739551544189453
-10.418108940124512
4.740290641784668
-6.5062336921691895
-13.024102210998535
-26.310335159301758
2.8784852027893066
-5.454890727996826
-12.491617202758789
-6.125377178192139
1.859062671661377
-4.207700252532959
-16.059894561767578
-11.656224250793457
4.170295715332031
-7.654008865356445
-14.549019813537598
-28.90879249572754
2.3550398349761963
-5.760255336761475
-13.656679153442383
-6.6956467628479
1.280951738357544
-4.900234222412109
-17.4991512298584
-13.027676582336426
3.555389404296875
-8.868046760559082
-16.179407119750977
-31.706130981445312
1.7942737340927124
-6.132987022399902
-14.933785438537598
-7.365522861480713
0.651882529258728
-5.65614128112793
-19.065866470336914
-14.536913871765137
2.893458127975464
-10.1494722366333
-17.920148849487305
-34.71491622924805
1.1834602355957031
-6.575976848602295
-16.350690841674805
-8.15405559539795
-0.028023242950439453
-6.473001956939697
-20.76263427734375
-16.191186904907227
2.1795272827148438
-11.505290985107422
-19.78196144104004
-37.954254150390625
0.5187464952468872
-7.088822364807129
-17.92289924621582
-9.074241638183594
-0.7588971853256226
-7.351181983947754
-22.593311309814453
-17.999847412109375
1.4115509986877441
-12.938596725463867
-21.771865844726562
-41.43677520751953
-0.2030620574951172
-7.670907497406006
-19.66506576538086
-10.137813568115234
-1.5433015823364258
-8.293561935424805
-24.562606811523438
-19.975265502929688
0.5879809856414795
-14.451617240905762
-23.894216537475586
-45.17515182495117
-0.9851464033126831
-8.326271057128906
-21.58457374572754
-11.35122013092041
-2.38616681098938
-9.304530143737793
-26.67206382751465
-22.129274368286133
-0.29222816228866577
-16.045299530029297
-26.151426315307617
-49.18205261230469
-1.8306550979614258
-9.058267593383789
-23.687549591064453
-12.720880508422852
-3.2917561531066895
-10.38429069519043
-28.917552947998047
-24.466245651245117
-1.2301380634307861
-17.723142623901367
-28.54895782470703
-53.472801208496094
-2.738593578338623
-9.866151809692383
-25.967628479003906
-14.24905776977539
