2
3
-4.2539849281311035
1.5129616260528564
-2.0526275634765625
2.1978464126586914
3.1858766078948975
6.984928131103516
0.6167175769805908
-9.4649658203125
-0.7392726540565491
7.466772079467773
-2.656229257583618
-8.74677848815918
-4.194801330566406
2.502026319503784
-0.9568434953689575
2.701843738555908
3.4251303672790527
5.74573278427124
-1.1388592720031738
-9.815905570983887
-0.9644044637680054
6.497903823852539
-2.0303030014038086
-9.739752769470215
-4.047378063201904
3.534571409225464
0.3154788017272949
2.6757309436798096
3.304370164871216
4.60066032409668
-2.615020275115967
-9.971417427062988
-0.9608935713768005
5.445799827575684
-1.5781800746917725
-10.527288436889648
-3.817863702774048
4.59440803527832
1.5435658693313599
1.924975872039795
2.829202651977539
3.6848573684692383
-3.538449287414551
-10.0929594039917
-0.847442090511322
4.222827911376953
-1.3259921073913574
-10.92528247833252
-3.5292210578918457
5.566954135894775
2.6892619132995605
0.3666954040527344
2.191237449645996
2.880296230316162
-4.1262102127075195
-10.10010051727295
-0.7060040235519409
2.981729745864868
-1.2233824729919434
-10.987594604492188
-3.1409389972686768
6.209322929382324
3.61651873588562
-1.5271028280258179
1.4449061155319214
2.1708545684814453
-4.384829521179199
-9.992635726928711
-0.6053076982498169
1.836753249168396
-1.2606178522109985
-10.760282516479492
-2.670947313308716
6.479326248168945
4.416530132293701
-3.423320770263672
0.596593976020813
1.52847421169281
-4.336073875427246
-9.972407341003418
-0.5795947313308716
0.8587895035743713
-1.3836338520050049
-10.345928192138672
-2.092339515686035
6.381228446960449
5.009409427642822
-5.231662750244141
-0.3534252643585205
0.9484018087387085
-4.005224704742432
-9.994963645935059
-0.8584202527999878
0.24339759349822998
-1.2776789665222168
-10.238663673400879
-1.4319097995758057
5.988821029663086
5.308582782745361
-6.943650245666504
-1.2766516208648682
0.4360310435295105
-3.386340379714966
-10.004406929016113
-1.212550163269043
-0.21437284350395203
-1.0774692296981812
-10.203274726867676
-0.7217047810554504
5.360735893249512
5.300134658813477
-8.572120666503906
-2.1104888916015625
-0.013248145580291748
-2.490234851837158
-10.048781394958496
-1.5873980522155762
-0.61279296875
-0.7084136009216309
-10.227633476257324
-0.0068795084953308105
4.504944801330566
5.122098445892334
-10.087141990661621
-2.797236919403076
-0.42549121379852295
-1.3610990047454834
-10.251189231872559
-1.9525384902954102
-0.9868872165679932
-0.12894892692565918
-10.431852340698242
0.6396985650062561
3.488273859024048
4.849946975708008
-11.56274127960205
-3.293893337249756
-0.825423002243042
-0.10660791397094727
-10.809357643127441
-2.268756628036499
-1.3582813739776611
0.6350013017654419
-10.982136726379395
1.1828558444976807
2.3637139797210693
4.557060241699219
-13.026496887207031
-3.6028976440429688
-1.2818078994750977
1.1937999725341797
-11.782811164855957
-2.502638339996338
-1.7946457862854004
1.5418775081634521
-11.943155288696289
1.605436086654663
1.1184678077697754
4.3116559982299805
-14.47777271270752
-3.7004201412200928
-1.8722350597381592
2.5331602096557617
-13.163979530334473
-2.595120429992676
-2.381873846054077
2.570615291595459
-13.306142807006836
1.8610060214996338
-0.2382892370223999
4.370829105377197
-16.07701873779297
-3.618292808532715
-2.5710978507995605
3.878354072570801
-14.904428482055664
-2.5656769275665283
-3.075040102005005
3.6664626598358154
-14.992439270019531
2.025217294692993
-1.6668063402175903
4.718855381011963
-17.852909088134766
-3.390378475189209
-3.4078850746154785
5.283669948577881
-16.98441505432129
-2.4323554039001465
-3.887117385864258
4.867353439331055
-17.00967788696289
2.1602940559387207
-3.165815830230713
5.333509922027588
-19.84380531311035
-2.9999570846557617
-4.506671905517578
6.78335428237915
-19.323684692382812
-2.15974497795105
-4.920703411102295
6.197607517242432
-19.303735733032227
2.3123180866241455
-4.761699676513672
6.245273590087891
-22.10548973083496
-2.465385675430298
-5.8502960205078125
8.422040939331055
-21.929668426513672
-1.7425493001937866
-6.214564323425293
7.684027194976807
-21.832242965698242
2.516465902328491
-6.491211891174316
7.499906539916992
-24.686294555664062
-1.8069592714309692
-7.389244079589844
10.236774444580078
-24.85442352294922
-1.201799750328064
-7.710358142852783
9.359209060668945
-24.655179977416992
2.776911973953247
-8.347254753112793
9.142284393310547
-27.677955627441406
-1.0245163440704346
-9.1184663772583
12.260200500488281
-28.126039505004883
-0.5420976877212524
-9.3920259475708
11.254249572753906
-27.810691833496094
