2
3
2.2283504009246826
-8.140653610229492
3.363206148147583
-1.3646527528762817
0.024155795574188232
0.16005760431289673
10.671707153320312
3.2805018424987793
9.250932693481445
7.768760681152344
1.8954085111618042
-11.41171646118164
2.624882459640503
-7.129565238952637
3.8780598640441895
-0.03616225719451904
0.8189139366149902
0.15902434289455414
11.932984352111816
3.1373133659362793
8.963794708251953
6.583066463470459
0.9708819389343262
-13.609575271606445
3.0095279216766357
-6.177276134490967
4.407208442687988
1.2747796773910522
1.6552518606185913
0.15596964955329895
13.270896911621094
3.1328847408294678
8.738764762878418
5.376569747924805
0.11359751224517822
-15.736127853393555
3.3794589042663574
-5.29069185256958
4.949840068817139
2.540817975997925
2.5246200561523438
0.15103363990783691
14.637105941772461
3.1396372318267822
8.566581726074219
4.145697593688965
-0.6921626329421997
-17.85638427734375
3.746614456176758
-4.510024070739746
5.522860050201416
3.712789297103882
3.4611501693725586
0.16325649619102478
16.076181411743164
3.174262523651123
8.406998634338379
2.874481201171875
-1.4688618183135986
-20.083194732666016
4.121992588043213
-3.8602848052978516
6.140687465667725
4.7725019454956055
4.487762451171875
0.18552614748477936
17.623327255249023
3.2733964920043945
8.237709999084473
1.5869642496109009
-2.223313808441162
-22.43269157409668
4.551121234893799
-3.3044917583465576
6.852384090423584
5.724523544311523
5.5611982345581055
0.2091408371925354
19.216135025024414
3.3945348262786865
8.075029373168945
0.3298788070678711
-2.9877395629882812
-24.886951446533203
5.063525199890137
-2.7507638931274414
7.702205657958984
6.624926567077637
6.670001029968262
0.2363324761390686
20.83974266052246
3.5153708457946777
7.947248935699463
-0.9424885511398315
-3.7432382106781006
-27.478614807128906
5.660433292388916
-2.186279296875
8.670992851257324
7.468320369720459
7.794096946716309
0.2629757523536682
22.451725006103516
3.613452672958374
7.858339309692383
-2.2265706062316895
-4.467964172363281
-30.16138458251953
6.329859733581543
-1.663338541984558
9.715462684631348
8.204072952270508
8.935017585754395
0.301029771566391
23.97486114501953
3.673778772354126
7.829158782958984
-3.471461296081543
-5.1050124168396
-32.83531951904297
7.053046703338623
-1.2051398754119873
10.8012056350708
8.787476539611816
10.106083869934082
0.3149423897266388
25.471519470214844
3.669595241546631
7.886577129364014
-4.623656749725342
-5.704155921936035
-35.489654541015625
7.792657852172852
-0.8213579654693604
11.90497875213623
9.192375183105469
11.293012619018555
0.29827064275741577
26.93802833557129
3.593754768371582
7.992809772491455
-5.72892951965332
-6.2463698387146
-38.13719940185547
8.553474426269531
-0.5024430751800537
13.031457901000977
9.44337272644043
12.493279457092285
0.25253844261169434
28.36866569519043
3.4489357471466064
8.136306762695312
-6.810402870178223
-6.72974967956543
-40.81189727783203
9.33101749420166
-0.2526510953903198
14.191615104675293
9.558135032653809
13.710554122924805
0.17702442407608032
29.77334213256836
3.23185658454895
8.313032150268555
-7.85444974899292
-7.153159141540527
-43.485382080078125
10.131251335144043
-0.06389257311820984
15.388633728027344
9.55797290802002
14.938745498657227
0.06941220164299011
31.13416290283203
2.946161985397339
8.53082275390625
-8.868979454040527
-7.511619567871094
-46.15339279174805
10.969813346862793
0.07021421194076538
16.637929916381836
9.447287559509277
16.173547744750977
-0.06957598030567169
32.43476104736328
2.595338821411133
8.791757583618164
-9.893705368041992
-7.816247940063477
-48.91069793701172
11.84610652923584
0.14457246661186218
17.9372615814209
9.2088623046875
17.417543411254883
-0.23998022079467773
33.68531036376953
2.171455144882202
9.092307090759277
-10.928643226623535
-8.06799030303955
-51.7735595703125
12.75947093963623
0.15743030607700348
19.288713455200195
8.836240768432617
18.678768157958984
-0.4470684826374054
34.920108795166016
1.6670894622802734
9.431934356689453
-11.975115776062012
-8.267135620117188
-54.750179290771484
13.70683479309082
0.10663941502571106
20.693506240844727
8.326663970947266
19.955825805664062
-0.692228376865387
36.14015197753906
1.079023003578186
9.81175422668457
-13.040271759033203
-8.416136741638184
-57.85214614868164
14.67231559753418
-0.013769552111625671
22.140518188476562
7.677840232849121
21.243526458740234
-0.9759140610694885
37.33542251586914
0.4072931408882141
10.23188591003418
-14.13424301147461
-8.515304565429688
-61.09343719482422
