2
3
-8.6761474609375
1.1699844598770142
4.415223121643066
1.2008594274520874
6.468024730682373
-6.566155433654785
4.239024639129639
-3.4020473957061768
6.800340175628662
3.1687304973602295
5.103435516357422
6.436348915100098
-7.496858596801758
0.6357394456863403
7.6605095863342285
0.5629839897155762
6.532210350036621
-6.839906692504883
2.2081446647644043
-0.6446566581726074
6.401538372039795
3.612579584121704
3.77870774269104
4.236806392669678
-5.892577171325684
0.08514410257339478
10.107779502868652
-0.15567588806152344
5.982793807983398
-6.417392730712891
0.5270047187805176
1.525026798248291
5.749246120452881
3.7938804626464844
2.5044264793395996
2.21478271484375
-4.076468467712402
-0.5266394019126892
11.887901306152344
-0.6269309520721436
5.148585319519043
-5.6302642822265625
-0.8594777584075928
3.2153735160827637
4.921502113342285
3.6089026927948
1.6669557094573975
0.7692759037017822
-1.9750611782073975
-1.2051033973693848
13.006102561950684
-0.7081856727600098
4.175873756408691
-4.636171817779541
-1.5893864631652832
4.528373718261719
4.184536933898926
3.2044248580932617
1.3786488771438599
-0.431713342666626
0.3616318702697754
-1.864305019378662
13.071931838989258
-0.38094934821128845
3.1425070762634277
-3.5525920391082764
-1.5682883262634277
5.436892032623291
3.6719002723693848
2.6842432022094727
1.586200475692749
-1.5203866958618164
2.6278674602508545
-2.3811211585998535
12.411791801452637
0.20275887846946716
2.2627413272857666
-2.413654088973999
-0.8441766500473022
5.907510757446289
3.3962395191192627
2.0795223712921143
2.1474497318267822
-2.529942035675049
4.571985244750977
-2.647228240966797
11.236164093017578
0.9177178144454956
1.5095245838165283
-1.29030442237854
0.5504559278488159
5.905710697174072
3.2669336795806885
1.4195148944854736
3.0285115242004395
-3.4059181213378906
6.074602127075195
-2.643022060394287
9.539697647094727
1.7656188011169434
0.8858827948570251
-0.2649446725845337
2.5495338439941406
5.20650053024292
3.308492660522461
0.6702510714530945
4.16275691986084
-4.051736354827881
7.012557029724121
-2.3842711448669434
7.824765682220459
2.555816173553467
0.6116291284561157
0.4908146262168884
4.633754730224609
4.2192583084106445
3.5970559120178223
-0.22977179288864136
5.3255414962768555
-4.284604072570801
7.298149585723877
-1.8752691745758057
6.850963592529297
2.8104560375213623
0.7375683784484863
0.9675501585006714
6.485240936279297
3.1686246395111084
4.1380791664123535
-1.1676996946334839
6.257557392120361
-4.13687801361084
7.280206203460693
-1.2981699705123901
6.290272235870361
2.7793664932250977
1.1954976320266724
1.1662437915802002
8.051218032836914
2.216768741607666
4.769464015960693
-2.058741569519043
7.0875701904296875
-3.702359914779663
7.115009784698486
-0.7487747669219971
6.085583686828613
2.4613003730773926
1.8907604217529297
1.1806130409240723
9.38779354095459
1.3009968996047974
5.483921051025391
-2.8220672607421875
7.655465126037598
-2.8525381088256836
6.88565731048584
-0.2929401397705078
6.2360615730285645
1.912726640701294
2.83260440826416
1.0115219354629517
10.39738655090332
0.5053099989891052
6.186823844909668
-3.360250473022461
7.974730968475342
-1.6201972961425781
6.637701988220215
0.03701740503311157
6.693675518035889
1.2634961605072021
3.9529576301574707
0.6686381101608276
11.119823455810547
-0.08823394775390625
6.687246799468994
-3.5819907188415527
8.369128227233887
-0.3619093894958496
6.449647903442383
0.18799728155136108
7.566373825073242
0.5834449529647827
5.195133209228516
0.2041850984096527
11.682144165039062
-0.3625353276729584
6.993276119232178
-3.4502766132354736
9.016988754272461
0.46313023567199707
6.436975955963135
0.16150258481502533
8.86942195892334
0.012919127941131592
6.425659656524658
-0.26063433289527893
12.281268119812012
-0.48091328144073486
7.316112995147705
-3.169097900390625
9.83537769317627
1.0066673755645752
6.702427864074707
-0.04271920025348663
10.468186378479004
-0.4032120108604431
7.577245235443115
-0.6851381063461304
12.950942993164062
-0.5014827847480774
7.679255485534668
-2.8374462127685547
10.867566108703613
1.3498618602752686
7.226128578186035
-0.37363725900650024
12.201374053955078
-0.6679293513298035
8.636459350585938
-1.0672903060913086
13.715897560119629
-0.4212946891784668
8.117801666259766
-2.5245494842529297
12.153833389282227
1.5411288738250732
7.99855899810791
-0.7940226793289185
13.981575965881348
-0.7870691418647766
9.574871063232422
-1.40675687789917
14.721159934997559
-0.3119533658027649
8.638944625854492
-2.2583136558532715
13.673264503479004
1.607664704322815
