2
3
-2.06400203704834
-3.651562452316284
-4.6453728675842285
-3.971552848815918
-3.2706499099731445
-6.1569437980651855
-6.95737361907959
1.4755465984344482
2.9666671752929688
-1.0127449035644531
4.298361778259277
7.350472927093506
-1.9958313703536987
-3.7086479663848877
-4.657739162445068
-4.229435920715332
-3.2304415702819824
-5.7409257888793945
-7.094332695007324
2.092252254486084
2.8632073402404785
-0.8286964297294617
3.9487760066986084
7.19135046005249
-1.9446697235107422
-3.756880044937134
-4.689309120178223
-4.483842849731445
-3.1987063884735107
-5.324811935424805
-7.259091377258301
2.725510597229004
2.7495856285095215
-0.6491372585296631
3.592559814453125
7.039495944976807
-1.9079506397247314
-3.7972657680511475
-4.738069534301758
-4.739986896514893
-3.1748976707458496
-4.907444000244141
-7.4513678550720215
3.372971773147583
2.625352621078491
-0.47314032912254333
3.2273356914520264
6.8969011306762695
-1.882678747177124
-3.8293235301971436
-4.800414085388184
-5.001932144165039
-3.165653944015503
-4.491921901702881
-7.685072898864746
4.030291557312012
2.4904873371124268
-0.29995590448379517
2.8515233993530273
6.765094757080078
-1.8703274726867676
-3.8550546169281006
-4.883581161499023
-5.275272369384766
-3.1735332012176514
-4.07639217376709
-7.970620155334473
4.704429626464844
2.345398187637329
-0.12930721044540405
2.4639477729797363
6.644570350646973
-1.8726806640625
-3.8756520748138428
-4.993887424468994
-5.564188480377197
-3.198953151702881
-3.651524782180786
-8.342677116394043
5.4018120765686035
2.1908252239227295
0.03812277317047119
2.0638022422790527
6.534308910369873
-1.8914600610733032
-3.8917388916015625
-5.1358795166015625
-5.868988037109375
-3.232754945755005
-3.228128671646118
-8.783918380737305
6.108161926269531
2.027305841445923
0.20075535774230957
1.650369644165039
6.432243347167969
-1.9269682168960571
-3.903411388397217
-5.310269355773926
-6.186105251312256
-3.278252124786377
-2.8160390853881836
-9.275900840759277
6.817794322967529
1.8544095754623413
0.35605043172836304
1.2225289344787598
6.334961414337158
-1.9771842956542969
-3.911410331726074
-5.512333393096924
-6.504114151000977
-3.3507676124572754
-2.4125258922576904
-9.828152656555176
7.538151264190674
1.670202612876892
0.5003464221954346
0.776640772819519
6.2367143630981445
-2.043745279312134
-3.917206287384033
-5.745751857757568
-6.824107646942139
-3.4590280055999756
-2.0158514976501465
-10.448107719421387
8.279864311218262
1.470576524734497
0.6302123665809631
0.3090026378631592
6.135636806488037
-2.1297647953033447
-3.9263992309570312
-6.019641399383545
-7.157564163208008
-3.605354070663452
-1.6256844997406006
-11.139819145202637
9.048211097717285
1.2528245449066162
0.7444057464599609
-0.179470956325531
6.035504341125488
-2.237942695617676
-3.942023515701294
-6.33935546875
-7.507421493530273
-3.7920076847076416
-1.240121841430664
-11.908875465393066
9.845571517944336
1.0147287845611572
0.8403875231742859
-0.6872240900993347
5.93937873840332
-2.370800256729126
-3.964756488800049
-6.709333419799805
-7.87502908706665
-4.019693851470947
-0.8584272265434265
-12.75899887084961
10.672307014465332
0.7562322020530701
0.9152963757514954
-1.2146179676055908
5.850155353546143
-2.5307960510253906
-3.996506452560425
-7.134685039520264
-8.26193904876709
-4.287198066711426
-0.48085105419158936
-13.691154479980469
11.526905059814453
0.48205721378326416
0.9710052609443665
-1.7695060968399048
5.771640300750732
-2.7193806171417236
-4.03398323059082
-7.617001533508301
-8.66723918914795
-4.5923333168029785
-0.10776287317276001
-14.705265045166016
12.406479835510254
0.18950244784355164
1.016654372215271
-2.3576650619506836
5.710090160369873
-2.93936824798584
-4.078541278839111
-8.160926818847656
-9.092692375183105
-4.931489944458008
0.26144951581954956
-15.794965744018555
13.304651260375977
-0.12562784552574158
1.0569654703140259
-2.9832119941711426
5.666919231414795
-3.1944150924682617
-4.1311774253845215
-8.7721586227417
-9.539466857910156
-5.303853511810303
0.6262300610542297
-16.962390899658203
14.21987533569336
-0.46574512124061584
1.0915849208831787
-3.6522161960601807
5.637784957885742
-3.489196300506592
-4.192896842956543
-9.457839012145996
-10.008075714111328
-5.708869457244873
0.9857203960418701
-18.21025276184082
15.1504545211792
-0.831203818321228
1.1187111139297485
-4.377346038818359
5.625692367553711
-3.8294906616210938
-4.264691352844238
-10.22625732421875
-10.498229026794434
-6.146300792694092
1.339024305343628
-19.541603088378906
16.094783782958984
-1.226123571395874
1.1338474750518799
-5.169946193695068
5.628278732299805
