2
3
-1.6465259790420532
-5.520313739776611
-6.544555187225342
9.526702880859375
6.527581214904785
8.84531021118164
1.2080882787704468
-8.435961723327637
-0.6964403986930847
4.244456768035889
2.770512104034424
6.813425064086914
-1.6195073127746582
-4.186423301696777
-6.450992584228516
11.394037246704102
6.157299995422363
7.841592788696289
0.20995789766311646
-10.339441299438477
-0.31387215852737427
4.175320625305176
3.217608690261841
6.460077285766602
-1.5537528991699219
-2.934077739715576
-6.303222179412842
13.235428810119629
5.809598922729492
6.84505558013916
-0.7857365012168884
-12.079363822937012
0.021239101886749268
4.127050876617432
3.6510801315307617
6.189169883728027
-1.5419225692749023
-1.743091344833374
-6.275496959686279
15.092693328857422
5.5074567794799805
5.885244369506836
-1.75699782371521
-13.743499755859375
0.3254542946815491
4.1206183433532715
4.088266849517822
6.041723728179932
-1.6120432615280151
-0.6135768890380859
-6.287209510803223
16.9854679107666
5.23178768157959
4.906624794006348
-2.6956233978271484
-15.471821784973145
0.6096284985542297
4.166287899017334
4.5158796310424805
6.004932403564453
-1.6595313549041748
0.45392489433288574
-6.255151748657227
18.872465133666992
4.923559188842773
3.93642520904541
-3.687816619873047
-17.27487564086914
0.8705871105194092
4.259468078613281
4.913209438323975
6.025881290435791
-1.6661814451217651
1.4604685306549072
-6.192611217498779
20.729183197021484
4.6039652824401855
2.977555751800537
-4.740170478820801
-19.148609161376953
1.1336312294006348
4.388911724090576
5.294078350067139
6.114535808563232
-1.675430417060852
2.4602465629577637
-6.169286251068115
22.580535888671875
4.276646614074707
2.024407148361206
-5.842983245849609
-21.080352783203125
1.408782958984375
4.540730953216553
5.6516618728637695
6.215492248535156
-1.7145912647247314
3.4558939933776855
-6.201454162597656
24.403213500976562
3.9400439262390137
1.0902431011199951
-6.994892120361328
-23.037139892578125
1.7326399087905884
4.715609073638916
6.0330891609191895
6.316730499267578
-1.7260770797729492
4.410036563873291
-6.220282077789307
26.13671112060547
3.5949783325195312
0.1834457516670227
-8.191437721252441
-25.02259063720703
2.0768136978149414
4.888975143432617
6.362697124481201
6.365885257720947
-1.71510910987854
5.331089973449707
-6.236195087432861
27.785030364990234
3.2344348430633545
-0.6782770752906799
-9.422761917114258
-27.001087188720703
2.4325339794158936
5.026890277862549
6.632872581481934
6.305157661437988
-1.6864750385284424
6.219466209411621
-6.254288673400879
29.338842391967773
2.855769634246826
-1.479941487312317
-10.687487602233887
-28.94962501525879
2.7682909965515137
5.127847194671631
6.8365373611450195
6.1540093421936035
-1.6246585845947266
7.031089782714844
-6.279988765716553
30.71628761291504
2.487699270248413
-2.229128837585449
-11.995833396911621
-30.908771514892578
3.06443190574646
5.191857814788818
6.950212478637695
5.9343976974487305
-1.5421231985092163
7.750068664550781
-6.301113605499268
31.868932723999023
2.1156907081604004
-2.947882652282715
-13.333867073059082
-32.89299392700195
3.3180136680603027
5.222267150878906
6.959757328033447
5.667715549468994
-1.456819772720337
8.418373107910156
-6.336605548858643
32.88044357299805
1.7344237565994263
-3.637638807296753
-14.68440055847168
-34.8941764831543
3.5422213077545166
5.22662353515625
6.895158767700195
5.358966827392578
-1.3755909204483032
9.056072235107422
-6.398791790008545
33.79160690307617
1.3425405025482178
-4.3029255867004395
-16.04732322692871
-36.94331359863281
3.7404909133911133
5.203713893890381
6.774533748626709
5.000787734985352
-1.298603892326355
9.655044555664062
-6.491647243499756
34.59682846069336
0.9524447917938232
-4.9375176429748535
-17.435636520385742
-39.04571533203125
3.9090218544006348
5.152435779571533
6.596505641937256
4.595771789550781
-1.2325243949890137
10.216383934020996
-6.61995792388916
35.294761657714844
0.5609946846961975
-5.548588752746582
-18.851428985595703
-41.20433807373047
4.034299850463867
5.0755133628845215
6.333584308624268
4.159153461456299
-1.1811341047286987
10.750885009765625
-6.788207530975342
35.907386779785156
0.16105282306671143
-6.144434452056885
-20.30225944519043
-43.42252731323242
4.099105358123779
4.987817287445068
5.946165561676025
3.7134499549865723
-1.1471784114837646
11.261564254760742
-6.999544143676758
36.446292877197266
-0.2556957006454468
-6.7319512367248535
-21.802326202392578
-45.70787811279297
4.111026763916016
4.881803035736084
5.480411529541016
3.254143476486206
