2
3
-1.9380543231964111
-8.10729694366455
6.299897193908691
6.73079776763916
-0.26579707860946655
-3.714138984680176
-4.00888204574585
6.978007793426514
-0.8334968090057373
-7.050357341766357
6.991169452667236
-8.036704063415527
-1.2330513000488281
-7.224331378936768
6.165022850036621
7.074294567108154
-1.5010325908660889
-2.708585262298584
-2.675697088241577
5.267038822174072
0.5597368478775024
-8.714902877807617
6.868824481964111
-7.531103134155273
-0.6405380964279175
-6.317348957061768
5.978155612945557
6.990185260772705
-2.438220500946045
-2.1133265495300293
-0.827049970626831
3.492861747741699
1.8588659763336182
-10.11073112487793
6.09699010848999
-6.36442756652832
-0.22463774681091309
-5.384333610534668
6.176807880401611
6.196870803833008
-2.89931321144104
-2.03670072555542
1.2480316162109375
1.9383773803710938
2.910139560699463
-11.170766830444336
4.870777606964111
-4.458868026733398
0.16891175508499146
-4.660464763641357
6.522871017456055
4.8488664627075195
-2.8610095977783203
-2.445923089981079
3.334733009338379
0.5975849628448486
3.4879887104034424
-11.773945808410645
3.6809966564178467
-1.939061164855957
0.6519097685813904
-4.269073009490967
6.566739559173584
3.4235637187957764
-2.450765609741211
-3.1144297122955322
5.091799259185791
-0.5021235942840576
3.4756507873535156
-11.730294227600098
3.062216281890869
0.23267889022827148
1.1196105480194092
-4.164242267608643
6.541625022888184
2.014950752258301
-1.8559465408325195
-3.833019256591797
6.831455707550049
-1.4783474206924438
3.1815972328186035
-11.137921333312988
2.622166633605957
1.9409606456756592
1.4979310035705566
-4.2072577476501465
6.666803359985352
0.7910852432250977
-0.9801106452941895
-4.593973159790039
8.301146507263184
-2.3248677253723145
2.858914852142334
-10.320063591003418
2.2251338958740234
3.257458209991455
1.8266007900238037
-4.433882236480713
7.050437927246094
-0.18906986713409424
0.1921372413635254
-5.447608947753906
9.261431694030762
-2.9020771980285645
2.467287063598633
-9.343708992004395
2.0933260917663574
4.181562423706055
2.1790714263916016
-4.756868362426758
7.599685192108154
-0.9993478655815125
1.5349973440170288
-6.344252586364746
9.724194526672363
-3.0288610458374023
2.0539591312408447
-8.28714370727539
2.3697428703308105
4.651128768920898
2.6262755393981934
-5.166269779205322
8.281669616699219
-1.6044325828552246
2.909066677093506
-7.15049934387207
9.794445991516113
-2.70638108253479
1.6898137331008911
-7.249447345733643
3.095945358276367
4.688068866729736
3.2310566902160645
-5.677507400512695
9.03721809387207
-1.8936799764633179
4.150089263916016
-7.791856288909912
9.730085372924805
-2.020813465118408
1.4114052057266235
-6.306291580200195
4.277702331542969
4.317781448364258
4.05372428894043
-6.2678422927856445
9.636435508728027
-1.8011783361434937
5.185588359832764
-8.235039710998535
9.51484203338623
-1.1649346351623535
1.179005742073059
-5.495582103729248
6.04006814956665
3.356414318084717
4.982097625732422
-6.842738151550293
9.999466896057129
-1.462646722793579
5.892940521240234
-8.428003311157227
9.422749519348145
-0.40860849618911743
1.177542805671692
-4.993135452270508
8.079879760742188
2.1856913566589355
5.828260898590088
-7.333950042724609
10.402162551879883
-0.9894735813140869
6.300419330596924
-8.440275192260742
9.892928123474121
0.008469820022583008
1.5337514877319336
-4.832458019256592
10.020556449890137
1.0720576047897339
6.486293315887451
-7.671823501586914
11.06731128692627
-0.5502893328666687
6.683236122131348
-8.37888240814209
10.524410247802734
0.38946008682250977
2.2506463527679443
-4.972731590270996
11.730112075805664
0.2042936086654663
7.055152416229248
-7.863916873931885
11.883359909057617
-0.16428276896476746
7.055206298828125
-8.246986389160156
11.297459602355957
0.7026636600494385
3.258087635040283
-5.342185974121094
13.32502555847168
-0.35899877548217773
7.551094055175781
-7.926836967468262
12.927793502807617
0.1114979088306427
7.429116725921631
-8.08637523651123
12.298755645751953
0.9138401746749878
4.492704391479492
-5.8417863845825195
14.83598804473877
-0.6705014705657959
8.041916847229004
-7.946814060211182
14.23003101348877
0.27374696731567383
7.818823337554932
-7.9332075119018555
13.61564826965332
0.9988497495651245
5.859019756317139
-6.393016338348389
16.260173797607422
-0.781121015548706
8.587368965148926
-7.9756178855896
15.84268856048584
0.3331877291202545
8.270596504211426
-7.826143264770508
15.28471565246582
0.9630526304244995
7.28375244140625
-6.950573444366455
17.670059204101562
-0.7367111444473267
