2
3
6.437036991119385
-7.089983940124512
-7.240774154663086
-3.7132368087768555
-7.494060039520264
-7.072237014770508
1.274213433265686
7.263224124908447
6.940219879150391
-8.952799797058105
-9.944705963134766
1.4420692920684814
5.525577068328857
-7.73049259185791
-9.213732719421387
-3.5599324703216553
-6.276148796081543
-6.673234939575195
2.8170647621154785
6.81591796875
5.686885833740234
-8.518014907836914
-11.455179214477539
1.6185457706451416
4.390415668487549
-8.129256248474121
-10.88938045501709
-3.3498902320861816
-4.830293655395508
-6.292950630187988
3.4973559379577637
6.160615921020508
4.231105804443359
-7.994279384613037
-12.59466552734375
1.5567121505737305
3.0975539684295654
-8.36693286895752
-12.198628425598145
-3.0296716690063477
-3.1468000411987305
-5.946738243103027
3.02740740776062
5.291095733642578
2.7351272106170654
-7.438758373260498
-13.264992713928223
1.288332462310791
1.7343778610229492
-8.512239456176758
-13.189668655395508
-2.557283878326416
-1.4941610097885132
-5.680295467376709
1.7172093391418457
4.4140143394470215
1.328726887702942
-6.926271438598633
-13.600349426269531
0.8675730228424072
0.35854649543762207
-8.581283569335938
-13.865715980529785
-1.9054861068725586
-0.019769668579101562
-5.539435386657715
-0.4135289192199707
3.6627986431121826
0.06497704982757568
-6.5107526779174805
-13.76215648651123
0.403874933719635
-0.9145470857620239
-8.586082458496094
-14.246389389038086
-1.0511689186096191
1.1117562055587769
-5.440605163574219
-3.1523122787475586
2.9831316471099854
-1.029537320137024
-6.2238311767578125
-13.856622695922852
-0.016870349645614624
-2.0424790382385254
-8.474187850952148
-14.366782188415527
-0.2245502471923828
1.7747926712036133
-5.408568859100342
-6.194105625152588
2.319873809814453
-1.9654061794281006
-6.092319965362549
-13.912849426269531
-0.2685346305370331
-2.9447388648986816
-8.262627601623535
-14.748041152954102
0.4428865909576416
1.9405103921890259
-5.330987930297852
-9.409685134887695
1.7110414505004883
-2.7658567428588867
-6.11443567276001
-14.353161811828613
-0.19800083339214325
-3.6458232402801514
-7.973470211029053
-15.341320991516113
0.961493194103241
1.656026840209961
-5.220578670501709
-12.646605491638184
1.1824181079864502
-3.416321277618408
-6.211361408233643
-15.091463088989258
0.09415911138057709
-4.181986331939697
-7.667392730712891
-16.308393478393555
1.380272626876831
0.8986222743988037
-5.131136894226074
-15.644379615783691
0.864465594291687
-3.9239983558654785
-6.324941635131836
-16.21486473083496
0.530250072479248
-4.64794397354126
-7.272033214569092
-17.86367416381836
1.5766693353652954
-0.21573233604431152
-5.1004791259765625
-18.39743423461914
0.842978835105896
-4.35813045501709
-6.287416458129883
-17.870370864868164
0.8525960445404053
-5.177309513092041
-6.867201328277588
-19.925495147705078
1.7077559232711792
-1.50882887840271
-5.081720352172852
-21.05368995666504
0.94279545545578
-4.8709330558776855
-6.1831865310668945
-20.007049560546875
1.145241618156433
-5.812333583831787
-6.473323822021484
-22.504053115844727
1.8262145519256592
-2.894852876663208
-5.032052516937256
-23.824119567871094
1.1039040088653564
-5.522074222564697
-6.019349575042725
-22.640525817871094
1.4324262142181396
-6.579952239990234
-6.084602355957031
-25.62429428100586
1.9455642700195312
-4.344982147216797
-4.950456619262695
-26.86952781677246
1.3221491575241089
-6.328639984130859
-5.793461322784424
-25.79275131225586
1.6926865577697754
-7.519972801208496
-5.696435451507568
-29.321523666381836
2.0779213905334473
-5.867036819458008
-4.832957744598389
-30.338411331176758
1.591174840927124
-7.318064212799072
-5.511991024017334
-29.501893997192383
1.9223970174789429
-8.67341136932373
-5.307857513427734
-33.6475715637207
2.2368407249450684
-7.482590198516846
-4.672300815582275
-34.356101989746094
1.893726110458374
-8.522162437438965
-5.187906742095947
-33.80931854248047
2.1423685550689697
-10.072901725769043
-4.918622970581055
-38.64005661010742
2.4398193359375
-9.222389221191406
-4.4614458084106445
-39.04375076293945
2.2141642570495605
-9.971761703491211
-4.83619499206543
-38.761234283447266
2.383513927459717
-11.74154281616211
-4.523955345153809
-44.341407775878906
2.69685697555542
-11.12865924835205
-4.191666126251221
-44.52063751220703
2.545696258544922
-11.683469772338867
-4.463407516479492
-44.41386795043945
2.6647887229919434
-13.692194938659668
-4.113844394683838
-50.83108139038086
3.0083365440368652
-13.239372253417969
-3.8612875938415527
-50.90231704711914
2.9018023014068604
-13.663177490234375
-4.067412376403809
-50.86389923095703
2.9922924041748047
