2
3
0.7520067691802979
6.7627482414245605
-7.716405868530273
-4.1121721267700195
-3.681563138961792
2.852684736251831
3.5893054008483887
9.327260971069336
-1.4008591175079346
3.3802568912506104
8.866279602050781
6.743080139160156
-0.6477584838867188
6.212116241455078
-7.301334857940674
-4.697894096374512
-3.2791807651519775
3.989205837249756
4.498985290527344
8.914304733276367
-0.01607215404510498
3.831005573272705
7.2281575202941895
7.221881866455078
-1.87826406955719
5.546089172363281
-6.457852840423584
-4.988705158233643
-2.7449660301208496
5.028987884521484
4.924935817718506
8.305764198303223
0.9502688646316528
4.47126579284668
5.347158908843994
7.500438213348389
-2.8719120025634766
4.780462741851807
-5.2918381690979
-4.957989692687988
-2.0647318363189697
5.9054274559021
4.554462432861328
7.783804416656494
1.4280563592910767
5.220562934875488
3.629436731338501
7.418644428253174
-3.5857155323028564
3.957836151123047
-3.9357223510742188
-4.582732200622559
-1.4156718254089355
6.674188613891602
3.706188678741455
7.164736270904541
1.4840971231460571
6.033968448638916
2.1938371658325195
7.0225396156311035
-3.98306941986084
3.168051242828369
-2.5114753246307373
-3.882523536682129
-0.925595760345459
7.325409889221191
2.6414594650268555
6.408300399780273
1.2602461576461792
6.821321964263916
0.9932485818862915
6.314091682434082
-4.080206871032715
2.4398610591888428
-1.0811066627502441
-2.8372082710266113
-0.656880259513855
7.850001811981201
1.5814334154129028
5.4634294509887695
0.8721950650215149
7.51204776763916
0.021533608436584473
5.329614639282227
-3.857462167739868
1.8666045665740967
0.05408799648284912
-1.3669748306274414
-0.6169699430465698
8.23341178894043
0.7346717715263367
4.340949058532715
0.37530964612960815
8.047079086303711
-0.5871505737304688
4.186193466186523
-3.2626748085021973
1.541102409362793
0.602001965045929
0.8542828559875488
-0.7255479693412781
8.425599098205566
0.15182477235794067
3.155733585357666
-0.14185506105422974
8.367047309875488
-0.9122382998466492
3.0642249584198
-2.652894973754883
1.7255042791366577
0.6095439195632935
2.755523443222046
-0.9552119374275208
8.347445487976074
-0.013659864664077759
2.0494704246520996
-0.6705992221832275
8.367722511291504
-0.9072993993759155
2.0242292881011963
-2.21623158454895
2.304522752761841
0.4330953359603882
4.135423183441162
-1.058414340019226
8.038793563842773
-0.04400430619716644
1.3295185565948486
-1.0062116384506226
8.120636940002441
-0.7885078191757202
1.285276174545288
-1.915273666381836
3.118908643722534
0.15008801221847534
5.071479797363281
-1.059981107711792
7.622049331665039
-0.09493297338485718
0.9095972776412964
-1.1724185943603516
7.7256269454956055
-0.6586875915527344
0.841666042804718
-1.7382872104644775
4.0417633056640625
-0.11834204196929932
5.581697463989258
-1.0089019536972046
7.154933452606201
-0.15961599349975586
0.8146153092384338
-1.2493728399276733
7.277602672576904
-0.4734872579574585
0.6825079917907715
-1.6688711643218994
4.993340015411377
-0.31114473938941956
5.640290260314941
-0.9390993118286133
6.702929496765137
-0.2531048655509949
1.0371248722076416
-1.2263786792755127
6.807687282562256
-0.3508423864841461
0.8535353541374207
-1.699199914932251
5.908713340759277
-0.3401702046394348
5.203774929046631
-0.8730636239051819
6.337031364440918
-0.3878360688686371
1.5054874420166016
-1.1372027397155762
6.387730598449707
-0.3478405177593231
1.3279290199279785
-1.7307212352752686
6.641640663146973
-0.2729405164718628
4.581715106964111
-0.840843141078949
6.110856533050537
-0.5541980862617493
2.131427526473999
-1.0470249652862549
6.101217269897461
-0.4436534643173218
1.999748706817627
-1.6975369453430176
7.127267360687256
-0.22674311697483063
4.029339790344238
-0.8591499924659729
6.042331218719482
-0.7276213765144348
2.8123440742492676
-0.9982885122299194
5.986843109130859
-0.6015703678131104
2.743680953979492
-1.6042892932891846
7.388988018035889
-0.2768591642379761
3.694983959197998
-0.9277499914169312
6.1429314613342285
-0.8725677728652954
3.389396905899048
-1.0090636014938354
6.063823699951172
-0.7646750807762146
3.378079891204834
-1.47547447681427
7.493467330932617
-0.4175841510295868
3.6215882301330566
-1.0144124031066895
6.364730358123779
-1.0057189464569092
3.826261281967163
-1.051051378250122
6.283575534820557
-0.9319444298744202
3.845810890197754
-1.341020107269287
7.515806198120117
-0.6270475387573242
3.7887275218963623
-1.0984234809875488
6.646746635437012
-1.1311259269714355
4.188182830810547
-1.1081485748291016
6.576925754547119
-1.0870305299758911
4.219409465789795
