2
3
-0.39953985810279846
-0.3758496940135956
4.231937885284424
7.1857380867004395
-3.051844358444214
-1.582228660583496
9.023287773132324
-1.8356844186782837
3.7022926807403564
-8.202926635742188
3.7532577514648438
7.161331653594971
0.022529393434524536
-0.3916183412075043
4.609653472900391
6.977766990661621
-2.2906293869018555
-1.9188346862792969
10.277226448059082
-2.259801149368286
3.371177911758423
-7.333553791046143
3.255169153213501
8.392618179321289
0.43707624077796936
-0.3835597634315491
5.007086277008057
6.786118030548096
-1.5171574354171753
-2.192720651626587
11.55799388885498
-2.5136890411376953
3.1316733360290527
-6.475671768188477
2.9449751377105713
9.570867538452148
0.8464443683624268
-0.34908658266067505
5.42926025390625
6.620403289794922
-0.7021476030349731
-2.423919677734375
12.864972114562988
-2.6292734146118164
2.972687005996704
-5.591180801391602
2.790877342224121
10.726396560668945
1.2580432891845703
-0.27526408433914185
5.893171787261963
6.497110843658447
0.16239380836486816
-2.6051931381225586
14.215754508972168
-2.63167142868042
2.8568532466888428
-4.70644998550415
2.7115893363952637
11.867791175842285
1.676839828491211
-0.15990453958511353
6.406497001647949
6.422101020812988
1.0835086107254028
-2.7389259338378906
15.62179946899414
-2.5338311195373535
2.8075807094573975
-3.801044464111328
2.746738910675049
13.024859428405762
2.0994269847869873
-0.003717288374900818
6.962832927703857
6.399685382843018
2.05507755279541
-2.8270132541656494
17.045108795166016
-2.351060628890991
2.841153383255005
-2.8548736572265625
2.9152822494506836
14.232660293579102
2.5402278900146484
0.1942400187253952
7.586440086364746
6.448999881744385
3.07010817527771
-2.864804267883301
18.470516204833984
-2.0886995792388916
2.9542369842529297
-1.8621525764465332
3.184253454208374
15.486795425415039
3.0322840213775635
0.41204386949539185
8.29675006866455
6.5513834953308105
4.128621578216553
-2.8538787364959717
19.897371292114258
-1.751793384552002
3.1598119735717773
-0.8930119276046753
3.522667646408081
16.68364715576172
3.5916237831115723
0.6382061243057251
9.099141120910645
6.687414646148682
5.230855941772461
-2.795976161956787
21.338054656982422
-1.3434306383132935
3.459839344024658
0.022933244705200195
3.917344093322754
17.780683517456055
4.222378253936768
0.8783066272735596
10.004836082458496
6.867787837982178
6.360313415527344
-2.686502456665039
22.75847053527832
-0.863209068775177
3.8282570838928223
0.92691969871521
4.377444267272949
18.838533401489258
4.921182632446289
1.1356823444366455
11.009923934936523
7.101798057556152
7.477982997894287
-2.5116806030273438
24.077457427978516
-0.3038007616996765
4.264786243438721
1.8251073360443115
4.913555145263672
19.863296508789062
5.6768388748168945
1.415851354598999
12.087453842163086
7.3971638679504395
8.595307350158691
-2.2724449634552
25.331085205078125
0.35132354497909546
4.773292064666748
2.7068798542022705
5.529098033905029
20.838764190673828
6.48103141784668
1.7176427841186523
13.22161865234375
7.756072044372559
9.721000671386719
-1.9716054201126099
26.54160499572754
1.102174997329712
5.349470138549805
3.5745205879211426
6.223745822906494
21.76763916015625
7.316038131713867
2.0391123294830322
14.38273811340332
8.188861846923828
10.862394332885742
-1.612037181854248
27.729698181152344
1.9463547468185425
5.986927509307861
4.437664985656738
6.998815536499023
22.66088104248047
8.181838035583496
2.3819000720977783
15.562384605407715
8.6986722946167
12.023941040039062
-1.1948102712631226
28.90863609313965
2.882246732711792
6.6934919357299805
5.304998397827148
7.863940715789795
23.533309936523438
9.090855598449707
2.7531251907348633
16.776514053344727
9.28225326538086
13.209991455078125
-0.7204137444496155
30.091609954833984
3.9093117713928223
7.468611717224121
6.178371906280518
8.819571495056152
24.38158416748047
10.051929473876953
3.1591949462890625
18.044784545898438
9.937637329101562
14.424055099487305
-0.19012004137039185
31.286558151245117
5.0233588218688965
8.311990737915039
7.06038761138916
9.86723518371582
25.207834243774414
11.069055557250977
3.605034112930298
19.378402709960938
10.664522171020508
15.679311752319336
0.38061660528182983
32.516414642333984
6.20101261138916
9.223645210266113
7.952564716339111
11.00670337677002
26.014177322387695
12.144728660583496
4.094066619873047
20.783720016479492
11.462688446044922
16.99819564819336
0.969542384147644
33.84849166870117
7.38594913482666
10.202284812927246
8.853351593017578
12.231331825256348
26.797473907470703
