2
3
-6.166383743286133
-4.928862571716309
-7.693553924560547
9.21243667602539
6.71723747253418
-7.5396552085876465
6.550031661987305
9.572851181030273
3.251110315322876
5.585519790649414
7.793158531188965
7.686903476715088
-5.520559310913086
-4.384363174438477
-7.156202793121338
10.353658676147461
6.206470489501953
-6.575119495391846
5.7118000984191895
10.833807945251465
3.5490498542785645
5.2880988121032715
7.801325798034668
6.648337364196777
-4.940629482269287
-3.790444850921631
-6.683310508728027
11.566015243530273
5.768903732299805
-5.618637561798096
4.98777961730957
12.035229682922363
3.829796314239502
4.999466419219971
7.805202960968018
5.655416488647461
-4.4221577644348145
-3.1651628017425537
-6.231815338134766
12.845245361328125
5.399240493774414
-4.662377834320068
4.4023871421813965
13.201493263244629
4.087338447570801
4.720222473144531
7.79175329208374
4.708162784576416
-3.9750795364379883
-2.5237302780151367
-5.796473503112793
14.195610046386719
5.082438945770264
-3.6671085357666016
3.9179954528808594
14.360576629638672
4.316328525543213
4.454226970672607
7.74924898147583
3.811114549636841
-3.615802049636841
-1.8350297212600708
-5.397221565246582
15.646217346191406
4.7799201011657715
-2.6411421298980713
3.457437515258789
15.52685832977295
4.515357971191406
4.212369441986084
7.68287467956543
2.9898459911346436
-3.305743932723999
-1.0926882028579712
-4.991978168487549
17.17253875732422
4.485561370849609
-1.5927683115005493
3.0080113410949707
16.70159149169922
4.681545257568359
4.0055108070373535
7.603559494018555
2.316131591796875
-3.0217714309692383
-0.3024195432662964
-4.576472282409668
18.76643943786621
4.2096452713012695
-0.5125283002853394
2.5926270484924316
17.90787696838379
4.818849563598633
3.8273422718048096
7.502833366394043
1.7989890575408936
-2.749326467514038
0.5390403866767883
-4.146612644195557
20.4302921295166
3.997539758682251
0.6289664506912231
2.3183834552764893
19.18589973449707
4.9104108810424805
3.673201560974121
7.314358234405518
1.400442361831665
-2.494588851928711
1.4484683275222778
-3.71942400932312
22.178443908691406
3.8238937854766846
1.8175902366638184
2.113759756088257
20.500581741333008
4.980325222015381
3.560779094696045
7.078603744506836
1.148820400238037
-2.3075106143951416
2.4789373874664307
-3.380722761154175
24.043901443481445
3.677067518234253
3.0483105182647705
1.9426543712615967
21.85746192932129
5.0414228439331055
3.5004897117614746
6.837650775909424
1.0373971462249756
-2.1168975830078125
3.582390785217285
-3.022366523742676
25.982561111450195
3.5897345542907715
4.295525074005127
1.8302022218704224
23.250205993652344
5.08522891998291
3.4973623752593994
6.553839206695557
1.0642223358154297
-1.9006400108337402
4.737398147583008
-2.6323490142822266
27.964569091796875
3.5807337760925293
5.543038368225098
1.782106876373291
24.629356384277344
5.095242023468018
3.566088914871216
6.2223286628723145
1.2354185581207275
-1.660007357597351
5.935214042663574
-2.216287851333618
29.9703311920166
3.6250557899475098
6.788416862487793
1.7508502006530762
25.957862854003906
5.070026874542236
3.7228939533233643
5.871406555175781
1.5610966682434082
-1.3795336484909058
7.150667667388916
-1.7694554328918457
31.949434280395508
3.720176935195923
8.017973899841309
1.7399760484695435
27.226158142089844
5.008027076721191
3.977252244949341
5.517709255218506
2.0420188903808594
-1.060076117515564
8.389745712280273
-1.301011323928833
33.886470794677734
3.8594820499420166
9.254277229309082
1.7524256706237793
28.447534561157227
4.909667015075684
4.335209369659424
5.169665813446045
2.67467999458313
-0.7291804552078247
9.726646423339844
-0.845360279083252
35.830013275146484
4.038166522979736
10.487068176269531
1.7816009521484375
29.608020782470703
4.79340934753418
4.797027587890625
4.849510669708252
3.452195167541504
-0.39031708240509033
11.203729629516602
-0.4328070282936096
37.78495407104492
4.233701229095459
11.720175743103027
1.809699296951294
30.719327926635742
4.685769557952881
5.359181880950928
4.58621072769165
4.3730292320251465
-0.039004385471343994
12.786617279052734
-0.049870967864990234
39.72890090942383
4.43339729309082
12.966403007507324
1.8323582410812378
31.804811477661133
4.5862135887146
6.026196002960205
4.3785905838012695
5.433948516845703
0.32249748706817627
14.424886703491211
0.32816681265830994
41.63844299316406
4.632647514343262
14.233843803405762
1.848991870880127
32.87948989868164
4.496338367462158
6.797595977783203
4.232065677642822
6.632085800170898
