2
3
3.3217363357543945
-3.2049150466918945
-4.552944660186768
3.0761871337890625
9.374861717224121
1.1492972373962402
0.5780075192451477
9.873327255249023
3.0131256580352783
1.0801554918289185
-4.240629196166992
-10.65907096862793
3.4204583168029785
-2.7212424278259277
-4.504789352416992
3.8349852561950684
9.029936790466309
1.5316897630691528
-0.12424933910369873
10.083312034606934
3.2000234127044678
0.6034574508666992
-4.082842826843262
-11.763822555541992
3.5113260746002197
-2.2299747467041016
-4.490609645843506
4.608080863952637
8.710765838623047
1.9412932395935059
-0.7477585673332214
10.350953102111816
3.36435866355896
0.12420815229415894
-4.003283500671387
-12.968728065490723
3.574423313140869
-1.7240331172943115
-4.5361104011535645
5.408481597900391
8.406027793884277
2.3736276626586914
-1.3309755325317383
10.673623085021973
3.5217177867889404
-0.363450288772583
-3.995145320892334
-14.280458450317383
3.602935791015625
-1.210347056388855
-4.648201942443848
6.2264323234558105
8.108583450317383
2.8293302059173584
-1.8799724578857422
11.062817573547363
3.6742289066314697
-0.8508691191673279
-4.044093608856201
-15.637480735778809
3.5925710201263428
-0.7045065760612488
-4.814182281494141
7.056394100189209
7.808893203735352
3.2940869331359863
-2.434687852859497
11.482331275939941
3.828523635864258
-1.3262242078781128
-4.129713535308838
-17.012229919433594
3.5597548484802246
-0.23829364776611328
-5.028665065765381
7.863243103027344
7.5031890869140625
3.745086431503296
-3.0182933807373047
11.888615608215332
3.9709765911102295
-1.7972826957702637
-4.282510757446289
-18.395671844482422
3.5140602588653564
0.18719610571861267
-5.2815399169921875
8.62562370300293
7.2003092765808105
4.142611980438232
-3.6452813148498535
12.22610855102539
4.097781181335449
-2.258002996444702
-4.500352382659912
-19.76184844970703
3.4552524089813232
0.575056791305542
-5.571079254150391
9.340897560119629
6.904359340667725
4.46607780456543
-4.319001197814941
12.475420951843262
4.202108860015869
-2.7120211124420166
-4.7764692306518555
-21.125324249267578
3.3852293491363525
0.9320560693740845
-5.892367362976074
10.017929077148438
6.605291843414307
4.723820686340332
-5.030801296234131
12.66932487487793
4.281925678253174
-3.1775195598602295
-5.1125993728637695
-22.50244140625
3.3043406009674072
1.2629938125610352
-6.242804527282715
10.663803100585938
6.300597190856934
4.908975601196289
-5.773924350738525
12.819886207580566
4.332913398742676
-3.634788990020752
-5.508429050445557
-23.888011932373047
3.21158766746521
1.570755958557129
-6.624333381652832
11.282435417175293
5.989842891693115
5.019962310791016
-6.544244289398193
12.935704231262207
4.357676982879639
-4.103086471557617
-5.971338272094727
-25.31914520263672
3.10587739944458
1.8557201623916626
-7.040119171142578
11.874360084533691
5.666446685791016
5.075052261352539
-7.345097541809082
13.0182523727417
4.355383396148682
-4.589227676391602
-6.5062360763549805
-26.80571746826172
2.985553741455078
2.1178197860717773
-7.494697093963623
12.439361572265625
5.324772357940674
5.088942050933838
-8.183287620544434
13.071611404418945
4.325062274932861
-5.0941386222839355
-7.116268634796143
-28.354726791381836
2.8539066314697266
2.346113920211792
-7.989298343658447
12.96577262878418
4.962131977081299
5.0786848068237305
-9.08204174041748
13.122246742248535
4.264889717102051
-5.613381385803223
-7.799306392669678
-29.968698501586914
2.708120107650757
2.540850877761841
-8.529683113098145
13.451443672180176
4.578450679779053
5.041967868804932
-10.049463272094727
13.169480323791504
4.173552989959717
-6.149186134338379
-8.557909965515137
-31.654056549072266
2.5427145957946777
2.7074694633483887
-9.123229026794434
13.901430130004883
4.179513454437256
4.969353199005127
-11.08491039276123
13.207060813903809
4.049710273742676
-6.703999996185303
-9.394824981689453
-33.417747497558594
2.3541598320007324
2.8480825424194336
-9.77543830871582
14.318848609924316
3.769975185394287
4.861515522003174
-12.188895225524902
13.234169006347656
3.892120122909546
-7.280729293823242
-10.312859535217285
-35.26758575439453
2.139707326889038
2.963430643081665
-10.492507934570312
14.705469131469727
3.3483879566192627
4.725474834442139
-13.368582725524902
13.25429630279541
3.699705123901367
-7.882258415222168
-11.314798355102539
-37.21183395385742
1.8965257406234741
3.053560495376587
-11.281631469726562
15.06227970123291
2.9059784412384033
4.572342872619629
-14.649609565734863
13.276996612548828
3.471374988555908
-8.511198043823242
-12.403650283813477
-39.25888442993164
