2
3
0.6920502185821533
-6.428136825561523
7.202369689941406
11.614999771118164
-2.2920212745666504
-4.142772674560547
10.127986907958984
1.4729933738708496
4.559217929840088
-3.666497230529785
5.021097660064697
0.30844366550445557
1.032928228378296
-5.1325225830078125
7.266092777252197
11.971601486206055
-0.848960280418396
-4.801877021789551
10.96348762512207
1.7700711488723755
4.2780256271362305
-4.14879846572876
4.844849586486816
0.5908697247505188
1.3241145610809326
-3.853973865509033
7.564005374908447
11.714863777160645
0.6690689325332642
-5.384936332702637
11.351391792297363
2.4477827548980713
4.016355991363525
-4.605011940002441
4.992979526519775
1.1267948150634766
1.5184171199798584
-2.6506409645080566
8.19447135925293
10.673667907714844
2.1249263286590576
-5.834578037261963
11.378119468688965
3.436436176300049
3.8184874057769775
-5.014416217803955
5.49001407623291
1.9102001190185547
1.7140350341796875
-1.7137722969055176
9.074446678161621
9.15234375
3.395521640777588
-6.058330535888672
11.154423713684082
4.615093231201172
3.703408718109131
-5.3295440673828125
6.282411575317383
2.93001651763916
2.043333053588867
-1.1859703063964844
10.010139465332031
7.686130523681641
4.49431037902832
-6.000115871429443
10.748844146728516
5.59915828704834
3.7077999114990234
-5.503357410430908
7.3153181076049805
4.147207260131836
2.58780837059021
-1.0380812883377075
10.903987884521484
6.492476940155029
5.301209449768066
-5.750286102294922
10.783236503601074
6.476809978485107
3.8471596240997314
-5.503147125244141
8.63119888305664
5.345965385437012
3.3296546936035156
-1.220897912979126
11.810399055480957
5.913204193115234
5.937341213226318
-5.347072601318359
11.032869338989258
7.33447790145874
4.220280647277832
-5.298853874206543
9.874436378479004
6.363746643066406
4.205557823181152
-1.5502066612243652
12.884855270385742
5.814477443695068
6.437418460845947
-4.83327579498291
11.5361909866333
8.07199478149414
4.701510429382324
-4.938846588134766
11.081512451171875
7.1816816329956055
5.238995552062988
-1.9119353294372559
13.993762969970703
6.015863418579102
6.871012210845947
-4.278293132781982
12.270591735839844
8.69891357421875
5.256948947906494
-4.533665657043457
12.371170043945312
7.867763519287109
6.362476348876953
-2.267559051513672
15.109965324401855
6.477954864501953
7.292384147644043
-3.7291858196258545
13.274147033691406
9.215283393859863
5.901664733886719
-4.135922431945801
13.787176132202148
8.498982429504395
7.496210098266602
-2.5926597118377686
16.239776611328125
7.206174373626709
7.757103443145752
-3.227224588394165
14.586767196655273
9.667438507080078
6.635551452636719
-3.7600505352020264
15.349468231201172
9.107199668884277
8.605360984802246
-2.851330518722534
17.4405574798584
8.156281471252441
8.316800117492676
-2.804574728012085
16.201404571533203
10.121488571166992
7.4759602546691895
-3.422964572906494
17.058155059814453
9.735170364379883
9.686165809631348
-3.0165154933929443
18.856595993041992
9.243228912353516
8.9873685836792
-2.4713943004608154
18.07204246520996
10.609321594238281
8.454705238342285
-3.1412277221679688
18.86280632019043
10.444551467895508
10.751018524169922
-3.0824387073516846
20.57598114013672
10.387628555297852
9.799163818359375
-2.2363455295562744
20.14444351196289
11.178991317749023
9.55463981628418
-2.9137163162231445
20.79761505126953
11.264429092407227
11.837743759155273
-3.0694406032562256
22.52812957763672
11.58011245727539
10.769590377807617
-2.096440553665161
22.382038116455078
11.880791664123535
10.7597017288208
-2.727973699569702
22.883773803710938
12.197040557861328
12.97022533416748
-3.0023508071899414
24.706893920898438
12.819145202636719
11.90066909790039
-2.040335178375244
24.783126831054688
12.749469757080078
12.0560941696167
-2.574047565460205
25.143569946289062
13.234865188598633
14.163888931274414
-2.9035086631774902
27.134288787841797
14.108601570129395
13.198907852172852
-2.0473127365112305
27.347375869750977
13.803088188171387
13.434572219848633
-2.4460484981536865
27.610376358032227
14.375513076782227
15.432992935180664
-2.789658784866333
29.823768615722656
15.453471183776855
14.643501281738281
-2.0952847003936768
30.097225189208984
15.032144546508789
14.892350196838379
-2.341998338699341
30.28508949279785
15.61060905456543
16.804168701171875
-2.6804394721984863
32.774715423583984
16.870933532714844
16.21282958984375
-2.1650002002716064
33.05984878540039
16.420822143554688
16.430465698242188
-2.2649166584014893
33.17704772949219
16.939075469970703
