2
3
3.3306331634521484
-7.199909210205078
-10.331974983215332
-2.65556263923645
-7.907020092010498
-6.461404800415039
-5.935018062591553
8.646947860717773
-4.832732677459717
2.229597806930542
9.329765319824219
2.148944616317749
2.2884445190429688
-6.822803974151611
-12.055088996887207
-2.243619441986084
-7.5189900398254395
-5.970266342163086
-5.590343952178955
9.765596389770508
-4.15959358215332
1.7803596258163452
10.333659172058105
1.2302429676055908
1.2626874446868896
-6.4885969161987305
-13.767277717590332
-1.9531612396240234
-7.190232276916504
-5.475100994110107
-5.307687759399414
10.910558700561523
-3.5183210372924805
1.343625545501709
11.276955604553223
0.30302345752716064
0.23422539234161377
-6.20831298828125
-15.54302978515625
-1.7646032571792603
-6.938321113586426
-4.960447311401367
-5.086061000823975
12.098949432373047
-2.897312879562378
0.9472631812095642
12.157791137695312
-0.5553490519523621
-0.7634454965591431
-5.9292707443237305
-17.32464027404785
-1.5913697481155396
-6.752859115600586
-4.400516033172607
-4.912508964538574
13.328091621398926
-2.274996042251587
0.5766492486000061
12.987029075622559
-1.326627254486084
-1.725821852684021
-5.650144577026367
-19.105487823486328
-1.4226727485656738
-6.5994553565979
-3.8071951866149902
-4.758948802947998
14.575201988220215
-1.6342897415161133
0.21541407704353333
13.793990135192871
-1.9810125827789307
-2.6701173782348633
-5.407568454742432
-21.09969139099121
-1.2768079042434692
-6.463951110839844
-3.1905438899993896
-4.615243434906006
15.824295043945312
-1.012134313583374
-0.14396178722381592
14.51949691772461
-2.5872905254364014
-3.5835299491882324
-5.177435874938965
-23.214548110961914
-1.1428626775741577
-6.3425984382629395
-2.5614805221557617
-4.4749755859375
17.070329666137695
-0.4219043254852295
-0.5002719163894653
15.146869659423828
-3.1471660137176514
-4.457167148590088
-4.946030616760254
-25.382335662841797
-1.0097211599349976
-6.2421135902404785
-1.9079722166061401
-4.351525783538818
18.3402042388916
0.135500967502594
-0.8316770195960999
15.6157865524292
-3.6148014068603516
-5.2702507972717285
-4.731306076049805
-27.57439613342285
-0.838428795337677
-6.175127983093262
-1.209537148475647
-4.273515701293945
19.662979125976562
0.6925046443939209
-1.1182727813720703
16.045284271240234
-3.9604883193969727
-6.0688066482543945
-4.552337646484375
-29.851341247558594
-0.6310387849807739
-6.134495258331299
-0.5067052245140076
-4.234283447265625
20.96227264404297
1.2242248058319092
-1.3814024925231934
16.392433166503906
-4.213260173797607
-6.900208950042725
-4.387321472167969
-32.28746795654297
-0.40054064989089966
-6.102419853210449
0.1983467936515808
-4.212312698364258
22.247928619384766
1.7328847646713257
-1.629396915435791
16.646034240722656
-4.393300533294678
-7.7326788902282715
-4.23793363571167
-34.83879089355469
-0.13388743996620178
-6.069343090057373
0.8966128826141357
-4.204811096191406
23.49797821044922
2.2175509929656982
-1.8627429008483887
16.827409744262695
-4.517213344573975
-8.563772201538086
-4.089127063751221
-37.509986877441406
0.15755289793014526
-6.014530181884766
1.5656672716140747
-4.2095208168029785
24.683528900146484
2.6427605152130127
-2.068916082382202
16.88665199279785
-4.570237636566162
-9.398340225219727
-3.9295976161956787
-40.29085159301758
0.47715866565704346
-5.944757461547852
2.215668201446533
-4.22786808013916
25.822246551513672
3.009183406829834
-2.258437395095825
16.824642181396484
-4.574414253234863
-10.263858795166016
-3.7592458724975586
-43.200782775878906
0.826500415802002
-5.872242450714111
2.8573856353759766
-4.2611775398254395
26.929443359375
3.2885560989379883
-2.4280455112457275
16.59809112548828
-4.530090808868408
-11.16868782043457
-3.577610969543457
-46.254119873046875
1.2045832872390747
-5.801949977874756
3.4903180599212646
-4.317019462585449
27.9976863861084
3.424234390258789
-2.5592708587646484
16.161659240722656
-4.447707176208496
-12.12081527709961
-3.38277268409729
-49.466793060302734
1.6120601892471313
-5.734165668487549
4.122037887573242
-4.400784969329834
29.033193588256836
3.4293153285980225
-2.66976261138916
15.555251121520996
-4.324751377105713
-13.124771118164062
-3.1718342304229736
-52.86600875854492
2.0475337505340576
-5.670754432678223
4.758453845977783
-4.517269611358643
30.04397201538086
3.3710203170776367
-2.760686159133911
14.849532127380371
-4.153188228607178
-14.184268951416016
-2.946159839630127
-56.476348876953125
2.5154385566711426
-5.615903854370117
5.401960849761963
-4.671975135803223
31.03585433959961
3.239267587661743
-2.827164888381958
14.033224105834961
-3.927734851837158
