2
3
-2.2034499645233154
4.154318809509277
-4.786828517913818
-7.115883827209473
7.855280876159668
-5.440554141998291
7.495299816131592
4.083268642425537
-4.204700469970703
-3.666403293609619
9.303528785705566
-1.5697951316833496
-1.7531899213790894
3.3073201179504395
-4.3017730712890625
-8.535008430480957
7.38644552230835
-4.818199157714844
6.486281394958496
5.030099868774414
-3.3683104515075684
-3.511364459991455
10.641748428344727
-0.9142264723777771
-1.3706870079040527
2.5031232833862305
-3.891246795654297
-9.910423278808594
6.961264133453369
-4.204824924468994
5.546454906463623
5.883039474487305
-2.5755820274353027
-3.3515286445617676
11.901387214660645
-0.273918092250824
-1.0776644945144653
1.7163333892822266
-3.5785205364227295
-11.282188415527344
6.556430339813232
-3.604490280151367
4.6934614181518555
6.637355804443359
-1.7520177364349365
-3.188849687576294
13.165924072265625
0.362293004989624
-0.821265697479248
0.9588146805763245
-3.309731960296631
-12.698240280151367
6.189273357391357
-3.0415728092193604
3.9651176929473877
7.295918941497803
-0.8474302291870117
-3.023273229598999
14.47854995727539
0.9653205275535583
-0.6014222502708435
0.21425127983093262
-3.094442129135132
-14.22241497039795
5.8661394119262695
-2.489607572555542
3.3171234130859375
7.9127349853515625
0.12751001119613647
-2.840754985809326
15.812931060791016
1.5397801399230957
-0.3770483434200287
-0.5384470820426941
-2.9157328605651855
-15.864204406738281
5.625869274139404
-1.9145455360412598
2.8527424335479736
8.494853973388672
1.141085147857666
-2.647157669067383
17.15819549560547
2.1024773120880127
-0.150468647480011
-1.3264575004577637
-2.811124324798584
-17.69621467590332
5.425265789031982
-1.3481515645980835
2.438117504119873
9.039558410644531
2.1998214721679688
-2.461697816848755
18.567516326904297
2.6143712997436523
0.09712107479572296
-2.1195709705352783
-2.6726396083831787
-19.542856216430664
5.242650508880615
-0.8085145354270935
2.040102243423462
9.519328117370605
3.238291025161743
-2.273392677307129
19.885562896728516
3.089552879333496
0.36220353841781616
-2.898284435272217
-2.498969078063965
-21.367786407470703
5.087782859802246
-0.3078238368034363
1.683150291442871
9.938064575195312
4.252856731414795
-2.0963377952575684
21.149490356445312
3.512786865234375
0.6531651020050049
-3.655010461807251
-2.298454523086548
-23.166004180908203
4.992950439453125
0.14507842063903809
1.414161205291748
10.297158241271973
5.271226406097412
-1.9340367317199707
22.432222366333008
3.8849234580993652
0.96467125415802
-4.397019386291504
-2.091242551803589
-24.94945526123047
4.948056697845459
0.5246753692626953
1.1891334056854248
10.568495750427246
6.30186653137207
-1.7853509187698364
23.69003677368164
4.215122699737549
1.3069846630096436
-5.118827819824219
-1.8569737672805786
-26.69341468811035
4.953866481781006
0.8692440986633301
1.0327684879302979
10.818757057189941
7.325122356414795
-1.6589680910110474
24.845420837402344
4.466761112213135
1.6754522323608398
-5.843019485473633
-1.5948526859283447
-28.44754981994629
5.004873275756836
1.1639457941055298
0.947441816329956
11.03158950805664
8.355491638183594
-1.5461657047271729
25.950971603393555
4.676024913787842
2.0699145793914795
-6.5679216384887695
-1.3091621398925781
-30.211362838745117
5.089847087860107
1.3838688135147095
0.9200417995452881
11.172327041625977
9.400480270385742
-1.440069556236267
27.023178100585938
4.863684177398682
2.4987616539001465
-7.285375595092773
-1.0043953657150269
-31.98702049255371
5.211258888244629
1.5200012922286987
0.9510226845741272
11.226751327514648
10.458722114562988
-1.3414078950881958
28.060190200805664
5.031228065490723
2.9578747749328613
-8.005435943603516
-0.6772464513778687
-33.79817581176758
5.366369724273682
1.5881690979003906
1.0395439863204956
11.198050498962402
11.531551361083984
-1.252128005027771
29.067441940307617
5.1760711669921875
3.448073148727417
-8.732966423034668
-0.32498714327812195
-35.65821838378906
5.55356502532959
1.6037472486495972
1.1876399517059326
11.097558975219727
12.619108200073242
-1.174849271774292
30.049943923950195
5.291950702667236
3.972700834274292
-9.470200538635254
0.05374589562416077
-37.573726654052734
5.776529312133789
1.5787190198898315
1.399951457977295
10.941716194152832
13.714457511901855
-1.11655855178833
30.997947692871094
5.354791164398193
4.537154197692871
-10.211036682128906
0.4549800157546997
-39.5380859375
6.03937292098999
1.513782262802124
1.6845347881317139
10.731842041015625
14.815910339355469
-1.0810227394104004
31.91023826599121
5.352353096008301
