2
3
5.291234970092773
-7.567631721496582
-9.744499206542969
3.279172420501709
5.106936931610107
0.025169968605041504
11.445417404174805
-3.21956205368042
7.670889854431152
-1.9658766984939575
-3.347768545150757
4.883596897125244
4.003612995147705
-6.6493754386901855
-8.898621559143066
4.571817874908447
7.39198112487793
-1.1657603979110718
10.404038429260254
-3.8771612644195557
7.0207366943359375
-1.4318883419036865
-3.743946075439453
4.219814777374268
2.842655658721924
-5.577723979949951
-7.251054763793945
5.271226406097412
9.532718658447266
-2.385319471359253
8.539430618286133
-4.024542808532715
6.468696117401123
-1.064046025276184
-3.7340452671051025
3.4343202114105225
1.9004400968551636
-4.368313312530518
-4.926004409790039
4.969842910766602
11.264962196350098
-3.579465389251709
5.95760440826416
-3.5384762287139893
5.993501663208008
-0.8290170431137085
-3.271697759628296
2.6517295837402344
1.4876465797424316
-3.3928098678588867
-2.881441593170166
4.273791313171387
12.406784057617188
-4.4823899269104
2.9118447303771973
-2.5097873210906982
5.610373497009277
-0.7220881581306458
-2.4901211261749268
1.9575295448303223
1.5396062135696411
-2.7053871154785156
-0.8461194038391113
3.386800527572632
12.737839698791504
-5.105203628540039
-0.18828105926513672
-0.9525783061981201
5.437861442565918
-0.782724142074585
-1.654737949371338
1.3305001258850098
2.112959861755371
-2.3883702754974365
0.7752881050109863
2.628047466278076
12.227179527282715
-5.227151393890381
-2.5826375484466553
0.41727352142333984
5.60558557510376
-1.0637617111206055
-0.9101143479347229
0.7342237234115601
2.7756829261779785
-2.2580432891845703
2.058603286743164
2.009960174560547
11.305252075195312
-4.912669658660889
-4.313649654388428
1.433800220489502
5.754973888397217
-1.3791015148162842
-0.37242382764816284
0.2558516263961792
3.597783088684082
-2.278062582015991
3.0001468658447266
1.5337178707122803
10.23735523223877
-4.393266677856445
-5.567766189575195
2.1519362926483154
5.89872932434082
-1.7305545806884766
0.09463894367218018
-0.06277239322662354
4.565492153167725
-2.3842265605926514
3.4456281661987305
1.2181220054626465
9.096485137939453
-3.771183490753174
-6.305723190307617
2.582789421081543
6.090368270874023
-2.0838561058044434
0.4790710210800171
-0.2511979937553406
5.62050724029541
-2.5344395637512207
3.2688965797424316
1.070345401763916
7.934041976928711
-3.1035001277923584
-6.486014366149902
2.713468313217163
6.336000919342041
-2.4186911582946777
0.7512705326080322
-0.29434436559677124
6.60666561126709
-2.685645341873169
2.579993724822998
1.082168698310852
6.7691497802734375
-2.3994483947753906
-6.003951072692871
2.3805153369903564
6.665421009063721
-2.7429447174072266
0.7777979373931885
-0.11836972832679749
7.402833461761475
-2.7955360412597656
1.4767296314239502
1.237039566040039
5.7589216232299805
-1.8261168003082275
-5.125969886779785
1.8887784481048584
7.028475284576416
-3.0176122188568115
0.5084350109100342
0.30919960141181946
7.9243083000183105
-2.807748317718506
0.1322331428527832
1.4422764778137207
5.026939392089844
-1.4925733804702759
-4.005071640014648
1.4304661750793457
7.397293567657471
-3.189199209213257
-0.1872541308403015
0.9409031867980957
8.113519668579102
-2.6950433254241943
-1.117012858390808
1.63221275806427
4.638993740081787
-1.4368927478790283
-2.799055576324463
1.152753472328186
7.628868103027344
-3.158534288406372
-1.1528706550598145
1.5051864385604858
8.006954193115234
-2.497837543487549
-2.0489652156829834
1.747793436050415
4.637299537658691
-1.5863702297210693
-1.8590153455734253
1.104815125465393
7.611329555511475
-2.949432611465454
-1.9595773220062256
1.8349835872650146
7.703519344329834
-2.2796130180358887
-2.687537670135498
1.8172800540924072
4.847006797790527
-1.752962350845337
-1.3449326753616333
1.1728899478912354
7.400478839874268
-2.6635007858276367
-2.552340507507324
2.0006954669952393
7.304949760437012
-2.062272787094116
-3.068990468978882
1.861034631729126
5.227755546569824
-1.9332106113433838
-1.2717212438583374
1.359828233718872
7.079310417175293
-2.3549039363861084
-2.912970781326294
2.055016279220581
6.9007415771484375
-1.8670963048934937
-3.271564245223999
1.8960332870483398
5.628898620605469
-2.0640461444854736
-1.5488917827606201
1.6478196382522583
6.741743087768555
-2.072438955307007
-3.1207401752471924
2.062412738800049
6.53591251373291
-1.7035311460494995
-3.3858251571655273
1.9509789943695068
5.936258316040039
-2.098219394683838
-2.047414541244507
1.9722439050674438
6.433670997619629
-1.8376952409744263
-3.260110855102539
2.081031084060669
