2
3
5.7817230224609375
2.386786699295044
-9.657471656799316
1.8111488819122314
4.564168453216553
7.888164520263672
6.331648826599121
-1.3118265867233276
-8.535873413085938
-2.630984306335449
-3.4085440635681152
11.199443817138672
4.857531547546387
2.4575724601745605
-11.376038551330566
1.610384225845337
4.347872257232666
7.312736988067627
5.5873308181762695
-2.5363402366638184
-7.7094807624816895
-1.7166368961334229
-2.3111467361450195
12.926407814025879
3.9963507652282715
2.569365978240967
-13.060441970825195
1.5503093004226685
4.12562894821167
6.748504638671875
4.847888946533203
-3.6500818729400635
-6.982557773590088
-0.7970389127731323
-1.328818440437317
14.664972305297852
3.1696224212646484
2.7064082622528076
-14.768434524536133
1.5639023780822754
3.888185501098633
6.190490245819092
4.089422225952148
-4.673455238342285
-6.394289016723633
0.14564192295074463
-0.4141277074813843
16.450782775878906
2.349609613418579
2.8644325733184814
-16.55094337463379
1.6214258670806885
3.666748285293579
5.646516799926758
3.3152472972869873
-5.622846603393555
-5.830177307128906
1.0879418849945068
0.5178432464599609
18.218307495117188
1.491450548171997
3.0297627449035645
-18.436185836791992
1.7409409284591675
3.497147560119629
5.114284992218018
2.5749874114990234
-6.494699954986572
-5.288132667541504
2.047675132751465
1.4107012748718262
19.97026824951172
0.6084349155426025
3.193399429321289
-20.43848991394043
1.8962571620941162
3.3078086376190186
4.590771675109863
1.8055304288864136
-7.295219421386719
-4.794532299041748
3.0807855129241943
2.211897850036621
21.720996856689453
-0.28231894969940186
3.3481507301330566
-22.553972244262695
2.092399835586548
3.156292200088501
4.082767486572266
1.0473414659500122
-8.062978744506836
-4.282620906829834
4.144599914550781
3.0237574577331543
23.444355010986328
-1.1731840372085571
3.4896514415740967
-24.787395477294922
2.3311736583709717
2.9934654235839844
3.5813379287719727
0.2296351194381714
-8.792648315429688
-3.762016773223877
5.300359725952148
3.803149700164795
25.144187927246094
-2.0442075729370117
3.6170825958251953
-27.089035034179688
2.601569175720215
2.804880380630493
3.0944156646728516
-0.6124017238616943
-9.4962797164917
-3.2188074588775635
6.5244460105896
4.529560565948486
26.72134780883789
-2.8958911895751953
3.715052366256714
-29.465553283691406
2.9123880863189697
2.5563080310821533
2.669321060180664
-1.4904429912567139
-10.07581901550293
-2.6576271057128906
7.720734596252441
5.216578006744385
28.09368324279785
-3.754732847213745
3.8214519023895264
-31.929119110107422
3.2616465091705322
2.2795660495758057
2.3230371475219727
-2.352663993835449
-10.587114334106445
-2.1081924438476562
8.873485565185547
5.839304447174072
29.245973587036133
-4.6292195320129395
3.9654321670532227
-34.492984771728516
3.662510871887207
1.979893684387207
2.0890660285949707
-3.2090673446655273
-11.055377006530762
-1.5689563751220703
10.002485275268555
6.404910087585449
30.248458862304688
-5.523693561553955
4.169863700866699
-37.168792724609375
4.131359100341797
1.6564524173736572
1.9419740438461304
-4.087679862976074
-11.50407886505127
-1.0475305318832397
11.077280044555664
6.866769790649414
31.013723373413086
-6.429283142089844
4.4174370765686035
-39.953189849853516
4.65625524520874
1.3077558279037476
1.8661761283874512
-5.007002830505371
-11.926481246948242
-0.5482561588287354
12.136253356933594
7.241207122802734
31.645347595214844
-7.343716621398926
4.703526020050049
-42.85757827758789
5.236033916473389
0.9357771277427673
1.862320065498352
-5.95881986618042
-12.323460578918457
-0.09423086047172546
13.169124603271484
7.4801812171936035
32.13654327392578
-8.268926620483398
5.028814315795898
-45.887474060058594
5.874460220336914
0.5571165680885315
1.9416474103927612
-6.9410319328308105
-12.679015159606934
0.2831478416919708
14.154914855957031
7.526398181915283
32.4547233581543
-9.206599235534668
5.385772705078125
-49.046424865722656
6.572470188140869
0.1739681363105774
2.0823936462402344
-7.956456661224365
-13.020861625671387
0.5960073471069336
15.103839874267578
7.43721866607666
32.63285446166992
-10.157276153564453
5.768968105316162
-52.336692810058594
7.3317036628723145
-0.22225844860076904
2.2715506553649902
-9.01020622253418
-13.355772972106934
0.8473313450813293
16.021610260009766
7.217939853668213
32.698570251464844
-11.121469497680664
6.174964904785156
-55.76113510131836
8.15455150604248
-0.6370316743850708
2.5145201683044434
-10.097967147827148
-13.66487979888916
1.0465061664581299
16.917436599731445
6.884357929229736
32.68350601196289
