2
3
-7.563385009765625
-3.2717390060424805
3.949894428253174
10.255820274353027
8.119793891906738
-7.078736305236816
-0.13649225234985352
12.067169189453125
0.908171534538269
8.148972511291504
-7.0308308601379395
-3.241143226623535
-5.993330955505371
-2.780527353286743
5.035114288330078
11.2948579788208
7.695476055145264
-5.422098159790039
-3.4615349769592285
13.808984756469727
0.06507515907287598
6.825268745422363
-5.983922958374023
-5.391995906829834
-4.318600177764893
-2.1027021408081055
5.272519588470459
12.098889350891113
6.8102641105651855
-3.560551643371582
-6.002181529998779
14.962127685546875
-0.5147817134857178
5.193439483642578
-4.702155590057373
-7.074792861938477
-2.8052430152893066
-1.150672197341919
4.969069957733154
12.347319602966309
5.641666889190674
-1.6295478343963623
-7.709439277648926
15.489007949829102
-0.6805709600448608
3.2325892448425293
-3.1016502380371094
-8.229020118713379
-1.4639919996261597
-0.12024188041687012
4.413298606872559
12.089415550231934
4.289694786071777
0.2579469680786133
-8.53839111328125
15.486661911010742
-0.538065493106842
1.2229156494140625
-1.848006248474121
-8.805463790893555
-0.3910161256790161
0.9247585535049438
3.931199312210083
11.561026573181152
2.8649697303771973
2.039478063583374
-8.585094451904297
15.010903358459473
-0.17513251304626465
-0.784369945526123
-0.9017283916473389
-8.75870132446289
0.45788025856018066
1.9329115152359009
3.337474822998047
10.760920524597168
1.3596750497817993
3.8391661643981934
-7.743569850921631
13.651969909667969
0.33688807487487793
-2.6824586391448975
-0.300335168838501
-8.07391357421875
1.0830835103988647
2.852609395980835
2.576643228530884
9.68006706237793
0.014806270599365234
5.334451675415039
-6.375431537628174
11.805286407470703
0.9577140212059021
-4.323841571807861
-0.287173330783844
-6.676433563232422
1.5136058330535889
3.579413652420044
1.7623229026794434
8.30349349975586
-1.0154691934585571
6.347137451171875
-4.714998722076416
9.713064193725586
1.552415370941162
-5.5759735107421875
-0.8501773476600647
-4.535529613494873
1.8426536321640015
4.024825096130371
0.9125045537948608
6.784343719482422
-1.5886874198913574
6.81368350982666
-3.023315906524658
7.712203025817871
1.9653891324996948
-6.3271260261535645
-1.8240714073181152
-1.5232133865356445
2.0873074531555176
4.154079914093018
0.004584074020385742
5.418762683868408
-1.708906650543213
6.732384204864502
-1.4475269317626953
5.707639694213867
2.1573593616485596
-6.414302825927734
-2.7869930267333984
2.329802989959717
2.1232659816741943
4.002605438232422
-0.8186873197555542
4.094823837280273
-1.5543147325515747
6.2954511642456055
-0.4764757752418518
3.9986679553985596
2.0728142261505127
-5.714617729187012
-3.466885566711426
5.148623466491699
2.147921323776245
3.622793674468994
-1.3619344234466553
3.330521821975708
-1.1790602207183838
5.732022285461426
0.2755553126335144
2.4493861198425293
1.8075945377349854
-4.532617092132568
-4.2003560066223145
7.119123935699463
2.0889604091644287
3.265183925628662
-1.7003945112228394
2.8544161319732666
-0.5792117714881897
5.0004048347473145
0.7895429730415344
1.2550203800201416
1.4233577251434326
-3.1617677211761475
-4.859123229980469
8.56096363067627
2.0258052349090576
2.93839430809021
-1.9163341522216797
2.551246166229248
0.16689133644104004
4.12508487701416
0.9608392715454102
0.5017238855361938
0.937393307685852
-1.6868135929107666
-5.26248836517334
9.47447681427002
1.9785298109054565
2.6726479530334473
-2.063321590423584
2.3644914627075195
0.973013162612915
3.190404176712036
0.698375940322876
0.28765207529067993
0.3769097924232483
-0.1586695909500122
-5.3051347732543945
9.77233600616455
1.948664903640747
2.464601516723633
-2.1887760162353516
2.3652536869049072
1.7359212636947632
2.2885522842407227
-0.038205623626708984
0.7227938175201416
-0.2532773017883301
1.3672798871994019
-4.821520805358887
9.293907165527344
1.9245871305465698
2.2974555492401123
-2.3738038539886475
2.597599744796753
2.3031671047210693
1.5512504577636719
-1.1465764045715332
1.819779396057129
-0.7918235063552856
2.693479537963867
-3.9832940101623535
8.30775260925293
1.883212924003601
2.140225648880005
-2.699817657470703
3.1974236965179443
2.557375192642212
1.1630226373672485
-2.3557188510894775
3.1956608295440674
-1.0508923530578613
3.6730167865753174
-3.1558566093444824
7.249601364135742
1.8145462274551392
2.0470993518829346
-3.288823366165161
4.150385856628418
2.4836483001708984
1.169722557067871
-3.3954591751098633
4.484224319458008
-0.999100387096405
4.266632080078125
-2.550938844680786
6.3387770652771
