2
3
-3.665182113647461
5.4633331298828125
8.55749225616455
-6.854897499084473
-5.26757287979126
7.042872428894043
9.036031723022461
4.432062149047852
-3.375593423843384
-2.421132802963257
-0.5933665037155151
2.777120590209961
-3.2462122440338135
4.894848823547363
9.084659576416016
-7.603259086608887
-4.6437859535217285
6.819400310516357
9.923105239868164
3.761262893676758
-3.570918321609497
-1.5685620307922363
-0.7263123393058777
4.076584815979004
-2.7796778678894043
4.342496871948242
9.703994750976562
-8.269355773925781
-4.017773151397705
6.627036094665527
10.862591743469238
3.178849697113037
-3.701059341430664
-0.765019416809082
-0.7653539180755615
5.307004928588867
-2.288013458251953
3.7946133613586426
10.36509895324707
-8.880860328674316
-3.3652539253234863
6.464646339416504
11.866476058959961
2.7323713302612305
-3.771233081817627
-0.02214193344116211
-0.7215422987937927
6.446754455566406
-1.7538113594055176
3.257559299468994
11.069023132324219
-9.4240083694458
-2.690732002258301
6.322390079498291
12.892838478088379
2.324998378753662
-3.7963056564331055
0.6734949350357056
-0.6289151906967163
7.5333404541015625
-1.1550767421722412
2.7264764308929443
11.837965965270996
-9.91969108581543
-1.976420521736145
6.185636043548584
13.958738327026367
2.0009243488311768
-3.7825028896331787
1.35707688331604
-0.49345487356185913
8.639699935913086
-0.5041185021400452
2.195850372314453
12.65526008605957
-10.384647369384766
-1.2067173719406128
6.05788516998291
15.063941955566406
1.7578473091125488
-3.704482078552246
2.0120182037353516
-0.30114278197288513
9.739035606384277
0.17665261030197144
1.666921615600586
13.487467765808105
-10.818861961364746
-0.397564172744751
5.938634395599365
16.182462692260742
1.5380170345306396
-3.55256986618042
2.6282355785369873
-0.04573008418083191
10.805908203125
0.8804664015769958
1.1504757404327393
14.327455520629883
-11.2057466506958
0.44591599702835083
5.817021369934082
17.28154945373535
1.3235998153686523
-3.3227009773254395
3.1918885707855225
0.2859787046909332
11.819847106933594
1.6002914905548096
0.659694492816925
15.175100326538086
-11.52721881866455
1.3250136375427246
5.690641403198242
18.36944580078125
1.1048102378845215
-3.02754545211792
3.730469226837158
0.688162088394165
12.785435676574707
2.3293447494506836
0.19644248485565186
16.02027702331543
-11.772886276245117
2.2286441326141357
5.5612711906433105
19.41682243347168
0.885732889175415
-2.6686925888061523
4.248918056488037
1.1627988815307617
13.698413848876953
3.0828988552093506
-0.25107014179229736
16.87623405456543
-11.956313133239746
3.1514832973480225
5.432281970977783
20.414737701416016
0.6746876239776611
-2.244715452194214
4.741240501403809
1.7166314125061035
14.55133056640625
3.863879680633545
-0.6766780614852905
17.75745964050293
-12.073740005493164
4.09425163269043
5.3020501136779785
21.37574005126953
0.47411268949508667
-1.7600476741790771
5.214909076690674
2.3466427326202393
15.342796325683594
4.671290397644043
-1.075194239616394
18.6701717376709
-12.121183395385742
5.053572654724121
5.168369770050049
22.28830909729004
0.2904588282108307
-1.2209107875823975
5.682898998260498
3.0524239540100098
16.077909469604492
5.503297805786133
-1.4424190521240234
19.614347457885742
-12.092877388000488
6.035429000854492
5.034759044647217
23.188838958740234
0.1219625174999237
-0.6279795169830322
6.162686824798584
3.829040765762329
16.77313995361328
6.360555648803711
-1.7751209735870361
20.59661102294922
-11.98145866394043
7.02932596206665
4.90466833114624
24.052356719970703
-0.0159730464220047
0.024277210235595703
6.652978420257568
4.6707611083984375
17.405744552612305
7.246506214141846
-2.072117805480957
21.632606506347656
-11.784311294555664
8.033320426940918
4.784389972686768
24.871732711791992
-0.11068181693553925
0.7371481657028198
7.152489185333252
5.577733039855957
17.971664428710938
8.163116455078125
-2.330937623977661
22.73201560974121
-11.49611759185791
9.037485122680664
4.691291332244873
25.634729385375977
-0.13244633376598358
1.5096101760864258
7.648852825164795
6.557456016540527
18.46604347229004
9.110614776611328
-2.547353744506836
23.899879455566406
-11.109386444091797
10.049287796020508
4.6257171630859375
26.370624542236328
-0.08679740130901337
2.3404908180236816
8.128434181213379
7.616955757141113
18.880653381347656
10.083150863647461
-2.713726043701172
25.13544273376465
-10.612176895141602
11.077861785888672
4.579499244689941
27.10763168334961
0.003046587109565735
3.229069709777832
8.584745407104492
8.768413543701172
19.215486526489258
