2
3
-5.1060686111450195
-2.427259922027588
-2.8867290019989014
8.093830108642578
-3.5379788875579834
-4.749398231506348
9.443150520324707
11.219741821289062
4.4973344802856445
7.380357265472412
-5.021642684936523
4.874729156494141
-5.119831562042236
-1.8583825826644897
-1.2476305961608887
8.81566333770752
-1.732431411743164
-3.995309829711914
8.369714736938477
13.277036666870117
3.2209339141845703
7.034578800201416
-5.823736667633057
3.494670867919922
-4.8426194190979
-1.4163768291473389
0.4204065799713135
9.654166221618652
-0.2034672498703003
-2.883157730102539
6.857219696044922
15.130097389221191
1.9901032447814941
6.5704827308654785
-6.117430686950684
2.351966619491577
-4.31685209274292
-1.0685688257217407
1.865375280380249
10.732521057128906
0.9490796327590942
-1.5199729204177856
4.79053258895874
16.471118927001953
0.8712025880813599
5.920149803161621
-5.883126258850098
1.5537617206573486
-3.5887529850006104
-0.558095395565033
2.528341293334961
12.006037712097168
1.622981071472168
-0.005187630653381348
2.8218464851379395
17.089031219482422
-0.07809984683990479
5.114082336425781
-5.426474571228027
1.2185866832733154
-2.774388551712036
0.07076555490493774
2.6852364540100098
13.312301635742188
1.8274173736572266
1.51972234249115
1.3342905044555664
16.911724090576172
-0.8395775556564331
4.2244768142700195
-4.838308811187744
1.3112127780914307
-1.9850208759307861
0.8461108803749084
2.3949007987976074
14.474455833435059
1.7032759189605713
2.9843156337738037
0.17837262153625488
16.141204833984375
-1.3911635875701904
3.309654951095581
-4.1769514083862305
1.8751078844070435
-1.2804369926452637
1.8167076110839844
1.586302399635315
15.055947303771973
1.3021496534347534
4.181543827056885
-0.5833735466003418
15.165284156799316
-1.7180464267730713
2.479107141494751
-3.588115692138672
2.916604518890381
-0.779833197593689
2.9182941913604736
0.548263430595398
15.091713905334473
0.96025151014328
5.080017566680908
-1.2583427429199219
14.52696704864502
-1.8428839445114136
1.8571795225143433
-3.2312936782836914
4.344185829162598
-0.45934438705444336
3.987241268157959
-0.3958433270454407
14.9597806930542
0.6946268081665039
5.809511661529541
-1.8545653820037842
14.168194770812988
-1.8075218200683594
1.4675829410552979
-3.0581507682800293
6.19954776763916
-0.25209081172943115
4.961230754852295
-1.2996652126312256
14.794100761413574
0.4576583802700043
6.415565013885498
-2.3610000610351562
13.901538848876953
-1.6462600231170654
1.2499700784683228
-3.0318191051483154
8.686631202697754
-0.14896607398986816
5.818426132202148
-2.1623032093048096
14.610372543334961
0.24275678396224976
6.900128364562988
-2.8196332454681396
13.785466194152832
-1.4230180978775024
1.3700939416885376
-3.1888222694396973
11.359428405761719
-0.13636080920696259
6.511202812194824
-3.002053737640381
14.681347846984863
0.042227402329444885
7.28989315032959
-3.3769116401672363
14.02957534790039
-1.2040417194366455
1.9319459199905396
-3.5549213886260986
13.812606811523438
-0.1703067123889923
7.035256385803223
-3.8232574462890625
15.067349433898926
-0.11234912276268005
7.575014591217041
-4.017719268798828
14.62610149383545
-1.0246059894561768
2.9220480918884277
-4.118225574493408
15.666422843933105
-0.18713155388832092
7.495570659637451
-4.6480793952941895
15.924776077270508
-0.19641631841659546
7.873571395874023
-4.761038303375244
15.552568435668945
-0.8909586668014526
4.141594886779785
-4.8337273597717285
17.161964416503906
-0.203386127948761
8.001325607299805
-5.541686058044434
17.06845474243164
-0.24848076701164246
8.261980056762695
-5.608593463897705
16.737943649291992
-0.794025182723999
5.429612159729004
-5.652100563049316
18.52298927307129
-0.2322404682636261
8.59646224975586
-6.539475440979004
18.451019287109375
-0.294473260641098
8.761652946472168
-6.579113006591797
18.176422119140625
-0.7232987880706787
6.728466987609863
-6.578218460083008
19.851673126220703
-0.2799528241157532
9.304315567016602
-7.67106819152832
20.055068969726562
-0.34764254093170166
9.396347999572754
-7.694021701812744
19.84877586364746
-0.6756630539894104
8.025514602661133
-7.647697925567627
21.221540451049805
-0.3517147898674011
10.143588066101074
-8.962774276733398
21.86063575744629
-0.416479229927063
10.182497024536133
-8.977280616760254
21.72829246520996
-0.6545606851577759
9.322770118713379
-8.896356582641602
22.700050354003906
-0.4524967074394226
11.135163307189941
-10.439718246459961
23.82525634765625
-0.5092439651489258
11.138127326965332
-10.45013427734375
23.76736831665039
-0.6679777503013611
10.635538101196289
-10.360934257507324
24.35647964477539
