2
3
1.2855494022369385
-7.753271102905273
-7.551776885986328
1.7611675262451172
-8.40654468536377
7.549063205718994
5.235169410705566
-10.970529556274414
-8.811660766601562
5.567292213439941
5.518087387084961
6.27202033996582
0.18367266654968262
-6.629242897033691
-8.983409881591797
3.3222289085388184
-7.718763828277588
6.402104377746582
6.274056434631348
-12.73791790008545
-7.981106758117676
5.199946880340576
6.6398515701293945
5.839360237121582
-0.8350857496261597
-5.585514068603516
-10.298800468444824
4.757241249084473
-7.124449729919434
5.362574577331543
7.196770191192627
-14.356771469116211
-7.204277992248535
4.985672473907471
7.706377029418945
5.442788124084473
-1.8191579580307007
-4.633037567138672
-11.63610553741455
6.028958320617676
-6.536684989929199
4.318444728851318
8.075576782226562
-16.000802993774414
-6.443365573883057
4.8085856437683105
8.755383491516113
5.019040584564209
-2.764664649963379
-3.744034767150879
-13.004959106445312
7.243142127990723
-5.915045261383057
3.2584939002990723
8.931034088134766
-17.621484756469727
-5.715323448181152
4.638844013214111
9.757719039916992
4.5337724685668945
-3.6682329177856445
-2.9166340827941895
-14.44477653503418
8.454742431640625
-5.272266387939453
2.207981586456299
9.748780250549316
-19.158971786499023
-5.042092323303223
4.473384380340576
10.687322616577148
3.986567497253418
-4.543393135070801
-2.0978455543518066
-15.97404956817627
9.693315505981445
-4.619649887084961
1.183250904083252
10.525541305541992
-20.610584259033203
-4.386778831481934
4.349646091461182
11.640155792236328
3.5536904335021973
-5.32373046875
-1.2762696743011475
-17.51054573059082
10.956968307495117
-3.951840400695801
0.1892787218093872
11.259551048278809
-21.984882354736328
-3.7354931831359863
4.247860431671143
12.590924263000488
3.1830475330352783
-6.002423286437988
-0.4846574664115906
-19.01259994506836
12.22006607055664
-3.265031337738037
-0.7732419371604919
11.935667991638184
-23.302736282348633
-3.0778963565826416
4.154452323913574
13.545857429504395
2.8514838218688965
-6.51768159866333
0.1786588430404663
-20.471837997436523
13.430193901062012
-2.5826196670532227
-1.7332290410995483
12.539307594299316
-24.609661102294922
-2.3898019790649414
4.057128429412842
14.49415397644043
2.5614819526672363
-6.9399518966674805
0.7481476664543152
-21.893054962158203
14.598011016845703
-1.9048259258270264
-2.6845948696136475
13.076062202453613
-25.90275001525879
-1.700522541999817
3.928778648376465
15.348909378051758
2.228039503097534
-7.316834449768066
1.2568244934082031
-23.312965393066406
15.746888160705566
-1.2370998859405518
-3.60868501663208
13.545524597167969
-27.159841537475586
-0.9940576553344727
3.775428533554077
16.145647048950195
1.8428436517715454
-7.661271572113037
1.7163023948669434
-24.740192413330078
16.881607055664062
-0.6151137351989746
-4.4752912521362305
13.912315368652344
-28.345043182373047
-0.2918832302093506
3.602107524871826
16.826492309570312
1.4246913194656372
-7.979816436767578
2.132124900817871
-26.177154541015625
18.00436782836914
-0.04209089279174805
-5.280361175537109
14.16964340209961
-29.450162887573242
0.4045866131782532
3.413752317428589
17.40290069580078
0.9868336915969849
-8.279065132141113
2.5092759132385254
-27.627687454223633
19.11832618713379
0.5226163864135742
-6.071033477783203
14.371098518371582
-30.531234741210938
1.0893914699554443
3.207186460494995
17.889753341674805
0.5362275838851929
-8.563807487487793
2.8499839305877686
-29.09417152404785
20.224136352539062
1.0750097036361694
-6.843238830566406
14.495266914367676
-31.581846237182617
1.7400583028793335
2.975327968597412
18.230531692504883
0.0767315924167633
-8.840008735656738
3.1567282676696777
-30.58049964904785
21.32257080078125
1.6093523502349854
-7.601644515991211
14.541447639465332
-32.614227294921875
2.370598554611206
2.725670576095581
18.470476150512695
-0.3912361264228821
-9.112752914428711
3.4330742359161377
-32.09080505371094
22.415342330932617
2.1120080947875977
-8.335606575012207
14.472943305969238
-33.60790252685547
2.9731996059417725
2.4604716300964355
18.608129501342773
-0.8530268669128418
-9.387049674987793
3.6828737258911133
-33.63058090209961
23.505016326904297
2.5881195068359375
-9.055679321289062
14.303600311279297
-34.58880615234375
3.533308267593384
2.188180923461914
18.598262786865234
-1.2963413000106812
-9.658164978027344
3.902620792388916
-35.19969177246094
24.58171844482422
3.03825306892395
-9.768927574157715
14.049698829650879
-35.57228469848633
4.067741394042969
1.9015095233917236
18.47831153869629
-1.7382744550704956
