2
3
2.7622857093811035
-0.2229767143726349
-2.6578831672668457
-5.794196605682373
6.625016212463379
6.980783939361572
-9.240667343139648
-9.58560848236084
-3.115341901779175
1.2455445528030396
2.6131415367126465
1.376490831375122
2.758481025695801
-0.020985811948776245
-2.9525206089019775
-5.815919399261475
5.921375274658203
6.19224214553833
-10.788962364196777
-11.056835174560547
-2.2460827827453613
1.5382155179977417
3.952016830444336
1.810974359512329
2.72257924079895
0.12051117420196533
-3.2539291381835938
-5.887282371520996
5.202152252197266
5.3884406089782715
-12.33162784576416
-12.607283592224121
-1.467596173286438
1.7687665224075317
5.177159786224365
2.1701953411102295
2.651262044906616
0.19613346457481384
-3.5738513469696045
-6.016282558441162
4.443413734436035
4.546285629272461
-13.931841850280762
-14.286911010742188
-0.7831778526306152
1.9281468391418457
6.281957626342773
2.4476733207702637
2.538525342941284
0.20183071494102478
-3.932328462600708
-6.218135356903076
3.6380248069763184
3.6551055908203125
-15.616147994995117
-16.120128631591797
-0.1552181839942932
2.0395796298980713
7.312392234802246
2.6661012172698975
2.380124092102051
0.13400636613368988
-4.342870712280273
-6.506719589233398
2.794464588165283
2.721019744873047
-17.380159378051758
-18.0980224609375
0.48725950717926025
2.151691198348999
8.354190826416016
2.871513843536377
2.1646459102630615
-0.018429845571517944
-4.834643840789795
-6.9106855392456055
1.9200453758239746
1.7460932731628418
-19.218429565429688
-20.21015167236328
1.1412644386291504
2.2606568336486816
9.395992279052734
3.0567760467529297
1.8922371864318848
-0.24956244230270386
-5.3869404792785645
-7.443240165710449
1.0339313745498657
0.7510421276092529
-21.086925506591797
-22.424598693847656
1.78860604763031
2.345979690551758
10.408407211303711
3.1878931522369385
1.6095011234283447
-0.5081262588500977
-5.961322784423828
-8.06702995300293
0.23277783393859863
-0.18101125955581665
-22.834123611450195
-24.640586853027344
2.4088850021362305
2.4049906730651855
11.313703536987305
3.232694149017334
1.3472859859466553
-0.7647632360458374
-6.535782814025879
-8.765768051147461
-0.5169943571090698
-1.071070671081543
-24.514677047729492
-26.916812896728516
3.0023465156555176
2.4343440532684326
12.118915557861328
3.213883399963379
1.110185980796814
-1.0142967700958252
-7.105250835418701
-9.529335975646973
-1.238755702972412
-1.9335949420928955
-26.136913299560547
-29.24692153930664
3.5560436248779297
2.4281091690063477
12.811135292053223
3.1091980934143066
0.8975347876548767
-1.269421100616455
-7.666499614715576
-10.357699394226074
-1.9338397979736328
-2.783773183822632
-27.693403244018555
-31.626188278198242
4.070004940032959
2.382495641708374
13.398904800415039
2.9096734523773193
0.7050436735153198
-1.533250093460083
-8.218413352966309
-11.254091262817383
-2.6019585132598877
-3.6400444507598877
-29.179447174072266
-34.060829162597656
4.54254150390625
2.291063070297241
13.87609577178955
2.616708278656006
0.528810977935791
-1.8131930828094482
-8.761384963989258
-12.215015411376953
-3.252547025680542
-4.523170471191406
-30.64333724975586
-36.60478591918945
4.96274471282959
2.151294708251953
14.208518028259277
2.219038963317871
0.3651021122932434
-2.1182494163513184
-9.30642318725586
-13.243426322937012
-3.8898253440856934
-5.4405364990234375
-32.09120178222656
-39.272151947021484
5.339607238769531
1.961173176765442
14.430462837219238
1.724307894706726
0.21328775584697723
-2.4524002075195312
-9.853426933288574
-14.346857070922852
-4.517179012298584
-6.3978729248046875
-33.52604675292969
-42.075565338134766
5.66254997253418
1.7204766273498535
14.52145767211914
1.1271462440490723
0.06895388662815094
-2.820477247238159
-10.409021377563477
-15.540806770324707
-5.138275146484375
-7.400040149688721
-34.9498176574707
-45.026512145996094
5.921193599700928
1.4187514781951904
14.489424705505371
0.4337906241416931
-0.07539971172809601
-3.229375123977661
-10.989218711853027
-16.847753524780273
-5.754191875457764
-8.449369430541992
-36.364112854003906
-48.13421630859375
6.114530086517334
1.0540552139282227
14.335113525390625
-0.35506266355514526
-0.22553613781929016
-3.685175895690918
-11.607048034667969
-18.28998565673828
-6.359096527099609
-9.542848587036133
-37.76581573486328
-51.40939712524414
6.257514476776123
0.6246171593666077
14.089399337768555
-1.2477402687072754
-0.38577261567115784
-4.1943230628967285
-12.274009704589844
-19.890655517578125
-6.971022129058838
-10.69847297668457
-39.1624870300293
-54.90025329589844
6.334643363952637
0.12471354007720947
13.728982925415039
-2.241941452026367
