2
3
1.1604161262512207
-8.746663093566895
-3.9635133743286133
-1.6180047988891602
-0.35068947076797485
7.746730804443359
-6.010207653045654
-3.495288610458374
0.47908952832221985
-1.5564463138580322
10.502472877502441
3.9015085697174072
0.8804445266723633
-7.706661224365234
-4.229889869689941
-0.25704121589660645
-0.287638396024704
6.577005386352539
-6.319032669067383
-5.551342010498047
0.9182275533676147
-1.4178889989852905
11.029065132141113
4.197110652923584
0.6161050796508789
-6.7534871101379395
-4.463100910186768
1.0420918464660645
-0.24561724066734314
5.5155110359191895
-6.629281044006348
-7.459010124206543
1.410722017288208
-1.25637948513031
11.575743675231934
4.510018348693848
0.36194610595703125
-5.88387393951416
-4.689906597137451
2.264129638671875
-0.24001772701740265
4.568729400634766
-6.973957538604736
-9.2103271484375
1.927018404006958
-1.0545425415039062
12.111979484558105
4.836363315582275
0.10902461409568787
-5.102795600891113
-4.9499993324279785
3.378091335296631
-0.3081734776496887
3.715531349182129
-7.410749912261963
-10.849061012268066
2.451474189758301
-0.8397479057312012
12.660815238952637
5.1663737297058105
-0.1292828619480133
-4.397611618041992
-5.234841823577881
4.408950328826904
-0.4425906538963318
2.907907009124756
-7.905323028564453
-12.455137252807617
2.9876699447631836
-0.6126447319984436
13.219536781311035
5.492269039154053
-0.32378435134887695
-3.754077911376953
-5.498050212860107
5.390227794647217
-0.6077384948730469
2.135468006134033
-8.423724174499512
-14.102692604064941
3.5106589794158936
-0.363933265209198
13.712328910827637
5.845671653747559
-0.47812318801879883
-3.1624066829681396
-5.80502462387085
6.351552963256836
-0.7727999091148376
1.3680492639541626
-8.930691719055176
-15.81308364868164
4.013728618621826
-0.10049518942832947
14.136467933654785
6.209753036499023
-0.6162183284759521
-2.579470634460449
-6.154002666473389
7.3373003005981445
-0.9004908800125122
0.6075524091720581
-9.416223526000977
-17.578794479370117
4.494776725769043
0.17264124751091003
14.49977970123291
6.565290451049805
-0.7171966433525085
-2.0199646949768066
-6.4761857986450195
8.355084419250488
-0.9947309494018555
-0.15671265125274658
-9.866031646728516
-19.417987823486328
4.950603485107422
0.4535490870475769
14.810575485229492
6.888686656951904
-0.8094866275787354
-1.476354956626892
-6.790885925292969
9.402408599853516
-1.0634777545928955
-0.9174238443374634
-10.321632385253906
-21.37265968322754
5.401557922363281
0.747850775718689
15.128487586975098
7.193122863769531
-0.8932471871376038
-0.9498074054718018
-7.108164310455322
10.468038558959961
-1.1101690530776978
-1.6703565120697021
-10.807076454162598
-23.447912216186523
5.8578362464904785
1.0565012693405151
15.471297264099121
7.47854471206665
-0.9616774320602417
-0.4575898051261902
-7.417745590209961
11.51413345336914
-1.134146809577942
-2.4156534671783447
-11.331348419189453
-25.61203384399414
6.306227207183838
1.3516002893447876
15.781904220581055
7.717492580413818
-1.014846920967102
-0.00260770320892334
-7.711310386657715
12.520109176635742
-1.1377774477005005
-3.153189182281494
-11.887150764465332
-27.84195327758789
6.724460601806641
1.6087768077850342
16.02459144592285
7.888331890106201
-1.0595450401306152
0.42427659034729004
-7.990520000457764
13.486828804016113
-1.1326889991760254
-3.8901240825653076
-12.469731330871582
-30.137073516845703
7.111260414123535
1.829903483390808
16.19838523864746
7.989898681640625
-1.0957350730895996
0.8223980665206909
-8.254255294799805
14.408174514770508
-1.119046926498413
-4.621236801147461
-13.06499195098877
-32.483543395996094
7.4766035079956055
2.0189292430877686
16.306943893432617
8.024323463439941
-1.1227201223373413
1.1895374059677124
-8.500894546508789
15.28181266784668
-1.0920332670211792
-5.332324981689453
-13.669839859008789
-34.854496002197266
7.816830158233643
2.1762638092041016
16.333112716674805
7.981447219848633
-1.1402720212936401
1.517878532409668
-8.727368354797363
16.097562789916992
-1.0482360124588013
-6.032251834869385
-14.30549430847168
-37.272117614746094
8.136266708374023
2.3041391372680664
16.286605834960938
7.866677761077881
-1.1476901769638062
1.8158893585205078
-8.938322067260742
16.867769241333008
-0.9923831224441528
-6.736083984375
-14.973028182983398
-39.752845764160156
8.441326141357422
2.402437686920166
16.18362808227539
7.688044548034668
-1.1454426050186157
2.0888116359710693
-9.138340950012207
17.598678588867188
-0.9337680339813232
-7.463651180267334
-15.672470092773438
-42.32007598876953
8.735148429870605
2.470527172088623
16.035167694091797
7.448573112487793
