2
3
-2.9828341007232666
-1.4949707984924316
1.9555416107177734
0.039367079734802246
-6.432930946350098
0.6786928176879883
0.8215121030807495
8.810691833496094
-0.48372524976730347
4.823885440826416
-9.184183120727539
-6.415241241455078
-2.919935703277588
-1.0467861890792847
1.98208487033844
0.6679263114929199
-6.027876377105713
1.075231909751892
1.406823754310608
9.545476913452148
-1.0637335777282715
4.182933330535889
-10.47995662689209
-7.57135009765625
-2.8966991901397705
-0.6464756727218628
1.9795564413070679
1.262415885925293
-5.6690874099731445
1.5065224170684814
1.935871958732605
10.307466506958008
-1.7121593952178955
3.546266555786133
-11.862775802612305
-8.738850593566895
-2.914964199066162
-0.30078625679016113
1.9393668174743652
1.811992883682251
-5.328243732452393
2.004582405090332
2.419914960861206
11.093127250671387
-2.394334077835083
2.912363052368164
-13.314560890197754
-9.94432258605957
-2.9551541805267334
0.013102352619171143
1.866633653640747
2.322427272796631
-4.9904656410217285
2.5659170150756836
2.875087022781372
11.876237869262695
-3.1124424934387207
2.277862310409546
-14.847495079040527
-11.203911781311035
-2.993147850036621
0.3279905617237091
1.7840344905853271
2.818324565887451
-4.65080451965332
3.155280113220215
3.3104734420776367
12.62785530090332
-3.8695409297943115
1.6426053047180176
-16.46615982055664
-12.532621383666992
-3.024552822113037
0.6507889032363892
1.7253625392913818
3.309828758239746
-4.311776161193848
3.738956928253174
3.717705011367798
13.29920482635498
-4.627255916595459
1.0425899028778076
-18.05025291442871
-13.853690147399902
-3.0654428005218506
0.9703068137168884
1.6675174236297607
3.776994466781616
-3.9994356632232666
4.296062469482422
4.055552005767822
13.831853866577148
-5.351456642150879
0.5060583353042603
-19.60386848449707
-15.161481857299805
-3.126654863357544
1.2754758596420288
1.5859951972961426
4.194138526916504
-3.7279114723205566
4.823880672454834
4.30532693862915
14.244589805603027
-6.056379318237305
0.017145276069641113
-21.16402816772461
-16.477115631103516
-3.2104835510253906
1.5594643354415894
1.4641342163085938
4.552987575531006
-3.502228021621704
5.322390556335449
4.458177089691162
14.542947769165039
-6.756165981292725
-0.43510791659355164
-22.713916778564453
-17.787321090698242
-3.3224666118621826
1.804288625717163
1.2869479656219482
4.836731910705566
-3.329665184020996
5.786198616027832
4.508155822753906
14.723812103271484
-7.451613426208496
-0.8534088134765625
-24.225496292114258
-19.06975555419922
-3.467743158340454
2.0152549743652344
1.0511188507080078
5.055008411407471
-3.2046310901641846
6.220407009124756
4.468204021453857
14.806551933288574
-8.150134086608887
-1.2509633302688599
-25.74445343017578
-20.365324020385742
-3.6494507789611816
2.1986303329467773
0.752160906791687
5.2133989334106445
-3.127465009689331
6.624208450317383
4.34001350402832
14.79827880859375
-8.855513572692871
-1.6366244554519653
-27.281314849853516
-21.692535400390625
-3.867333173751831
2.356910228729248
0.390547513961792
5.317092418670654
-3.093984842300415
6.997884273529053
4.129517078399658
14.708172798156738
-9.569306373596191
-2.0145504474639893
-28.83594512939453
-23.054285049438477
-4.117228031158447
2.49333119392395
-0.02868393063545227
5.373363018035889
-3.10381817817688
7.338809967041016
3.836031436920166
14.535379409790039
-10.292919158935547
-2.388481378555298
-30.40825843811035
-24.45438003540039
-4.3896803855896
2.6152656078338623
-0.49926307797431946
5.391571044921875
-3.1568939685821533
7.645664215087891
3.460385322570801
14.284740447998047
-11.02906608581543
-2.759294033050537
-32.00982666015625
-25.906299591064453
-4.678890705108643
2.727606773376465
-1.016312599182129
5.378530025482178
-3.253852128982544
7.917015552520752
3.002941370010376
13.961216926574707
-11.779821395874023
-3.1300086975097656
-33.64984893798828
-27.421459197998047
-4.98372220993042
2.8321213722229004
-1.577992558479309
5.338077545166016
-3.3957653045654297
8.151308059692383
2.463435173034668
13.56949234008789
-12.546708106994629
-3.505185842514038
-35.33142852783203
-29.00659942626953
-5.308561325073242
2.9230310916900635
-2.2033233642578125
5.248339653015137
-3.5845351219177246
8.346351623535156
1.8406193256378174
13.112968444824219
-13.331665992736816
-3.889338970184326
-37.05787658691406
-30.668773651123047
-5.656832695007324
2.994474172592163
-2.8953590393066406
5.102259159088135
-3.822593927383423
8.499632835388184
1.1320903301239014
12.594437599182129
-14.136871337890625
-4.286911964416504
-38.83267593383789
-32.41545486450195
