2
3
-3.5181570053100586
-0.518857479095459
-1.2100526094436646
0.2579312324523926
4.9092535972595215
7.568902969360352
6.586569309234619
-10.019474983215332
8.412633895874023
-4.136538028717041
-10.32585334777832
-4.550559043884277
-2.646759033203125
-0.3617285490036011
0.030745863914489746
0.6887249946594238
5.098391532897949
6.599213600158691
6.5526814460754395
-11.765924453735352
7.5241804122924805
-3.633732318878174
-11.828181266784668
-4.1019086837768555
-1.7873533964157104
-0.19960828125476837
1.3075692653656006
1.104771375656128
5.3199567794799805
5.596320629119873
6.549571514129639
-13.4874906539917
6.6810832023620605
-3.171396255493164
-13.248868942260742
-3.7298383712768555
-0.9827620983123779
-0.04468385875225067
2.5261826515197754
1.459763526916504
5.63589334487915
4.528306484222412
6.63529634475708
-15.27312183380127
5.842644214630127
-2.8178818225860596
-14.685052871704102
-3.530975580215454
-0.24065208435058594
0.08562707901000977
3.6668810844421387
1.7325845956802368
5.971262454986572
3.394319534301758
6.701986789703369
-17.11453628540039
5.041712760925293
-2.526855945587158
-16.143640518188477
-3.4137661457061768
0.43553149700164795
0.16502857208251953
4.733588218688965
1.9033918380737305
6.310063362121582
2.21207332611084
6.708632946014404
-18.989429473876953
4.265947341918945
-2.300900459289551
-17.630687713623047
-3.377377510070801
1.0491580963134766
0.19754637777805328
5.73086404800415
1.9898630380630493
6.643996238708496
1.0000048875808716
6.628172397613525
-20.885217666625977
3.487785816192627
-2.1592822074890137
-19.27390480041504
-3.4338197708129883
1.6353135108947754
0.21646815538406372
6.707644462585449
2.0574586391448975
6.969095706939697
-0.24136579036712646
6.470165252685547
-22.823251724243164
2.746974468231201
-2.09626841545105
-21.034332275390625
-3.5577213764190674
2.2364695072174072
0.23232272267341614
7.6961822509765625
2.1059834957122803
7.271085739135742
-1.492087960243225
6.226706504821777
-24.78488540649414
2.0563955307006836
-2.123884916305542
-22.834449768066406
-3.7018322944641113
2.841402053833008
0.21969352662563324
8.653759002685547
2.0659356117248535
7.538555145263672
-2.743518829345703
5.9305338859558105
-26.771013259887695
1.3929016590118408
-2.240992546081543
-24.707366943359375
-3.878358840942383
3.464590549468994
0.16975700855255127
9.603233337402344
1.9374608993530273
7.761831283569336
-3.992957830429077
5.576348781585693
-28.766801834106445
0.7442547082901001
-2.4343438148498535
-26.64638328552246
-4.098597526550293
4.082058906555176
0.07011082023382187
10.48197078704834
1.7081022262573242
7.962751865386963
-5.2602691650390625
5.181112289428711
-30.830326080322266
0.12661820650100708
-2.6970789432525635
-28.641706466674805
-4.376406669616699
4.6891770362854
-0.08036141842603683
11.27410888671875
1.3747665882110596
8.134032249450684
-6.518305778503418
4.740164756774902
-32.93022918701172
-0.43199777603149414
-2.994884967803955
-30.668609619140625
-4.72761344909668
5.26752233505249
-0.2766721844673157
11.930257797241211
0.9286475777626038
8.266251564025879
-7.75090217590332
4.267402172088623
-35.05121612548828
-0.9567904472351074
-3.310224771499634
-32.753334045410156
-5.132730007171631
5.818681240081787
-0.5269764065742493
12.45693302154541
0.37546879053115845
8.366116523742676
-8.961045265197754
3.767439842224121
-37.23768997192383
-1.4647257328033447
-3.643721342086792
-34.9192008972168
-5.586662292480469
6.337032794952393
-0.8294880390167236
12.8400297164917
-0.2786570191383362
8.440546989440918
-10.124430656433105
3.198380470275879
-39.48054122924805
-1.953547477722168
-3.997828245162964
-37.1619873046875
-6.099006175994873
6.825753211975098
-1.1818591356277466
13.100594520568848
-1.0181598663330078
8.504044532775879
-11.285237312316895
2.5712852478027344
-41.81417465209961
-2.4236836433410645
-4.370095252990723
-39.467350006103516
-6.671985149383545
7.293117046356201
-1.5859782695770264
13.266833305358887
-1.8486411571502686
8.558478355407715
-12.469104766845703
1.8939100503921509
-44.27046585083008
-2.893622875213623
-4.7546586990356445
-41.839202880859375
-7.312290191650391
7.735494613647461
-2.0495667457580566
13.342879295349121
-2.7795448303222656
8.60764217376709
-13.675217628479004
1.1532963514328003
-46.850860595703125
-3.3405263423919678
-5.159330368041992
-44.26668167114258
-8.022344589233398
8.14369010925293
-2.5770671367645264
13.31397533416748
-3.819093942642212
8.658812522888184
-14.894465446472168
0.33799445629119873
-49.55434036254883
-3.7701427936553955
-5.596192359924316
-46.79450988769531
-8.809489250183105
