2
3
7.484549522399902
4.904520034790039
-12.02071475982666
-3.0680956840515137
-5.547609329223633
-8.29184341430664
7.4047040939331055
-9.306534767150879
-3.432492256164551
-4.647030353546143
1.7613012790679932
9.19978141784668
6.397861480712891
4.06508731842041
-14.344229698181152
-4.745404243469238
-4.461523532867432
-7.960452079772949
8.869466781616211
-9.060365676879883
-2.9397687911987305
-4.150723457336426
2.446580171585083
9.860177040100098
5.359290599822998
3.244750499725342
-16.64154815673828
-6.344223976135254
-3.439711809158325
-7.675296306610107
10.245254516601562
-8.787135124206543
-2.521440267562866
-3.712038993835449
3.040393352508545
10.460251808166504
4.3469624519348145
2.461205005645752
-18.95172882080078
-7.8665876388549805
-2.4878318309783936
-7.454190254211426
11.521830558776855
-8.491756439208984
-2.156080484390259
-3.309443712234497
3.5990359783172607
11.014799118041992
3.308305025100708
1.6885793209075928
-21.371015548706055
-9.353950500488281
-1.577680230140686
-7.405490875244141
12.751522064208984
-8.21389389038086
-1.8151307106018066
-2.911426305770874
4.116067409515381
11.524765968322754
2.2743825912475586
0.8944114446640015
-23.865346908569336
-10.871927261352539
-0.7137731313705444
-7.418889045715332
13.903194427490234
-7.905528545379639
-1.4557995796203613
-2.489306926727295
4.618428707122803
11.995255470275879
1.1247996091842651
0.07427513599395752
-26.51177978515625
-12.408817291259766
0.14418965578079224
-7.521576881408691
15.109466552734375
-7.625403881072998
-1.0566383600234985
-2.0372190475463867
5.13950252532959
12.437370300292969
-0.027393579483032227
-0.7724408507347107
-29.22222328186035
-13.991198539733887
0.9897522926330566
-7.660343170166016
16.324424743652344
-7.332859992980957
-0.6186443567276001
-1.600778579711914
5.6819353103637695
12.817817687988281
-1.144171953201294
-1.620266318321228
-31.993148803710938
-15.609397888183594
1.8273346424102783
-7.799011707305908
17.49514389038086
-6.9999237060546875
-0.15547659993171692
-1.1944193840026855
6.221901893615723
13.117349624633789
-2.177271842956543
-2.443934440612793
-34.69354248046875
-17.240306854248047
2.6712048053741455
-7.924968719482422
18.62013816833496
-6.624486923217773
0.31588074564933777
-0.8487300276756287
6.689857006072998
13.244696617126465
-3.1301217079162598
-3.245248794555664
-37.23194122314453
-18.83858871459961
3.4605658054351807
-7.988283157348633
19.603923797607422
-6.1739702224731445
0.7782894372940063
-0.5437515377998352
7.078747749328613
13.263627052307129
-4.056096076965332
-4.029609203338623
-39.77311706542969
-20.444799423217773
4.089065074920654
-8.018617630004883
20.410839080810547
-5.641487121582031
1.231964349746704
-0.26796555519104004
7.40339469909668
13.211088180541992
-4.946666240692139
-4.789312362670898
-42.28750228881836
-22.059518814086914
4.681554794311523
-8.02785587310791
21.13422966003418
-5.081743240356445
1.6398042440414429
-0.01740717887878418
7.632254600524902
13.095927238464355
-5.8077826499938965
-5.529446601867676
-44.77796173095703
-23.692378997802734
5.236464500427246
-8.010274887084961
21.752431869506836
-4.499266624450684
1.99416184425354
0.20110559463500977
7.752050399780273
12.915173530578613
-6.666881561279297
-6.261378765106201
-47.263648986816406
-25.352672576904297
5.779567241668701
-7.979712009429932
22.26078987121582
-3.9200119972229004
2.3081562519073486
0.37889671325683594
7.764758110046387
12.653977394104004
-7.535956859588623
-6.994612693786621
-49.742496490478516
-27.046131134033203
6.29128360748291
-7.936746597290039
22.616392135620117
-3.3637773990631104
2.5882599353790283
0.5165610313415527
7.6858673095703125
12.317485809326172
-8.385686874389648
-7.727021217346191
-52.15546798706055
-28.74156379699707
6.759922027587891
-7.882506847381592
22.805269241333008
-2.8422117233276367
2.832273483276367
0.6171704530715942
7.521302700042725
11.91311264038086
-9.222121238708496
-8.469433784484863
-54.558006286621094
-30.457754135131836
7.1419477462768555
-7.798987865447998
22.80983543395996
-2.3770599365234375
3.0296270847320557
0.68202805519104
7.267742156982422
11.444124221801758
-10.042139053344727
-9.221311569213867
-56.93231201171875
-32.17237854003906
7.459733963012695
-7.705417156219482
22.681928634643555
-1.971530795097351
3.155904531478882
0.6966549158096313
6.9035515785217285
10.899889945983887
-10.855658531188965
-9.973725318908691
-59.28775405883789
-33.88432693481445
7.74284553527832
-7.6227126121521
22.45363426208496
-1.6210908889770508
3.180943727493286
0.6504051685333252
6.416577339172363
10.283422470092773
