2
3
-4.274292469024658
5.205272197723389
-2.6725680828094482
-7.187943935394287
-0.5640549659729004
1.5709500312805176
7.267353534698486
-6.073864936828613
6.10596227645874
-7.526324272155762
-11.928319931030273
-0.6724872589111328
-3.998124837875366
4.217092514038086
-0.2814443111419678
-9.466873168945312
1.0066715478897095
0.7191674709320068
7.324818134307861
-7.223223686218262
4.358402252197266
-6.272707462310791
-13.048842430114746
0.9345071315765381
-3.4645235538482666
3.0250442028045654
1.8994207382202148
-11.51636791229248
2.525885581970215
-0.14790058135986328
6.73905611038208
-8.103614807128906
2.5406453609466553
-4.84382438659668
-13.483595848083496
1.9900726079940796
-2.5679807662963867
1.5349711179733276
3.5018348693847656
-13.15477466583252
3.846914291381836
-0.963739275932312
5.375213623046875
-8.678147315979004
0.7165182828903198
-3.323352575302124
-13.2532377243042
2.3393311500549316
-1.3647255897521973
-0.2879256010055542
4.521154403686523
-14.286216735839844
4.7689528465271
-1.7008237838745117
3.5232088565826416
-9.081262588500977
-1.0114012956619263
-1.7845606803894043
-12.456612586975098
1.9575064182281494
0.012036323547363281
-2.2664825916290283
5.009808540344238
-14.866650581359863
5.2046942710876465
-2.0766713619232178
1.8860712051391602
-9.679672241210938
-2.559642791748047
-0.36080825328826904
-11.056954383850098
0.8238584995269775
1.410841464996338
-4.240200996398926
4.94408655166626
-14.812413215637207
5.326237201690674
-2.4411697387695312
0.6208243370056152
-10.249085426330566
-4.043826103210449
0.9842435121536255
-8.663545608520508
-1.5342810153961182
2.6622540950775146
-5.991024017333984
4.191391468048096
-14.33753490447998
5.20775032043457
-2.769573211669922
-0.48229777812957764
-10.919114112854004
-5.144686222076416
1.8095930814743042
-5.81096076965332
-4.212059020996094
3.6259570121765137
-7.387058258056641
2.966986656188965
-13.933183670043945
4.857166290283203
-3.1165366172790527
-1.3631383180618286
-11.611420631408691
-5.668924808502197
2.0845816135406494
-2.866924285888672
-7.133481979370117
4.228992462158203
-8.401408195495605
1.3993940353393555
-13.48147964477539
4.3148016929626465
-3.6256275177001953
-1.7284493446350098
-12.631982803344727
-5.627526760101318
1.8453497886657715
-0.20085358619689941
-10.040088653564453
4.328556060791016
-8.97651481628418
-0.03461802005767822
-13.458154678344727
3.748325824737549
-4.340044975280762
-1.936708927154541
-13.592568397521973
-5.144995212554932
1.0744848251342773
2.0324676036834717
-12.548247337341309
4.004141330718994
-9.175850868225098
-1.1882388591766357
-13.813709259033203
3.1286983489990234
-5.042183876037598
-2.2919249534606934
-14.470152854919434
-4.583295822143555
-0.0011712312698364258
4.047787666320801
-15.022468566894531
3.421773910522461
-9.235913276672363
-2.2963788509368896
-14.333331108093262
2.414874315261841
-5.696276664733887
-2.606952428817749
-15.380899429321289
-3.805490016937256
-1.335265040397644
5.935815811157227
-17.549800872802734
2.6770670413970947
-9.301316261291504
-3.021364212036133
-15.187405586242676
1.6760408878326416
-6.3317131996154785
-2.6874332427978516
-16.470436096191406
-2.8411049842834473
-2.912055730819702
7.65995454788208
-20.184967041015625
1.8642940521240234
-9.324793815612793
-3.3018007278442383
-16.404075622558594
0.9385606050491333
-6.918270111083984
-2.4974379539489746
-17.930782318115234
-1.6824891567230225
-4.732297420501709
9.17907428741455
-22.898334503173828
0.9981436729431152
-9.41291618347168
-3.062859296798706
-17.9913330078125
0.2962431311607361
-7.486731052398682
-2.0079586505889893
-19.711456298828125
-0.3462226390838623
-6.776776313781738
10.458934783935547
-25.604324340820312
0.12371635437011719
-9.6399564743042
-2.32236647605896
-20.145925521850586
-0.2652949094772339
-8.167386054992676
-1.1952712535858154
-21.810293197631836
1.1294554471969604
-9.009133338928223
11.472475051879883
-28.241592407226562
-0.6961601972579956
-10.061100959777832
-1.0914161205291748
-22.85197639465332
-0.7839745283126831
-8.947385787963867
-0.00990915298461914
-24.367341995239258
2.64131498336792
-11.347890853881836
12.327531814575195
-30.81830596923828
-1.4192254543304443
-10.689537048339844
0.6233892440795898
-26.08199691772461
-1.2694859504699707
-9.899956703186035
1.556625247001648
-27.54212188720703
4.191079139709473
-13.750243186950684
12.94173526763916
-33.319114685058594
-2.0082051753997803
-11.624958038330078
2.7023000717163086
-29.927719116210938
-1.7667818069458008
-11.207574844360352
3.5429062843322754
-31.176856994628906
5.748381614685059
-16.18998146057129
13.278742790222168
-35.845970153808594
