2
3
2.3829894065856934
5.473501682281494
-2.4927620887756348
-9.653965950012207
6.320722579956055
6.5085930824279785
-9.123411178588867
8.963846206665039
7.830724239349365
-5.223362445831299
-3.1496095657348633
-9.312089920043945
2.765411853790283
4.838794231414795
-2.044891119003296
-10.85196304321289
6.079254150390625
6.184900760650635
-10.087102890014648
8.708328247070312
7.55555534362793
-4.916080474853516
-3.8085384368896484
-9.052962303161621
3.069809675216675
4.207657337188721
-1.692009449005127
-12.044532775878906
5.803286075592041
5.875351428985596
-11.131804466247559
8.5018892288208
7.273884296417236
-4.634035110473633
-4.458049774169922
-8.852330207824707
3.3119258880615234
3.5781476497650146
-1.4221038818359375
-13.272388458251953
5.4956488609313965
5.5827765464782715
-12.260005950927734
8.34660530090332
6.982425689697266
-4.376895427703857
-5.1053361892700195
-8.707640647888184
3.5079262256622314
2.938023567199707
-1.2512856721878052
-14.574808120727539
5.158125877380371
5.305826187133789
-13.484305381774902
8.237004280090332
6.6768035888671875
-4.142442226409912
-5.755257606506348
-8.609822273254395
3.6765825748443604
2.258538246154785
-1.1884193420410156
-15.986474990844727
4.782988548278809
5.0543742179870605
-14.809593200683594
8.17183780670166
6.3519287109375
-3.9256513118743896
-6.408204078674316
-8.543118476867676
3.8242321014404297
1.5502392053604126
-1.2090282440185547
-17.47260093688965
4.3604536056518555
4.836410999298096
-16.25338363647461
8.15876579284668
6.001942157745361
-3.73972487449646
-7.083066940307617
-8.52579402923584
3.9541499614715576
0.8244582414627075
-1.3047741651535034
-19.00065040588379
3.8985886573791504
4.640496730804443
-17.822355270385742
8.182952880859375
5.611178398132324
-3.598311185836792
-7.807710647583008
-8.57699203491211
4.055074691772461
0.07376158237457275
-1.4799227714538574
-20.579896926879883
3.4076595306396484
4.454308986663818
-19.503698348999023
8.221658706665039
5.173919677734375
-3.5020265579223633
-8.599730491638184
-8.705545425415039
4.1220598220825195
-0.7004584074020386
-1.7446116209030151
-22.220504760742188
2.8904597759246826
4.274184703826904
-21.29607391357422
8.264018058776855
4.698707103729248
-3.4474873542785645
-9.450576782226562
-8.906396865844727
4.1594438552856445
-1.4888901710510254
-2.1117727756500244
-23.92013931274414
2.3531835079193115
4.0988006591796875
-23.20060157775879
8.304737091064453
4.190403938293457
-3.4349725246429443
-10.370487213134766
-9.184435844421387
4.15900993347168
-2.31256365776062
-2.5743753910064697
-25.706811904907227
1.7965803146362305
3.9236793518066406
-25.22437858581543
8.338274955749512
3.647641658782959
-3.4639432430267334
-11.37340259552002
-9.540576934814453
4.119792461395264
-3.1943132877349854
-3.1298441886901855
-27.59797477722168
1.215622901916504
3.7445003986358643
-27.37999725341797
8.360050201416016
3.0655181407928467
-3.550508975982666
-12.483224868774414
-9.999722480773926
4.030073642730713
-4.122150421142578
-3.7752857208251953
-29.595687866210938
0.5790916681289673
3.557011604309082
-29.7054500579834
8.376131057739258
2.4522581100463867
-3.7167744636535645
-13.684056282043457
-10.576103210449219
3.887362003326416
-5.093693733215332
-4.514453887939453
-31.705284118652344
-0.14365625381469727
3.334902048110962
-32.221473693847656
8.396805763244629
1.8145606517791748
-3.9607319831848145
-14.960668563842773
-11.256150245666504
3.6945462226867676
-6.103636741638184
-5.36649751663208
-33.926902770996094
-0.9364234209060669
3.0421769618988037
-34.88072967529297
8.402360916137695
1.1495118141174316
-4.2719926834106445
-16.322505950927734
-12.033031463623047
3.4493601322174072
-7.157681941986084
-6.3404035568237305
-36.27388000488281
-1.7644333839416504
2.6866068840026855
-37.676998138427734
8.365812301635742
0.4647529721260071
-4.6479902267456055
-17.769832611083984
-12.903921127319336
3.151015520095825
-8.26036262512207
-7.442966938018799
-38.759002685546875
-2.630211114883423
2.2879228591918945
-40.648162841796875
8.292686462402344
-0.22976750135421753
-5.0940728187561035
-19.29802894592285
-13.865234375
2.7986669540405273
-9.415647506713867
-8.681246757507324
-41.39466094970703
-3.5356719493865967
1.8485026359558105
-43.80853271484375
8.176653861999512
-0.9419688582420349
-5.6090497970581055
-20.91387367248535
-14.910496711730957
2.39145565032959
-10.62775707244873
-10.062829971313477
-44.19508743286133
-4.482148170471191
1.3663434982299805
-47.1701774597168
8.013169288635254
-1.6821496486663818
-6.187525272369385
-22.62619972229004
-16.046911239624023
