2
3
-3.5148544311523438
-6.731938362121582
-3.0846896171569824
7.59947395324707
7.267977237701416
-3.263739585876465
3.452054262161255
7.6308207511901855
8.115641593933105
-2.881232738494873
1.5259565114974976
-7.07044792175293
-3.5506720542907715
-5.705522537231445
-0.06948685646057129
7.730228424072266
7.302920818328857
-2.511122226715088
1.8219503164291382
6.811623573303223
8.387134552001953
-4.469693183898926
-0.01098167896270752
-6.715707778930664
-2.992971181869507
-4.853561878204346
2.3250200748443604
7.472510814666748
7.051029205322266
-1.943022608757019
0.7215769290924072
5.733001232147217
8.337087631225586
-5.85066032409668
-1.6203619241714478
-5.915450096130371
-2.139984607696533
-4.119274616241455
4.090343475341797
6.868967533111572
6.658655643463135
-1.5273239612579346
0.12407642602920532
4.343995094299316
7.9630961418151855
-6.895214557647705
-3.088122606277466
-4.916555404663086
-1.1293540000915527
-3.509206533432007
5.271016597747803
6.15704345703125
6.277829170227051
-1.322556734085083
-0.4105531573295593
3.062676191329956
7.232592582702637
-7.493720054626465
-4.125164985656738
-3.8666961193084717
0.04492950439453125
-3.0513250827789307
5.824912071228027
5.391646862030029
5.890466213226318
-1.24858820438385
-0.9129389524459839
1.8314290046691895
6.373991966247559
-7.811966896057129
-4.844026565551758
-2.559356212615967
1.2881863117218018
-2.7363834381103516
5.910714149475098
4.572969913482666
5.512205600738525
-1.3295438289642334
-1.2764183282852173
0.6730209589004517
5.432134628295898
-7.9210734367370605
-5.203774452209473
-0.9834780693054199
2.5131125450134277
-2.5653293132781982
5.565669059753418
3.6597275733947754
5.190824508666992
-1.6245026588439941
-1.502975344657898
-0.23371541500091553
4.541933536529541
-7.790773391723633
-5.18631649017334
0.6674304008483887
3.698268413543701
-2.5077245235443115
4.805012226104736
2.7880289554595947
4.914953708648682
-2.0290656089782715
-1.5276570320129395
-0.8347925543785095
3.741591453552246
-7.3838043212890625
-4.793859481811523
2.0127391815185547
4.744455337524414
-2.524818181991577
3.7176761627197266
2.039703845977783
4.695003032684326
-2.487305164337158
-1.3873752355575562
-1.2538801431655884
3.0712032318115234
-6.747568607330322
-4.065713405609131
3.0088577270507812
5.546011924743652
-2.5997402667999268
2.3485045433044434
1.4007610082626343
4.522052764892578
-2.9659790992736816
-1.0961635112762451
-1.4597827196121216
2.534904956817627
-5.9475507736206055
-3.0269663333892822
3.557704448699951
6.010161876678467
-2.7253620624542236
0.7976915836334229
0.9253659248352051
4.420779705047607
-3.449901580810547
-0.7640013098716736
-1.3861806392669678
2.1673903465270996
-5.065093040466309
-1.9188734292984009
3.4468348026275635
6.094838619232178
-2.855910539627075
-0.4427984952926636
0.7180008888244629
4.443110942840576
-3.954599618911743
-0.7863088846206665
-0.9582912921905518
2.0420613288879395
-4.303798675537109
-1.0016392469406128
3.003063917160034
5.87888240814209
-2.9510300159454346
-1.2335569858551025
0.6039401292800903
4.47491979598999
-4.359465599060059
-1.020369529724121
-0.23180538415908813
2.1446890830993652
-3.7320613861083984
-0.30066436529159546
2.437842607498169
5.510913848876953
-3.0310146808624268
-1.707040786743164
0.5676356554031372
4.431997299194336
-4.541745185852051
-1.2539383172988892
0.5258991718292236
2.4106740951538086
-3.3744311332702637
0.1049639880657196
1.9296891689300537
5.080471992492676
-3.094736337661743
-1.9349908828735352
0.6137467622756958
4.294677734375
-4.486608505249023
-1.3670200109481812
1.06913161277771
2.7832493782043457
-3.1956770420074463
0.21411371231079102
1.5644007921218872
4.659745693206787
-3.140148878097534
-1.9886739253997803
0.7137536406517029
4.127119541168213
-4.271807670593262
-1.4167320728302002
1.3676307201385498
3.195524215698242
-3.1462197303771973
0.0671941488981247
1.3561851978302002
4.295299053192139
-3.171858310699463
-1.9280586242675781
0.8464474678039551
3.969362735748291
-3.997995376586914
-1.4381643533706665
1.4879812002182007
3.5578956604003906
-3.1550683975219727
-0.2547925114631653
1.2713937759399414
4.008503437042236
-3.1907734870910645
-1.8232662677764893
1.0026484727859497
3.8364386558532715
-3.7327823638916016
-1.460792064666748
1.5272541046142578
3.818467617034912
-3.169250965118408
-0.6725238561630249
1.2825000286102295
3.805685520172119
-3.192798614501953
-1.7523740530014038
1.1749458312988281
3.735865592956543
-3.5080955028533936
-1.522376537322998
1.5568256378173828
3.95418643951416
-3.1566226482391357
-1.1061593294143677
1.3512523174285889
