2
3
-2.5560898780822754
2.902172565460205
1.718995451927185
-5.027291774749756
1.3279294967651367
8.739289283752441
6.187735557556152
1.4823150634765625
1.064370036125183
-6.403390884399414
-3.886742353439331
-2.496178150177002
-2.084549903869629
2.0090525150299072
2.979218006134033
-5.601311206817627
1.9527602195739746
8.351130485534668
5.043176651000977
-1.298384428024292
0.3800774812698364
-5.703927993774414
-3.75071120262146
-0.3899960517883301
-1.3640727996826172
1.083898901939392
3.906187057495117
-5.891480445861816
2.3551907539367676
7.64243745803833
4.272105693817139
-3.9510657787323
-0.22753429412841797
-4.72386360168457
-3.562262535095215
1.1938683986663818
-0.43028581142425537
0.14775633811950684
4.310983657836914
-6.052364826202393
2.7532052993774414
6.5471954345703125
3.9634363651275635
-5.912371635437012
-0.7784541845321655
-3.579326629638672
-3.197383165359497
2.2488207817077637
0.5194530487060547
-0.681564211845398
4.357057571411133
-5.900204181671143
3.2040014266967773
5.268223285675049
3.678493022918701
-7.387798309326172
-1.287879228591919
-2.3601150512695312
-2.4658396244049072
2.766787528991699
1.3987942934036255
-1.2721401453018188
4.112663269042969
-5.630768299102783
3.6905035972595215
3.9211626052856445
3.3148913383483887
-8.42001724243164
-1.718840479850769
-1.2024176120758057
-1.2821314334869385
2.9416162967681885
2.1636359691619873
-1.640421986579895
3.6653153896331787
-5.257812976837158
4.153784275054932
2.4859604835510254
2.8517441749572754
-9.021027565002441
-2.068065881729126
-0.13240158557891846
0.4218902587890625
2.674029588699341
2.7093849182128906
-1.8769416809082031
3.219050407409668
-4.89329719543457
4.518579006195068
1.0184073448181152
2.286116123199463
-9.211974143981934
-2.2425012588500977
0.8491902351379395
2.40596866607666
1.7144036293029785
3.023829221725464
-1.9843542575836182
2.9230549335479736
-4.590208053588867
4.731958866119385
-0.36131370067596436
1.6731488704681396
-9.025931358337402
-2.0969598293304443
1.5626089572906494
4.342134952545166
0.38362061977386475
3.1402456760406494
-2.017772674560547
2.9023051261901855
-4.534217357635498
4.746425628662109
-1.551296353340149
1.109702706336975
-8.564460754394531
-1.6500566005706787
1.913040280342102
6.033972263336182
-1.001307725906372
3.1111984252929688
-2.005302667617798
3.0532217025756836
-4.682085990905762
4.4329423904418945
-2.3983023166656494
0.9546908140182495
-8.283802032470703
-0.999215304851532
1.9758375883102417
7.514142036437988
-2.3783681392669678
2.9645004272460938
-1.9366600513458252
3.300311326980591
-4.978978633880615
3.974501132965088
-2.9981720447540283
1.060356855392456
-7.996853351593018
-0.1433042287826538
1.772111177444458
8.70327091217041
-3.684598922729492
2.7936036586761475
-1.8811897039413452
3.727734088897705
-5.411561012268066
3.4752068519592285
-3.4654150009155273
1.4616591930389404
-7.6999287605285645
0.8981751203536987
1.357154369354248
9.49885082244873
-4.882749557495117
2.648418426513672
-1.8880115747451782
4.3885650634765625
-5.965737819671631
2.997584342956543
-3.8372793197631836
2.217989683151245
-7.442403793334961
2.0654330253601074
0.7811343669891357
9.854802131652832
-5.955779552459717
2.5770561695098877
-2.0124521255493164
5.3224077224731445
-6.647668838500977
2.6011486053466797
-4.130228042602539
3.3296573162078857
-7.2781171798706055
3.280299186706543
0.06203645467758179
9.93381118774414
-6.876967906951904
2.6483213901519775
-2.303945541381836
6.530078887939453
-7.4641828536987305
2.3490805625915527
-4.388410568237305
4.760869026184082
-7.335909366607666
4.438771724700928
-0.7411038279533386
9.997414588928223
-7.718314170837402
2.8957936763763428
-2.742783546447754
7.957613468170166
-8.464083671569824
2.310054302215576
-4.658987522125244
6.392168045043945
-7.79616641998291
5.460444450378418
-1.5752029418945312
10.25887680053711
-8.585617065429688
3.457446575164795
-3.4217886924743652
9.436934471130371
-9.495989799499512
2.468675136566162
-4.973736763000488
8.218964576721191
-8.623797416687012
6.357345104217529
-2.4698619842529297
10.825078964233398
-9.542608261108398
4.198538780212402
-4.2811713218688965
11.086861610412598
-10.584907531738281
2.911332368850708
-5.4229350090026855
10.159648895263672
-9.667588233947754
7.175911903381348
-3.435302972793579
11.754287719726562
-10.629486083984375
5.058602333068848
-5.240428924560547
12.957890510559082
-11.789327621459961
3.6315689086914062
-6.070953845977783
12.223803520202637
-10.80790901184082
7.983242988586426
-4.476119041442871
13.014922142028809
-11.835661888122559
