2
3
1.6092424392700195
-7.9178266525268555
-1.4708802700042725
9.108392715454102
-1.953664779663086
-5.819815635681152
6.43518590927124
5.055045127868652
-5.346748352050781
-8.445443153381348
-5.294686317443848
-3.3838212490081787
1.1071012020111084
-7.3977837562561035
-2.2247748374938965
9.709431648254395
-1.613669753074646
-5.715963840484619
6.8725361824035645
5.073522090911865
-5.1624579429626465
-8.54246997833252
-5.0932817459106445
-3.4643540382385254
0.6524746417999268
-6.8580322265625
-2.8897705078125
10.377042770385742
-1.3111975193023682
-5.599729537963867
7.272928714752197
5.096700668334961
-5.003042697906494
-8.606417655944824
-4.91654634475708
-3.51751708984375
0.22823596000671387
-6.302339553833008
-3.5080156326293945
11.108704566955566
-1.0235157012939453
-5.47213077545166
7.662092208862305
5.146633148193359
-4.871589660644531
-8.635961532592773
-4.76554536819458
-3.552158832550049
-0.18770182132720947
-5.771226406097412
-4.128370761871338
11.843247413635254
-0.7413297295570374
-5.335495948791504
8.038161277770996
5.208539962768555
-4.77197265625
-8.633183479309082
-4.64356803894043
-3.5834338665008545
-0.5971793532371521
-5.264736175537109
-4.75416374206543
12.576593399047852
-0.4637589454650879
-5.193349838256836
8.390740394592285
5.26198673248291
-4.697638034820557
-8.604177474975586
-4.544516086578369
-3.610955238342285
-0.9961056113243103
-4.777834892272949
-5.397984504699707
13.308298110961914
-0.18485960364341736
-5.047613620758057
8.726006507873535
5.311736583709717
-4.637760639190674
-8.555107116699219
-4.462157726287842
-3.629488945007324
-1.368100881576538
-4.324656009674072
-6.039767265319824
14.053476333618164
0.09775713086128235
-4.8967719078063965
9.049590110778809
5.372772693634033
-4.583804130554199
-8.49194049835205
-4.390164852142334
-3.631239652633667
-1.7213194370269775
-3.892723798751831
-6.6797661781311035
14.818917274475098
0.37533140182495117
-4.740913391113281
9.348714828491211
5.443817138671875
-4.528669357299805
-8.415914535522461
-4.3195977210998535
-3.6065971851348877
-2.0564849376678467
-3.4814679622650146
-7.319724082946777
15.590739250183105
0.6430128812789917
-4.5791239738464355
9.610776901245117
5.531949520111084
-4.47031831741333
-8.324785232543945
-4.248432636260986
-3.5501604080200195
-2.3651440143585205
-3.093242645263672
-7.948278427124023
16.36702537536621
0.9019073247909546
-4.408447742462158
9.829461097717285
5.644229412078857
-4.408847808837891
-8.216748237609863
-4.177588939666748
-3.4589242935180664
-2.647747755050659
-2.716620922088623
-8.556389808654785
17.162565231323242
1.1532881259918213
-4.225644111633301
10.00275707244873
5.783721446990967
-4.343227386474609
-8.08976936340332
-4.10587739944458
-3.3294668197631836
-2.9065675735473633
-2.3453733921051025
-9.140239715576172
17.982999801635742
1.3950685262680054
-4.028343200683594
10.127240180969238
5.952585697174072
-4.272051811218262
-7.941152095794678
-4.031131744384766
-3.156789779663086
-3.1468493938446045
-1.9738686084747314
-9.703155517578125
18.83370590209961
1.6254212856292725
-3.8152945041656494
10.20393180847168
6.150080680847168
-4.193933963775635
-7.768094062805176
-3.9507393836975098
-2.9358391761779785
-3.3740344047546387
-1.5960323810577393
-10.2520170211792
19.720157623291016
1.8426470756530762
-3.585277557373047
10.234950065612793
6.374425888061523
-4.107419013977051
-7.567915439605713
-3.8607306480407715
-2.659306287765503
-3.591473340988159
-1.206547737121582
-10.791658401489258
20.64817237854004
2.045069694519043
-3.336759328842163
10.222149848937988
6.624351501464844
-4.010896682739258
-7.335301876068115
-3.7582764625549316
-2.315906524658203
-3.801072120666504
-0.8010256290435791
-11.324701309204102
21.623483657836914
2.231003761291504
-3.0674848556518555
10.167046546936035
6.899604797363281
-3.903008222579956
-7.060351371765137
-3.6407432556152344
-1.8904448747634888
-4.004083633422852
-0.37502142786979675
-11.852453231811523
22.652420043945312
2.3985414505004883
-2.774156332015991
10.070904731750488
7.201048851013184
-3.787228584289551
-6.740822792053223
-3.512603282928467
-1.383792757987976
-4.201619625091553
0.07597222924232483
-12.375722885131836
23.741456985473633
2.545009136199951
-2.4531431198120117
9.93426513671875
7.528133392333984
-3.6618995666503906
-6.375304222106934
-3.3728108406066895
-0.7924864888191223
-4.394633769989014
0.5566585063934326
-12.894881248474121
24.897274017333984
2.667586326599121
-2.101285457611084
9.758106231689453
7.879227638244629
-3.5309226512908936
-5.972829341888428
-3.2286829948425293
-0.12786787748336792
