2
3
-5.730108737945557
-2.1596577167510986
12.255537986755371
4.684630393981934
-5.515650272369385
-6.0920209884643555
3.4017231464385986
4.478236675262451
6.324314594268799
1.5367759466171265
4.7058539390563965
-6.780217170715332
-4.234457492828369
-2.021591901779175
12.961224555969238
4.791283130645752
-5.4410014152526855
-5.301032543182373
5.578666687011719
5.492143630981445
5.904661178588867
0.31118321418762207
3.5178332328796387
-7.478667259216309
-2.764084577560425
-1.8710150718688965
13.095444679260254
4.795175552368164
-5.125545501708984
-4.4772443771362305
7.815455436706543
6.128172397613525
5.348878860473633
-0.9170879125595093
2.7118630409240723
-7.884328842163086
-1.4068297147750854
-1.6970118284225464
12.979623794555664
4.670604705810547
-4.540279388427734
-3.630007266998291
9.872611045837402
6.25120210647583
4.712646484375
-2.104987382888794
2.3080520629882812
-8.029232025146484
-0.20980405807495117
-1.4820148944854736
12.763166427612305
4.413567543029785
-3.806709051132202
-2.8042306900024414
11.716404914855957
5.947747707366943
4.06258487701416
-3.2137649059295654
2.2203774452209473
-7.964540958404541
0.7985332012176514
-1.244543433189392
12.703583717346191
3.9715676307678223
-2.8657748699188232
-2.0899899005889893
13.165365219116211
5.401539325714111
3.4349045753479004
-4.217331886291504
2.389509439468384
-7.7079010009765625
1.6406874656677246
-1.0421583652496338
12.76491641998291
3.3391878604888916
-1.671637773513794
-1.5428895950317383
14.014829635620117
4.743274688720703
2.8566484451293945
-5.102245330810547
2.84259033203125
-7.2581658363342285
2.3673739433288574
-0.8993040323257446
12.883245468139648
2.5594561100006104
-0.37717974185943604
-1.1486434936523438
14.468537330627441
3.984769821166992
2.354278087615967
-5.87945032119751
3.6340999603271484
-6.597748756408691
3.0113096237182617
-0.8327865600585938
13.079351425170898
1.6559240818023682
0.9183425903320312
-0.8975837826728821
14.648675918579102
3.110795497894287
1.9600493907928467
-6.547755718231201
4.8271613121032715
-5.731688022613525
3.650190591812134
-0.8795719742774963
13.285080909729004
0.6843361258506775
2.136510133743286
-0.7942691445350647
14.695528984069824
2.138817548751831
1.7186684608459473
-7.071234703063965
6.413210391998291
-4.685999870300293
4.29447078704834
-1.0541267395019531
13.510568618774414
-0.31797534227371216
3.258636474609375
-0.8302356600761414
14.701031684875488
1.0856807231903076
1.6760282516479492
-7.417294502258301
8.278973579406738
-3.507848024368286
4.896205902099609
-1.3515048027038574
14.150915145874023
-1.2439160346984863
4.252058029174805
-0.9952306151390076
14.942549705505371
0.017537713050842285
1.8509831428527832
-7.56763219833374
10.32129955291748
-2.2230310440063477
5.571730136871338
-1.8278987407684326
15.095293045043945
-1.9146344661712646
5.075987815856934
-1.2890243530273438
15.708853721618652
-0.9480729103088379
2.3086793422698975
-7.5442376136779785
12.382701873779297
-1.3196310997009277
6.4670491218566895
-2.42335844039917
16.330751419067383
-2.404869318008423
5.977392196655273
-1.7538878917694092
16.819908142089844
-1.7147430181503296
2.938174247741699
-7.385066032409668
14.554671287536621
-0.7395395040512085
7.428432941436768
-3.0944814682006836
17.759754180908203
-2.7949230670928955
6.973638534545898
-2.360117197036743
18.210494995117188
-2.338926315307617
3.7562060356140137
-7.204579830169678
16.86392593383789
-0.33598676323890686
8.43379020690918
-3.811422348022461
19.431400299072266
-3.106166362762451
8.034509658813477
-3.0740158557891846
19.871498107910156
-2.8416659832000732
4.74205207824707
-7.048059940338135
19.296642303466797
-0.07958802580833435
9.497138977050781
-4.561356544494629
21.360782623291016
-3.3468379974365234
9.16331958770752
-3.860741138458252
21.805076599121094
-3.245534658432007
5.874330043792725
-6.931455612182617
21.80902099609375
0.04874777793884277
10.637304306030273
-5.3415937423706055
23.54401397705078
-3.520677089691162
10.376543998718262
-4.7041778564453125
24.00833511352539
-3.5614356994628906
7.116114616394043
-6.859384536743164
24.3967227935791
0.051990166306495667
11.867484092712402
-6.148181915283203
25.983062744140625
-3.633582830429077
11.690543174743652
-5.595511436462402
26.467124938964844
-3.793116569519043
8.453369140625
-6.847160816192627
27.109403610229492
-0.07927721738815308
13.199910163879395
-6.975532054901123
28.689167022705078
-3.6972453594207764
13.118499755859375
-6.524874687194824
29.174774169921875
-3.944922924041748
9.902192115783691
-6.926625728607178
29.970998764038086
-0.3314383327960968
