2
3
8.830399513244629
-9.55466365814209
-5.390880107879639
-9.503108024597168
6.779788970947266
-7.384283065795898
-0.5943856239318848
-7.054855823516846
7.052799224853516
-4.843962669372559
8.525808334350586
8.658530235290527
8.512943267822266
-9.768937110900879
-6.09023380279541
-10.057222366333008
6.873623371124268
-7.687733173370361
-0.5633206367492676
-7.602499485015869
7.628433704376221
-4.625855445861816
9.2665376663208
8.653777122497559
8.207465171813965
-9.97200870513916
-6.7517523765563965
-10.652654647827148
6.985930442810059
-7.961981296539307
-0.5284949541091919
-8.162933349609375
8.18524169921875
-4.4325852394104
9.967473030090332
8.548824310302734
7.931663513183594
-10.1538724899292
-7.3952765464782715
-11.305301666259766
7.118438243865967
-8.21879768371582
-0.48080089688301086
-8.75169849395752
8.73342514038086
-4.255255699157715
10.664176940917969
8.402653694152832
7.67896032333374
-10.33047866821289
-8.013557434082031
-12.020686149597168
7.273290634155273
-8.469212532043457
-0.414796382188797
-9.374289512634277
9.280881881713867
-4.09242582321167
11.37575912475586
8.268678665161133
7.44534969329834
-10.504511833190918
-8.61232852935791
-12.798995018005371
7.45103645324707
-8.720586776733398
-0.3298068344593048
-10.033864974975586
9.818843841552734
-3.956526279449463
12.076069831848145
8.122590065002441
7.22503662109375
-10.68106460571289
-9.202719688415527
-13.65330982208252
7.6502180099487305
-8.978323936462402
-0.2286660224199295
-10.73385238647461
10.345370292663574
-3.850341558456421
12.752850532531738
7.933964252471924
7.013038635253906
-10.882854461669922
-9.788762092590332
-14.60737133026123
7.869259357452393
-9.244973182678223
-0.11606970429420471
-11.475500106811523
10.8639554977417
-3.7723255157470703
13.405630111694336
7.691688060760498
6.808783054351807
-11.121903419494629
-10.369007110595703
-15.674501419067383
8.105634689331055
-9.523430824279785
0.002178385853767395
-12.262496948242188
11.374789237976074
-3.7241110801696777
14.03126049041748
7.388801097869873
6.613500595092773
-11.401909828186035
-10.942869186401367
-16.862258911132812
8.355428695678711
-9.815996170043945
0.11574338376522064
-13.098572731018066
11.878334045410156
-3.7073488235473633
14.627537727355957
7.025737762451172
6.428431510925293
-11.724095344543457
-11.510368347167969
-18.176259994506836
8.616310119628906
-10.12529468536377
0.2194337248802185
-13.987826347351074
12.382229804992676
-3.721430540084839
15.206464767456055
6.609996318817139
6.252999782562256
-12.089008331298828
-12.07823657989502
-19.63433265686035
8.887897491455078
-10.453776359558105
0.31274282932281494
-14.934344291687012
12.885354995727539
-3.7683963775634766
15.767539978027344
6.131734848022461
6.088463306427002
-12.491182327270508
-12.646384239196777
-21.24136734008789
9.170293807983398
-10.80372142791748
0.39658963680267334
-15.942148208618164
13.389632225036621
-3.8505725860595703
16.314090728759766
5.588590621948242
5.93824577331543
-12.934133529663086
-13.21522045135498
-23.00128173828125
9.462674140930176
-11.17686653137207
0.4683111310005188
-17.014135360717773
13.900693893432617
-3.970412015914917
16.853071212768555
4.985060214996338
5.805868625640869
-13.421205520629883
-13.780117988586426
-24.91408920288086
9.764871597290039
-11.575431823730469
0.5277916193008423
-18.15491485595703
14.43503189086914
-4.131036281585693
17.401941299438477
4.345415115356445
5.69767427444458
-13.952431678771973
-14.333598136901855
-26.97570037841797
10.077457427978516
-12.001858711242676
0.5762745141983032
-19.369958877563477
14.99251651763916
-4.3303070068359375
17.94993782043457
3.685901165008545
5.624950885772705
-14.521831512451172
-14.865631103515625
-29.173248291015625
10.401060104370117
-12.458619117736816
0.6153273582458496
-20.66497039794922
15.54568099975586
-4.57024621963501
18.4445858001709
2.977729320526123
5.603633403778076
-15.116771697998047
-15.365731239318848
-31.490266799926758
10.735234260559082
-12.94846248626709
0.6452075242996216
-22.045618057250977
16.075883865356445
-4.8626909255981445
18.856447219848633
2.1977875232696533
5.616074562072754
-15.754556655883789
-15.858671188354492
-33.96419906616211
11.079007148742676
-13.474725723266602
0.6658838987350464
-23.51801300048828
16.59693717956543
-5.197022914886475
19.218793869018555
1.3325316905975342
5.660492420196533
-16.436857223510742
-16.34261131286621
-36.589149475097656
11.431792259216309
-14.0403413772583
0.6775068640708923
-25.088449478149414
17.106470108032227
-5.584044456481934
19.55804443359375
0.3857141137123108
