2
3
-5.40654993057251
3.2674436569213867
-8.318140983581543
-5.483659267425537
-10.523402214050293
8.834098815917969
-4.127080917358398
3.400362014770508
-8.7111177444458
-6.538876056671143
-6.966442108154297
2.9603519439697266
-6.248760223388672
2.3068151473999023
-9.149250030517578
-5.707668781280518
-10.262665748596191
8.466571807861328
-3.7644495964050293
0.8592743873596191
-8.809281349182129
-5.285338401794434
-7.6610822677612305
4.407089710235596
-7.192339897155762
1.6082682609558105
-9.765544891357422
-5.855487823486328
-9.954864501953125
7.867521286010742
-3.5178520679473877
-1.457115888595581
-9.066679000854492
-3.886676788330078
-8.586981773376465
5.342390060424805
-8.129218101501465
1.0017735958099365
-10.188286781311035
-5.683681488037109
-9.545004844665527
7.077398777008057
-3.570282220840454
-3.457476854324341
-9.458415031433105
-2.419710159301758
-9.551698684692383
5.854022026062012
-8.972060203552246
0.38990432024002075
-10.564216613769531
-5.138675689697266
-9.064876556396484
6.103455543518066
-4.136980056762695
-4.9733991622924805
-9.978031158447266
-0.9054926633834839
-10.37308120727539
5.820629596710205
-9.710878372192383
-0.13655906915664673
-11.03073501586914
-4.389266014099121
-8.682649612426758
4.992249965667725
-5.264878273010254
-5.923874855041504
-10.601131439208984
0.567360520362854
-10.971610069274902
5.194765090942383
-10.24145793914795
-0.45672065019607544
-11.563753128051758
-3.6054437160491943
-8.430161476135254
3.7927474975585938
-6.889547348022461
-6.302526950836182
-11.30169677734375
1.9301246404647827
-11.15371036529541
3.922569513320923
-10.78559398651123
-0.5905324816703796
-12.181251525878906
-2.8069262504577637
-8.407308578491211
2.6227049827575684
-8.951248168945312
-6.1511616706848145
-11.905051231384277
2.9912819862365723
-11.27049732208252
2.363741397857666
-11.345391273498535
-0.5354134440422058
-12.879223823547363
-2.1552600860595703
-8.744159698486328
1.6186189651489258
-11.203415870666504
-5.628832817077637
-12.371269226074219
3.7027645111083984
-11.497333526611328
0.6620545387268066
-11.89561653137207
-0.3102513551712036
-13.71847915649414
-1.7699140310287476
-9.464041709899902
0.8696872591972351
-13.439446449279785
-4.933755874633789
-12.68045425415039
4.024944305419922
-12.042166709899902
-0.9259536266326904
-12.500017166137695
0.04806843400001526
-14.829619407653809
-1.9390687942504883
-10.50424861907959
0.3766471743583679
-15.527112007141113
-4.253812789916992
-12.893760681152344
4.063510417938232
-13.230422019958496
-2.1934945583343506
-13.169252395629883
0.41917648911476135
-16.41238021850586
-2.330314874649048
-11.685449600219727
0.14490348100662231
-17.463726043701172
-3.642266273498535
-13.182767868041992
3.8406059741973877
-14.907092094421387
-3.097900629043579
-13.930912971496582
0.693313717842102
-18.323970794677734
-2.747399091720581
-12.944290161132812
0.12501920759677887
-19.413658142089844
-3.2832677364349365
-13.704217910766602
3.4685261249542236
-17.037372589111328
-3.666701555252075
-14.845243453979492
0.8719191551208496
-20.576425552368164
-3.1323931217193604
-14.240888595581055
0.2408091425895691
-21.515472412109375
-3.23616099357605
-14.505029678344727
3.0636277198791504
-19.60249900817871
-4.033534049987793
-15.901673316955566
0.9769512414932251
-23.202545166015625
-3.4968101978302
-15.57971477508545
0.4003064036369324
-23.901432037353516
-3.401270627975464
-15.544600486755371
2.6787655353546143
-22.595382690429688
-4.278812408447266
-17.129350662231445
1.0284873247146606
-26.267030715942383
-3.837859630584717
-16.998031616210938
0.54671311378479
-26.706314086914062
-3.6979360580444336
-16.82096290588379
2.3432445526123047
-26.000640869140625
-4.449921607971191
-18.56406593322754
1.0494728088378906
-29.86250877380371
-4.160131931304932
-18.54257583618164
0.6574503779411316
-30.064781188964844
-4.055400371551514
-18.33131980895996
2.0636582374572754
-29.822921752929688
-4.578288555145264
-20.24152374267578
1.0567681789398193
-34.06755447387695
-4.475316524505615
-20.269145965576172
0.7349045276641846
-34.110191345214844
-4.416162490844727
-20.071516036987305
1.8452380895614624
-34.11921691894531
-4.710876941680908
-22.179800033569336
1.0537137985229492
-38.94305419921875
-4.787289619445801
-22.227983474731445
0.7871747612953186
-38.930686950683594
-4.7516279220581055
-22.02753448486328
1.6767282485961914
-38.96539306640625
-4.900203227996826
-24.38200569152832
1.0406171083450317
-44.55400466918945
-5.091193199157715
-24.417875289916992
0.8117023706436157
-44.523345947265625
-5.069613933563232
-24.213632583618164
1.5482691526412964
-44.51321029663086
-5.146631717681885
