2
3
-8.409887313842773
-3.746915102005005
4.688776016235352
-0.5338237881660461
3.718867540359497
-2.2711706161499023
7.381032943725586
5.318152904510498
-0.18687978386878967
0.25337669253349304
-3.1929478645324707
-0.8082605600357056
-7.368002891540527
-3.6013846397399902
6.370462417602539
-0.08027768135070801
3.496619462966919
-1.9825806617736816
6.683193206787109
5.591737747192383
-0.4214803874492645
-0.08720347285270691
-3.860576629638672
-1.355875849723816
-6.389665126800537
-3.4436194896698
7.967285633087158
0.37074393033981323
3.2918455600738525
-1.6734038591384888
6.07330846786499
5.844172954559326
-0.6229059100151062
-0.376983106136322
-4.423079967498779
-1.837086796760559
-5.469658374786377
-3.2795145511627197
9.480632781982422
0.8127918243408203
3.1271190643310547
-1.3366496562957764
5.603603363037109
6.0722246170043945
-0.7852411270141602
-0.620071291923523
-4.887313365936279
-2.251323699951172
-4.567277908325195
-3.1269171237945557
10.959178924560547
1.2589513063430786
2.98454213142395
-0.9944695234298706
5.1974639892578125
6.247200965881348
-0.9149272441864014
-0.8222185373306274
-5.279974460601807
-2.6035327911376953
-3.630721092224121
-2.9618334770202637
12.451284408569336
1.7378184795379639
2.8625926971435547
-0.6644237041473389
4.838949680328369
6.386841297149658
-1.0284091234207153
-0.9935457706451416
-5.6471991539001465
-2.9179670810699463
-2.6489663124084473
-2.77091646194458
13.964310646057129
2.2483325004577637
2.7648918628692627
-0.3541630804538727
4.535195350646973
6.503416538238525
-1.1430469751358032
-1.1463751792907715
-6.0151777267456055
-3.2175962924957275
-1.6254806518554688
-2.555126667022705
15.491201400756836
2.7817163467407227
2.6984007358551025
-0.06406360864639282
4.297909259796143
6.6063618659973145
-1.2522233724594116
-1.282768964767456
-6.368694305419922
-3.5111141204833984
-0.5691977739334106
-2.319840669631958
17.02178955078125
3.337177276611328
2.6688971519470215
0.21660387516021729
4.128022193908691
6.710482120513916
-1.349550485610962
-1.4045007228851318
-6.6895856857299805
-3.793193817138672
0.4927157163619995
-2.0678939819335938
18.50287437438965
3.9104368686676025
2.6689889430999756
0.4900074303150177
4.001665115356445
6.817772388458252
-1.4384315013885498
-1.5128902196884155
-6.986790657043457
-4.070217132568359
1.524927020072937
-1.801320195198059
19.860605239868164
4.481143474578857
2.685791015625
0.7520800828933716
3.8970468044281006
6.918654441833496
-1.5084189176559448
-1.613079309463501
-7.229118824005127
-4.329288959503174
2.518953323364258
-1.5326764583587646
21.126758575439453
5.0418596267700195
2.714733123779297
0.9906659722328186
3.7979819774627686
6.9875874519348145
-1.5514216423034668
-1.7085202932357788
-7.423203468322754
-4.566114902496338
3.500542163848877
-1.2535548210144043
22.326087951660156
5.599651336669922
2.7579658031463623
1.2029293775558472
3.7080061435699463
7.029351234436035
-1.571905255317688
-1.808698058128357
-7.588996887207031
-4.792259693145752
4.478635787963867
-0.9598453044891357
23.459125518798828
6.153859615325928
2.8131330013275146
1.3917970657348633
3.6322073936462402
7.058522701263428
-1.5647282600402832
-1.9206435680389404
-7.710278034210205
-5.002468109130859
5.439151287078857
-0.6462789177894592
24.475021362304688
6.677465915679932
2.882601737976074
1.5575673580169678
3.585441827774048
7.086872577667236
-1.5204824209213257
-2.0360472202301025
-7.768371105194092
-5.19309663772583
6.378725051879883
-0.31893545389175415
25.406627655029297
7.167789936065674
2.9706058502197266
1.7019730806350708
3.5903520584106445
7.127407550811768
-1.4352246522903442
-2.144725799560547
-7.761802673339844
-5.360841751098633
7.306915760040283
0.015667498111724854
26.279125213623047
7.633054733276367
3.07788348197937
1.8290728330612183
3.6329851150512695
7.171167373657227
-1.3100885152816772
-2.2397990226745605
-7.695956707000732
-5.504661560058594
8.2344388961792
0.35323649644851685
27.108610153198242
8.081929206848145
3.2094674110412598
1.9376139640808105
3.7227182388305664
7.22280740737915
-1.1413246393203735
-2.317925453186035
-7.5680952072143555
-5.625566482543945
9.156957626342773
0.6930721998214722
27.893335342407227
8.50526237487793
3.368746757507324
2.0253326892852783
3.8649609088897705
7.284634590148926
-0.9272547960281372
-2.3789286613464355
-7.377121448516846
-5.726224422454834
10.065896034240723
1.0339624881744385
28.624267578125
8.88530158996582
3.5575995445251465
2.095541000366211
4.062964916229248
7.3611602783203125
-0.6676946878433228
-2.4238128662109375
-7.121299743652344
-5.810491561889648
