2
3
4.259170055389404
4.49095344543457
-0.9023866653442383
-3.8820762634277344
-1.7742156982421875
-1.4745283126831055
-7.930610179901123
-4.0480852127075195
-2.3549022674560547
5.344318866729736
3.7978103160858154
-2.8973207473754883
3.801745891571045
4.246075630187988
-2.387566089630127
-4.530611515045166
-2.752269744873047
-1.291447401046753
-6.866771697998047
-2.8058249950408936
-1.3056082725524902
4.835898399353027
3.665273427963257
-4.0405707359313965
3.187558650970459
3.9353199005126953
-3.443060874938965
-5.039051055908203
-3.5006117820739746
-0.8013050556182861
-5.479611396789551
-2.1303229331970215
-0.29767417907714844
4.179287433624268
3.1563267707824707
-4.965141773223877
2.410057544708252
3.606621742248535
-3.980100154876709
-5.4633402824401855
-3.9662742614746094
-0.19707775115966797
-4.102286338806152
-2.0647737979888916
0.5781965255737305
3.4570422172546387
2.36199688911438
-5.633284091949463
1.6018637418746948
3.2453081607818604
-4.2098002433776855
-5.860208511352539
-4.152711391448975
0.3459892272949219
-2.816467523574829
-2.4698894023895264
1.2892074584960938
2.7156198024749756
1.1732559204101562
-6.039987564086914
0.8503565192222595
2.822859764099121
-4.340023040771484
-6.281285285949707
-4.100914478302002
0.7537060976028442
-1.6280999183654785
-3.16787052154541
1.7290921211242676
1.9979405403137207
-0.3248182535171509
-6.184237480163574
0.13721132278442383
2.3642327785491943
-4.264825344085693
-6.776153564453125
-3.8337888717651367
0.9708287715911865
-0.6514951586723328
-3.978215456008911
1.7772505283355713
1.4231176376342773
-1.733547329902649
-6.246273517608643
-0.5356330871582031
1.8732417821884155
-4.067938327789307
-7.281579494476318
-3.4395220279693604
0.9772900938987732
0.1168907880783081
-4.7591705322265625
1.4381110668182373
1.0308170318603516
-2.713719367980957
-6.515308856964111
-1.1768336296081543
1.3713841438293457
-3.7573866844177246
-7.791528224945068
-3.004887342453003
0.8183921575546265
0.6704236268997192
-5.522206783294678
0.8597606420516968
0.7452326416969299
-3.335019111633301
-6.914340972900391
-1.7407734394073486
0.8831682205200195
-3.3649966716766357
-8.355164527893066
-2.543637275695801
0.5351116061210632
0.9839228987693787
-6.297203540802002
0.1549714207649231
0.5150666236877441
-3.6120643615722656
-7.438733100891113
-2.2107105255126953
0.3771892189979553
-2.9112820625305176
-8.969986915588379
-2.103806972503662
0.14782822132110596
1.0433952808380127
-7.123063087463379
-0.5931121706962585
0.25627046823501587
-3.594224214553833
-8.0679931640625
-2.5890188217163086
-0.16508746147155762
-2.4304709434509277
-9.656764030456543
-1.7360695600509644
-0.32940730452537537
0.9022696018218994
-8.032837867736816
-1.328314185142517
-0.06189441680908203
-3.3198299407958984
-8.812623023986816
-2.8784830570220947
-0.7599055767059326
-1.9601800441741943
-10.434433937072754
-1.4785393476486206
-0.8776357173919678
0.652370810508728
-9.063246726989746
-2.0029172897338867
-0.45823681354522705
-2.8574116230010986
-9.696356773376465
-3.0998642444610596
-1.4270825386047363
-1.5222489833831787
-11.323379516601562
-1.3536782264709473
-1.4714126586914062
0.389785498380661
-10.291586875915527
-2.5801844596862793
-0.954012930393219
-2.2901782989501953
-10.749016761779785
-3.2945797443389893
-2.1714301109313965
-1.0747689008712769
-12.379215240478516
-1.3565882444381714
-2.1285932064056396
0.1907459795475006
-11.737277030944824
-3.0298824310302734
-1.5793697834014893
-1.7010650634765625
-11.970130920410156
-3.4750351905822754
-3.000969886779785
-0.5736680030822754
-13.659156799316406
-1.4558687210083008
-2.876922607421875
0.08712857961654663
-13.357185363769531
-3.3782451152801514
-2.3475425243377686
-1.1005780696868896
-13.358833312988281
-3.633850574493408
-3.9289515018463135
0.0011740922927856445
-15.228828430175781
-1.6222755908966064
-3.7404632568359375
0.1088450700044632
-15.115394592285156
-3.6528661251068115
-3.247753143310547
-0.44867366552352905
-14.995004653930664
-3.7618656158447266
-4.964990615844727
0.6391808986663818
-17.122133255004883
-1.8360137939453125
-4.733838081359863
0.2944164276123047
-17.030406951904297
-3.866116523742676
-4.265167236328125
0.2566602826118469
-16.93225860595703
-3.8502705097198486
-6.126547813415527
1.3454769849777222
-19.352712631225586
-2.073915958404541
-5.862790584564209
0.6639828085899353
-19.1792049407959
-4.021823406219482
-5.415992736816406
1.0303541421890259
-19.189699172973633
-3.8892555236816406
-7.435973644256592
2.137890338897705
-21.941930770874023
-2.3159608840942383
-7.127720355987549
1.225334644317627
-21.660539627075195
-4.116565704345703
-6.719779968261719
1.8930683135986328
-21.803001403808594
