2
3
-6.344764232635498
7.938398361206055
-2.654005527496338
9.721412658691406
-7.601505279541016
3.744110584259033
7.753728866577148
-4.090640068054199
7.235720157623291
-2.8667454719543457
-2.4429666996002197
-7.008446216583252
-5.779679298400879
7.634270668029785
-1.9653695821762085
9.702004432678223
-6.664364814758301
3.436316967010498
9.272693634033203
-4.127504348754883
6.246696472167969
-2.571094274520874
-4.364990234375
-6.475340366363525
-5.23662805557251
7.371476173400879
-1.311528205871582
9.699978828430176
-5.799675941467285
3.1595053672790527
10.644216537475586
-4.12945556640625
5.240119934082031
-2.2353110313415527
-6.190922260284424
-5.964634895324707
-4.729554176330566
7.185230255126953
-0.7550737261772156
9.757479667663574
-5.006613254547119
2.9264743328094482
11.88176155090332
-4.092620372772217
4.255538463592529
-1.885533332824707
-7.889334678649902
-5.495598793029785
-4.2650465965271
7.066707134246826
-0.28593868017196655
9.843910217285156
-4.219303131103516
2.732130765914917
13.095174789428711
-3.994586706161499
3.3170204162597656
-1.5580300092697144
-9.474321365356445
-5.0944318771362305
-3.821648120880127
6.988154411315918
0.14557141065597534
9.929479598999023
-3.4134416580200195
2.5568342208862305
14.31938648223877
-3.843459367752075
2.4241838455200195
-1.2493680715560913
-10.968854904174805
-4.751614570617676
-3.4015796184539795
6.945950031280518
0.5441408753395081
10.005454063415527
-2.5869810581207275
2.406508445739746
15.561994552612305
-3.641465187072754
1.5483676195144653
-0.97796630859375
-12.453977584838867
-4.516717910766602
-3.015836715698242
6.943806171417236
0.9084842801094055
10.064360618591309
-1.737933874130249
2.284170627593994
16.820161819458008
-3.389070987701416
0.6598461866378784
-0.7540947198867798
-14.020406723022461
-4.407813549041748
-2.6789028644561768
7.006112575531006
1.2155897617340088
10.080379486083984
-0.8606512546539307
2.1902577877044678
18.082809448242188
-3.0919718742370605
-0.22348427772521973
-0.5737083554267883
-15.623226165771484
-4.369385242462158
-2.378788709640503
7.104589939117432
1.4698113203048706
10.052542686462402
0.03267037868499756
2.128969669342041
19.29349708557129
-2.768211603164673
-1.0700050592422485
-0.3893968462944031
-17.22654151916504
-4.328526496887207
-2.1110193729400635
7.216333866119385
1.6880089044570923
10.001452445983887
0.9414315223693848
2.0969271659851074
20.44612693786621
-2.4368083477020264
-1.8701393604278564
-0.19861426949501038
-18.789939880371094
-4.27169942855835
-1.86061692237854
7.325516700744629
1.9014660120010376
9.952969551086426
1.8621832132339478
2.100189447402954
21.50705909729004
-2.1089141368865967
-2.5771048069000244
-0.010742664337158203
-20.23375129699707
-4.163557529449463
-1.6052254438400269
7.419754505157471
2.132546901702881
9.918658256530762
2.774994373321533
2.1384024620056152
22.442087173461914
-1.7812501192092896
-3.2091407775878906
0.15231847763061523
-21.59415054321289
-4.03079080581665
-1.3389400243759155
7.4930219650268555
2.379995107650757
9.886066436767578
3.681203842163086
2.198380470275879
23.289199829101562
-1.4451265335083008
-3.7802019119262695
0.2838481366634369
-22.94536781311035
-3.893423557281494
-1.0640504360198975
7.5418314933776855
2.639068841934204
9.846954345703125
4.561120510101318
2.269557237625122
24.019132614135742
-1.1153745651245117
-4.3174638748168945
0.3791193664073944
-24.328115463256836
-3.7392067909240723
-0.7886706590652466
7.563090801239014
2.8971080780029297
9.788634300231934
5.404325485229492
2.349058151245117
24.630321502685547
-0.7932682037353516
-4.831422805786133
0.4064429998397827
-25.877534866333008
-3.58463191986084
-0.5234905481338501
7.553770065307617
3.137927770614624
9.698284149169922
6.207084655761719
2.4290225505828857
25.12143325805664
-0.48544901609420776
-5.322078227996826
0.3976961374282837
-27.552961349487305
-3.418381929397583
-0.26907384395599365
7.521646976470947
3.355271100997925
9.582996368408203
6.962615966796875
2.504138469696045
25.488380432128906
-0.19700121879577637
-5.803071022033691
0.3830915689468384
-29.319063186645508
-3.2383642196655273
-0.0265006422996521
7.473140716552734
3.5431301593780518
9.451186180114746
7.661834716796875
2.5763814449310303
25.73000717163086
0.06937718391418457
-6.279346466064453
0.3704054653644562
-31.161056518554688
-3.0403928756713867
0.18970903754234314
7.403414249420166
3.677503824234009
9.294297218322754
8.290128707885742
2.6544134616851807
25.832216262817383
0.2971106171607971
-6.754112243652344
0.3618093729019165
-33.07483673095703
-2.821260929107666
