2
3
-4.519845008850098
-6.525107383728027
6.515256881713867
3.030683994293213
7.242167949676514
-3.1170923709869385
-3.094409942626953
9.972084045410156
8.990471839904785
-2.8806231021881104
5.301905632019043
2.115072011947632
-3.303323984146118
-6.187842845916748
8.47539234161377
3.764887809753418
6.642621040344238
-2.835453987121582
-4.213387489318848
10.284309387207031
8.645401954650879
-2.942659854888916
4.27301025390625
1.9183467626571655
-2.157536029815674
-5.847992897033691
10.357427597045898
4.494627952575684
6.137246131896973
-2.5411605834960938
-5.133600234985352
10.709090232849121
8.288246154785156
-2.9853084087371826
3.3102266788482666
1.7377822399139404
-1.0653061866760254
-5.479051113128662
12.162877082824707
5.236029624938965
5.704158306121826
-2.239283561706543
-5.925600528717041
11.251213073730469
7.921652793884277
-3.0068511962890625
2.4181904792785645
1.574749231338501
0.049042701721191406
-5.0561418533325195
13.967845916748047
6.0217390060424805
5.2966837882995605
-1.9429911375045776
-6.6820502281188965
11.837573051452637
7.546405792236328
-3.011918067932129
1.5880327224731445
1.4366092681884766
1.1964924335479736
-4.593054294586182
15.777215003967285
6.859251976013184
4.91184139251709
-1.641708254814148
-7.413658618927002
12.473624229431152
7.169278621673584
-3.0031161308288574
0.8207937479019165
1.3367255926132202
2.3658907413482666
-4.098051071166992
17.56346893310547
7.7534565925598145
4.55233907699585
-1.3237996101379395
-8.121174812316895
13.178485870361328
6.81453800201416
-2.9700403213500977
0.14063191413879395
1.2974717617034912
3.550826072692871
-3.5712976455688477
19.30965805053711
8.710189819335938
4.2281575202941895
-0.9880837202072144
-8.804380416870117
13.958803176879883
6.499720096588135
-2.9051287174224854
-0.4288291931152344
1.3413667678833008
4.740318775177002
-3.0121004581451416
20.992040634155273
9.726676940917969
3.9362149238586426
-0.6247201561927795
-9.4642333984375
14.82275676727295
6.23685359954834
-2.7929227352142334
-0.8825019598007202
1.4899969100952148
5.90852165222168
-2.422126293182373
22.573205947875977
10.786076545715332
3.6573925018310547
-0.21805435419082642
-10.121551513671875
15.793392181396484
6.016948699951172
-2.634695053100586
-1.259474515914917
1.7330313920974731
7.011557102203369
-1.7983229160308838
23.962024688720703
11.818144798278809
3.399785041809082
0.20724058151245117
-10.7421236038208
16.826858520507812
5.827382564544678
-2.429800510406494
-1.588020920753479
2.064169406890869
8.034147262573242
-1.151149034500122
25.113483428955078
12.770784378051758
3.174041748046875
0.6642496585845947
-11.324576377868652
17.942731857299805
5.683401107788086
-2.1907386779785156
-1.8639352321624756
2.4645285606384277
9.011468887329102
-0.47933828830718994
26.132612228393555
13.687494277954102
2.9761571884155273
1.1602506637573242
-11.872126579284668
19.151033401489258
5.5817790031433105
-1.91513991355896
-2.0879576206207275
2.9325857162475586
9.969484329223633
0.21721720695495605
27.067739486694336
14.601214408874512
2.797961473464966
1.6990461349487305
-12.385663986206055
20.45697021484375
5.533289432525635
-1.5971918106079102
-2.2418174743652344
3.467121124267578
10.903168678283691
0.9387364983558655
27.917194366455078
15.50582504272461
2.639291763305664
2.281522274017334
-12.857812881469727
21.861770629882812
5.542108535766602
-1.2378218173980713
-2.3207247257232666
4.073591709136963
11.813859939575195
1.687725305557251
28.6872615814209
16.399837493896484
2.508896589279175
2.9020016193389893
-13.272971153259277
23.353763580322266
5.604923725128174
-0.8395260572433472
-2.322971820831299
4.757755756378174
12.7216215133667
2.4699387550354004
29.4173583984375
17.284215927124023
2.412722110748291
3.5526750087738037
-13.613323211669922
24.914854049682617
5.7109880447387695
-0.4003119170665741
-2.258237361907959
5.524240493774414
13.651113510131836
3.2800629138946533
30.154285430908203
18.177236557006836
2.353227138519287
4.232933521270752
-13.868071556091309
26.54266357421875
5.851688385009766
0.08237841725349426
-2.1387643814086914
6.376452922821045
14.604161262512207
4.125192642211914
30.880605697631836
19.052892684936523
2.3262956142425537
4.959734916687012
-14.061707496643066
28.262691497802734
6.021461486816406
0.6085777282714844
-1.970862627029419
7.3179802894592285
15.578857421875
5.002798080444336
31.591135025024414
19.91129493713379
2.333193063735962
5.735984802246094
-14.192681312561035
30.077207565307617
6.210939884185791
1.181102991104126
-1.764410138130188
8.35443115234375
