2
3
-0.43734312057495117
4.379276275634766
6.5917253494262695
-9.000225067138672
1.0844060182571411
2.165881395339966
-9.348623275756836
-5.997664451599121
2.1250152587890625
6.122849464416504
2.210773229598999
0.5491745471954346
1.0572576522827148
3.0464537143707275
6.411417484283447
-9.009719848632812
-0.33870387077331543
2.223113775253296
-8.399153709411621
-5.8151936531066895
2.1659786701202393
6.6649580001831055
1.6996091604232788
-1.0428270101547241
2.489804267883301
1.8148419857025146
5.600522994995117
-8.637051582336426
-1.5433675050735474
2.303004503250122
-6.856880187988281
-5.8626389503479
2.1559367179870605
6.965816497802734
1.255981683731079
-2.8988335132598877
3.7077255249023438
0.8152890205383301
4.136972427368164
-8.101205825805664
-2.444981098175049
2.3324389457702637
-4.8190717697143555
-6.158196926116943
2.118748664855957
6.992335796356201
0.965243935585022
-4.853354454040527
4.495876789093018
0.13814431428909302
2.394498825073242
-7.572702407836914
-2.994109630584717
2.2442917823791504
-2.5716214179992676
-6.646032810211182
2.0702383518218994
6.698850154876709
0.9621953964233398
-6.631810188293457
4.714804649353027
-0.15919220447540283
0.8876368999481201
-7.4695329666137695
-3.1357314586639404
2.013303756713867
-0.46251416206359863
-7.293201923370361
2.107200860977173
6.036505699157715
1.0623023509979248
-8.021512985229492
4.513484001159668
-0.2535771131515503
-0.21971344947814941
-7.712534427642822
-2.929565668106079
1.672628402709961
1.2407662868499756
-8.07825756072998
2.1584632396698
5.102410793304443
1.23567533493042
-9.173295021057129
4.033552646636963
-0.2390419989824295
-0.9452646970748901
-8.15320110321045
-2.495631694793701
1.206723928451538
2.6984784603118896
-8.98716926574707
2.2692487239837646
4.070881366729736
1.4130014181137085
-10.225789070129395
3.424466371536255
-0.2403896600008011
-1.3023912906646729
-8.8043794631958
-1.906702995300293
0.5850149393081665
4.002287864685059
-9.9768705368042
2.3824517726898193
3.0042104721069336
1.5654761791229248
-11.2247896194458
2.741137981414795
-0.3134407103061676
-1.2640472650527954
-9.700836181640625
-1.1739017963409424
-0.1851356029510498
5.1465277671813965
-11.01743221282959
2.3826520442962646
2.006324291229248
1.7950823307037354
-12.286544799804688
2.0306408405303955
-0.5028554201126099
-0.7982692122459412
-10.8397798538208
-0.3298135995864868
-1.0728849172592163
6.108517169952393
-12.089027404785156
2.3204545974731445
1.0735355615615845
2.114236831665039
-13.462042808532715
1.3468437194824219
-0.8515061140060425
0.09168952703475952
-12.184926986694336
0.5865011811256409
-2.0597851276397705
6.885156631469727
-13.19955825805664
2.245779514312744
0.13327181339263916
2.5862762928009033
-14.748861312866211
0.7527943849563599
-1.3758602142333984
1.3456921577453613
-13.752409934997559
1.5155432224273682
-3.108250856399536
7.56105899810791
-14.441375732421875
2.1870009899139404
-0.8716906309127808
3.2575855255126953
-16.153255462646484
0.30109477043151855
-2.053097724914551
2.8970556259155273
-15.551752090454102
2.3912999629974365
-4.190149307250977
8.319015502929688
-15.946556091308594
2.1657063961029053
-1.9765385389328003
4.182416915893555
-17.712162017822266
0.024994105100631714
-2.8885231018066406
4.6944169998168945
-17.60635757446289
3.175875425338745
-5.301329135894775
9.313918113708496
-17.840782165527344
2.205686569213867
-3.226271152496338
5.406105995178223
-19.500139236450195
-0.018879853188991547
-3.9030098915100098
6.692729949951172
-19.959016799926758
3.9489073753356934
-6.482121467590332
10.453174591064453
-20.040836334228516
2.334709882736206
-4.619649410247803
6.931077003479004
-21.50229263305664
0.19779494404792786
-5.1335248947143555
8.800270080566406
-22.639219284057617
4.754249572753906
-7.7712931632995605
11.688165664672852
-22.492002487182617
2.589886426925659
-6.179018020629883
8.777634620666504
-23.771026611328125
0.6703323125839233
-6.657440185546875
11.093588829040527
-25.663637161254883
5.611652851104736
-9.209229469299316
13.031586647033691
-25.170459747314453
3.0471487045288086
-7.967191696166992
10.872339248657227
-26.40242576599121
1.402124285697937
-8.522407531738281
13.63740062713623
-28.978683471679688
6.52032470703125
-10.845662117004395
14.5746488571167
-28.087745666503906
3.7046241760253906
-9.955623626708984
13.23686408996582
-29.412471771240234
2.3351430892944336
-10.63159465789795
16.525264739990234
-32.661338806152344
7.469335556030273
-12.719244956970215
16.512516021728516
-31.29915428161621
4.533712387084961
-12.091899871826172
15.902297019958496
-32.81184768676758
