2
3
-4.422094821929932
-3.5372507572174072
2.0303287506103516
-1.9442048072814941
4.690204620361328
3.898751735687256
6.404470920562744
9.116122245788574
2.7410473823547363
-7.676907539367676
10.01812744140625
5.888278961181641
-3.547830104827881
-3.3414499759674072
3.316315174102783
-1.7255823612213135
4.814545154571533
3.769787311553955
6.097779273986816
8.283016204833984
2.8483030796051025
-6.867526054382324
10.12822437286377
7.200298309326172
-2.7102184295654297
-3.124807834625244
4.563436508178711
-1.4608711004257202
4.919598579406738
3.6360349655151367
5.80720853805542
7.488125324249268
3.0154638290405273
-6.054039001464844
10.317968368530273
8.472044944763184
-1.9146575927734375
-2.889085292816162
5.766006946563721
-1.1480263471603394
5.011092662811279
3.507249593734741
5.543595314025879
6.741491317749023
3.2616448402404785
-5.235662937164307
10.609000205993652
9.698223114013672
-1.1598782539367676
-2.639816999435425
6.930694580078125
-0.7792138457298279
5.094685077667236
3.3852288722991943
5.311277389526367
6.047402858734131
3.570770740509033
-4.40180778503418
11.021845817565918
10.888338088989258
-0.42275965213775635
-2.411731481552124
8.090579986572266
-0.35680320858955383
5.178017616271973
3.2730228900909424
5.121927261352539
5.41290807723999
3.9060728549957275
-3.5241475105285645
11.497160911560059
12.04438591003418
0.320681095123291
-2.2283687591552734
9.283585548400879
0.11325693130493164
5.265631675720215
3.173921585083008
4.986215114593506
4.843870162963867
4.303079605102539
-2.6081550121307373
12.062491416931152
13.141505241394043
1.0974080562591553
-2.062544584274292
10.543474197387695
0.6273089647293091
5.360552787780762
3.0889031887054443
4.9134745597839355
4.3437676429748535
4.739602565765381
-1.688726544380188
12.66129207611084
14.189606666564941
1.9110028743743896
-1.8673919439315796
11.845199584960938
1.2124606370925903
5.466944694519043
3.017080783843994
4.915553569793701
3.913410186767578
5.211636066436768
-0.7796730995178223
13.288752555847168
15.1829252243042
2.774726152420044
-1.6370221376419067
13.177902221679688
1.8595917224884033
5.600373268127441
2.958958864212036
5.01459264755249
3.5551490783691406
5.731463432312012
0.12949109077453613
13.971763610839844
16.14286994934082
3.7087888717651367
-1.3628861904144287
14.556239128112793
2.5493693351745605
5.778852939605713
2.917754888534546
5.230823040008545
3.267096996307373
6.309493064880371
1.0059611797332764
14.713494300842285
17.046615600585938
4.705234527587891
-1.0415680408477783
15.97805404663086
3.289360523223877
6.012587070465088
2.890887975692749
5.56859016418457
3.040895938873291
6.93698263168335
1.864302396774292
15.508620262145996
17.909589767456055
5.759815692901611
-0.6838853359222412
17.460586547851562
4.069174766540527
6.311104774475098
2.8776066303253174
6.037210941314697
2.8820090293884277
7.617592811584473
2.724419593811035
16.34125518798828
18.727500915527344
6.867846488952637
-0.2932851314544678
18.999919891357422
4.885783672332764
6.686765670776367
2.888127326965332
6.640128135681152
2.804253101348877
8.348764419555664
3.5746045112609863
17.202022552490234
19.45699119567871
8.014484405517578
0.13466089963912964
20.56301498413086
5.75623083114624
7.143211841583252
2.9298951625823975
7.36572265625
2.815412759780884
9.129883766174316
4.408480167388916
18.09457015991211
20.084354400634766
9.201471328735352
0.6017519235610962
22.15563201904297
6.688859462738037
7.677226543426514
3.0034265518188477
8.208148956298828
2.9226248264312744
9.967389106750488
5.235939979553223
19.039752960205078
20.652027130126953
10.42720890045166
1.110391616821289
23.775354385375977
7.684753894805908
8.294357299804688
3.1214170455932617
9.167530059814453
3.142852306365967
10.863521575927734
6.062211990356445
20.045469284057617
21.182863235473633
11.655326843261719
1.653740644454956
25.37148666381836
8.721658706665039
8.988661766052246
3.2867305278778076
10.227128982543945
3.470731019973755
11.816818237304688
6.8874921798706055
21.114551544189453
21.68787956237793
12.89326000213623
2.2300307750701904
26.957929611206055
9.798393249511719
9.759671211242676
3.502032995223999
11.388961791992188
3.9056806564331055
12.82713794708252
7.712594509124756
22.25335121154785
22.187301635742188
14.161226272583008
2.845787525177002
28.559961318969727
10.92237663269043
10.609686851501465
3.7695796489715576
12.6607666015625
4.448104381561279
13.895145416259766
8.537680625915527
23.46257781982422
22.69576644897461
