2
3
1.9976087808609009
-0.2681973874568939
-3.3547494411468506
6.448497772216797
7.032906532287598
1.9883556365966797
7.3396196365356445
-3.490928888320923
2.061140537261963
-1.9231886863708496
0.9024388194084167
10.45903205871582
2.0732836723327637
0.030355185270309448
-3.3723089694976807
7.0676398277282715
7.222732067108154
1.6227974891662598
7.331234455108643
-4.05741548538208
2.2523624897003174
-1.1829173564910889
1.3121238946914673
11.68641471862793
2.1447575092315674
0.3446085453033447
-3.367910146713257
7.7605719566345215
7.41951847076416
1.267939567565918
7.328726768493652
-4.550271987915039
2.461597442626953
-0.40983104705810547
1.7258822917938232
12.944944381713867
2.222280979156494
0.678348183631897
-3.331453561782837
8.521259307861328
7.605854511260986
0.9143756628036499
7.305931091308594
-4.986282825469971
2.7173681259155273
0.3773711919784546
2.1598730087280273
14.197932243347168
2.312309980392456
1.0339117050170898
-3.258211135864258
9.339139938354492
7.781587600708008
0.5675604343414307
7.22716760635376
-5.340301513671875
3.009127140045166
1.1868071556091309
2.6077687740325928
15.42409610748291
2.4237098693847656
1.4040472507476807
-3.1413965225219727
10.200919151306152
7.969032287597656
0.23669689893722534
7.136714935302734
-5.62532901763916
3.3340165615081787
2.0167813301086426
3.060779333114624
16.593368530273438
2.5577640533447266
1.7896031141281128
-2.9955103397369385
11.102694511413574
8.17465877532959
-0.0655221939086914
7.047203540802002
-5.837289333343506
3.696167230606079
2.8426051139831543
3.5181140899658203
17.66138458251953
2.7257132530212402
2.1834473609924316
-2.8294665813446045
12.026971817016602
8.36810302734375
-0.3240824043750763
6.922865390777588
-5.9473419189453125
4.09525728225708
3.662987232208252
3.9840497970581055
18.63620376586914
2.904259204864502
2.5994558334350586
-2.668311357498169
12.975769996643066
8.537853240966797
-0.522899329662323
6.7661848068237305
-5.956043243408203
4.531188011169434
4.478241443634033
4.465956687927246
19.533771514892578
3.0888795852661133
3.044186592102051
-2.50270938873291
13.950844764709473
8.692712783813477
-0.6635233163833618
6.603808403015137
-5.865259170532227
5.00817346572876
5.270063400268555
4.969608306884766
20.340085983276367
3.2906525135040283
3.511202812194824
-2.3147308826446533
14.93916130065918
8.842323303222656
-0.7485883235931396
6.455964088439941
-5.686118125915527
5.508394241333008
6.049966335296631
5.4717230796813965
21.05950355529785
3.511061906814575
3.999443531036377
-2.0984203815460205
15.938676834106445
8.99611759185791
-0.7835216522216797
6.347794055938721
-5.43113899230957
6.018861293792725
6.808816909790039
5.9488348960876465
21.663785934448242
3.749061107635498
4.511783123016357
-1.8522136211395264
16.951580047607422
9.153194427490234
-0.759559154510498
6.262821197509766
-5.09209680557251
6.5314812660217285
7.536879539489746
6.403013706207275
22.150714874267578
4.001486301422119
5.058836936950684
-1.5856119394302368
17.98532485961914
9.30963134765625
-0.6674941182136536
6.1886186599731445
-4.6601080894470215
7.041785717010498
8.241067886352539
6.82974910736084
22.5423526763916
4.266515254974365
5.646315574645996
-1.2980623245239258
19.043079376220703
9.459797859191895
-0.4988495111465454
6.119384288787842
-4.127444744110107
7.5467352867126465
8.926193237304688
7.227072715759277
22.853910446166992
4.5441765785217285
6.27846097946167
-0.9864022135734558
20.127208709716797
9.591756820678711
-0.23780247569084167
6.04684591293335
-3.482003927230835
8.045870780944824
9.597179412841797
7.597433567047119
23.09914207458496
4.83970308303833
6.951687812805176
-0.6488587856292725
21.230770111083984
9.697242736816406
0.12623435258865356
5.970134258270264
-2.717345952987671
8.538461685180664
10.259798049926758
7.94274377822876
23.292587280273438
5.149947166442871
7.679023742675781
-0.29200655221939087
22.35931396484375
9.795174598693848
0.5741896033287048
5.918788909912109
-1.8494465351104736
9.022210121154785
10.918618202209473
8.263465881347656
23.446022033691406
5.473936080932617
8.467625617980957
0.0805543065071106
23.51499366760254
9.884941101074219
1.107459545135498
5.900498867034912
-0.8689996004104614
9.497636795043945
11.574569702148438
8.56264591217041
23.565229415893555
5.811288833618164
9.323572158813477
0.46501144766807556
24.698598861694336
9.977335929870605
1.71503746509552
5.9296135902404785
0.21100270748138428
9.969267845153809
12.234601020812988
8.849028587341309
23.6673583984375
