2
3
-2.225451707839966
-3.194979429244995
-5.616020202636719
-5.703910827636719
-1.9997074604034424
-4.2132248878479
7.543370246887207
1.5095152854919434
-0.2586856484413147
-7.640833377838135
-5.183084964752197
3.321044921875
-2.3692283630371094
-3.690464973449707
-6.060702800750732
-6.562993049621582
-1.4736168384552002
-4.237895488739014
8.304424285888672
1.4928702116012573
-0.7037640810012817
-7.18971061706543
-5.852330207824707
3.9900169372558594
-2.5555269718170166
-4.154582977294922
-6.563934803009033
-7.438933849334717
-0.9480404853820801
-4.25349760055542
9.030588150024414
1.496024250984192
-1.1404523849487305
-6.754195690155029
-6.588653087615967
4.661526679992676
-2.767218589782715
-4.589824676513672
-7.088312149047852
-8.348386764526367
-0.4278472065925598
-4.260813236236572
9.692469596862793
1.5195553302764893
-1.5586656332015991
-6.318076133728027
-7.3719000816345215
5.353189945220947
-2.9810242652893066
-5.009177207946777
-7.5914411544799805
-9.277486801147461
0.07360732555389404
-4.257076263427734
10.280661582946777
1.5557365417480469
-1.9512630701065063
-5.8840107917785645
-8.1775541305542
6.0574493408203125
-3.1799700260162354
-5.424002647399902
-8.058479309082031
-10.221242904663086
0.5521805882453918
-4.240805149078369
10.801856994628906
1.5983314514160156
-2.307776689529419
-5.467626094818115
-8.986970901489258
6.7746686935424805
-3.3527538776397705
-5.835033416748047
-8.491032600402832
-11.183700561523438
1.0097811222076416
-4.214870929718018
11.263425827026367
1.6372414827346802
-2.6233785152435303
-5.090927600860596
-9.794795989990234
7.502834320068359
-3.497224807739258
-6.237269878387451
-8.888202667236328
-12.154521942138672
1.4403791427612305
-4.188170433044434
11.656537055969238
1.6557964086532593
-2.9073245525360107
-4.752933502197266
-10.612385749816895
8.227093696594238
-3.6212432384490967
-6.6308794021606445
-9.262860298156738
-13.13016414642334
1.835994005203247
-4.1634979248046875
11.964181900024414
1.6492843627929688
-3.175023078918457
-4.442478179931641
-11.455544471740723
8.950567245483398
-3.725024700164795
-7.00876522064209
-9.618796348571777
-14.101217269897461
2.1918349266052246
-4.141401290893555
12.172640800476074
1.6212317943572998
-3.439085006713867
-4.147275447845459
-12.3330078125
9.681169509887695
-3.810845375061035
-7.37006950378418
-9.974139213562012
-15.083148956298828
2.5150203704833984
-4.124867916107178
12.28986930847168
1.5824178457260132
-3.704908847808838
-3.8629236221313477
-13.248970031738281
10.422311782836914
-3.8816709518432617
-7.7153401374816895
-10.336027145385742
-16.08130645751953
2.804165840148926
-4.115120887756348
12.31425952911377
1.538413405418396
-3.975553274154663
-3.587294816970825
-14.206433296203613
11.176024436950684
-3.9449081420898438
-8.054872512817383
-10.708139419555664
-17.110645294189453
3.0570459365844727
-4.1120476722717285
12.246569633483887
1.4912139177322388
-4.25355339050293
-3.319063901901245
-15.208361625671387
11.943843841552734
-4.010913848876953
-8.399629592895508
-11.10425090789795
-18.193456649780273
3.275412082672119
-4.114979267120361
12.092387199401855
1.440961241722107
-4.541420936584473
-3.0576395988464355
-16.25807762145996
12.726304054260254
-4.08714485168457
-8.756282806396484
-11.541117668151855
-19.35224151611328
3.4557864665985107
-4.128017425537109
11.852520942687988
1.3819233179092407
-4.841638565063477
-2.802932024002075
-17.35919761657715
13.523015022277832
-4.1796488761901855
-9.13113021850586
-12.040277481079102
-20.609891891479492
3.5965394973754883
-4.153688907623291
11.529751777648926
1.3120869398117065
-5.154908657073975
-2.558042526245117
-18.515295028686523
14.327383041381836
-4.293342113494873
-9.53207778930664
-12.61980152130127
-21.982786178588867
3.694547176361084
-4.1910834312438965
11.119902610778809
1.2336605787277222
-5.4825758934021
-2.3252265453338623
-19.730384826660156
15.134417533874512
-4.430253505706787
-9.96593952178955
-13.29166030883789
-23.47581672668457
3.7439913749694824
-4.239776611328125
10.614622116088867
1.1490283012390137
-5.826012134552002
-2.1062328815460205
-21.008670806884766
15.93986988067627
-4.5896453857421875
-10.430917739868164
-14.055692672729492
-25.080965042114258
3.7358522415161133
-4.301223278045654
10.00191879272461
1.0565775632858276
-6.185362339019775
-1.902397871017456
-22.352691650390625
16.738706588745117
-4.772010326385498
-10.919646263122559
-14.905573844909668
-26.792617797851562
3.6597607135772705
-4.3832268714904785
9.282800674438477
0.9482040405273438
-6.55912971496582
-1.717276930809021
-23.764293670654297
17.522682189941406
