2
3
5.58643913269043
-1.5082721710205078
4.39947509765625
-11.728437423706055
-8.072249412536621
-8.863347053527832
4.3276238441467285
-6.420736789703369
0.3603026866912842
-6.628244876861572
-3.3219985961914062
-2.1779110431671143
5.958702564239502
-3.199441909790039
2.447864532470703
-12.276769638061523
-6.883212089538574
-9.159051895141602
6.298553466796875
-6.495237827301025
-0.5367326736450195
-6.026948928833008
-3.0312979221343994
-2.6670031547546387
5.8165435791015625
-4.6644287109375
0.9678411483764648
-12.838396072387695
-5.491311073303223
-9.53012466430664
8.033249855041504
-6.43280029296875
-1.4186590909957886
-5.437678337097168
-2.149150848388672
-3.7302751541137695
5.376513957977295
-5.939459800720215
-0.26425111293792725
-13.466608047485352
-3.9746744632720947
-9.929149627685547
9.437271118164062
-6.2026495933532715
-2.1811323165893555
-4.946496486663818
-0.5602205991744995
-5.330427169799805
4.71154260635376
-7.034099578857422
-1.0810121297836304
-14.076238632202148
-2.401895523071289
-10.255186080932617
10.329195976257324
-5.880559921264648
-2.628993034362793
-4.72768497467041
1.219820499420166
-7.17387580871582
3.9166150093078613
-8.050167083740234
-1.4181692600250244
-14.704788208007812
-0.9598596096038818
-10.456689834594727
11.020026206970215
-5.791794776916504
-2.7687575817108154
-4.841108798980713
3.044415235519409
-9.074797630310059
3.023099422454834
-9.056440353393555
-1.1506736278533936
-15.46542739868164
0.39792490005493164
-10.552539825439453
11.393786430358887
-5.858762264251709
-2.6314027309417725
-5.2911858558654785
4.826181888580322
-10.91126823425293
2.1785199642181396
-10.10802936553955
-0.4070030450820923
-16.14999771118164
1.6387927532196045
-10.551803588867188
11.462137222290039
-6.113124370574951
-2.2045068740844727
-6.074070453643799
6.530181884765625
-12.61191177368164
1.4703824520111084
-11.224949836730957
0.7337846755981445
-16.675424575805664
2.7265758514404297
-10.503801345825195
11.357494354248047
-6.63049840927124
-1.4404335021972656
-7.184710502624512
8.085723876953125
-14.135623931884766
0.9187525510787964
-12.398615837097168
2.179663896560669
-17.116268157958984
3.650102376937866
-10.498292922973633
11.17743968963623
-7.440030097961426
-0.4929182529449463
-8.562583923339844
9.58322525024414
-15.415487289428711
0.5599655508995056
-13.627862930297852
3.932323694229126
-17.542430877685547
4.194632530212402
-10.338675498962402
11.2081937789917
-8.796841621398926
0.6275116205215454
-10.10431957244873
10.952889442443848
-16.475112915039062
0.3851286768913269
-14.892379760742188
6.0183210372924805
-18.039113998413086
4.581027984619141
-10.282103538513184
11.578985214233398
-10.618265151977539
1.8501613140106201
-11.71678352355957
12.285611152648926
-17.373085021972656
0.4185613989830017
-16.207923889160156
8.366035461425781
-18.765300750732422
4.875019073486328
-10.40988826751709
12.579873085021973
-12.917009353637695
3.1089563369750977
-13.332528114318848
13.654962539672852
-18.237071990966797
0.6893748044967651
-17.538063049316406
11.038999557495117
-19.791725158691406
5.245920181274414
-10.91972827911377
14.109819412231445
-15.46194076538086
4.356741905212402
-14.92127799987793
15.19194507598877
-19.687475204467773
1.2139304876327515
-18.830041885375977
13.871517181396484
-21.205902099609375
5.858086585998535
-11.916071891784668
16.073780059814453
-18.122005462646484
5.567432403564453
-16.502973556518555
17.03241729736328
-21.564289093017578
2.0706534385681152
-20.21350860595703
16.764204025268555
-23.1484375
6.772836685180664
-13.326725006103516
18.431049346923828
-20.846519470214844
6.816242218017578
-18.175262451171875
19.21592140197754
-23.687877655029297
3.2031283378601074
-21.779069900512695
19.8653564453125
-25.263872146606445
7.853534698486328
-14.995748519897461
21.238805770874023
-23.794870376586914
8.138616561889648
-19.970300674438477
21.80497169494629
-26.085832595825195
4.546781539916992
-23.455013275146484
23.25360107421875
-27.677587509155273
9.107973098754883
-16.893056869506836
24.552568435668945
-27.038124084472656
9.566638946533203
-21.894943237304688
24.835113525390625
-28.797027587890625
6.0823974609375
-25.233190536499023
26.989646911621094
-30.42611312866211
10.559396743774414
-19.014726638793945
28.415966033935547
-30.61823081970215
11.122983932495117
-23.946245193481445
28.353158950805664
-31.84443473815918
7.8110246658325195
-27.13254737854004
31.13677978515625
-33.52820587158203
12.234460830688477
-21.367517471313477
32.86726379394531
-34.56956481933594
12.831209182739258
-26.132776260375977
32.396934509277344
-35.242271423339844
