2
3
4.804793834686279
6.783684253692627
1.4392513036727905
1.8657244443893433
7.732290744781494
2.6215100288391113
6.727978706359863
9.059039115905762
-0.3988227844238281
-3.511228322982788
-0.6466399431228638
-7.517425060272217
4.77000617980957
6.289544582366943
1.2328039407730103
0.858325719833374
7.682838439941406
2.9672207832336426
6.465068340301514
9.11097240447998
0.05469846725463867
-3.3214855194091797
-0.011517882347106934
-7.44592809677124
4.731367111206055
5.767871379852295
1.0611231327056885
-0.16428685188293457
7.652641296386719
3.2973694801330566
6.232396125793457
9.134359359741211
0.5148438811302185
-3.163435220718384
0.6166356801986694
-7.405925750732422
4.7065229415893555
5.24345588684082
0.9037761688232422
-1.2031035423278809
7.636113166809082
3.6089470386505127
6.021821975708008
9.130775451660156
0.9839518070220947
-3.031813621520996
1.2446460723876953
-7.381786346435547
4.712013244628906
4.764251232147217
0.7861271500587463
-2.184018850326538
7.632360458374023
3.895782232284546
5.8290534019470215
9.088953971862793
1.4631321430206299
-2.9218902587890625
1.8750190734863281
-7.365710735321045
4.743007659912109
4.335678577423096
0.7077503204345703
-3.1046860218048096
7.641061782836914
4.147757530212402
5.64274787902832
8.978425979614258
1.9528172016143799
-2.8289594650268555
2.510664939880371
-7.350909233093262
4.800234794616699
3.952143907546997
0.6804437041282654
-3.957706928253174
7.663482666015625
4.365251064300537
5.46608304977417
8.804890632629395
2.4533398151397705
-2.7493386268615723
3.1566104888916016
-7.327458381652832
4.885635852813721
3.6061458587646484
0.7030690908432007
-4.744394302368164
7.702826499938965
4.552234649658203
5.3097734451293945
8.586877822875977
2.965383529663086
-2.6722445487976074
3.814338207244873
-7.270362377166748
5.005665302276611
3.2892792224884033
0.7831538915634155
-5.473559379577637
7.759041786193848
4.705113410949707
5.173122406005859
8.317061424255371
3.4866065979003906
-2.5764479637145996
4.475539207458496
-7.14780330657959
5.164076805114746
2.993673324584961
0.9180685877799988
-6.155285835266113
7.833530902862549
4.823812961578369
5.058907508850098
7.998111248016357
4.0098347663879395
-2.4794650077819824
5.135281085968018
-6.993442535400391
5.359400272369385
2.705172300338745
1.105045199394226
-6.807100296020508
7.928080081939697
4.912162780761719
4.975652694702148
7.646125793457031
4.534414291381836
-2.3907406330108643
5.795960426330566
-6.816885471343994
5.584161281585693
2.4114696979522705
1.3311034440994263
-7.45111083984375
8.042203903198242
4.970667839050293
4.926974296569824
7.266534805297852
5.062517166137695
-2.3195977210998535
6.463656902313232
-6.619521617889404
5.82957649230957
2.1062557697296143
1.5825464725494385
-8.101093292236328
8.176441192626953
4.997596740722656
4.913364887237549
6.855432510375977
5.5953688621521
-2.2636120319366455
7.135000705718994
-6.397520542144775
6.092264175415039
1.78700590133667
1.853494644165039
-8.763456344604492
8.330161094665527
4.993031024932861
4.9356303215026855
6.415520668029785
6.137874603271484
-2.2285842895507812
7.818254470825195
-6.151859760284424
6.372525215148926
1.4539947509765625
2.144958019256592
-9.43993854522705
8.503344535827637
4.961894989013672
4.998159885406494
5.949536323547363
6.689115047454834
-2.203892469406128
8.513432502746582
-5.877189636230469
6.6714887619018555
1.1100099086761475
2.4578704833984375
-10.128446578979492
8.696529388427734
4.9056243896484375
5.103154182434082
5.458433628082275
7.251658916473389
-2.1869640350341797
9.230140686035156
-5.574735641479492
6.987884521484375
0.7515910863876343
2.7906644344329834
-10.834622383117676
8.914464950561523
4.826054096221924
5.261750221252441
4.947206020355225
7.843084335327148
-2.1956899166107178
10.010456085205078
-5.260796546936035
7.322561264038086
0.3765413165092468
3.1452150344848633
-11.561984062194824
9.155305862426758
4.718651294708252
5.472132682800293
4.411311626434326
8.464408874511719
-2.229261875152588
10.870382308959961
-4.94464111328125
7.677138328552246
-0.016227126121520996
3.5239920616149902
-12.307921409606934
9.42075252532959
4.581490993499756
5.733099937438965
3.8484184741973877
9.107962608337402
-2.261678457260132
11.777009010314941
-4.597903251647949
8.053213119506836
-0.4276399612426758
3.928039789199829
-13.068307876586914
9.71664047241211
4.417480945587158
6.05726432800293
3.2649433612823486
9.75003433227539
-2.2783236503601074
12.701348304748535
-4.205918312072754
