2
3
-6.091526985168457
6.599235534667969
8.532931327819824
-8.30657958984375
4.492786407470703
-0.291767954826355
1.5675163269042969
7.26183557510376
-6.848339080810547
4.967223167419434
-8.85136604309082
-10.996623992919922
-5.279231071472168
5.939568042755127
9.876147270202637
-9.273037910461426
3.748056650161743
0.48446232080459595
0.33419692516326904
8.258841514587402
-6.676711559295654
4.295717239379883
-8.75510311126709
-12.06866455078125
-4.467779636383057
5.257828235626221
11.142718315124512
-10.286029815673828
3.0264384746551514
1.2005029916763306
-0.8270052671432495
9.149797439575195
-6.516009330749512
3.6465742588043213
-8.661559104919434
-13.150920867919922
-3.6378793716430664
4.5359883308410645
12.37001895904541
-11.316216468811035
2.337421417236328
1.8853743076324463
-1.8625839948654175
9.95656967163086
-6.426400184631348
3.0134029388427734
-8.626307487487793
-14.351576805114746
-2.789302349090576
3.774266481399536
13.582683563232422
-12.366965293884277
1.6599128246307373
2.5028538703918457
-2.8871867656707764
10.672256469726562
-6.368914604187012
2.385979652404785
-8.626812934875488
-15.654359817504883
-1.9073776006698608
2.968583106994629
14.783662796020508
-13.446673393249512
1.0442805290222168
3.0926971435546875
-3.7973227500915527
11.378825187683105
-6.285605430603027
1.7778582572937012
-8.589936256408691
-16.981801986694336
-1.042912244796753
2.1460418701171875
15.87639045715332
-14.469045639038086
0.4950745701789856
3.656506061553955
-4.626158237457275
12.094025611877441
-6.174500942230225
1.1979376077651978
-8.516672134399414
-18.350500106811523
-0.19920986890792847
1.3219928741455078
16.901691436767578
-15.433682441711426
-0.017298400402069092
4.158751964569092
-5.445619106292725
12.761078834533691
-6.063271522521973
0.6139310002326965
-8.53547191619873
-19.927465438842773
0.6300973296165466
0.5028102397918701
17.87818717956543
-16.317548751831055
-0.4469709098339081
4.50636625289917
-6.237086772918701
13.320083618164062
-5.958390235900879
0.0015399456024169922
-8.63405704498291
-21.632490158081055
1.4533147811889648
-0.32358312606811523
18.80364227294922
-17.16843032836914
-0.8305844068527222
4.769766330718994
-7.010504722595215
13.820968627929688
-5.83768892288208
-0.6373931169509888
-8.748011589050293
-23.410192489624023
2.267127275466919
-1.1499778032302856
19.651737213134766
-17.991209030151367
-1.1673518419265747
4.950747489929199
-7.773494720458984
14.253141403198242
-5.707635402679443
-1.3209973573684692
-8.876832962036133
-25.274211883544922
3.0741703510284424
-1.9663877487182617
20.41870880126953
-18.75878143310547
-1.470367431640625
5.064177513122559
-8.524737358093262
14.625489234924316
-5.565283298492432
-2.0473060607910156
-9.017292022705078
-27.223796844482422
3.875988721847534
-2.772374153137207
21.134275436401367
-19.475894927978516
-1.7308006286621094
5.112781524658203
-9.253560066223145
14.949684143066406
-5.417150020599365
-2.821998119354248
-9.170917510986328
-29.277196884155273
4.6686553955078125
-3.5717456340789795
21.801164627075195
-20.1484317779541
-1.9134321212768555
5.063872814178467
-9.919718742370605
15.206039428710938
-5.257907390594482
-3.6405537128448486
-9.33638858795166
-31.43514633178711
5.45284366607666
-4.373856067657471
22.43256187438965
-20.79558563232422
-2.028048276901245
4.93208122253418
-10.510647773742676
15.39492416381836
-5.075020790100098
-4.486644268035889
-9.506294250488281
-33.678794860839844
6.233738899230957
-5.184140682220459
23.04296875
-21.431495666503906
-2.0938198566436768
4.7394890785217285
-11.058761596679688
15.529383659362793
-4.878912448883057
-5.3720598220825195
-9.681751251220703
-36.023990631103516
7.010960578918457
-6.005390167236328
23.631914138793945
-22.063777923583984
-2.130342721939087
4.500229358673096
-11.591382026672363
15.622408866882324
-4.675717830657959
-6.303621768951416
-9.868622779846191
-38.48033142089844
7.783738136291504
-6.839942932128906
24.197341918945312
-22.69900894165039
-2.1467223167419434
4.22158670425415
-12.120707511901855
15.680618286132812
-4.466438293457031
-7.283770561218262
-10.070720672607422
-41.056427001953125
8.551169395446777
-7.689815521240234
24.736713409423828
-23.342695236206055
-2.1487514972686768
3.906136989593506
-12.654319763183594
15.7051362991333
-4.250648498535156
-8.312938690185547
-10.288508415222168
-43.758544921875
9.312273979187012
-8.556721687316895
25.24738311767578
-23.99928092956543
-2.140845775604248
3.554248332977295
-13.197611808776855
15.694523811340332
-4.027698993682861
-9.390911102294922
-10.520605087280273
-46.59296417236328
