2
3
-6.73285436630249
6.4253363609313965
0.9326045513153076
-9.269453048706055
1.7228575944900513
-7.847509384155273
-4.679547309875488
-2.8934004306793213
-5.263057231903076
5.568442344665527
-1.8564115762710571
-6.057060718536377
-6.10527229309082
5.076455593109131
2.941110849380493
-11.854310035705566
1.0322866439819336
-6.589921951293945
-6.70626163482666
-1.3365097045898438
-5.094637870788574
4.779924392700195
-0.4751114845275879
-8.369771003723145
-5.247740745544434
3.537933349609375
4.710147857666016
-14.032872200012207
0.0917900800704956
-5.169370651245117
-8.3385009765625
-0.1650944948196411
-4.778018474578857
3.8915672302246094
0.8151509761810303
-10.47308349609375
-4.126287937164307
1.7423059940338135
6.031400680541992
-15.706718444824219
-1.0872892141342163
-3.6349375247955322
-9.393216133117676
0.4105396866798401
-4.36072301864624
2.8932929039001465
1.98460054397583
-12.383401870727539
-2.786036491394043
-0.23602604866027832
6.803259372711182
-16.850671768188477
-2.4275035858154297
-2.062950611114502
-9.754678726196289
0.24405181407928467
-3.865903615951538
1.7446603775024414
3.065844774246216
-14.136431694030762
-1.355590581893921
-2.2889938354492188
7.116325378417969
-17.449729919433594
-3.794346809387207
-0.5909672975540161
-9.422882080078125
-0.5914766788482666
-3.2684717178344727
0.411710262298584
4.084449291229248
-15.697576522827148
0.05054783821105957
-4.296542644500732
6.937409400939941
-17.5003662109375
-5.111947536468506
0.6746491193771362
-8.350632667541504
-2.145235061645508
-2.4723427295684814
-1.1165603399276733
4.782196521759033
-16.932079315185547
1.2660220861434937
-6.102492332458496
6.309170722961426
-17.221601486206055
-6.533013343811035
1.9013437032699585
-5.953934192657471
-5.229787826538086
-1.5383341312408447
-2.7822465896606445
5.082398891448975
-17.71622085571289
2.180198907852173
-7.479917526245117
5.344238758087158
-17.341867446899414
-7.584908485412598
2.508237600326538
-3.055964946746826
-8.596602439880371
-0.6551347970962524
-4.440852642059326
5.027468681335449
-18.122684478759766
2.808554172515869
-8.539152145385742
4.158059120178223
-17.65182113647461
-8.156760215759277
2.4795336723327637
0.2362222671508789
-12.005963325500488
0.11637192964553833
-5.976312637329102
4.610022068023682
-18.665252685546875
3.031184196472168
-9.470325469970703
3.441110610961914
-18.527942657470703
-8.137107849121094
1.902311086654663
3.2976088523864746
-15.31516170501709
0.700743556022644
-7.400712490081787
4.222044944763184
-19.360004425048828
3.116307497024536
-10.419950485229492
2.943392276763916
-19.45806121826172
-7.680622100830078
0.8175910711288452
5.894892692565918
-18.45648193359375
1.0322182178497314
-8.697319984436035
4.082840442657471
-20.45747947692871
3.039583444595337
-11.324945449829102
2.6888267993927
-20.64969253540039
-6.973852634429932
-0.6617615222930908
8.373265266418457
-21.681089401245117
1.2386096715927124
-9.86050796508789
4.024481296539307
-21.815073013305664
2.6267285346984863
-12.010276794433594
2.433004856109619
-22.09404754638672
-5.970002174377441
-2.4604153633117676
10.786274909973145
-25.07477378845215
1.0489845275878906
-10.726727485656738
4.331045150756836
-23.718299865722656
2.1591289043426514
-12.784795761108398
2.5890941619873047
-23.96332550048828
-4.704012870788574
-4.560805320739746
13.080832481384277
-28.640724182128906
0.8153070211410522
-11.586745262145996
4.626306056976318
-25.886478424072266
1.61458158493042
-13.626418113708496
3.2147889137268066
-26.316621780395508
-3.186615467071533
-6.944758415222168
15.23426628112793
-32.32536315917969
0.5618741512298584
-12.590721130371094
5.2949934005737305
-28.558408737182617
1.0196361541748047
-14.585831642150879
4.363842010498047
-29.294086456298828
-1.4835095405578613
-9.562177658081055
17.304689407348633
-36.133941650390625
0.28452739119529724
-13.77149772644043
6.399567127227783
-31.822589874267578
0.41992104053497314
-15.735081672668457
6.025435447692871
-33.0572624206543
0.3352322578430176
-12.385244369506836
19.390161514282227
-40.078826904296875
0.013354092836380005
-15.1353759765625
8.00402545928955
-35.78162384033203
-0.11809688806533813
-17.126174926757812
8.286613464355469
-37.66883850097656
2.2833456993103027
-15.392433166503906
21.437414169311523
-44.23444366455078
-0.20933394134044647
-16.709144592285156
10.162715911865234
-40.52305603027344
-0.5520712733268738
-18.748258590698242
11.17296028137207
-43.13496017456055
4.3356170654296875
-18.55899429321289
23.41625213623047
-48.632476806640625
-0.3574204742908478
-18.515226364135742
12.93496322631836
-46.05258560180664
