2
3
7.282881259918213
-2.3016936779022217
-6.878353595733643
-1.2548847198486328
-0.8207530975341797
7.46024227142334
8.018330574035645
-3.11161470413208
-0.10557407140731812
4.491906642913818
-5.132907390594482
2.869094133377075
5.95821475982666
-1.6890853643417358
-8.069090843200684
0.5416938066482544
0.8710410594940186
6.458317756652832
8.50395679473877
-4.4461870193481445
-0.5825653076171875
4.923996448516846
-3.8350610733032227
1.838917851448059
4.558121204376221
-0.8395981788635254
-8.634188652038574
1.9167855978012085
2.589315414428711
5.364268779754639
8.49577522277832
-5.535391807556152
-0.7835320234298706
5.09529447555542
-2.454488754272461
0.8449807167053223
3.167747974395752
0.16940343379974365
-8.573848724365234
2.817401170730591
4.301233291625977
4.206439018249512
7.778407573699951
-6.224086761474609
-0.7468522191047668
5.1192626953125
-1.009951114654541
-0.31371164321899414
1.8463274240493774
1.2689201831817627
-7.88162899017334
3.1568052768707275
5.926243782043457
3.0274498462677
6.065577983856201
-6.33043909072876
-0.4301256537437439
4.979436874389648
0.31655144691467285
-1.5152301788330078
0.6504762172698975
2.416276216506958
-6.520440101623535
2.6801645755767822
7.202266693115234
1.8793606758117676
3.7769389152526855
-5.803965091705322
0.13001668453216553
4.68095588684082
1.380437970161438
-2.5846142768859863
-0.3158431053161621
3.4365522861480713
-4.611983776092529
1.525241494178772
7.8916850090026855
1.0037020444869995
1.3981578350067139
-4.83024787902832
0.8661388158798218
4.237065315246582
2.1652774810791016
-3.424117088317871
-0.8774638772010803
4.109511852264404
-2.461041212081909
0.14106667041778564
7.88315486907959
0.5964294075965881
-0.6952378749847412
-3.8419981002807617
1.701471209526062
3.6697893142700195
2.5124459266662598
-3.8740975856781006
-0.9539039134979248
4.416775226593018
-0.5610026121139526
-1.3418868780136108
7.280909538269043
0.6187258362770081
-1.981938123703003
-3.337109088897705
2.472752809524536
3.0657103061676025
2.4910616874694824
-4.073018550872803
-0.670880138874054
4.374655246734619
1.0297406911849976
-2.635253667831421
6.464629650115967
0.8056789636611938
-2.8698439598083496
-3.005103826522827
3.1138229370117188
2.4922373294830322
2.345238208770752
-4.2649102210998535
-0.1842631995677948
4.09726619720459
2.32114839553833
-3.7392282485961914
5.578123092651367
1.0730805397033691
-3.4205493927001953
-2.846585512161255
3.6709911823272705
1.9728997945785522
1.9697864055633545
-4.353147983551025
0.43900570273399353
3.6368985176086426
3.3594770431518555
-4.688981056213379
4.681750774383545
1.3723533153533936
-3.6915013790130615
-2.8618855476379395
4.08384370803833
1.537431001663208
1.42740797996521
-4.358292579650879
1.2212026119232178
3.031428337097168
4.06881046295166
-5.479697227478027
3.7639780044555664
1.6835682392120361
-3.6176862716674805
-3.0772955417633057
4.1963982582092285
1.3623807430267334
0.9799915552139282
-4.519620418548584
2.109210968017578
2.3237786293029785
4.413461208343506
-6.097652912139893
2.885118246078491
1.9658578634262085
-3.086838960647583
-3.556788682937622
4.173614501953125
1.2734180688858032
0.6040142774581909
-4.7868971824646
3.0379691123962402
1.5636800527572632
4.376725673675537
-6.541678428649902
2.11418080329895
2.1545567512512207
-2.099057197570801
-4.28078031539917
4.037418365478516
1.2138820886611938
0.4029749035835266
-5.161596775054932
3.9045612812042236
0.81198650598526
4.043478012084961
-6.845191478729248
1.5176752805709839
2.2099759578704834
-0.727401614189148
-5.209321975708008
3.8066203594207764
1.1434047222137451
0.4930165410041809
-5.722986698150635
4.588862895965576
0.14819413423538208
3.588409185409546
-7.124722480773926
1.2002090215682983
2.0853159427642822
0.6979211568832397
-6.258587837219238
3.534332275390625
0.9899731874465942
0.9255644679069519
-6.4645562171936035
5.0082902908325195
-0.39851969480514526
3.1914687156677246
-7.575614929199219
1.1614253520965576
1.742209553718567
1.9716264009475708
-7.322001934051514
3.3202545642852783
0.6945106983184814
1.5803439617156982
-7.305546283721924
5.228250980377197
-0.9045143127441406
2.9413368701934814
-8.172080993652344
1.3487175703048706
1.1822614669799805
3.1321120262145996
-8.347260475158691
3.2493622303009033
0.2325749695301056
2.2832508087158203
-8.197574615478516
5.31334924697876
-1.4185527563095093
2.8995003700256348
-8.912636756896973
1.709439754486084
0.46208256483078003
4.213809967041016
-9.4103364944458
3.302427291870117
-0.36616310477256775
3.01119065284729
-9.147102355957031
