2
3
-4.655045032501221
2.8082962036132812
-1.8037147521972656
-3.1028480529785156
7.253109931945801
-3.735581159591675
2.913498640060425
7.251835823059082
10.035395622253418
5.638465881347656
0.7377419471740723
-11.89218521118164
-4.177994251251221
2.387831211090088
1.7079081535339355
-3.986403465270996
7.438053607940674
-2.248753309249878
1.6830075979232788
8.943390846252441
9.979795455932617
3.760317087173462
-0.11623966693878174
-12.834756851196289
-3.2672080993652344
1.8408117294311523
4.910860538482666
-4.829372882843018
7.395800590515137
-0.6419646739959717
0.49370598793029785
9.85403060913086
9.78056812286377
1.8389225006103516
-1.052750825881958
-13.12085247039795
-2.0598812103271484
1.158090353012085
7.756071090698242
-5.533447742462158
7.132107734680176
1.0531336069107056
-0.5879397392272949
9.840246200561523
9.323366165161133
0.1491457223892212
-1.9025869369506836
-13.011737823486328
-0.48099398612976074
0.36450278759002686
9.867889404296875
-5.993168354034424
6.604098796844482
2.7161011695861816
-1.3607819080352783
8.906879425048828
8.717626571655273
-1.2544584274291992
-2.5432024002075195
-12.685279846191406
1.3962299823760986
-0.5074126720428467
11.11556339263916
-6.130313396453857
5.848638534545898
4.293725967407227
-1.5893515348434448
6.850288391113281
8.051015853881836
-2.4570517539978027
-2.8737905025482178
-12.138806343078613
3.398463010787964
-1.3240337371826172
11.514498710632324
-5.986603260040283
4.877578258514404
5.660024642944336
-0.7239683270454407
3.560018539428711
7.348939895629883
-3.5106537342071533
-2.826129913330078
-11.307332992553711
5.358844757080078
-1.9701637029647827
10.9768648147583
-5.859683990478516
4.074558258056641
6.439651966094971
0.6677598357200623
-0.07755899429321289
6.625024318695068
-4.352418422698975
-2.3984146118164062
-10.205304145812988
7.108063697814941
-2.4587793350219727
9.852846145629883
-5.6642889976501465
3.6167099475860596
6.588230133056641
2.354351043701172
-3.3287549018859863
5.923747539520264
-4.895392894744873
-1.7008973360061646
-8.976835250854492
8.465402603149414
-2.7631678581237793
8.598367691040039
-5.498422622680664
3.559312582015991
6.183696269989014
3.956149101257324
-6.220571517944336
5.271542072296143
-5.192953586578369
-0.5379511117935181
-7.958197593688965
9.428951263427734
-2.876537799835205
7.201595306396484
-5.3176116943359375
3.8813443183898926
5.250713348388672
5.408533096313477
-8.447587966918945
4.809401512145996
-5.288080215454102
0.9108161926269531
-7.169371128082275
9.872264862060547
-2.754549026489258
6.054673671722412
-5.387873649597168
4.480591773986816
4.0368876457214355
6.739497184753418
-10.305482864379883
4.548396110534668
-5.272660732269287
2.437420606613159
-6.643667221069336
9.924765586853027
-2.46407151222229
5.320809364318848
-5.721255302429199
5.279862880706787
2.624772071838379
8.055427551269531
-11.801896095275879
4.500725746154785
-5.074093341827393
3.708596706390381
-6.235088348388672
9.823594093322754
-2.253762722015381
4.9846930503845215
-6.318613052368164
6.254326820373535
1.0824671983718872
9.391057014465332
-13.040731430053711
4.589818477630615
-4.836735725402832
5.046117305755615
-6.267563819885254
9.610548973083496
-2.140691041946411
5.075953483581543
-7.2155890464782715
7.389577865600586
-0.5556217432022095
10.623534202575684
-14.064716339111328
4.795419216156006
-4.59266996383667
6.505809783935547
-6.676362037658691
9.352712631225586
-2.1611833572387695
5.65362024307251
-8.406412124633789
8.646117210388184
-2.234036445617676
11.679983139038086
-14.923927307128906
5.0962724685668945
-4.400406837463379
8.141326904296875
-7.415600776672363
9.103704452514648
-2.3278849124908447
6.754587650299072
-9.865829467773438
9.977746963500977
-3.9075164794921875
12.542298316955566
-15.59083080291748
5.483822345733643
-4.299360275268555
9.97713851928711
-8.50570011138916
8.929487228393555
-2.670015573501587
8.371878623962402
-11.574408531188965
11.353540420532227
-5.5467071533203125
13.194642066955566
-16.043363571166992
5.964567184448242
-4.325560569763184
12.049768447875977
-9.972087860107422
8.901927947998047
-3.2473092079162598
10.490013122558594
-13.51344108581543
12.639219284057617
-7.1065449714660645
13.943729400634766
-16.560802459716797
6.607635974884033
-4.56208610534668
14.365471839904785
-11.788166046142578
9.132526397705078
-4.153349876403809
13.087640762329102
-15.633708953857422
13.785663604736328
-8.576750755310059
15.106310844421387
-17.39446258544922
7.638662815093994
-5.220128059387207
16.656158447265625
-13.57606029510498
