2
3
-1.4384139776229858
-9.344060897827148
-8.761983871459961
0.3133671283721924
2.962031841278076
-5.93266487121582
-0.2567317485809326
-5.589071273803711
-6.1613664627075195
7.670485496520996
2.8289010524749756
1.8180031776428223
-2.329960823059082
-8.488578796386719
-8.186811447143555
2.0372400283813477
3.071255922317505
-6.4860734939575195
-2.644751787185669
-3.440573215484619
-5.428606033325195
7.058189868927002
4.096945762634277
-1.7550315856933594
-3.2638399600982666
-7.337325096130371
-7.920179843902588
3.4067399501800537
2.5986623764038086
-6.363037586212158
-4.631143569946289
-1.5981601476669312
-4.3028483390808105
5.936811447143555
5.104170799255371
-4.797774314880371
-4.024562835693359
-6.087708473205566
-7.417006015777588
4.332071781158447
1.932487964630127
-5.898843288421631
-6.219417572021484
0.02424752712249756
-2.9711532592773438
4.553580284118652
5.641321182250977
-7.172878742218018
-4.630042552947998
-4.7972588539123535
-6.643464088439941
4.707696437835693
1.085024118423462
-5.256282329559326
-7.328104019165039
1.401117205619812
-1.4747322797775269
2.9370853900909424
5.518389701843262
-8.957810401916504
-5.012608051300049
-3.6531243324279785
-5.764226913452148
4.537198066711426
0.15329092741012573
-4.474181652069092
-7.933223247528076
2.5057640075683594
0.034467458724975586
1.1356807947158813
4.813429355621338
-10.106698036193848
-5.146355152130127
-2.7158076763153076
-4.959114074707031
4.058447360992432
-0.8506637215614319
-3.5501456260681152
-7.934545040130615
3.033937454223633
1.4363404512405396
-0.8479748964309692
3.572012186050415
-10.569950103759766
-5.1104536056518555
-1.9638150930404663
-4.153996467590332
3.3659253120422363
-1.8093516826629639
-2.614814519882202
-7.445383071899414
2.9340083599090576
2.6514830589294434
-2.830872058868408
1.6942675113677979
-10.33201789855957
-4.970507621765137
-1.3789409399032593
-3.2743515968322754
2.5129919052124023
-2.729423999786377
-1.7273168563842773
-6.408377647399902
2.1247317790985107
3.533472776412964
-4.574959754943848
-0.6617980003356934
-9.543930053710938
-4.741262435913086
-0.9212062954902649
-2.1634738445281982
1.4066450595855713
-3.4101295471191406
-1.0808324813842773
-4.938948631286621
1.0357096195220947
3.819807291030884
-6.005908489227295
-3.234480619430542
-8.137516975402832
-4.321822166442871
-0.7322865724563599
-1.0383330583572388
0.0180128812789917
-3.6672170162200928
-0.7644052505493164
-3.465777635574341
-0.27947354316711426
3.501477003097534
-6.950282573699951
-5.455052852630615
-6.478260040283203
-3.826162815093994
-0.7604846954345703
-0.24011284112930298
-1.4240875244140625
-3.56048583984375
-0.7777493596076965
-2.418571949005127
-1.5319585800170898
2.5811219215393066
-7.333293437957764
-6.8498101234436035
-5.110396385192871
-3.287607431411743
-0.9837037324905396
0.3738124966621399
-3.0064430236816406
-3.3736493587493896
-0.9619835615158081
-1.5888996124267578
-2.8304967880249023
1.4525445699691772
-7.347622394561768
-7.846507549285889
-3.7079696655273438
-2.7119014263153076
-1.4174199104309082
0.6692478656768799
-4.38765811920166
-3.093754291534424
-1.3202810287475586
-0.9776107668876648
-4.013022422790527
0.24092614650726318
-7.068614959716797
-8.47503662109375
-2.4811575412750244
-2.1316983699798584
-2.0187344551086426
0.6223857402801514
-5.533374786376953
-2.802947998046875
-1.776332139968872
-0.6435225009918213
-5.139584541320801
-0.938442587852478
-6.553956031799316
-8.723807334899902
-1.6405631303787231
-1.5540094375610352
-2.761289119720459
0.20706027746200562
-6.384977340698242
-2.431363821029663
-2.3479394912719727
-0.6267939805984497
-6.150261878967285
-2.066307544708252
-5.89772367477417
-8.622784614562988
-1.2324628829956055
-1.031386375427246
-3.591108560562134
-0.5472528338432312
-6.8895463943481445
-2.017759084701538
-3.0629701614379883
-0.9015925526618958
-6.926335334777832
-3.103011131286621
-5.17813777923584
-8.177614212036133
-1.3030661344528198
-0.6543087363243103
-4.397193908691406
-1.5480940341949463
-7.116836071014404
-1.6465861797332764
-3.88464617729187
-1.419503092765808
-7.395386695861816
-4.069942474365234
-4.430087566375732
-7.266216278076172
-2.1055588722229004
-0.5295210480690002
-5.054467678070068
-2.643974542617798
-7.2350239753723145
-1.4087797403335571
-4.715482711791992
-2.164501190185547
-7.601888179779053
-4.881690979003906
-3.855698347091675
-6.086512088775635
-3.3120334148406982
-0.680816113948822
-5.5556230545043945
-3.6899375915527344
-7.3658647537231445
-1.3628671169281006
-5.444606781005859
-3.075528621673584
-7.687678813934326
-5.373708248138428
-3.557682991027832
-4.9410576820373535
-4.744999408721924
