2
3
5.739648818969727
1.3357250690460205
4.463316917419434
6.142287254333496
1.723096251487732
8.476009368896484
7.3542094230651855
-10.589720726013184
-7.763296604156494
5.395673751831055
6.837285995483398
10.439112663269043
5.1519341468811035
2.0063676834106445
3.2714791297912598
7.039630889892578
1.9683873653411865
7.70170783996582
7.172401428222656
-11.807169914245605
-6.650096893310547
5.642092704772949
8.56124496459961
11.188721656799316
4.634261131286621
2.653292655944824
2.256298542022705
7.884744644165039
2.301741361618042
6.896925926208496
7.083123683929443
-13.04590129852295
-5.534253120422363
6.004003047943115
10.261007308959961
11.950209617614746
4.1634931564331055
3.3102962970733643
1.4029535055160522
8.735736846923828
2.6438188552856445
6.079178333282471
6.957338809967041
-14.257111549377441
-4.407040119171143
6.510315418243408
11.923816680908203
12.711694717407227
3.7671546936035156
4.001638412475586
0.7660082578659058
9.604503631591797
3.000779151916504
5.248965740203857
6.821300506591797
-15.445767402648926
-3.2518911361694336
7.0586090087890625
13.606645584106445
13.437590599060059
3.431507110595703
4.705848217010498
0.23861420154571533
10.497671127319336
3.3395347595214844
4.426915168762207
6.699681282043457
-16.590023040771484
-2.0746052265167236
7.630077362060547
15.301923751831055
14.100188255310059
3.2001869678497314
5.4235124588012695
-0.15026342868804932
11.400005340576172
3.650765895843506
3.61677885055542
6.619111061096191
-17.65838050842285
-0.8904218673706055
8.20135498046875
16.981842041015625
14.655852317810059
3.1110332012176514
6.077261924743652
-0.3585771918296814
12.230566024780273
3.943371057510376
2.858231544494629
6.608538627624512
-18.64600944519043
0.3117372989654541
8.740782737731934
18.65721321105957
15.082621574401855
3.125772476196289
6.6631388664245605
-0.44166916608810425
12.994074821472168
4.230359077453613
2.1733264923095703
6.6692214012146
-19.556066513061523
1.5368037223815918
9.242975234985352
20.362207412719727
15.41885757446289
3.2053589820861816
7.182291030883789
-0.4660455584526062
13.67636489868164
4.552613735198975
1.5272748470306396
6.813577651977539
-20.435182571411133
2.7792487144470215
9.703582763671875
22.06483268737793
15.681715965270996
3.3259830474853516
7.650203704833984
-0.44677284359931946
14.284341812133789
4.913311958312988
0.9348729848861694
7.036693096160889
-21.280195236206055
4.0476603507995605
10.13418197631836
23.71944236755371
15.85723876953125
3.478367805480957
8.082714080810547
-0.3864639401435852
14.833744049072266
5.321959495544434
0.4024743437767029
7.3168816566467285
-22.088916778564453
5.340595245361328
10.534875869750977
25.355127334594727
15.943796157836914
3.6645209789276123
8.480306625366211
-0.28024372458457947
15.329462051391602
5.771778583526611
-0.08290591835975647
7.643965244293213
-22.878427505493164
6.6256208419799805
10.896088600158691
26.943931579589844
15.9317626953125
3.8889524936676025
8.838763236999512
-0.12198203802108765
15.765666007995605
6.255672931671143
-0.5291846990585327
8.02428150177002
-23.651235580444336
7.9129180908203125
11.2247314453125
28.492630004882812
15.82516860961914
4.151769161224365
9.159215927124023
0.09598875045776367
16.146556854248047
6.772390365600586
-0.9348198175430298
8.461153030395508
-24.406028747558594
9.219094276428223
11.525125503540039
30.032623291015625
15.632176399230957
4.452796459197998
9.446014404296875
0.378540575504303
16.471357345581055
7.324209690093994
-1.300324559211731
8.949251174926758
-25.143558502197266
10.522734642028809
11.793848037719727
31.526594161987305
15.357254028320312
4.793607711791992
9.710029602050781
0.7275143265724182
16.7552547454834
7.9110331535339355
-1.6366629600524902
9.477214813232422
-25.865310668945312
11.788769721984863
12.026105880737305
32.922061920166016
15.007941246032715
5.175413131713867
9.95595932006836
1.1448966264724731
17.001855850219727
8.532341957092285
-1.9566445350646973
10.044386863708496
-26.57547950744629
13.038751602172852
12.225786209106445
34.25971984863281
14.592626571655273
5.5998663902282715
10.185219764709473
1.6334521770477295
17.209253311157227
9.188777923583984
-2.267202377319336
10.653510093688965
-27.27642250061035
14.248323440551758
12.386387825012207
35.51649475097656
14.126143455505371
6.0679826736450195
10.396907806396484
2.1945879459381104
17.370088577270508
9.880342483520508
-2.573200225830078
11.307116508483887
-27.970014572143555
15.451088905334473
12.504969596862793
36.696434020996094
13.595206260681152
