2
3
-0.9706975221633911
-8.127464294433594
8.70329761505127
10.002685546875
-7.18400239944458
5.428529739379883
-2.0213463306427
4.135335445404053
9.017931938171387
3.9421420097351074
5.573422908782959
9.438366889953613
-0.6516450643539429
-6.811758995056152
9.13758373260498
12.116827011108398
-6.285304069519043
5.044515132904053
-0.8302006721496582
3.5530388355255127
8.586281776428223
3.9971866607666016
4.160253047943115
8.99045181274414
-0.29983729124069214
-5.551271438598633
9.672768592834473
14.132144927978516
-5.408113956451416
4.710667610168457
0.3690907955169678
3.0626120567321777
8.147475242614746
4.082640647888184
2.8975276947021484
8.607752799987793
0.07546263933181763
-4.267533302307129
10.235995292663574
16.111284255981445
-4.554297924041748
4.424205303192139
1.5815037488937378
2.6576437950134277
7.722436428070068
4.204980850219727
1.770388126373291
8.293444633483887
0.5566850304603577
-2.9020729064941406
10.96336555480957
18.038726806640625
-3.7216453552246094
4.181481838226318
2.8243184089660645
2.335618734359741
7.288926601409912
4.34221887588501
0.694981575012207
8.05013656616211
1.0633049011230469
-1.4805995225906372
11.686800956726074
19.928035736083984
-2.918158531188965
3.9872961044311523
4.0713934898376465
2.096230983734131
6.841869354248047
4.492498397827148
-0.3393598794937134
7.888514518737793
1.5711159706115723
-0.036569952964782715
12.370036125183105
21.75316047668457
-2.1461122035980225
3.846961498260498
5.314077377319336
1.9468739032745361
6.375054359436035
4.658194541931152
-1.3307304382324219
7.82024621963501
2.085325241088867
1.4202343225479126
13.018879890441895
23.500202178955078
-1.3994112014770508
3.7835190296173096
6.533569812774658
1.9206944704055786
5.884133815765381
4.846053600311279
-2.2621893882751465
7.859769344329834
2.610443592071533
2.8841543197631836
13.653026580810547
25.16650390625
-0.6864063739776611
3.796769380569458
7.724226951599121
2.010911703109741
5.405393600463867
5.1061320304870605
-3.104654312133789
8.070420265197754
3.128610134124756
4.337996006011963
14.279139518737793
26.738758087158203
0.04584670066833496
3.8971972465515137
8.94448471069336
2.2490665912628174
4.955502033233643
5.417647838592529
-3.8422493934631348
8.460352897644043
3.646195888519287
5.741769790649414
14.903961181640625
28.146442413330078
0.8280094861984253
4.065328121185303
10.211686134338379
2.627612590789795
4.519634246826172
5.787123203277588
-4.535381317138672
8.987802505493164
4.228524208068848
7.105015277862549
15.614080429077148
29.427200317382812
1.6586425304412842
4.296693325042725
11.510859489440918
3.129258155822754
4.096480846405029
6.191444396972656
-5.202596664428711
9.617341995239258
4.855762481689453
8.424825668334961
16.328584671020508
30.495895385742188
2.5254993438720703
4.589772701263428
12.814542770385742
3.746657133102417
3.721306324005127
6.605166912078857
-5.804642677307129
10.334094047546387
5.522098541259766
9.690114974975586
17.017404556274414
31.366188049316406
3.421168565750122
4.9470601081848145
14.116467475891113
4.4791178703308105
3.432232141494751
7.027981758117676
-6.319430828094482
11.1083402633667
6.214322566986084
10.912518501281738
17.66693115234375
32.07484817504883
4.325182914733887
5.365849494934082
15.375194549560547
5.31542444229126
3.2218875885009766
7.477689743041992
-6.772390842437744
11.959965705871582
6.918954849243164
12.105328559875488
18.26622772216797
32.675132751464844
5.2426629066467285
5.84632682800293
16.61410903930664
6.2474260330200195
3.0740885734558105
7.981536388397217
-7.1512885093688965
12.934232711791992
7.629020690917969
13.276286125183105
18.81534194946289
33.19335174560547
6.134488582611084
6.385610103607178
17.785926818847656
7.23234224319458
2.98366379737854
8.533394813537598
-7.438838958740234
14.015336036682129
8.337068557739258
14.426636695861816
19.314855575561523
33.63935852050781
6.989418029785156
6.980587005615234
18.88843536376953
8.2573823928833
2.9446005821228027
9.136209487915039
-7.644505500793457
15.203492164611816
9.041421890258789
15.557168960571289
19.772886276245117
34.02145767211914
7.841404914855957
7.627538681030273
19.960805892944336
9.34512710571289
2.9519331455230713
9.792522430419922
-7.769847393035889
16.499662399291992
9.744994163513184
16.673622131347656
20.199909210205078
34.35441207885742
8.699721336364746
8.330615997314453
21.017314910888672
10.507591247558594
3.0032596588134766
10.503886222839355
-7.81320858001709
17.904796600341797
