2
3
-0.4142763018608093
8.337724685668945
5.217047214508057
-2.0938491821289062
6.503230571746826
-0.3626989722251892
7.636759281158447
-4.607137680053711
2.8268189430236816
3.468876838684082
-2.708768129348755
-2.8069543838500977
0.2669239640235901
7.696061611175537
6.3043622970581055
-3.0920581817626953
6.591869831085205
-0.23921996355056763
7.380171775817871
-4.009573936462402
2.854213237762451
3.345369577407837
-2.9079413414001465
-2.758619785308838
0.9359725713729858
7.101374626159668
7.385303497314453
-4.053654670715332
6.685992240905762
-0.11083799600601196
7.154387950897217
-3.4323534965515137
2.9046177864074707
3.210101366043091
-3.0434353351593018
-2.748947858810425
1.6071059703826904
6.535029411315918
8.483903884887695
-4.97625207901001
6.781810283660889
0.025058254599571228
6.955060005187988
-2.8710689544677734
2.972160816192627
3.0636603832244873
-3.1209378242492676
-2.777029514312744
2.3042640686035156
5.97892951965332
9.630669593811035
-5.833708763122559
6.869143962860107
0.17158274352550507
6.772904872894287
-2.3209433555603027
3.0501441955566406
2.9060702323913574
-3.1519999504089355
-2.843261957168579
3.047743082046509
5.414417743682861
10.843208312988281
-6.662388324737549
6.932358264923096
0.3286890387535095
6.599116802215576
-1.779404640197754
3.131230592727661
2.7344655990600586
-3.1434080600738525
-2.9571566581726074
3.828653335571289
4.832302093505859
12.109196662902832
-7.491593837738037
6.981269359588623
0.48440268635749817
6.4507880210876465
-1.265106201171875
3.213548421859741
2.552053689956665
-3.105527639389038
-3.1180553436279297
4.643624305725098
4.229755878448486
13.415599822998047
-8.329315185546875
7.051318645477295
0.6263232231140137
6.368963718414307
-0.8050589561462402
3.296790599822998
2.3575446605682373
-3.0406363010406494
-3.32677960395813
5.491036415100098
3.6087327003479004
14.749232292175293
-9.174674034118652
7.156040191650391
0.7450947761535645
6.36240291595459
-0.4111068844795227
3.393744945526123
2.1564278602600098
-2.9362430572509766
-3.5729687213897705
6.357705116271973
2.9782395362854004
16.065046310424805
-10.01254653930664
7.290638446807861
0.8464318513870239
6.405621528625488
-0.07824015617370605
3.5128602981567383
1.9525620937347412
-2.7821264266967773
-3.856407642364502
7.227963924407959
2.350691318511963
17.289350509643555
-10.812077522277832
7.462383270263672
0.9308619499206543
6.4893107414245605
0.19879859685897827
3.6606523990631104
1.7453720569610596
-2.5650570392608643
-4.173348903656006
8.122150421142578
1.7203845977783203
18.459623336791992
-11.58307933807373
7.6671576499938965
0.999833881855011
6.6080827713012695
0.42865025997161865
3.8417856693267822
1.5319384336471558
-2.276773452758789
-4.5287628173828125
9.042768478393555
1.0757699012756348
19.577112197875977
-12.322747230529785
7.905038833618164
1.05329430103302
6.770695209503174
0.6169626712799072
4.067374229431152
1.30711829662323
-1.9016153812408447
-4.925180435180664
9.998055458068848
0.415272057056427
20.686561584472656
-13.0465669631958
8.176108360290527
1.0916787385940552
6.985658645629883
0.7671401500701904
4.347233295440674
1.0598522424697876
-1.4335764646530151
-5.360492706298828
10.984530448913574
-0.2570273280143738
21.8057804107666
-13.756338119506836
8.481681823730469
1.1132268905639648
7.258697986602783
0.8728630542755127
4.680782794952393
0.7821749448776245
-0.8761492371559143
-5.833136558532715
11.991710662841797
-0.934662401676178
22.927623748779297
-14.443026542663574
8.835092544555664
1.1159205436706543
7.617834568023682
0.9267561435699463
5.064087867736816
0.4721083641052246
-0.2325565218925476
-6.344318389892578
13.010746002197266
-1.6151484251022339
24.033018112182617
-15.095455169677734
9.240935325622559
1.090908408164978
8.07935905456543
0.9118817448616028
5.4957275390625
0.13194045424461365
0.49913865327835083
-6.892658233642578
14.03795051574707
-2.2937307357788086
25.119415283203125
-15.709453582763672
9.699995040893555
1.0298993587493896
8.63149642944336
0.823218584060669
5.9767889976501465
-0.23475968837738037
1.32038152217865
-7.473888397216797
15.075071334838867
-2.9669079780578613
26.2002010345459
-16.291662216186523
10.211055755615234
0.9322223663330078
9.26686954498291
0.6662687659263611
6.5071892738342285
-0.6259008049964905
2.230813980102539
-8.081689834594727
16.13092041015625
-3.638683795928955
27.29674530029297
-16.852123260498047
10.772627830505371
0.7993587851524353
9.983231544494629
0.4432797431945801
7.086642742156982
-1.0395399332046509
3.2282967567443848
-8.709822654724121
