2
3
7.567530155181885
-2.048200845718384
3.8702521324157715
2.7647323608398438
5.058576583862305
-2.7418336868286133
9.101787567138672
-4.5382866859436035
-4.794536590576172
-6.862577438354492
6.202073574066162
-2.3189563751220703
7.165746212005615
-2.100688934326172
2.9105453491210938
2.4332518577575684
5.223987579345703
-3.138160467147827
9.04358959197998
-5.059603691101074
-3.6678805351257324
-6.6364426612854
8.002305030822754
-1.9003318548202515
6.775135040283203
-2.174232244491577
2.0248374938964844
2.076120138168335
5.452383041381836
-3.54085373878479
9.089189529418945
-5.536890506744385
-2.5808589458465576
-6.430605888366699
9.749224662780762
-1.5023585557937622
6.399940013885498
-2.2765698432922363
1.2032790184020996
1.6961567401885986
5.71296501159668
-3.9503345489501953
9.207870483398438
-5.986886501312256
-1.523719072341919
-6.266734600067139
11.462420463562012
-1.0878390073776245
6.056844711303711
-2.4159812927246094
0.4625434875488281
1.3043292760849
6.0001044273376465
-4.363485813140869
9.38390064239502
-6.414856910705566
-0.4680582284927368
-6.180369853973389
13.209822654724121
-0.6780703663825989
5.7610673904418945
-2.6038308143615723
-0.18329286575317383
0.8959607481956482
6.311412811279297
-4.780002117156982
9.60449504852295
-6.82728910446167
0.6138805150985718
-6.103006839752197
14.993404388427734
-0.24246186017990112
5.52412748336792
-2.8430862426757812
-0.7074007391929626
0.46741294860839844
6.654819965362549
-5.195586204528809
9.875432014465332
-7.208207130432129
1.7546663284301758
-6.012052536010742
16.813247680664062
0.21326568722724915
5.383061408996582
-3.1065170764923096
-1.0610365867614746
0.038637131452560425
7.046961784362793
-5.609180927276611
10.214811325073242
-7.564479827880859
2.9695491790771484
-5.893934726715088
18.65982437133789
0.6765127182006836
5.36345100402832
-3.3775548934936523
-1.207474946975708
-0.3693704307079315
7.521085739135742
-6.022292613983154
10.66171646118164
-7.902106761932373
4.227047920227051
-5.758471488952637
20.486164093017578
1.1468713283538818
5.445951461791992
-3.6499228477478027
-1.1786949634552002
-0.7590420842170715
8.060686111450195
-6.43467378616333
11.197704315185547
-8.213500022888184
5.520153999328613
-5.629737377166748
22.295366287231445
1.591738224029541
5.611029624938965
-3.9270308017730713
-1.0026404857635498
-1.1472220420837402
8.634642601013184
-6.842158317565918
11.778707504272461
-8.494220733642578
6.852155685424805
-5.521491050720215
24.119144439697266
1.9892525672912598
5.839543342590332
-4.21085786819458
-0.697299063205719
-1.5392677783966064
9.227670669555664
-7.243460178375244
12.383893966674805
-8.745433807373047
8.195676803588867
-5.4316325187683105
25.915311813354492
2.339076280593872
6.1310553550720215
-4.490332126617432
-0.2719828486442566
-1.9302918910980225
9.843849182128906
-7.646914005279541
13.03172492980957
-8.975265502929688
9.540749549865723
-5.33652925491333
27.5876407623291
2.6467061042785645
6.4919843673706055
-4.752662181854248
0.27512460947036743
-2.315732002258301
10.490891456604004
-8.049518585205078
13.724266052246094
-9.180238723754883
10.868243217468262
-5.250196933746338
29.129878997802734
2.886354923248291
6.926812648773193
-4.993011951446533
0.9523056149482727
-2.6887354850769043
11.171980857849121
-8.443703651428223
14.467963218688965
-9.356512069702148
12.187051773071289
-5.178253650665283
30.5938720703125
3.0610737800598145
7.435189247131348
-5.215181827545166
1.7622013092041016
-3.0482211112976074
11.8926362991333
-8.827577590942383
15.273508071899414
-9.50113582611084
13.519974708557129
-5.119925498962402
32.03000259399414
3.1856133937835693
8.014460563659668
-5.423706531524658
2.7035789489746094
-3.394472360610962
12.65653133392334
-9.199223518371582
16.147253036499023
-9.610793113708496
14.875619888305664
-5.074904918670654
33.45909118652344
3.2653775215148926
8.656538963317871
-5.622889995574951
3.763566255569458
-3.7322988510131836
13.464620590209961
-9.555959701538086
17.09130859375
-9.681666374206543
16.257383346557617
-5.042987823486328
34.89004898071289
3.302353620529175
9.360661506652832
-5.81540060043335
4.939383506774902
-4.064074516296387
14.313819885253906
-9.893627166748047
18.102985382080078
-9.708230018615723
17.664493560791016
-5.0246992111206055
36.321197509765625
3.3001108169555664
10.129372596740723
-6.005928039550781
6.230669975280762
-4.393993377685547
15.196507453918457
-10.20697021484375
19.177101135253906
-9.682439804077148
19.098209381103516
-5.019754886627197
37.75623321533203
3.2606706619262695
