2
3
6.764103412628174
3.907186985015869
-3.515977382659912
3.931562900543213
7.365527629852295
-2.2291481494903564
2.1127262115478516
1.6905229091644287
-3.275132179260254
-9.118365287780762
-6.504630088806152
-0.9827349185943604
6.300052642822266
3.3019657135009766
-4.604238986968994
2.762796640396118
6.8909101486206055
-2.279223680496216
1.2547411918640137
1.4463900327682495
-2.8860347270965576
-8.414773941040039
-6.107437610626221
-0.02221691608428955
5.8447160720825195
2.696688652038574
-5.70160436630249
1.6718950271606445
6.410494327545166
-2.314385414123535
0.38954871892929077
1.2108148336410522
-2.507230043411255
-7.714354515075684
-5.701837539672852
0.9677952527999878
5.42191743850708
2.11324405670166
-6.798388481140137
0.6334326267242432
5.943704605102539
-2.3361732959747314
-0.45365846157073975
1.0035237073898315
-2.1049532890319824
-7.018058776855469
-5.254101753234863
2.003528118133545
5.004730224609375
1.5691819190979004
-7.876865863800049
-0.33796507120132446
5.495238304138184
-2.348040819168091
-1.2581355571746826
0.8246073722839355
-1.721401333808899
-6.347084045410156
-4.812012672424316
3.0263102054595947
4.57361364364624
1.0826047658920288
-8.979833602905273
-1.2010356187820435
5.060885429382324
-2.358523368835449
-2.0195446014404297
0.6644665598869324
-1.4136669635772705
-5.7290940284729
-4.4660258293151855
4.0145087242126465
4.123318672180176
0.6452622413635254
-10.120330810546875
-1.9779422283172607
4.641057014465332
-2.3642730712890625
-2.7429141998291016
0.52848881483078
-1.164383053779602
-5.164951324462891
-4.23354959487915
4.980382442474365
3.6497116088867188
0.2537410855293274
-11.313425064086914
-2.6827807426452637
4.237288951873779
-2.358488082885742
-3.435595989227295
0.4237666726112366
-0.9486649036407471
-4.626417636871338
-4.0421857833862305
5.92882776260376
3.1091244220733643
-0.09843528270721436
-12.624852180480957
-3.3152098655700684
3.8472702503204346
-2.3324410915374756
-4.107435703277588
0.36115190386772156
-0.7887964844703674
-4.097002983093262
-3.9412662982940674
6.892427444458008
2.523555040359497
-0.42774248123168945
-14.050130844116211
-3.9258971214294434
3.4546456336975098
-2.2879323959350586
-4.7976531982421875
0.33959582448005676
-0.6740683317184448
-3.592684745788574
-3.8855814933776855
7.86785888671875
1.8786441087722778
-0.7448071241378784
-15.605984687805176
-4.527743816375732
3.0424110889434814
-2.233156681060791
-5.549350261688232
0.3440389633178711
-0.6142874360084534
-3.0991013050079346
-3.8715944290161133
8.856143951416016
1.1663055419921875
-1.0601657629013062
-17.311824798583984
-5.133871078491211
2.5937905311584473
-2.1742000579833984
-6.394611358642578
0.3670266270637512
-0.5941656231880188
-2.60959792137146
-3.8872079849243164
9.847412109375
0.4041915535926819
-1.3797650337219238
-19.176837921142578
-5.751303195953369
2.0945351123809814
-2.117603302001953
-7.349783420562744
0.4020070433616638
-0.6131893992424011
-2.115830898284912
-3.948331832885742
10.846335411071777
-0.3960837125778198
-1.7009321451187134
-21.200592041015625
-6.383392333984375
1.5414488315582275
-2.0652413368225098
-8.423912048339844
0.44120535254478455
-0.6876530647277832
-1.5931015014648438
-4.102537631988525
11.872305870056152
-1.2304571866989136
-2.023547887802124
-23.372196197509766
-7.027859210968018
0.9334888458251953
-2.0141000747680664
-9.62475299835205
0.48560279607772827
-0.8185584545135498
-1.0425549745559692
-4.34630012512207
12.912513732910156
-2.075744152069092
-2.3405888080596924
-25.598466873168945
-7.654886722564697
0.28266096115112305
-1.9562091827392578
-10.93747329711914
0.5380470156669617
-0.983009397983551
-0.5089950561523438
-4.661867618560791
13.889981269836426
-2.9544448852539062
-2.6365833282470703
-27.925954818725586
-8.270389556884766
-0.4058595895767212
-1.8881940841674805
-12.360483169555664
0.6006249189376831
-1.1874481439590454
0.0012562274932861328
-5.05649995803833
14.796972274780273
-3.872041702270508
-2.9019339084625244
-30.390277862548828
-8.874881744384766
-1.1310739517211914
-1.8100098371505737
-13.89413833618164
0.6711909174919128
-1.438659429550171
0.49169623851776123
-5.539071083068848
15.633378982543945
-4.830837249755859
-3.1341552734375
-32.998497009277344
-9.46981143951416
-1.888493537902832
-1.721364974975586
-15.532649040222168
0.7484573125839233
-1.7427440881729126
0.9738013744354248
-6.116314888000488
16.427318572998047
-5.835650444030762
-3.336008310317993
-35.76095962524414
-10.062755584716797
-2.665066957473755
-1.6159034967422485
-17.27181053161621
0.8335760831832886
-2.1021413803100586
1.4467540979385376
-6.7938032150268555
17.18421745300293
