2
3
-1.7090342044830322
-5.176509380340576
-9.19184398651123
-4.760011672973633
-5.520033836364746
-0.26467055082321167
2.6733193397521973
-5.051671981811523
7.9155426025390625
8.67915153503418
1.2086719274520874
-7.01884651184082
-1.701684832572937
-4.518651962280273
-9.427556037902832
-4.3696208000183105
-4.553705215454102
-0.05185633897781372
4.098387718200684
-5.008645534515381
7.348761081695557
7.733007431030273
-0.23345482349395752
-8.861215591430664
-1.7333309650421143
-3.955470085144043
-9.708860397338867
-4.068116188049316
-3.6489620208740234
0.10334020853042603
5.444580554962158
-5.013956546783447
6.800380229949951
6.767023086547852
-1.6319867372512817
-10.643566131591797
-1.7807941436767578
-3.453498125076294
-10.007721900939941
-3.8109731674194336
-2.7960011959075928
0.1859186887741089
6.721224308013916
-5.061744689941406
6.300326347351074
5.782408714294434
-2.971010208129883
-12.413107872009277
-1.8369628190994263
-3.0071139335632324
-10.308948516845703
-3.5870821475982666
-2.0009965896606445
0.19931209087371826
7.920298099517822
-5.150356292724609
5.833186626434326
4.75633430480957
-4.28482723236084
-14.20992660522461
-1.901965618133545
-2.6303749084472656
-10.604844093322754
-3.3916592597961426
-1.2533587217330933
0.13746774196624756
9.05487060546875
-5.276731967926025
5.351357460021973
3.703127861022949
-5.605029106140137
-16.105098724365234
-1.96819269657135
-2.3527863025665283
-10.90283203125
-3.1883554458618164
-0.5320131778717041
-0.0478183776140213
10.156562805175781
-5.4602789878845215
4.842276573181152
2.6267027854919434
-6.938525676727295
-18.144046783447266
-2.0552632808685303
-2.16923189163208
-11.245712280273438
-3.032710313796997
0.1599934697151184
-0.3291451930999756
11.235596656799316
-5.706559181213379
4.319636821746826
1.5209565162658691
-8.315298080444336
-20.3465518951416
-2.200255870819092
-2.0903782844543457
-11.764357566833496
-2.95031476020813
0.8252553343772888
-0.6797738075256348
12.26805305480957
-6.023291110992432
3.7892696857452393
0.3784133195877075
-9.75717830657959
-22.720027923583984
-2.367246389389038
-2.101966381072998
-12.395419120788574
-2.952033281326294
1.4676340818405151
-1.0633066892623901
13.198982238769531
-6.384762763977051
3.2539258003234863
-0.7970349788665771
-11.279329299926758
-25.256675720214844
-2.5546114444732666
-2.1951329708099365
-13.103148460388184
-3.0401368141174316
2.1059045791625977
-1.464490532875061
14.057506561279297
-6.779770374298096
2.7132110595703125
-2.009955406188965
-12.879778861999512
-27.958436965942383
-2.7615716457366943
-2.355701446533203
-13.869661331176758
-3.2131547927856445
2.7549245357513428
-1.8806495666503906
14.836702346801758
-7.214879035949707
2.1698031425476074
-3.2586476802825928
-14.539915084838867
-30.80459976196289
-2.9619245529174805
-2.5500364303588867
-14.66705322265625
-3.463888168334961
3.3828883171081543
-2.3041915893554688
15.4711332321167
-7.656826972961426
1.65399169921875
-4.516294002532959
-16.220687866210938
-33.77946472167969
-3.12919020652771
-2.7673990726470947
-15.47188949584961
-3.7924957275390625
4.006370544433594
-2.7479403018951416
16.01983070373535
-8.121490478515625
1.1549468040466309
-5.793863296508789
-17.919811248779297
-36.90952682495117
-3.24591326713562
-3.013606548309326
-16.310379028320312
-4.207596778869629
4.631860733032227
-3.2203240394592285
16.505950927734375
-8.630661010742188
0.6777129173278809
-7.083010673522949
-19.637420654296875
-40.22521209716797
-3.3345437049865723
-3.2906014919281006
-17.1812744140625
-4.707674026489258
5.246460914611816
-3.7253308296203613
16.926952362060547
-9.189996719360352
0.22116270661354065
-8.378772735595703
-21.382291793823242
-43.72368621826172
-3.4081411361694336
-3.602407217025757
-18.063247680664062
-5.297451496124268
5.842994213104248
-4.264834880828857
17.280317306518555
-9.800992012023926
-0.22725597023963928
-9.693696022033691
-23.134143829345703
-47.402305603027344
-3.466780662536621
-3.9581520557403564
-18.958574295043945
-5.985736846923828
6.417436122894287
-4.84177827835083
17.56388282775879
-10.467912673950195
-0.6738502979278564
-11.037091255187988
-24.89136505126953
-51.248294830322266
-3.5145585536956787
-4.363176345825195
-19.885711669921875
-6.779689788818359
6.965023994445801
-5.460085868835449
17.773168563842773
-11.198169708251953
-1.1271518468856812
-12.429133415222168
-26.675453186035156
-55.29743957519531
-3.5621378421783447
-4.817525386810303
-20.85649299621582
-7.684599876403809
7.474813938140869
-6.128034591674805
17.897554397583008
-12.002724647521973
-1.5935542583465576
-13.880474090576172
-28.496530532836914
-59.56561279296875
