2
3
0.13782739639282227
0.48504000902175903
-0.680770218372345
3.2765800952911377
-1.848422646522522
-0.2867106795310974
-5.50929069519043
-8.8440580368042
-7.54713249206543
-6.7589616775512695
5.932403564453125
-9.539077758789062
-0.32700297236442566
0.2337043583393097
-1.555119514465332
2.6261863708496094
-2.115194320678711
-0.7496302127838135
-6.169301509857178
-9.914046287536621
-6.7277092933654785
-6.736498832702637
7.1183762550354
-9.572162628173828
-0.7468163967132568
-0.0383625328540802
-2.3690385818481445
1.9960848093032837
-2.400041103363037
-1.256834864616394
-6.85648250579834
-11.107824325561523
-5.937896728515625
-6.747659683227539
8.251374244689941
-9.593783378601074
-1.1149853467941284
-0.3283742368221283
-3.1285574436187744
1.3946980237960815
-2.6983351707458496
-1.8045032024383545
-7.590909481048584
-12.429759979248047
-5.1627326011657715
-6.862148284912109
9.365886688232422
-9.633010864257812
-1.435072898864746
-0.6545882225036621
-3.8595128059387207
0.7654322385787964
-3.0047667026519775
-2.3918309211730957
-8.36458969116211
-13.877419471740723
-4.388193130493164
-7.060357093811035
10.449344635009766
-9.68369197845459
-1.7094018459320068
-1.026435375213623
-4.56782865524292
0.08414214849472046
-3.3165438175201416
-3.021303415298462
-9.153395652770996
-15.4329833984375
-3.6342995166778564
-7.28411865234375
11.468844413757324
-9.710267066955566
-1.950311303138733
-1.4290788173675537
-5.2570929527282715
-0.6134228110313416
-3.631404161453247
-3.692965269088745
-9.949423789978027
-17.088315963745117
-2.8858895301818848
-7.553582668304443
12.482399940490723
-9.74584674835205
-2.1592421531677246
-1.8576356172561646
-5.925286769866943
-1.329207181930542
-3.9465577602386475
-4.407749652862549
-10.754755020141602
-18.847427368164062
-2.1390128135681152
-7.8828864097595215
13.532944679260254
-9.823657035827637
-2.335608959197998
-2.3163208961486816
-6.571475982666016
-2.0688047409057617
-4.253731727600098
-5.165333271026611
-11.559261322021484
-20.707853317260742
-1.3958858251571655
-8.22940444946289
14.551145553588867
-9.894514083862305
-2.5102908611297607
-2.7937607765197754
-7.226515769958496
-2.8248300552368164
-4.5443291664123535
-5.968079566955566
-12.349685668945312
-22.669179916381836
-0.6548713445663452
-8.581817626953125
15.504106521606445
-9.962706565856934
-2.6816964149475098
-3.2934303283691406
-7.884084224700928
-3.6086859703063965
-4.81523323059082
-6.815446853637695
-13.121530532836914
-24.737415313720703
0.08863604068756104
-8.945171356201172
16.41377067565918
-10.050024032592773
-2.8273887634277344
-3.811112880706787
-8.52484130859375
-4.439389228820801
-5.061150550842285
-7.703673362731934
-13.862757682800293
-26.917865753173828
0.8336313962936401
-9.323513984680176
17.27594566345215
-10.160796165466309
-2.9488983154296875
-4.346098899841309
-9.142770767211914
-5.323827743530273
-5.264758586883545
-8.62244987487793
-14.56280517578125
-29.203584671020508
1.5361089706420898
-9.700008392333984
18.018434524536133
-10.278485298156738
-3.0564053058624268
-4.900460243225098
-9.74389934539795
-6.269715309143066
-5.435688495635986
-9.586252212524414
-15.267694473266602
-31.644502639770508
2.1585559844970703
-10.080394744873047
18.634056091308594
-10.409257888793945
-3.1923768520355225
-5.483681678771973
-10.368650436401367
-7.287484169006348
-5.592106819152832
-10.602178573608398
-16.02849006652832
-34.29375457763672
2.7509541511535645
-10.475895881652832
19.17682647705078
-10.568938255310059
-3.36032772064209
-6.097933769226074
-11.014725685119629
-8.3767671585083
-5.736088752746582
-11.670287132263184
-16.84311294555664
-37.14753723144531
3.3351593017578125
-10.890183448791504
19.663366317749023
-10.7708101272583
-3.526400566101074
-6.742406368255615
-11.661199569702148
-9.553857803344727
-5.868557929992676
-12.791666984558105
-17.70193862915039
-40.19718551635742
3.9099009037017822
-11.324502944946289
20.091480255126953
-11.014533042907715
-3.680856704711914
-7.4200439453125
-12.297134399414062
-10.829394340515137
-5.991438388824463
-13.970425605773926
-18.599063873291016
-43.444820404052734
4.474681377410889
-11.78204345703125
20.46088409423828
-11.305073738098145
-3.8234612941741943
-8.134014129638672
-12.921884536743164
-12.210053443908691
-6.103804588317871
-15.209705352783203
-19.530471801757812
-46.89592742919922
5.032071113586426
-12.26754093170166
20.775087356567383
-11.654443740844727
-3.949929714202881
-8.885411262512207
-13.528997421264648
-13.70244026184082
-6.205020427703857
-16.51327896118164
-20.494609832763672
-50.55967712402344
5.585776329040527
-12.786943435668945
21.040056228637695
-12.07912826538086
