2
3
-6.763331890106201
5.879822254180908
-1.7705137729644775
-5.541460037231445
1.2874293327331543
9.471735000610352
-0.9704850316047668
5.5158209800720215
-3.065619468688965
7.462327480316162
7.490823745727539
-1.7154996395111084
-6.798282623291016
5.187806129455566
0.40055274963378906
-4.9971184730529785
0.3661472797393799
10.502944946289062
-2.0038139820098877
3.936436176300049
-1.7519584894180298
7.094852447509766
6.356916904449463
-1.493529200553894
-6.420680999755859
4.567452430725098
2.1892664432525635
-4.28007698059082
-0.8236560821533203
11.340374946594238
-1.941884160041809
1.7118902206420898
-0.7913354635238647
6.8478593826293945
4.841507911682129
-1.3029818534851074
-5.672309875488281
4.034531593322754
3.327216863632202
-3.203219175338745
-1.8749666213989258
11.670180320739746
-1.3425366878509521
-0.27520275115966797
-0.2929674983024597
6.729348182678223
3.216233730316162
-1.1336138248443604
-4.6498212814331055
3.7172646522521973
3.7707929611206055
-1.7882134914398193
-2.681753396987915
11.52500057220459
-0.5131168365478516
-2.02583909034729
-0.34164947271347046
6.801024913787842
2.261195182800293
-1.303991436958313
-3.764770269393921
3.756007432937622
3.917154312133789
-0.7110943794250488
-3.109975814819336
11.015668869018555
0.46788984537124634
-3.4144163131713867
-0.5673765540122986
6.889529228210449
1.6942801475524902
-1.5452606678009033
-3.045168399810791
4.066951751708984
3.9101123809814453
0.17737150192260742
-3.252129077911377
10.265169143676758
1.4454543590545654
-4.564957618713379
-0.8254410028457642
6.974391460418701
1.4452601671218872
-1.7571406364440918
-2.531843662261963
4.5859527587890625
3.811440944671631
0.8511309623718262
-3.1459121704101562
9.394695281982422
2.4174389839172363
-5.521164894104004
-1.128859043121338
7.053111553192139
1.4207319021224976
-2.0434553623199463
-2.197070360183716
5.240469932556152
3.765368700027466
1.2536544799804688
-2.8338584899902344
8.443944931030273
3.3463470935821533
-6.253826141357422
-1.3836710453033447
7.108014106750488
1.5401238203048706
-2.294435977935791
-1.9691860675811768
5.933285236358643
3.803222417831421
1.3794969320297241
-2.3422133922576904
7.426804065704346
4.1682562828063965
-6.704156398773193
-1.588196039199829
7.109268665313721
1.893324613571167
-2.5623836517333984
-1.8194305896759033
6.610795021057129
3.969341516494751
1.1838995218276978
-1.7078105211257935
6.375946521759033
4.821793079376221
-6.823892593383789
-1.729294776916504
7.054336071014404
2.4829938411712646
-2.871189594268799
-1.7284799814224243
7.227078914642334
4.343027591705322
0.6195653676986694
-0.9827130436897278
5.356304168701172
5.231297492980957
-6.5855488777160645
-1.7861483097076416
6.938135623931885
3.272043228149414
-3.217156410217285
-1.663029432296753
7.719317436218262
4.988162994384766
-0.3450976610183716
-0.25582265853881836
4.450366020202637
5.38731575012207
-6.010248184204102
-1.7395071983337402
6.7489495277404785
4.2054853439331055
-3.590395927429199
-1.5608999729156494
8.005703926086426
5.854158878326416
-1.6500426530838013
0.3481014370918274
3.749032497406006
5.424317359924316
-5.205939292907715
-1.5705945491790771
6.467813014984131
5.210487365722656
-3.9574506282806396
-1.2722257375717163
7.9707932472229
6.723769664764404
-2.927856683731079
0.695661723613739
3.3285889625549316
5.728244781494141
-4.660926342010498
-1.2082175016403198
6.053579807281494
6.186432838439941
-4.276516914367676
-0.8059700131416321
7.650619983673096
7.621309280395508
-4.022286415100098
0.9909138679504395
3.08722186088562
6.186490058898926
-4.279225826263428
-0.6870036125183105
5.569871425628662
7.2033305168151855
-4.62215518951416
-0.17125409841537476
7.116318702697754
8.628084182739258
-4.928709983825684
1.1607356071472168
3.070939302444458
6.8555073738098145
-4.191954612731934
-0.039485275745391846
5.065837383270264
8.239253044128418
-4.964651107788086
0.5859917998313904
6.4515461921691895
9.721506118774414
-5.7112321853637695
1.3219683170318604
3.1156208515167236
7.780801773071289
-4.367295742034912
0.7012653946876526
4.551390171051025
9.309270858764648
-5.304965019226074
1.4483792781829834
5.696345806121826
10.896141052246094
-6.400963306427002
1.5429857969284058
3.1232805252075195
9.032832145690918
-4.781369686126709
1.5023643970489502
4.026912689208984
10.481209754943848
-5.682145595550537
2.394571542739868
4.871086597442627
12.203402519226074
-7.043539047241211
1.8890657424926758
3.017806053161621
10.647054672241211
-5.394189357757568
2.3477180004119873
3.48242449760437
11.842002868652344
-6.145088195800781
