2
3
4.224015235900879
1.2276185750961304
-8.802821159362793
-0.2932840585708618
-4.404786109924316
2.115354299545288
-6.181857109069824
9.64857292175293
4.487527847290039
7.497549057006836
9.771920204162598
-9.468978881835938
3.6271986961364746
1.5870281457901
-9.818483352661133
0.015324890613555908
-3.963555097579956
2.6422064304351807
-5.8506855964660645
10.740025520324707
4.8001909255981445
6.724804878234863
9.84769344329834
-10.705965995788574
3.0326249599456787
1.887784481048584
-10.886198997497559
0.2743191719055176
-3.618046522140503
3.144800901412964
-5.531223773956299
11.873550415039062
5.113964080810547
5.930047512054443
9.870349884033203
-11.920293807983398
2.4310433864593506
2.1314871311187744
-12.092966079711914
0.493931382894516
-3.3343112468719482
3.6539862155914307
-5.223222255706787
13.032872200012207
5.4752068519592285
5.105301380157471
9.900368690490723
-13.148040771484375
1.8524020910263062
2.3449759483337402
-13.367635726928711
0.7049844861030579
-3.067153215408325
4.153861045837402
-4.895842552185059
14.200671195983887
5.880732536315918
4.233078479766846
9.933842658996582
-14.395271301269531
1.3107506036758423
2.5111868381500244
-14.678801536560059
0.9167580604553223
-2.7946572303771973
4.637381076812744
-4.5428786277771
15.368499755859375
6.267075538635254
3.33005428314209
9.844400405883789
-15.60596752166748
0.7927021384239197
2.6426477432250977
-16.055213928222656
1.1314201354980469
-2.509856700897217
5.104669570922852
-4.176707744598389
16.52626609802246
6.616082191467285
2.420487880706787
9.636863708496094
-16.75537109375
0.2898229956626892
2.730975866317749
-17.47328758239746
1.3356373310089111
-2.1855764389038086
5.538043022155762
-3.7839274406433105
17.631187438964844
6.892172336578369
1.541424036026001
9.276555061340332
-17.78660011291504
-0.1702490746974945
2.74819278717041
-18.922243118286133
1.5429811477661133
-1.877913475036621
5.982277870178223
-3.449312925338745
18.706045150756836
7.1170477867126465
0.6882188320159912
8.836240768432617
-18.755199432373047
-0.5954371094703674
2.71189546585083
-20.389949798583984
1.7402628660202026
-1.5816267728805542
6.4304680824279785
-3.140368700027466
19.73271942138672
7.290000915527344
-0.12833070755004883
8.330575942993164
-19.671796798706055
-1.0049970149993896
2.6401615142822266
-21.88865852355957
1.9234867095947266
-1.278020977973938
6.846277713775635
-2.8415045738220215
20.645889282226562
7.416078090667725
-0.9069421291351318
7.758534908294678
-20.543684005737305
-1.4078162908554077
2.544776201248169
-23.427955627441406
2.094912052154541
-0.942942202091217
7.22102165222168
-2.530012369155884
21.450817108154297
7.460952281951904
-1.5999946594238281
7.060579299926758
-21.30685806274414
-1.8117618560791016
2.4363455772399902
-25.02215003967285
2.264314889907837
-0.5858964920043945
7.574160099029541
-2.228010416030884
22.16416358947754
7.461240291595459
-2.245152473449707
6.3306427001953125
-22.046253204345703
-2.2214748859405518
2.3216795921325684
-26.677093505859375
2.4373388290405273
-0.21689444780349731
7.916261672973633
-1.947332501411438
22.79920768737793
7.43765926361084
-2.86555814743042
5.586755752563477
-22.804523468017578
-2.6399428844451904
2.2068684101104736
-28.397504806518555
2.620887517929077
0.15893983840942383
8.24659252166748
-1.6890337467193604
23.357027053833008
7.390597820281982
-3.4685521125793457
4.821365833282471
-23.601985931396484
-3.071772575378418
2.102745294570923
-30.21314239501953
2.826136827468872
0.532578706741333
8.563794136047363
-1.4726747274398804
23.817813873291016
7.316845893859863
-4.0546770095825195
4.021481990814209
-24.44916534423828
-3.519038438796997
2.011580228805542
-32.1358528137207
3.0505809783935547
0.8921453952789307
8.874715805053711
-1.308978796005249
24.179582595825195
7.225137233734131
-4.627235412597656
3.176780939102173
-25.3588924407959
-3.9774727821350098
1.9274095296859741
-34.159976959228516
3.2848622798919678
1.2384285926818848
9.186787605285645
-1.1797292232513428
24.439725875854492
7.101565837860107
-5.180445194244385
2.2773256301879883
-26.309768676757812
-4.44596004486084
1.8506962060928345
-36.29570388793945
3.5277957916259766
1.5574390888214111
9.547402381896973
-1.1290042400360107
24.632116317749023
6.9380645751953125
-5.704269886016846
1.3257074356079102
-27.306472778320312
-4.9282732009887695
1.7806190252304077
-38.555389404296875
3.778684616088867
1.8521913290023804
9.945550918579102
-1.166507601737976
24.752777099609375
6.719729900360107
-6.1414947509765625
0.3082164525985718
-28.338768005371094
