2
3
-5.044475078582764
-6.341113567352295
-0.4270991086959839
8.706732749938965
-1.4884822368621826
5.059547424316406
-2.549234390258789
-11.993108749389648
7.320810794830322
9.546722412109375
0.36083245277404785
0.504603385925293
-4.489608287811279
-4.630066871643066
-0.013767093420028687
10.84487533569336
-1.5069732666015625
3.230631113052368
-1.388808250427246
-13.218830108642578
6.778982162475586
9.1900634765625
-2.0409750938415527
-2.0185282230377197
-3.9649693965911865
-2.73543119430542
0.47481784224510193
12.102743148803711
-1.1985220909118652
1.300116777420044
-0.4955909848213196
-14.00763988494873
6.099217891693115
8.75097942352295
-3.98276424407959
-4.426995754241943
-3.473696231842041
-0.7487046718597412
1.0539458990097046
12.605481147766113
-0.6174052953720093
-0.6785833835601807
0.18132758140563965
-14.025983810424805
5.284787654876709
8.146316528320312
-5.3609466552734375
-6.598759651184082
-3.033445358276367
1.216696858406067
1.7725862264633179
12.311054229736328
0.16736990213394165
-2.5968093872070312
0.28919100761413574
-13.336091995239258
4.368546485900879
7.358448028564453
-6.078571319580078
-8.536121368408203
-2.744096279144287
3.197597026824951
2.8966832160949707
10.683442115783691
0.9770410656929016
-4.28582239151001
-0.19590482115745544
-11.95234489440918
3.4500741958618164
6.345149517059326
-6.234442710876465
-10.163504600524902
-2.461533308029175
4.939637184143066
4.048698425292969
7.979304790496826
1.6150121688842773
-5.532284259796143
-1.0536847114562988
-9.929931640625
2.572436809539795
5.082833766937256
-5.959056854248047
-11.296425819396973
-2.016145944595337
6.082822322845459
4.990250587463379
4.833661079406738
2.0011520385742188
-6.049105167388916
-2.1457252502441406
-7.859996318817139
1.7910261154174805
3.6367363929748535
-5.484671592712402
-11.908041954040527
-1.5251896381378174
6.812567234039307
5.552553653717041
1.8308143615722656
2.0479204654693604
-5.970381259918213
-2.9757494926452637
-6.034796714782715
1.0717458724975586
2.0967812538146973
-4.9905877113342285
-11.951800346374512
-0.8714025020599365
6.943641662597656
5.807607650756836
-0.8748500347137451
1.666865587234497
-5.501263618469238
-3.5243794918060303
-4.646999835968018
0.28123170137405396
0.7404855489730835
-4.146088123321533
-12.01785945892334
-0.08428996801376343
6.695737361907959
5.693525791168213
-3.3570244312286377
1.0843935012817383
-4.80997896194458
-3.81685471534729
-3.446153163909912
-0.3500574827194214
-0.4507869482040405
-3.1681013107299805
-11.955424308776855
0.7302121520042419
6.183617115020752
5.343771934509277
-5.7058820724487305
0.3634030222892761
-3.9475996494293213
-3.8052077293395996
-2.6574268341064453
-0.7492092847824097
-1.4984956979751587
-2.164821147918701
-11.621634483337402
1.5183484554290771
5.405633926391602
4.779008388519287
-7.810309410095215
-0.36686044931411743
-3.013460874557495
-3.588402509689331
-2.497972011566162
-0.9713330268859863
-2.4177465438842773
-1.2053014039993286
-11.238879203796387
2.2365565299987793
4.356008529663086
4.002279281616211
-9.435240745544434
-1.0292410850524902
-2.1754262447357178
-3.1618213653564453
-2.7935869693756104
-0.9896572828292847
-3.267024040222168
-0.4517345428466797
-11.011717796325684
2.883568286895752
3.083049774169922
3.1100220680236816
-10.564172744750977
-1.6215202808380127
-1.4550094604492188
-2.468700647354126
-3.5847277641296387
-0.850379228591919
-4.0392374992370605
0.1399528980255127
-10.769378662109375
3.386892318725586
1.7067383527755737
2.1636104583740234
-11.33034610748291
-2.134577512741089
-0.8635845184326172
-1.395230770111084
-5.012270450592041
-0.5934208631515503
-4.742984294891357
0.5166206955909729
-10.41596794128418
3.6704623699188232
0.2911233901977539
1.3015615940093994
-11.850625991821289
-2.459125518798828
-0.504754900932312
0.014850854873657227
-6.8161773681640625
-0.34631332755088806
-5.304608345031738
0.7747816443443298
-10.148029327392578
3.70985746383667
-1.0753852128982544
0.6203757524490356
-12.283026695251465
-2.487046480178833
-0.5018481016159058
1.4917881488800049
-8.636460304260254
-0.19855362176895142
-5.671411991119385
1.1698622703552246
-10.52714729309082
3.4766316413879395
-2.2926735877990723
0.357166051864624
-13.038759231567383
-2.254965305328369
-0.8560777902603149
2.835496425628662
-10.457592010498047
-0.084233857691288
-6.014782428741455
1.6549561023712158
-11.247907638549805
3.107673406600952
-3.3913207054138184
0.4290716052055359
-13.997093200683594
-1.8934338092803955
-1.5702457427978516
4.052788257598877
-12.273759841918945
0.021476730704307556
-6.412765979766846
2.165243625640869
-12.215839385986328
