2
3
-1.2352221012115479
9.085378646850586
-5.829740047454834
-4.306611061096191
-3.2986602783203125
-5.225954532623291
-1.4398434162139893
-0.6995073556900024
9.77557373046875
7.285695552825928
8.75647258758545
8.392767906188965
-0.8775590658187866
8.41838264465332
-5.554190158843994
-5.730231285095215
-2.7420666217803955
-4.238829612731934
-0.5969839096069336
0.7579542398452759
9.581144332885742
7.361866474151611
7.853851318359375
7.960169792175293
-0.5242878198623657
7.825904369354248
-5.2548627853393555
-7.012900352478027
-2.1479885578155518
-3.220388889312744
0.34574830532073975
2.3283562660217285
9.366561889648438
7.4386773109436035
6.99022102355957
7.521378040313721
-0.17513808608055115
7.304595947265625
-4.93684720993042
-8.16821002960205
-1.5394783020019531
-2.2168655395507812
1.3133788108825684
3.877023696899414
9.15019416809082
7.52257776260376
6.207866668701172
7.093429088592529
0.15094241499900818
6.846842288970947
-4.623984336853027
-9.213916778564453
-0.9341247081756592
-1.2649022340774536
2.279526710510254
5.364808082580566
8.93589973449707
7.604433536529541
5.478578567504883
6.678624153137207
0.4398232698440552
6.420654773712158
-4.325436592102051
-10.21528148651123
-0.3472440838813782
-0.36581701040267944
3.2267019748687744
6.786282539367676
8.712152481079102
7.674861431121826
4.773293972015381
6.27640962600708
0.7076200246810913
6.003903865814209
-4.046494483947754
-11.244577407836914
0.20322418212890625
0.4726884961128235
4.128997802734375
8.133321762084961
8.473888397216797
7.728659152984619
4.079941749572754
5.884610652923584
0.979562520980835
5.589489459991455
-3.748342990875244
-12.301199913024902
0.714461088180542
1.2834702730178833
4.981587886810303
9.442283630371094
8.220924377441406
7.766490459442139
3.398597240447998
5.502750873565674
1.243274211883545
5.15969181060791
-3.509765386581421
-13.486161231994629
1.1840837001800537
2.0895609855651855
5.785266399383545
10.742895126342773
7.955764293670654
7.7907938957214355
2.736325979232788
5.136997699737549
1.4943382740020752
4.696035385131836
-3.3577945232391357
-14.804361343383789
1.645444393157959
2.938476085662842
6.559384822845459
12.03557014465332
7.682135105133057
7.80320930480957
2.1026499271392822
4.797873497009277
1.7411386966705322
4.20902681350708
-3.2504847049713135
-16.188831329345703
2.130502700805664
3.835052013397217
7.344167709350586
13.306292533874512
7.405789852142334
7.811438083648682
1.510772466659546
4.495881080627441
1.9953422546386719
3.712681770324707
-3.157464027404785
-17.606849670410156
2.648232936859131
4.753897666931152
8.1492919921875
14.525762557983398
7.130001068115234
7.820830345153809
0.9585822224617004
4.236410617828369
2.2461018562316895
3.2156710624694824
-3.093686580657959
-19.024076461791992
3.1604466438293457
5.598268508911133
8.910834312438965
15.544624328613281
6.85788631439209
7.810826301574707
0.4358977675437927
3.9811758995056152
2.4861702919006348
2.72399640083313
-3.0561203956604004
-20.397666931152344
3.668569326400757
6.347079753875732
9.631270408630371
16.333803176879883
6.596628189086914
7.769845008850098
-0.05777040123939514
3.711001396179199
2.711902379989624
2.1976490020751953
-3.0592293739318848
-21.774137496948242
4.186924934387207
7.048144340515137
10.32996654510498
16.961811065673828
6.350767135620117
7.692420959472656
-0.5227904319763184
3.4201934337615967
2.9298741817474365
1.6376569271087646
-3.106743335723877
-23.18011474609375
4.717073440551758
7.710732460021973
11.001237869262695
17.448556900024414
6.128480434417725
7.567026615142822
-0.9661351442337036
3.086796522140503
3.1355202198028564
1.0796184539794922
-3.185602903366089
-24.594335556030273
5.252738952636719
8.317834854125977
11.628259658813477
17.763469696044922
5.933762073516846
7.397934436798096
-1.401045560836792
2.7017791271209717
3.3351941108703613
0.5294548273086548
-3.2829983234405518
-26.019573211669922
5.792080402374268
8.864294052124023
12.189105987548828
17.881784439086914
5.760139465332031
7.185176372528076
-1.8288452625274658
2.2676446437835693
3.541654109954834
-0.00671839714050293
-3.388427734375
-27.468536376953125
6.331006050109863
9.354846954345703
12.696321487426758
17.8377628326416
5.632456302642822
6.965242385864258
-2.234928607940674
1.8149752616882324
3.760863780975342
-0.5313287973403931
-3.4973554611206055
-28.954084396362305
6.870876312255859
9.791070938110352
13.174651145935059
17.663942337036133
5.562814712524414
6.758244514465332
-2.576895236968994
1.34972083568573
