2
3
0.15100598335266113
4.153783321380615
-8.90796947479248
3.6535112857818604
3.5505354404449463
2.623969316482544
-6.976478099822998
6.012975692749023
-7.510410308837891
0.1341385543346405
10.806206703186035
-7.496466636657715
-0.27437251806259155
4.08038330078125
-9.984420776367188
3.604539632797241
2.680515766143799
2.8216919898986816
-8.525320053100586
6.202054500579834
-6.371539115905762
0.01360979676246643
12.624983787536621
-7.55682373046875
-0.7021980285644531
4.022482872009277
-11.109930992126465
3.5838029384613037
1.870316982269287
3.0258309841156006
-10.004011154174805
6.482487678527832
-5.261133193969727
-0.19324423372745514
14.387065887451172
-7.590657711029053
-1.130628228187561
3.97809100151062
-12.2965726852417
3.57978892326355
1.0869381427764893
3.204967975616455
-11.503098487854004
6.770586013793945
-4.178499221801758
-0.4358472228050232
16.123647689819336
-7.574872970581055
-1.5532845258712769
3.9426443576812744
-13.559680938720703
3.5735390186309814
0.334059476852417
3.373162269592285
-13.040913581848145
7.076827526092529
-3.1190598011016846
-0.6789317727088928
17.833951950073242
-7.4960036277771
-1.9534807205200195
3.8986549377441406
-14.905976295471191
3.539212942123413
-0.38764095306396484
3.5352916717529297
-14.635170936584473
7.40704870223999
-2.093240261077881
-0.8853940367698669
19.449724197387695
-7.313763618469238
-2.3575687408447266
3.8462657928466797
-16.355140686035156
3.5062685012817383
-1.0443358421325684
3.6416659355163574
-16.299795150756836
7.7196364402771
-1.09630286693573
-1.0544393062591553
20.978973388671875
-7.0464982986450195
-2.8319547176361084
3.7813611030578613
-17.94380760192871
3.5297658443450928
-1.6564408540725708
3.7214572429656982
-18.01991844177246
8.054404258728027
-0.09959930181503296
-1.1945737600326538
22.469282150268555
-6.717794895172119
-3.3507773876190186
3.68790864944458
-19.634078979492188
3.59053897857666
-2.234355926513672
3.7927730083465576
-19.78807830810547
8.424181938171387
0.9043212532997131
-1.3079659938812256
23.902368545532227
-6.326544761657715
-3.8665592670440674
3.5761773586273193
-21.376110076904297
3.665937662124634
-2.777036666870117
3.8490350246429443
-21.585004806518555
8.830794334411621
1.7839787006378174
-1.3474990129470825
25.060104370117188
-5.826234817504883
-4.350125789642334
3.447604179382324
-23.14657211303711
3.7561962604522705
-3.316906452178955
3.9210097789764404
-23.43698501586914
9.271636962890625
2.61545467376709
-1.3370424509048462
26.02977180480957
-5.287215232849121
-4.815208911895752
3.3140952587127686
-24.942035675048828
3.8753743171691895
-3.926696538925171
4.026438236236572
-25.38740348815918
9.782417297363281
3.4636783599853516
-1.30012845993042
26.901376724243164
-4.75985050201416
-5.269883632659912
3.186718702316284
-26.76749038696289
4.0284743309021
-4.601902961730957
4.150683879852295
-27.43111228942871
10.360284805297852
4.293857574462891
-1.232495665550232
27.64680290222168
-4.2149810791015625
-5.722993850708008
3.0764262676239014
-28.647815704345703
4.2230963706970215
-5.31141471862793
4.297151565551758
-29.57781410217285
10.998674392700195
5.063140869140625
-1.130562663078308
28.17934226989746
-3.654714584350586
-6.181988716125488
2.9872701168060303
-30.600419998168945
4.465213298797607
-6.045055389404297
4.46795654296875
-31.834049224853516
11.695284843444824
5.769301414489746
-0.9956558346748352
28.529315948486328
-3.066671371459961
-6.65158224105835
2.921043634414673
-32.638755798339844
4.756910800933838
-6.802334785461426
4.664519786834717
-34.20720291137695
12.44970989227295
6.435224533081055
-0.8363391160964966
28.74593162536621
-2.448920726776123
-7.13551664352417
2.8787829875946045
-34.7736701965332
5.099555015563965
-7.580992698669434
4.883610248565674
-36.70136260986328
13.263214111328125
7.0566606521606445
-0.6515907645225525
28.824356079101562
-1.800106406211853
-7.6416778564453125
2.8625142574310303
-37.0182991027832
5.494658470153809
-8.37040901184082
5.114258766174316
-39.311370849609375
14.140458106994629
7.628080368041992
-0.4410168528556824
28.753828048706055
-1.1182355880737305
-8.172117233276367
2.8727610111236572
-39.382896423339844
5.944450855255127
-9.184011459350586
5.365532875061035
-42.0516471862793
15.082918167114258
8.10254955291748
-0.17611163854599
28.51502799987793
-0.43273651599884033
-8.730202674865723
2.912562131881714
-41.87649154663086
6.451173782348633
-10.04134464263916
5.650670051574707
-44.94807434082031
16.090906143188477
8.471808433532715
0.15085318684577942
28.14474105834961
0.2438676357269287
