2
3
-0.08976864069700241
3.4226162433624268
-7.818811893463135
-5.622664451599121
2.6477155685424805
-2.610391855239868
6.295565605163574
5.28116512298584
-4.045520782470703
-2.846881866455078
7.224780082702637
-4.334647178649902
-0.2651340961456299
2.782400608062744
-8.471651077270508
-6.734379768371582
2.574899673461914
-2.1410305500030518
6.030872344970703
5.8891921043396
-3.3373055458068848
-2.7948052883148193
8.309587478637695
-4.053469181060791
-0.5196089744567871
2.164112091064453
-9.211736679077148
-7.834475517272949
2.5420873165130615
-1.683863639831543
5.859323501586914
6.416833877563477
-2.630645751953125
-2.805877923965454
9.40495777130127
-3.777263641357422
-0.804435670375824
1.5605665445327759
-9.996526718139648
-8.951555252075195
2.5288822650909424
-1.230879306793213
5.727725505828857
6.884363174438477
-1.9189856052398682
-2.8533451557159424
10.52043342590332
-3.499850273132324
-1.1010441780090332
0.9759218692779541
-10.813507080078125
-10.102057456970215
2.563776731491089
-0.7748519778251648
5.6849493980407715
7.305473804473877
-1.2053208351135254
-2.9021520614624023
11.612936973571777
-3.1949169635772705
-1.4140383005142212
0.4014648199081421
-11.64798641204834
-11.32199478149414
2.6340548992156982
-0.3445233702659607
5.6747727394104
7.666805744171143
-0.48972374200820923
-2.9415781497955322
12.66524887084961
-2.8568928241729736
-1.734939455986023
-0.17234253883361816
-12.475869178771973
-12.623019218444824
2.7179272174835205
0.04349243640899658
5.652947425842285
7.94780158996582
0.23380953073501587
-2.9641737937927246
13.684797286987305
-2.4986917972564697
-2.0505497455596924
-0.7473423480987549
-13.27018928527832
-13.98043441772461
2.8122363090515137
0.39219048619270325
5.614894390106201
8.149496078491211
0.9664060473442078
-2.9731054306030273
14.677324295043945
-2.1282215118408203
-2.352391481399536
-1.3201829195022583
-14.010872840881348
-15.364907264709473
2.9136831760406494
0.7046072483062744
5.557050704956055
8.274171829223633
1.6809473037719727
-2.9591565132141113
15.584238052368164
-1.7482339143753052
-2.63352370262146
-1.890609622001648
-14.702824592590332
-16.785888671875
3.0110018253326416
0.9770433902740479
5.468320846557617
8.322017669677734
2.3774666786193848
-2.928713321685791
16.428726196289062
-1.3701629638671875
-2.88846755027771
-2.4612808227539062
-15.316396713256836
-18.225082397460938
3.1044259071350098
1.2095235586166382
5.356477737426758
8.300824165344238
3.0718116760253906
-2.886822462081909
17.232563018798828
-1.004927158355713
-3.1135780811309814
-3.035877227783203
-15.880660057067871
-19.69093132019043
3.1992135047912598
1.4005619287490845
5.2306060791015625
8.211257934570312
3.7721445560455322
-2.8347012996673584
17.988391876220703
-0.6600662469863892
-3.3181514739990234
-3.6255314350128174
-16.413494110107422
-21.196334838867188
3.284329891204834
1.5466327667236328
5.080458641052246
8.05538558959961
4.467555999755859
-2.775142192840576
18.679365158081055
-0.3353310227394104
-3.5077826976776123
-4.240848064422607
-16.90742301940918
-22.742082595825195
3.351233720779419
1.6449812650680542
4.905127048492432
7.836385726928711
5.156361103057861
-2.7112481594085693
19.292888641357422
-0.03889024257659912
-3.678391933441162
-4.8738603591918945
-17.342609405517578
-24.31687355041504
3.401963710784912
1.6943321228027344
4.713261604309082
7.556511402130127
5.827496528625488
-2.651724100112915
19.794023513793945
0.2117253839969635
-3.827801465988159
-5.523035526275635
-17.71813201904297
-25.935707092285156
3.44258451461792
1.6942838430404663
4.515113830566406
7.217810153961182
6.453639984130859
-2.6052958965301514
20.17367935180664
0.40950506925582886
-3.966745138168335
-6.197640895843506
-18.058765411376953
-27.643095016479492
3.4753336906433105
1.6427788734436035
4.319105625152588
6.820558547973633
7.038888931274414
-2.5705511569976807
20.464282989501953
0.5535374879837036
-4.101136207580566
-6.902567386627197
-18.377567291259766
-29.464710235595703
3.500206708908081
1.5377553701400757
4.1266303062438965
6.363365173339844
7.5809855461120605
-2.5545639991760254
20.67122459411621
0.624187707901001
-4.222731113433838
-7.634476661682129
-18.662309646606445
-31.384220123291016
3.5247457027435303
1.3812235593795776
3.9549355506896973
5.855634689331055
8.06893253326416
-2.57477068901062
20.779497146606445
0.6071202754974365
-4.328656196594238
-8.390472412109375
-18.907777786254883
-33.407859802246094
3.54940128326416
1.1680697202682495
3.805959939956665
5.291818618774414
8.490873336791992
-2.641615867614746
20.78567123413086
0.5085731744766235
