2
3
-0.8944089412689209
-6.2846574783325195
2.7996957302093506
6.1746087074279785
3.6558685302734375
-5.72685432434082
-0.6954998970031738
4.1890339851379395
-2.9155404567718506
-7.862442970275879
1.99947988986969
-7.523375034332275
-0.6621564626693726
-5.3627095222473145
2.6562652587890625
5.383574485778809
2.9296772480010986
-5.029660224914551
-1.498002529144287
3.70500111579895
-2.2370963096618652
-9.210524559020996
3.401366710662842
-7.209790229797363
-0.48210662603378296
-4.632604122161865
2.5188817977905273
4.273734092712402
2.0961532592773438
-4.384001731872559
-1.7266716957092285
2.847519874572754
-1.2876648902893066
-10.464584350585938
4.177133560180664
-6.389963150024414
-0.34434080123901367
-4.142917156219482
2.5428171157836914
2.839097499847412
1.2071821689605713
-3.87162709236145
-1.3091899156570435
1.526287317276001
-0.19944143295288086
-11.515195846557617
4.282562732696533
-4.872468948364258
-0.21983659267425537
-3.930511236190796
2.7822823524475098
1.1955249309539795
0.4591675400733948
-3.6867823600769043
-0.4259985685348511
0.07303166389465332
0.8532005548477173
-12.14755916595459
3.7028987407684326
-2.636335611343384
-0.06840458512306213
-4.049042701721191
3.201927423477173
-0.4952549934387207
-0.0591006875038147
-3.921750068664551
0.7744132280349731
-1.309221625328064
1.5259977579116821
-12.149721145629883
2.9951391220092773
-0.6874485015869141
0.21356678009033203
-4.480809211730957
3.6686220169067383
-1.7556655406951904
-0.21564841270446777
-4.451349258422852
1.8578956127166748
-2.4518814086914062
1.8283684253692627
-11.592451095581055
2.392261266708374
0.6690109968185425
0.6128684282302856
-5.035402774810791
4.200987339019775
-2.75317120552063
-0.12399511784315109
-5.1006035804748535
2.9550957679748535
-3.410370349884033
1.8795024156570435
-10.795875549316406
1.970862865447998
1.732869267463684
1.1181840896606445
-5.685330867767334
4.6907429695129395
-3.4661340713500977
0.20982849597930908
-5.855471611022949
4.007145404815674
-4.117440223693848
1.7881931066513062
-9.908407211303711
1.7332241535186768
2.5226526260375977
1.7191132307052612
-6.394769668579102
5.065180778503418
-3.872873306274414
0.7614613175392151
-6.675062656402588
4.9015727043151855
-4.524493217468262
1.6040300130844116
-8.97924518585205
1.7596312761306763
2.9548707008361816
2.3493340015411377
-7.109766960144043
5.323266983032227
-3.9971981048583984
1.4814918041229248
-7.508845329284668
5.5578508377075195
-4.609426021575928
1.3825836181640625
-8.07382583618164
2.1178534030914307
2.9904680252075195
2.9334890842437744
-7.775856018066406
5.533321380615234
-3.9147207736968994
2.285767078399658
-8.314438819885254
5.993669033050537
-4.387111186981201
1.1574190855026245
-7.2502312660217285
2.864567756652832
2.612309217453003
3.4518258571624756
-8.372845649719238
5.74205207824707
-3.668438673019409
3.0842185020446777
-9.0280122756958
6.202336311340332
-3.8796093463897705
0.9399959444999695
-6.526744365692139
4.084511756896973
1.624651312828064
3.9146037101745605
-8.890888214111328
5.964199542999268
-3.276554584503174
3.763899087905884
-9.568546295166016
6.28209924697876
-3.204186201095581
0.8867632150650024
-6.059451580047607
5.530094146728516
0.26840877532958984
4.312777042388916
-9.312886238098145
6.338822364807129
-2.9713664054870605
4.251893043518066
-9.917677879333496
6.567782878875732
-2.752126455307007
1.1285173892974854
-5.959819316864014
6.908313751220703
-1.0529067516326904
4.681644439697266
-9.627640724182129
6.874166965484619
-2.7339231967926025
4.647107124328613
-10.107198715209961
7.006575107574463
-2.389235258102417
1.645758867263794
-6.173634052276611
8.152444839477539
-2.1684772968292236
5.001572608947754
-9.801297187805176
7.559848308563232
-2.5834267139434814
4.9619646072387695
-10.142461776733398
7.616189002990723
-2.1811370849609375
2.389516592025757
-6.623522758483887
9.376076698303223
-3.0406956672668457
5.289834976196289
-9.865073204040527
8.416007041931152
-2.58078670501709
5.220297336578369
-10.068714141845703
8.418227195739746
-2.167462110519409
3.3039469718933105
-7.214717864990234
10.581243515014648
-3.7215583324432373
5.564583778381348
-9.878687858581543
9.505762100219727
-2.7584238052368164
5.466129779815674
-9.968340873718262
9.476374626159668
-2.3423197269439697
4.3417205810546875
-7.885500431060791
11.771716117858887
-4.234640598297119
5.904851913452148
-9.929216384887695
10.88747501373291
-3.0810632705688477
5.773746490478516
-9.917807579040527
10.847306251525879
-2.686262845993042
5.4646220207214355
-8.599264144897461
12.963685989379883
-4.605826377868652
