2
3
7.6501545906066895
2.970585346221924
3.944370985031128
-0.6225495338439941
-3.3324332237243652
1.1558492183685303
7.27891731262207
-1.9495480060577393
-7.399955749511719
-5.742770671844482
9.787078857421875
0.4042178988456726
7.022518157958984
2.551197052001953
2.423534870147705
-1.47878897190094
-2.782444477081299
0.9160640835762024
8.13975715637207
-2.4278156757354736
-6.219900608062744
-5.139373779296875
11.540760040283203
1.430452585220337
6.377872467041016
2.1323635578155518
0.9126486778259277
-2.315749168395996
-2.22629451751709
0.6722338199615479
9.015161514282227
-2.87990403175354
-5.100384712219238
-4.588168144226074
13.223913192749023
2.4425268173217773
5.727818012237549
1.713575005531311
-0.5276550054550171
-3.1308836936950684
-1.6392405033111572
0.4149826765060425
9.925760269165039
-3.285095453262329
-4.0289177894592285
-4.131022930145264
14.874927520751953
3.436856508255005
5.099473476409912
1.2954473495483398
-1.8565943241119385
-3.92872953414917
-1.018066167831421
0.11345446109771729
10.906466484069824
-3.6726322174072266
-2.9293994903564453
-3.7043707370758057
16.555767059326172
4.408952236175537
4.517263889312744
0.888557493686676
-3.06960391998291
-4.6925811767578125
-0.32095563411712646
-0.19687983393669128
12.036859512329102
-4.011329650878906
-1.75457763671875
-3.2661352157592773
18.28447151184082
5.350150108337402
4.008103370666504
0.5018149614334106
-4.120598793029785
-5.419436454772949
0.43254077434539795
-0.5046553611755371
13.269567489624023
-4.300626277923584
-0.5143110752105713
-2.814690113067627
20.082603454589844
6.26739501953125
3.569406032562256
0.1104499101638794
-5.014296531677246
-6.171096324920654
1.2491908073425293
-0.803214967250824
14.599623680114746
-4.5497941970825195
0.7727899551391602
-2.3523855209350586
21.921350479125977
7.19037389755249
3.166863203048706
-0.310405969619751
-5.82288122177124
-7.001152038574219
2.1459999084472656
-1.093597173690796
16.03775978088379
-4.764649868011475
2.1072278022766113
-1.8808643817901611
23.801982879638672
8.118768692016602
2.7865262031555176
-0.7688084244728088
-6.590782642364502
-7.932690143585205
3.142522096633911
-1.3757922649383545
17.590883255004883
-4.9516987800598145
3.4881513118743896
-1.4027819633483887
25.720844268798828
9.048954963684082
2.4625308513641357
-1.2316210269927979
-7.2915802001953125
-8.911458969116211
4.210247039794922
-1.6454672813415527
19.165740966796875
-5.104620456695557
4.866051197052002
-0.9238879680633545
27.576358795166016
9.941642761230469
2.244817018508911
-1.6696205139160156
-7.774073600769043
-9.851530075073242
5.2490363121032715
-1.887779712677002
20.58501625061035
-5.200981616973877
6.171446800231934
-0.4609840512275696
29.19363784790039
10.67151165008545
2.1278302669525146
-2.075032949447632
-8.0640230178833
-10.751543045043945
6.255382537841797
-2.119492769241333
21.923839569091797
-5.24373722076416
7.4424052238464355
-0.023226141929626465
30.665842056274414
11.283836364746094
2.101325750350952
-2.4531238079071045
-8.204062461853027
-11.650125503540039
7.2468767166137695
-2.340036630630493
23.22979164123535
-5.2361273765563965
8.69527816772461
0.3921944499015808
32.04658889770508
11.798107147216797
2.1616408824920654
-2.810471534729004
-8.194940567016602
-12.55313491821289
8.23876953125
-2.545259952545166
24.52920913696289
-5.179366588592529
9.926883697509766
0.7859725952148438
33.35099411010742
12.204493522644043
2.3027586936950684
-3.152275562286377
-8.044554710388184
-13.481522560119629
9.246133804321289
-2.7332377433776855
25.842134475708008
-5.077332496643066
11.159509658813477
1.156922459602356
34.6130485534668
12.541851043701172
2.5325443744659424
-3.4772913455963135
-7.741331577301025
-14.422239303588867
10.278328895568848
-2.9011099338531494
27.179821014404297
-4.935157299041748
12.398735046386719
1.5065505504608154
35.845542907714844
12.818880081176758
2.863309144973755
-3.782276153564453
-7.26226806640625
-15.348821640014648
11.344327926635742
-3.0471513271331787
28.549667358398438
-4.758586406707764
13.647261619567871
1.8353979587554932
37.056297302246094
13.039108276367188
3.2821919918060303
-4.073317050933838
-6.6312971115112305
-16.273080825805664
12.452010154724121
-3.1709797382354736
29.957204818725586
-4.5533294677734375
14.907663345336914
2.1435248851776123
38.252437591552734
13.2052640914917
3.787327289581299
-4.352339744567871
-5.8605475425720215
-17.20802879333496
13.608318328857422
-3.2726309299468994
31.40554428100586
-4.32612419128418
16.181838989257812
2.4305944442749023
39.43921661376953
13.319039344787598
