2
3
0.5763928294181824
-3.7279915809631348
8.902952194213867
8.954708099365234
4.649468421936035
3.7720625400543213
-1.428879737854004
-1.2081806659698486
5.047852993011475
-3.961698055267334
9.164900779724121
-4.2512969970703125
1.4754974842071533
-2.6233651638031006
9.677699089050293
9.360506057739258
3.7296571731567383
3.2060208320617676
-0.3692742586135864
-2.6332144737243652
6.396514415740967
-4.886430263519287
8.045324325561523
-2.616295337677002
2.4091832637786865
-1.5471103191375732
10.326094627380371
9.242961883544922
3.1887991428375244
2.3945882320404053
1.1306910514831543
-3.768423080444336
7.321824073791504
-5.375276565551758
6.758295059204102
-0.687023401260376
3.382450819015503
-0.5524648427963257
10.562246322631836
8.901392936706543
3.0479438304901123
1.3413381576538086
2.8278727531433105
-4.589258670806885
7.700397491455078
-5.29179048538208
5.536468505859375
1.0330482721328735
4.322569370269775
0.34794312715530396
10.50274658203125
8.272945404052734
3.237748861312866
0.18385791778564453
4.4766645431518555
-5.102622985839844
7.616763114929199
-4.853500843048096
4.946938514709473
2.2819314002990723
5.151313781738281
1.107090711593628
10.31601333618164
7.262641429901123
3.736856460571289
-1.0383663177490234
6.163932800292969
-5.291818141937256
7.383358955383301
-4.23829984664917
4.673826217651367
3.363903284072876
5.7930498123168945
1.7074286937713623
10.119429588317871
5.957190990447998
4.490658283233643
-2.2449333667755127
7.796578407287598
-5.225732803344727
7.109721660614014
-3.514720916748047
4.7748565673828125
4.268893241882324
6.345824718475342
2.095160961151123
9.987645149230957
4.5280609130859375
5.494578838348389
-3.3736801147460938
9.094132423400879
-4.774115562438965
6.814992904663086
-2.693204641342163
5.275496006011963
4.834146499633789
6.821908950805664
2.275773525238037
10.114133834838867
2.991006374359131
6.673655033111572
-4.363818645477295
9.91532039642334
-3.8035292625427246
6.605306625366211
-1.8315579891204834
6.075448036193848
4.817193984985352
7.296323776245117
2.218621253967285
10.700383186340332
1.589531660079956
7.907585144042969
-5.099852561950684
10.250693321228027
-2.2618234157562256
6.51255464553833
-1.0565649271011353
7.2024760246276855
4.26557731628418
7.862632751464844
1.896443247795105
11.560402870178223
0.44867968559265137
9.003532409667969
-5.525609493255615
10.439345359802246
-0.4161638021469116
6.532894134521484
-0.4595518112182617
8.72371768951416
3.3322689533233643
8.664411544799805
1.312382698059082
12.311470031738281
-0.24054527282714844
9.723294258117676
-5.520529747009277
11.036556243896484
0.9790174961090088
6.735185146331787
-0.14383089542388916
10.412923812866211
2.2977356910705566
9.600146293640137
0.6476598978042603
13.285097122192383
-0.7694640159606934
10.233118057250977
-5.15964412689209
11.859760284423828
1.9623609781265259
7.183945655822754
-0.08402831107378006
12.174029350280762
1.4154157638549805
10.548144340515137
-0.042943716049194336
14.410418510437012
-1.1420891284942627
10.67344856262207
-4.648093223571777
12.828271865844727
2.721991777420044
7.849719524383545
-0.22771206498146057
13.977208137512207
0.7429066896438599
11.5341796875
-0.7354337573051453
15.588305473327637
-1.289629578590393
11.091525077819824
-4.082836627960205
14.019257545471191
3.267831325531006
8.749641418457031
-0.5219833850860596
15.730303764343262
0.23358535766601562
12.563969612121582
-1.4098317623138428
16.776790618896484
-1.2186944484710693
11.543414115905762
-3.516094446182251
15.493824005126953
3.5887978076934814
9.858357429504395
-0.9299559593200684
17.380817413330078
-0.0775594413280487
13.601557731628418
-2.042713165283203
18.027326583862305
-0.9620309472084045
12.09682559967041
-3.012880802154541
17.25646209716797
3.727583408355713
11.096200942993164
-1.4038305282592773
19.006593704223633
-0.20861248672008514
14.586380958557129
-2.609938144683838
19.488401412963867
-0.5891422033309937
12.756549835205078
-2.5955722332000732
19.279666900634766
3.6928346157073975
12.431410789489746
-1.9217886924743652
20.678375244140625
-0.15601679682731628
15.475857734680176
-3.098655939102173
21.413509368896484
-0.24199047684669495
13.522425651550293
-2.2813212871551514
21.552541732788086
3.484124183654785
13.810016632080078
-2.46010160446167
22.52768898010254
0.03550940752029419
16.396474838256836
-3.5398435592651367
23.726587295532227
0.08155471086502075
14.388669967651367
-2.091707706451416
24.09054946899414
3.1191420555114746
15.145124435424805
-2.984454393386841
24.787464141845703
0.22983980178833008
