2
3
5.190695762634277
-3.8455405235290527
-9.809383392333984
2.057309627532959
-6.535167694091797
6.867942810058594
8.684243202209473
-9.730810165405273
-3.8058276176452637
2.0542807579040527
3.0623819828033447
-3.6368865966796875
3.4180045127868652
-2.32421875
-11.6004638671875
3.392228364944458
-4.802382469177246
5.21457576751709
10.681940078735352
-11.799325942993164
-3.12514591217041
1.9293015003204346
3.8546361923217773
-4.469258785247803
1.4446732997894287
-0.6937704086303711
-12.376731872558594
4.037652969360352
-2.7892684936523438
3.3206934928894043
12.025009155273438
-13.283585548400879
-2.4320359230041504
1.7593307495117188
4.570730209350586
-5.349406719207764
-0.5973119735717773
0.9479337930679321
-12.141533851623535
3.906261920928955
-0.584331750869751
1.2652885913848877
12.683924674987793
-14.169781684875488
-1.7669391632080078
1.5259791612625122
5.288642883300781
-6.290615081787109
-2.5666799545288086
2.5137009620666504
-10.854512214660645
2.932528495788574
1.6884970664978027
-0.7476508617401123
12.43592357635498
-14.502634048461914
-1.1430432796478271
1.244767189025879
6.072127342224121
-7.341787338256836
-4.555697917938232
4.088827133178711
-8.012547492980957
0.41129612922668457
3.8716702461242676
-2.6495347023010254
11.4127197265625
-14.248164176940918
-0.4617399573326111
0.8795427083969116
6.80936336517334
-8.496393203735352
-6.0489702224731445
5.11946964263916
-4.497257232666016
-2.407019853591919
5.728827953338623
-4.231834411621094
9.817888259887695
-13.573165893554688
0.27298444509506226
0.4338383674621582
7.420187950134277
-9.665124893188477
-6.885735988616943
5.519564151763916
-0.6376669406890869
-5.3628082275390625
7.0383758544921875
-5.400676727294922
7.905299186706543
-12.610715866088867
1.044832706451416
-0.09927892684936523
7.96598482131958
-10.822282791137695
-7.0554046630859375
5.27184534072876
3.4869840145111084
-8.320381164550781
7.61151647567749
-6.054421424865723
6.247846603393555
-11.97186279296875
2.072255849838257
-0.9273035526275635
7.894912242889404
-11.420071601867676
-6.497769355773926
4.515334129333496
6.971091270446777
-10.929256439208984
7.589484214782715
-6.319893836975098
5.153003692626953
-11.892529487609863
2.928889751434326
-1.8445146083831787
8.009601593017578
-12.100992202758789
-5.646551132202148
3.4767699241638184
10.012134552001953
-13.399806022644043
7.347807884216309
-6.456743240356445
4.259012222290039
-12.036691665649414
3.7351181507110596
-2.7479236125946045
8.084991455078125
-12.756531715393066
-4.469012260437012
2.1629951000213623
12.886529922485352
-15.825541496276855
6.920916557312012
-6.508426189422607
3.3019604682922363
-12.278346061706543
4.241124153137207
-3.4196033477783203
8.36196231842041
-13.726232528686523
-2.9805545806884766
0.5774967670440674
15.587158203125
-18.259401321411133
6.279959201812744
-6.4773030281066895
2.690782308578491
-12.843160629272461
4.533639430999756
-3.8637962341308594
8.38581657409668
-14.904642105102539
-1.1830987930297852
-1.2666603326797485
18.111780166625977
-20.677322387695312
5.546876430511475
-6.435398578643799
2.6248836517333984
-13.623560905456543
4.780881881713867
-4.357787132263184
8.62158203125
-16.32741928100586
0.8985743522644043
-3.3339109420776367
20.419466018676758
-23.018693923950195
4.804896831512451
-6.486772537231445
3.239905834197998
-14.870661735534668
4.929877758026123
-4.882781028747559
9.197392463684082
-18.148988723754883
3.2307558059692383
-5.5734405517578125
22.413240432739258
-25.217464447021484
4.095539569854736
-6.68405294418335
4.583428382873535
-16.660146713256836
5.067531585693359
-5.5473551750183105
10.233416557312012
-20.338298797607422
5.694411277770996
-7.86025857925415
24.268016815185547
-27.357515335083008
3.500427007675171
-7.090575695037842
6.685710906982422
-19.04275894165039
5.29802131652832
-6.439702033996582
11.774935722351074
-22.870162963867188
8.195631980895996
-10.097204208374023
26.036781311035156
-29.449668884277344
3.0190296173095703
-7.693822860717773
9.561020851135254
-21.933744430541992
5.670408725738525
-7.542928695678711
13.708622932434082
-25.676862716674805
10.746763229370117
-12.322592735290527
27.533916473388672
-31.439815521240234
2.704655408859253
-8.557039260864258
13.082670211791992
-25.284191131591797
6.0739312171936035
-8.824173927307129
16.26173210144043
-28.906782150268555
13.301185607910156
-14.485649108886719
28.587303161621094
-33.42012023925781
2.6528425216674805
-9.745166778564453
17.19907569885254
-29.263240814208984
6.429072380065918
-10.302847862243652
19.798189163208008
-32.8109016418457
