2
3
2.1754469871520996
-1.6779415607452393
3.6317684650421143
-6.135883808135986
5.395088195800781
7.509848117828369
-2.562761068344116
-4.670955657958984
-0.9642217755317688
-2.308391571044922
-0.5618618726730347
-5.351118087768555
3.0182552337646484
-2.18660831451416
3.119863748550415
-5.320441246032715
4.4431586265563965
7.0489678382873535
-2.4049787521362305
-6.979611396789551
-0.716651439666748
-2.276259183883667
0.6846750974655151
-4.993326187133789
3.582146167755127
-2.3320424556732178
2.476081132888794
-4.834826469421387
3.7168431282043457
6.199764728546143
-2.0115697383880615
-8.896017074584961
-0.32513338327407837
-2.2103028297424316
1.764731764793396
-4.841354846954346
3.9243688583374023
-2.2237300872802734
1.8504232168197632
-4.4997382164001465
3.193915843963623
5.021518707275391
-1.4982479810714722
-10.400906562805176
0.21554917097091675
-2.1487255096435547
2.569685935974121
-4.646281719207764
3.9766714572906494
-1.9129602909088135
1.3957170248031616
-4.500489711761475
2.8576979637145996
3.6460018157958984
-0.8137311935424805
-11.619674682617188
0.7689509391784668
-2.055222749710083
3.1474404335021973
-4.546532154083252
3.8629848957061768
-1.5269593000411987
1.0906569957733154
-4.822547435760498
2.6997885704040527
2.1217925548553467
0.012571215629577637
-12.609580039978027
1.3035821914672852
-1.9132848978042603
3.57098650932312
-4.595428943634033
3.6170644760131836
-1.18040132522583
1.05668306350708
-5.40881872177124
2.7144386768341064
0.4946094751358032
0.8896254897117615
-13.372896194458008
1.7867560386657715
-1.7524880170822144
3.925232172012329
-4.904693126678467
3.331557273864746
-0.9449940323829651
1.3355276584625244
-6.220978736877441
2.8916313648223877
-1.1742267608642578
1.715428352355957
-13.8616304397583
2.2013235092163086
-1.6099207401275635
4.287684917449951
-5.534514427185059
3.0583324432373047
-0.837066113948822
1.924977421760559
-7.318920135498047
3.1987757682800293
-2.820460081100464
2.4159762859344482
-13.975234031677246
2.5423638820648193
-1.5245933532714844
4.752539157867432
-6.538683891296387
2.842373847961426
-0.9120076298713684
2.800693988800049
-8.695967674255371
3.567300796508789
-4.370228290557861
2.9675660133361816
-13.780661582946777
2.892421245574951
-1.6080896854400635
5.288947582244873
-7.8567094802856445
2.7504515647888184
-1.2420560121536255
3.8746583461761475
-10.269094467163086
3.8833060264587402
-5.735627174377441
3.528111457824707
-13.55774974822998
3.3158931732177734
-1.9405490159988403
5.907634735107422
-9.370282173156738
2.880113363265991
-1.9097986221313477
5.011423587799072
-11.83726978302002
4.078155994415283
-6.878571510314941
4.348209381103516
-13.68946647644043
3.7967891693115234
-2.5106515884399414
6.659188270568848
-11.030895233154297
3.178678035736084
-2.8877644538879395
6.305368423461914
-13.41365909576416
4.268702030181885
-7.847837448120117
5.320763111114502
-14.263916969299316
4.330267906188965
-3.319920063018799
7.617764472961426
-12.823631286621094
3.631258010864258
-4.0494561195373535
7.7495880126953125
-15.184652328491211
4.5018720626831055
-8.743988037109375
6.454174995422363
-15.32835865020752
4.939172744750977
-4.344942092895508
8.789323806762695
-14.717175483703613
4.2222137451171875
-5.354287147521973
9.37685489654541
-17.167098999023438
4.781768798828125
-9.642963409423828
7.8382487297058105
-16.800556182861328
5.628087043762207
-5.538525581359863
10.159276008605957
-16.766477584838867
4.944451332092285
-6.796685695648193
11.220093727111816
-19.376399993896484
5.142441272735596
-10.611945152282715
9.53818130493164
-18.675785064697266
6.405633926391602
-6.890740394592285
11.75383186340332
-19.006359100341797
5.790347099304199
-8.374883651733398
13.326652526855469
-21.852113723754883
5.635953903198242
-11.730962753295898
11.579638481140137
-20.893096923828125
7.276287078857422
-8.399993896484375
13.617471694946289
-21.472753524780273
6.765671253204346
-10.094019889831543
15.730470657348633
-24.624040603637695
6.302976608276367
-13.061659812927246
13.963662147521973
-23.383352279663086
8.247417449951172
-10.077658653259277
15.818943977355957
-24.199377059936523
7.882447242736816
-11.971756935119629
18.471126556396484
-27.70665168762207
7.148860454559326
-14.597756385803223
16.70281219482422
-26.15408706665039
9.330215454101562
-11.933693885803223
18.424280166625977
-27.221702575683594
9.151268005371094
-14.0328369140625
21.619918823242188
-31.123065948486328
8.172616958618164
-16.324724197387695
19.834747314453125
-29.25542640686035
10.541489601135254
-13.97490119934082
21.481950759887695
-30.576644897460938
