2
3
9.230841636657715
-6.233870983123779
3.2215137481689453
-2.3846042156219482
-0.3019639253616333
-0.9615283012390137
10.483750343322754
0.7126032114028931
3.223053455352783
-7.007192134857178
-1.3085646629333496
-7.430063247680664
8.817797660827637
-6.159390926361084
2.187281847000122
-2.1080665588378906
0.6645525693893433
-1.263964056968689
12.101672172546387
0.23999422788619995
3.3045401573181152
-7.083498954772949
-1.433131217956543
-7.479491710662842
8.414246559143066
-6.091063499450684
1.215608835220337
-1.859029769897461
1.6350178718566895
-1.545507788658142
13.714942932128906
-0.24061113595962524
3.3991711139678955
-7.166262626647949
-1.501542091369629
-7.577070713043213
8.023030281066895
-6.024630546569824
0.324363648891449
-1.6431716680526733
2.6286935806274414
-1.823409080505371
15.338915824890137
-0.696104884147644
3.5045347213745117
-7.264890670776367
-1.5212223529815674
-7.750643253326416
7.644345760345459
-5.957744598388672
-0.4768330454826355
-1.4590543508529663
3.6682863235473633
-2.110013961791992
16.980453491210938
-1.1300750970840454
3.6199142932891846
-7.383422374725342
-1.4992610216140747
-8.005290031433105
7.286620140075684
-5.882355690002441
-1.161413550376892
-1.305298089981079
4.708272933959961
-2.4185984134674072
18.58807373046875
-1.5943330526351929
3.750448703765869
-7.521249294281006
-1.4386467933654785
-8.329549789428711
6.977964401245117
-5.812967300415039
-1.711761474609375
-1.2012875080108643
5.75835657119751
-2.7414417266845703
20.17068099975586
-2.0841317176818848
3.8971047401428223
-7.674176216125488
-1.3466907739639282
-8.717085838317871
6.735085964202881
-5.773238658905029
-2.1271772384643555
-1.175889015197754
6.822927474975586
-3.0661168098449707
21.698562622070312
-2.605818271636963
4.069496154785156
-7.833695888519287
-1.2195954322814941
-9.15849781036377
6.558484077453613
-5.755697727203369
-2.4269981384277344
-1.2304713726043701
7.918939590454102
-3.390072822570801
23.198196411132812
-3.1420750617980957
4.281632423400879
-8.005752563476562
-1.035027265548706
-9.659777641296387
6.4688849449157715
-5.74752140045166
-2.6259422302246094
-1.3396663665771484
9.048057556152344
-3.6960272789001465
24.671003341674805
-3.6543145179748535
4.542229175567627
-8.190954208374023
-0.7773846387863159
-10.217403411865234
6.46818208694458
-5.751532554626465
-2.7049570083618164
-1.4653517007827759
10.201702117919922
-3.9803359508514404
26.145261764526367
-4.112201690673828
4.852392196655273
-8.38519287109375
-0.4477842450141907
-10.822272300720215
6.55794095993042
-5.776750564575195
-2.654568910598755
-1.6030610799789429
11.364115715026855
-4.256722450256348
27.57714080810547
-4.534882545471191
5.213784217834473
-8.595832824707031
-0.048073410987854004
-11.469717979431152
6.728834629058838
-5.826228618621826
-2.4878768920898438
-1.7676247358322144
12.539697647094727
-4.532386302947998
28.976598739624023
-4.936412811279297
5.6238274574279785
-8.828198432922363
0.41460543870925903
-12.157734870910645
6.980466365814209
-5.8969292640686035
-2.206319808959961
-1.9530540704727173
13.724857330322266
-4.809201717376709
30.337337493896484
-5.3177103996276855
6.083376407623291
-9.081932067871094
0.9376288056373596
-12.882505416870117
7.309715747833252
-5.988925457000732
-1.809128761291504
-2.159496307373047
14.915791511535645
-5.088624000549316
31.65468978881836
-5.678398609161377
6.593585014343262
-9.357429504394531
1.5238215923309326
-13.643492698669434
7.717463493347168
-6.100584506988525
-1.2818597555160522
-2.384782075881958
16.110122680664062
-5.374444484710693
32.92546844482422
-6.017139434814453
7.1548171043396
-9.655325889587402
2.175973892211914
-14.440340042114258
8.196215629577637
-6.231729984283447
-0.6331341862678528
-2.6322879791259766
17.309356689453125
-5.667559623718262
34.163330078125
-6.337191581726074
7.767064094543457
-9.976475715637207
2.89660382270813
-15.272449493408203
8.736053466796875
-6.382753849029541
0.12000328302383423
-2.9061155319213867
18.515220642089844
-5.967658042907715
35.381099700927734
-6.6420440673828125
8.430243492126465
-10.321504592895508
3.68758487701416
-16.138551712036133
9.333695411682129
-6.554247856140137
0.9797692894935608
-3.2060964107513428
19.729297637939453
-6.274447917938232
36.58784103393555
-6.93438720703125
9.144159317016602
-10.690735816955566
4.550106525421143
-17.036760330200195
9.98668098449707
-6.745761871337891
1.9480892419815063
-3.5308592319488525
20.952239990234375
-6.588440418243408
37.78240966796875
-7.2144060134887695
9.908675193786621
-11.084274291992188
5.48519229888916
-17.964832305908203
