2
3
-2.5424580574035645
6.2490997314453125
-4.087942123413086
5.669976711273193
8.21609878540039
0.40889352560043335
-4.818726062774658
10.854740142822266
-2.6830992698669434
0.3883233666419983
-4.6636762619018555
9.4602632522583
-2.205695867538452
5.7192535400390625
-3.061312198638916
5.525606155395508
7.232639789581299
1.5909359455108643
-7.710406303405762
11.230819702148438
-2.3002030849456787
0.9199679493904114
-4.071207523345947
10.38930892944336
-1.592017650604248
5.15936279296875
-2.6351466178894043
5.68274450302124
5.955641746520996
2.7879836559295654
-9.6844482421875
11.399720191955566
-1.8133827447891235
1.5303804874420166
-3.8119258880615234
10.975204467773438
-0.8706806302070618
4.648656845092773
-2.8590266704559326
6.214969635009766
4.5582780838012695
3.9814438819885254
-10.997379302978516
11.41855239868164
-1.3625993728637695
2.2563319206237793
-3.8579137325286865
11.407675743103027
-0.17243534326553345
4.215169429779053
-3.6141889095306396
7.2702460289001465
3.199404001235962
5.096669673919678
-11.845454216003418
11.345641136169434
-0.9114628434181213
3.019350528717041
-4.205499649047852
11.83754825592041
0.45576977729797363
3.9067540168762207
-4.81578254699707
8.858794212341309
1.918120265007019
6.083026885986328
-12.370781898498535
11.19973087310791
-0.44922930002212524
3.7812745571136475
-4.896547317504883
12.305084228515625
0.9251369833946228
3.895115375518799
-6.379292964935303
10.706340789794922
0.742267370223999
6.887842178344727
-12.661992073059082
11.17480754852295
0.021635621786117554
4.519678592681885
-6.0368547439575195
12.869848251342773
1.1849480867385864
4.262493133544922
-8.221165657043457
12.529082298278809
-0.24389541149139404
7.470952033996582
-12.81626033782959
11.407987594604492
0.43732884526252747
5.258309841156006
-7.672942161560059
13.616522789001465
1.197587013244629
5.014350414276123
-10.195124626159668
14.016793251037598
-0.9608882069587708
7.81123685836792
-13.013129234313965
12.131695747375488
0.6573958396911621
6.09849739074707
-9.672778129577637
14.457179069519043
1.0059958696365356
5.997091770172119
-12.290406227111816
15.32127571105957
-1.3715842962265015
7.9915771484375
-13.553635597229004
13.465747833251953
0.6417057514190674
6.99203634262085
-11.867973327636719
15.3923978805542
0.6426228284835815
7.087375640869141
-14.507862091064453
16.627059936523438
-1.5689254999160767
8.225001335144043
-14.652775764465332
15.200016975402832
0.4305683374404907
7.9080586433410645
-14.216493606567383
16.49854850769043
0.16674870252609253
8.19342041015625
-16.883115768432617
18.027448654174805
-1.7048869132995605
8.7122220993042
-16.47848892211914
17.108760833740234
0.05814635753631592
8.835954666137695
-16.67850112915039
17.829124450683594
-0.3844251036643982
9.292850494384766
-19.415231704711914
19.578292846679688
-1.8279513120651245
9.393783569335938
-18.88214111328125
19.118728637695312
-0.42084792256355286
9.760241508483887
-19.283092498779297
19.372774124145508
-0.9976428151130676
10.412095069885254
-22.24463653564453
21.320133209228516
-2.0348408222198486
10.283614158630371
-21.79799461364746
21.185306549072266
-0.9873391389846802
10.731208801269531
-22.180999755859375
21.14838409423828
-1.6676528453826904
11.586060523986816
-25.49980926513672
23.269235610961914
-2.3866324424743652
11.378303527832031
-25.204566955566406
23.301393508911133
-1.6360554695129395
11.795862197875977
-25.488874435424805
23.145660400390625
-2.401860237121582
12.844707489013672
-29.2799072265625
25.426780700683594
-2.8952794075012207
12.638422012329102
-29.11028480529785
25.51445770263672
-2.3651814460754395
12.976075172424316
-29.286544799804688
25.35315704345703
-3.219682216644287
14.204421997070312
-33.647132873535156
27.80291175842285
-3.5591750144958496
14.030023574829102
-33.561302185058594
27.89024543762207
-3.185474395751953
14.284563064575195
-33.653526306152344
27.761722564697266
-4.143305778503418
15.678257942199707
-38.67760467529297
30.4095458984375
-4.378717422485352
15.538384437561035
-38.63520812988281
30.47869300842285
-4.113657474517822
15.726876258850098
-38.6800537109375
30.385007858276367
-5.192343711853027
17.273271560668945
-44.455223083496094
33.26036834716797
-5.357179164886475
17.162738800048828
-44.43323516845703
33.310638427734375
-5.167215824127197
17.302936553955078
-44.45658874511719
33.244815826416016
-6.382896423339844
18.993398666381836
-51.07305145263672
36.37226867675781
-6.498396396636963
18.905900955200195
-51.060760498046875
36.408199310302734
-6.362139701843262
19.011314392089844
-51.07475280761719
36.36222839355469
