2
3
-5.662703514099121
-10.31330394744873
9.105817794799805
-0.6327147483825684
-4.571524620056152
1.9075250625610352
9.224477767944336
-0.058199524879455566
-0.8222320079803467
0.9338259696960449
-12.448214530944824
-2.3874521255493164
-3.8745927810668945
-10.073040008544922
8.333276748657227
1.647277593612671
-3.571568250656128
1.1193218231201172
9.445977210998535
-1.6756008863449097
-3.1577394008636475
1.24032461643219
-11.772098541259766
-4.353328704833984
-2.571075916290283
-9.304279327392578
7.425677299499512
3.5858306884765625
-2.2820749282836914
0.2586740255355835
8.862064361572266
-2.804560661315918
-5.194839000701904
1.2176358699798584
-10.622811317443848
-6.333856582641602
-1.602224349975586
-8.207450866699219
6.319375991821289
5.374533653259277
-1.0925101041793823
-0.523514986038208
7.89066743850708
-3.8161239624023438
-6.817533493041992
0.7347983121871948
-8.923314094543457
-7.952389240264893
-0.8757817149162292
-6.882712364196777
4.850748062133789
6.908294677734375
-0.0664513111114502
-1.2475332021713257
6.501108169555664
-4.51914644241333
-8.027775764465332
-0.07185256481170654
-6.6428961753845215
-9.290656089782715
-0.40569061040878296
-5.370800971984863
3.1038339138031006
7.924563884735107
0.7263345718383789
-1.905852198600769
4.755623817443848
-4.886465549468994
-8.777022361755371
-1.1554750204086304
-3.9245877265930176
-10.384664535522461
-0.2573409378528595
-3.742370128631592
1.306528925895691
8.199145317077637
1.2101707458496094
-2.4828715324401855
2.9392714500427246
-5.049190521240234
-8.98430347442627
-2.51430344581604
-0.9900529384613037
-11.147697448730469
-0.41214337944984436
-2.143609046936035
-0.226898193359375
7.859560966491699
1.3605682849884033
-2.966200113296509
1.3577343225479126
-5.144699573516846
-8.589911460876465
-4.056041717529297
1.8315670490264893
-11.507879257202148
-0.8184546232223511
-0.6217873096466064
-1.6650243997573853
6.784125804901123
1.098891258239746
-3.198092222213745
-0.012772321701049805
-5.301896095275879
-7.731807708740234
-5.636462688446045
4.232509613037109
-11.603809356689453
-1.4915807247161865
0.7511603832244873
-2.5224153995513916
4.607524871826172
0.6694193482398987
-3.3697996139526367
-1.1271378993988037
-5.468773365020752
-6.48640251159668
-7.262531280517578
5.962606430053711
-11.206809043884277
-2.5203280448913574
1.8659353256225586
-2.165076732635498
1.347597599029541
0.11188292503356934
-3.5584802627563477
-1.8178880214691162
-5.639889717102051
-4.924393653869629
-8.788601875305176
6.795608043670654
-10.221287727355957
-3.385748863220215
2.3766801357269287
-1.1695510149002075
-2.1481518745422363
-0.5504674911499023
-3.7592577934265137
-2.019827365875244
-5.831613540649414
-3.2834224700927734
-10.013864517211914
6.8467206954956055
-8.780415534973145
-3.949024200439453
2.215754985809326
0.24654865264892578
-5.450902938842773
-1.3376339673995972
-3.9034671783447266
-1.5934582948684692
-6.427067279815674
-1.6747013330459595
-10.801902770996094
6.0652642250061035
-7.0404181480407715
-4.040140628814697
1.4743579626083374
1.6005051136016846
-8.08350944519043
-2.0284295082092285
-4.100478649139404
-0.6965287923812866
-7.3957624435424805
-0.5767940282821655
-11.058708190917969
5.29206657409668
-5.847350120544434
-3.8127336502075195
0.36863529682159424
2.7977871894836426
-10.259117126464844
-2.488370895385742
-4.446634292602539
0.416101336479187
-8.43020248413086
0.12460941076278687
-10.778093338012695
4.454792022705078
-5.020787239074707
-3.4500536918640137
-0.9048216342926025
4.169981002807617
-12.244821548461914
-2.7666308879852295
-4.945291519165039
1.4863497018814087
-9.309473991394043
0.44112738966941833
-10.181514739990234
3.719062328338623
-4.477885723114014
-2.885247230529785
-2.3400304317474365
5.535928249359131
-13.96911334991455
-2.8612756729125977
-5.466536998748779
2.6360392570495605
-10.220516204833984
0.5164307355880737
-9.445137977600098
3.081109046936035
-4.036492824554443
-2.105038642883301
-3.976118326187134
6.873308181762695
-15.40065860748291
-2.7532362937927246
-6.030959606170654
3.868309259414673
-11.171904563903809
0.4174545109272003
-8.707706451416016
2.666813373565674
-3.805584669113159
-1.1165704727172852
-5.7997307777404785
8.150447845458984
-16.490386962890625
-2.466994524002075
-6.671468257904053
5.166564464569092
-12.191143035888672
0.17986629903316498
-8.01144027709961
2.6616013050079346
-3.9778811931610107
0.02811598777770996
-7.712061405181885
9.25417709350586
-17.21513557434082
-2.054004430770874
-7.401843070983887
6.548052787780762
-13.303241729736328
-0.10703583061695099
-7.4275641441345215
3.1349806785583496
-4.6362786293029785
