2
3
-4.836278915405273
-6.442395210266113
-5.766763210296631
-0.6898601055145264
1.029191017150879
-2.263371467590332
-9.09473991394043
-4.066154956817627
2.374567747116089
-4.951263427734375
0.8093146085739136
9.580024719238281
-4.606481552124023
-6.2911152839660645
-5.5686235427856445
-0.3588927984237671
0.5864149332046509
-2.650057554244995
-10.153205871582031
-4.758940696716309
2.0252978801727295
-4.396536827087402
0.20472514629364014
10.133962631225586
-4.41986608505249
-6.139049053192139
-5.45423698425293
-0.014431238174438477
0.08428925275802612
-3.0112497806549072
-11.309741973876953
-5.440107345581055
1.7024577856063843
-3.8280749320983887
-0.3483036160469055
10.711442947387695
-4.26554536819458
-5.970057964324951
-5.409562110900879
0.3496701419353485
-0.4657081961631775
-3.3499603271484375
-12.558259010314941
-6.130018711090088
1.400223731994629
-3.260154962539673
-0.8559091091156006
11.301101684570312
-4.134812831878662
-5.768784999847412
-5.409938812255859
0.7418640851974487
-1.0493156909942627
-3.66662859916687
-13.866829872131348
-6.832789421081543
1.1120946407318115
-2.6926097869873047
-1.347682237625122
11.896695137023926
-4.032168865203857
-5.529048919677734
-5.447279930114746
1.1655776500701904
-1.6456977128982544
-3.9466350078582764
-15.195868492126465
-7.53340482711792
0.831352949142456
-2.116100549697876
-1.82281494140625
12.51064682006836
-3.9609739780426025
-5.251341819763184
-5.522820472717285
1.6190059185028076
-2.2399144172668457
-4.189362525939941
-16.528247833251953
-8.237677574157715
0.541761040687561
-1.5332393646240234
-2.3158023357391357
13.128500938415527
-3.9268829822540283
-4.943421363830566
-5.6510443687438965
2.09604549407959
-2.8433384895324707
-4.397655487060547
-17.876691818237305
-8.949746131896973
0.2387964427471161
-0.9427437782287598
-2.844306468963623
13.746310234069824
-3.931809902191162
-4.6095805168151855
-5.838369846343994
2.5924644470214844
-3.4654459953308105
-4.577942371368408
-19.27893829345703
-9.679327964782715
-0.08055227994918823
-0.351009726524353
-3.4170689582824707
14.357295036315918
-3.97495698928833
-4.2554030418396
-6.100503444671631
3.099522590637207
-4.115187168121338
-4.739101886749268
-20.755687713623047
-10.42463207244873
-0.41898664832115173
0.23112154006958008
-4.0471978187561035
14.944918632507324
-4.047544956207275
-3.892735242843628
-6.437681674957275
3.599337339401245
-4.794058322906494
-4.883479595184326
-22.30416488647461
-11.175902366638184
-0.784198522567749
0.7961331009864807
-4.745823860168457
15.503414154052734
-4.156980037689209
-3.5377159118652344
-6.84920072555542
4.073632717132568
-5.501779556274414
-5.0099921226501465
-23.920122146606445
-11.926517486572266
-1.1821342706680298
1.3307602405548096
-5.522701740264893
16.02389144897461
-4.308316707611084
-3.188056468963623
-7.3370866775512695
4.531953811645508
-6.234849452972412
-5.118641376495361
-25.598201751708984
-12.66773796081543
-1.6148464679718018
1.816584825515747
-6.380236625671387
16.502168655395508
-4.506678581237793
-2.839660882949829
-7.913000583648682
4.980637073516846
-6.991556644439697
-5.211892127990723
-27.33750343322754
-13.39507007598877
-2.083117723464966
2.2358970642089844
-7.309112071990967
16.948095321655273
-4.756439685821533
-2.4912893772125244
-8.592036247253418
5.421460151672363
-7.777191162109375
-5.2984538078308105
-29.15650177001953
-14.12775993347168
-2.5831422805786133
2.5791563987731934
-8.300917625427246
17.370887756347656
-5.062950134277344
-2.1426126956939697
-9.393019676208496
5.854922294616699
-8.594280242919922
-5.382778167724609
-31.059654235839844
-14.870014190673828
-3.119917392730713
2.8675026893615723
-9.360187530517578
17.776615142822266
-5.430111408233643
-1.7946845293045044
-10.329407691955566
6.280965805053711
-9.444249153137207
-5.468554496765137
-33.05094528198242
-15.622239112854004
-3.709437370300293
3.122999906539917
-10.49667739868164
18.15786361694336
-5.85968542098999
-1.4505414962768555
-11.405647277832031
6.6996235847473145
-10.33029556274414
-5.558875560760498
-35.13798904418945
-16.38567543029785
-4.352890491485596
3.3635647296905518
-11.726424217224121
18.540807723999023
-6.35379695892334
-1.1121020317077637
-12.62556266784668
7.112091541290283
-11.256253242492676
-5.6557512283325195
-37.330936431884766
-17.161619186401367
-5.052464008331299
3.589256525039673
-13.052828788757324
18.93556785583496
-6.911864280700684
-0.7801170945167542
-13.988519668579102
7.517178058624268
-12.22604751586914
-5.7598958015441895
-39.64228820800781
-17.951854705810547
-5.806904315948486
3.7977895736694336
-14.484033584594727
19.34333610534668
