2
3
-8.605875015258789
-6.960671424865723
-0.6885572671890259
6.181276798248291
-7.650093078613281
-1.067798137664795
8.822222709655762
-0.022818565368652344
7.261039733886719
-2.460993766784668
-6.249970436096191
1.3284096717834473
-7.684995174407959
-6.403418064117432
0.5109552145004272
7.3137078285217285
-6.68654203414917
-1.3630058765411377
10.354557991027832
-0.4136424660682678
5.9859747886657715
-2.505925416946411
-8.738847732543945
1.0286779403686523
-6.863258361816406
-5.861579418182373
1.6330219507217407
8.445243835449219
-5.806560516357422
-1.6309990882873535
11.757431983947754
-0.7648894786834717
4.769056797027588
-2.548635482788086
-11.032459259033203
0.7565256357192993
-6.177071571350098
-5.314270973205566
2.6562302112579346
9.611664772033691
-4.964977264404297
-1.8651059865951538
13.095519065856934
-1.0655245780944824
3.608638286590576
-2.591478109359741
-13.15473747253418
0.5155974626541138
-5.569186687469482
-4.732886791229248
3.609585762023926
10.775947570800781
-4.08021879196167
-2.0755250453948975
14.464152336120605
-1.308815598487854
2.485239028930664
-2.6175079345703125
-15.292341232299805
0.33309367299079895
-5.0184760093688965
-4.0849738121032715
4.480062007904053
11.956859588623047
-3.1370015144348145
-2.250582218170166
15.87105655670166
-1.4892295598983765
1.3490993976593018
-2.634767770767212
-17.52359390258789
0.20886367559432983
-4.483401775360107
-3.3289008140563965
5.306180477142334
13.143257141113281
-2.1451845169067383
-2.380056142807007
17.305709838867188
-1.5803148746490479
0.21662890911102295
-2.6499545574188232
-19.860536575317383
0.10841907560825348
-3.9401133060455322
-2.4905929565429688
6.122532844543457
14.312981605529785
-1.1444175243377686
-2.476013660430908
18.687545776367188
-1.5900663137435913
-0.9036052227020264
-2.6581711769104004
-22.298503875732422
0.032519809901714325
-3.3771064281463623
-1.6327670812606812
6.94962739944458
15.43183708190918
-0.16218358278274536
-2.53520131111145
19.928936004638672
-1.5097206830978394
-2.0070033073425293
-2.657419204711914
-24.83180046081543
-0.01356532797217369
-2.798818349838257
-0.8007927536964417
7.769824504852295
16.44586944580078
0.8074187636375427
-2.5451934337615967
21.018592834472656
-1.3466590642929077
-2.976186513900757
-2.6607868671417236
-27.319583892822266
-0.000737103633582592
-2.2286529541015625
-0.03246361017227173
8.52407455444336
17.27692413330078
1.7538888454437256
-2.5204570293426514
21.992040634155273
-1.1216803789138794
-3.835421562194824
-2.659653425216675
-29.77956771850586
0.065249964594841
-1.6628259420394897
0.6822469830513
9.207246780395508
17.962432861328125
2.6534805297851562
-2.4715447425842285
22.814899444580078
-0.8638815879821777
-4.665598392486572
-2.6398634910583496
-32.275482177734375
0.17452861368656158
-1.130819320678711
1.349568486213684
9.782550811767578
18.5221004486084
3.5187692642211914
-2.4005675315856934
23.52615737915039
-0.5683954954147339
-5.478721618652344
-2.59761643409729
-34.82010269165039
0.32721322774887085
-0.6417832374572754
1.9736549854278564
10.2366304397583
18.96471405029297
4.344892978668213
-2.3068530559539795
24.1234188079834
-0.23323115706443787
-6.282845497131348
-2.5312798023223877
-37.429141998291016
0.5233467817306519
-0.17701297998428345
2.5626964569091797
10.608586311340332
19.319381713867188
5.123327732086182
-2.1883792877197266
24.601652145385742
0.14223840832710266
-7.085691928863525
-2.4422152042388916
-40.11176681518555
0.7649259567260742
0.26457157731056213
3.129481315612793
10.897610664367676
19.610305786132812
5.840569496154785
-2.0391666889190674
24.94970703125
0.5491894483566284
-7.893377780914307
-2.330254554748535
-42.90311050415039
1.0505273342132568
0.6811273097991943
3.684138059616089
11.10428237915039
19.852807998657227
6.449530124664307
-1.8429648876190186
25.109569549560547
0.9576829075813293
-8.712930679321289
-2.1953423023223877
-45.8178825378418
1.381150245666504
1.07118821144104
4.234603404998779
11.234475135803223
20.059507369995117
7.008349418640137
-1.6261650323867798
25.147531509399414
1.3894500732421875
-9.552705764770508
-2.0368988513946533
-48.87339401245117
1.7587547302246094
1.4297919273376465
4.773972034454346
11.253406524658203
20.212167739868164
7.5132975578308105
-1.3901739120483398
25.061630249023438
1.84152090549469
-10.416045188903809
-1.855969786643982
-52.0798225402832
2.1855053901672363
1.7519347667694092
5.300111293792725
11.149835586547852
20.3104190826416
7.955247402191162
-1.1370652914047241
24.841711044311523
2.3116960525512695
-11.292954444885254
-1.6580079793930054
-55.422279357910156
2.666212797164917
