2
3
0.03046172857284546
3.4532148838043213
-2.453388214111328
4.635348796844482
3.1612353324890137
-2.2923524379730225
0.7501204609870911
2.050715446472168
2.875852346420288
-4.406054496765137
-1.1550978422164917
-2.6802380084991455
0.2023075819015503
3.0956194400787354
-2.415562868118286
4.264342784881592
3.037713050842285
-2.0682356357574463
0.45764073729515076
2.4777779579162598
2.69734263420105
-4.087915420532227
-1.4824215173721313
-2.1411988735198975
0.3507785201072693
2.764200210571289
-2.4059622287750244
3.926121950149536
2.9157674312591553
-1.8471434116363525
0.1753394901752472
2.8819949626922607
2.514678478240967
-3.7608604431152344
-1.7826660871505737
-1.591803789138794
0.47556549310684204
2.460143804550171
-2.4261488914489746
3.6233434677124023
2.794145345687866
-1.627591848373413
-0.09750673174858093
3.26483154296875
2.332719326019287
-3.4334747791290283
-2.0604636669158936
-1.045670509338379
0.5769355893135071
2.1852104663848877
-2.478999614715576
3.3592629432678223
2.672185182571411
-1.4077367782592773
-0.3562324345111847
3.6283819675445557
2.1516902446746826
-3.104027271270752
-2.3196933269500732
-0.5063372850418091
0.6549261212348938
1.9401390552520752
-2.5657198429107666
3.1358251571655273
2.5495834350585938
-1.1839772462844849
-0.5910199880599976
3.9803736209869385
1.972862958908081
-2.781087636947632
-2.564622640609741
0.011399328708648682
0.709563136100769
1.7252779006958008
-2.6870360374450684
2.9537277221679688
2.425443649291992
-0.948763370513916
-0.8006495237350464
4.338804244995117
1.7938988208770752
-2.4763646125793457
-2.8066470623016357
0.4929165244102478
0.7404844760894775
1.5410188436508179
-2.8440146446228027
2.812591314315796
2.2989776134490967
-0.6985934972763062
-0.9987226724624634
4.717414379119873
1.6104110479354858
-2.1900217533111572
-3.0570261478424072
0.939887523651123
0.7468752264976501
1.3884987831115723
-3.0378170013427734
2.712296724319458
2.1687984466552734
-0.4325721263885498
-1.1982555389404297
5.122199058532715
1.4214346408843994
-1.9170567989349365
-3.32539439201355
1.361637830734253
0.7278140783309937
1.2698285579681396
-3.2697346210479736
2.654966354370117
2.032280921936035
-0.15028855204582214
-1.4083019495010376
5.5557169914245605
1.227850079536438
-1.6502583026885986
-3.617971897125244
1.7729864120483398
0.6828149557113647
1.1862802505493164
-3.5427722930908203
2.641087293624878
1.8874287605285645
0.14884096384048462
-1.6362459659576416
6.018202781677246
1.0276844501495361
-1.3853118419647217
-3.9506804943084717
2.1863603591918945
0.610968828201294
1.1381676197052002
-3.8619511127471924
2.6729092597961426
1.7320116758346558
0.46398088335990906
-1.8864855766296387
6.50827169418335
0.8185721039772034
-1.114626169204712
-4.332867622375488
2.6144299507141113
0.512158989906311
1.1245157718658447
-4.231297492980957
2.750314712524414
1.5639448165893555
0.7946754693984985
-2.162247657775879
7.025384426116943
0.5973256230354309
-0.829124927520752
-4.766156196594238
3.0699031352996826
0.38482195138931274
1.1460272073745728
-4.6534271240234375
2.87460994720459
1.3816940784454346
1.1399749517440796
-2.466428279876709
7.567629337310791
0.36107710003852844
-0.5245805978775024
-5.250652313232422
3.5615668296813965
0.2279156744480133
1.2048317193984985
-5.130293846130371
3.0479397773742676
1.1839193105697632
1.498932957649231
-2.8017618656158447
8.13350772857666
0.10638010501861572
-0.20069849491119385
-5.78475284576416
4.0931878089904785
0.040437549352645874
1.301068902015686
-5.664691925048828
3.2699849605560303
0.9687021970748901
1.8719730377197266
-3.1709156036376953
8.724514961242676
-0.16857242584228516
0.14331316947937012
-6.368399143218994
4.667275428771973
-0.18054375052452087
1.4370698928833008
-6.2610578536987305
3.5434584617614746
0.7338912487030029
2.2601330280303955
-3.5764331817626953
9.343337059020996
-0.4652109742164612
0.5089003443717957
-7.00322961807251
5.286282062530518
-0.4381084144115448
1.6149307489395142
-6.925129413604736
3.8716371059417725
0.4763867259025574
2.667405843734741
-4.021999835968018
9.99384880065918
-0.7853139042854309
0.8968311548233032
-7.693251609802246
5.952811241149902
-0.7349001169204712
1.8359671831130981
-7.662408828735352
4.25703239440918
0.19379878044128418
3.0954341888427734
-4.511045932769775
10.678397178649902
-1.1323904991149902
1.3085839748382568
-8.443854331970215
6.670401573181152
-1.0722293853759766
2.0996220111846924
-8.478199005126953
4.701185703277588
-0.11611074209213257
3.5449273586273193
-5.046979904174805
11.398916244506836
-1.510115146636963
1.745964765548706
-9.26048469543457
7.442942142486572
