2
3
7.273378372192383
2.855008125305176
8.516619682312012
1.9113776683807373
-2.5353333950042725
-7.667578220367432
5.671438217163086
10.329255104064941
8.141837120056152
0.6534756422042847
-2.2364726066589355
1.0734260082244873
7.276812553405762
2.485363006591797
8.2760591506958
0.9518977999687195
-1.6296807527542114
-6.6560211181640625
7.1629228591918945
12.035666465759277
7.5062575340271
0.3284043073654175
-3.451023817062378
0.2836093306541443
7.314440727233887
2.1168243885040283
8.077046394348145
0.09239906072616577
-0.7883643507957458
-5.633080959320068
8.585308074951172
13.728260040283203
6.945036888122559
0.06549179553985596
-4.516885280609131
-0.3871079087257385
7.394118785858154
1.7641260623931885
7.924715518951416
-0.6427939534187317
0.0697982907295227
-4.537958145141602
10.002440452575684
15.408635139465332
6.466235160827637
-0.12432748079299927
-5.44637393951416
-0.9120751023292542
7.49223518371582
1.429129719734192
7.817131519317627
-1.2766408920288086
0.9724312424659729
-3.380021095275879
11.445853233337402
17.064455032348633
6.0571489334106445
-0.24584239721298218
-6.2754106521606445
-1.2986278533935547
7.601199150085449
1.122727632522583
7.7455644607543945
-1.8077328205108643
1.9172134399414062
-2.1889467239379883
12.916369438171387
18.676742553710938
5.692771911621094
-0.31013223528862
-7.056231498718262
-1.5722246170043945
7.764453887939453
0.8616747856140137
7.74661922454834
-2.2109568119049072
2.8869075775146484
-0.9798376560211182
14.37191104888916
20.223434448242188
5.34578275680542
-0.3384875953197479
-7.815495491027832
-1.7503471374511719
8.023271560668945
0.6511114239692688
7.886808395385742
-2.4778501987457275
3.875610828399658
0.21172475814819336
15.78647232055664
21.667354583740234
5.025973320007324
-0.36039644479751587
-8.56640338897705
-1.8787115812301636
8.312170028686523
0.4689731299877167
8.057772636413574
-2.643118381500244
4.888948440551758
1.3623883724212646
17.172388076782227
22.981096267700195
4.741035461425781
-0.38376501202583313
-9.29330825805664
-1.9706127643585205
8.613101959228516
0.30596989393234253
8.240589141845703
-2.722531795501709
5.880836009979248
2.4439706802368164
18.443374633789062
24.04642677307129
4.484715938568115
-0.4073004424571991
-9.98562240600586
-2.001459836959839
8.895828247070312
0.17307493090629578
8.415167808532715
-2.706149101257324
6.831894397735596
3.4552550315856934
19.595796585083008
24.86205291748047
4.25748348236084
-0.4193483591079712
-10.607536315917969
-1.962862491607666
9.162568092346191
0.06304361671209335
8.598626136779785
-2.61221981048584
7.735079765319824
4.409001350402832
20.616052627563477
25.466449737548828
4.057618618011475
-0.39620739221572876
-11.174834251403809
-1.8545030355453491
9.419891357421875
-0.017478562891483307
8.807029724121094
-2.4394872188568115
8.616558074951172
5.329343318939209
21.508947372436523
25.89089584350586
3.8962242603302
-0.3115617036819458
-11.68563461303711
-1.6743839979171753
9.6644926071167
-0.04930473864078522
9.011268615722656
-2.1936986446380615
9.491755485534668
6.223419666290283
22.3358154296875
26.19692611694336
3.7780375480651855
-0.1593106985092163
-12.149521827697754
-1.4314157962799072
9.890637397766113
-0.021408913657069206
9.191914558410645
-1.8702900409698486
10.356819152832031
7.090462684631348
23.098495483398438
26.40133285522461
3.704563856124878
0.05437704920768738
-12.57691764831543
-1.1316291093826294
10.09736442565918
0.07458920776844025
9.346976280212402
-1.4679704904556274
11.216826438903809
7.93670129776001
23.814754486083984
26.52813148498535
3.6762969493865967
0.3176131844520569
-12.977502822875977
-0.7789028286933899
10.290939331054688
0.24203766882419586
9.488243103027344
-0.9893774390220642
12.0779447555542
8.769551277160645
24.508010864257812
26.609750747680664
3.693122625350952
0.6183960437774658
-13.360410690307617
-0.37007197737693787
10.48757553100586
0.4739421606063843
9.6336030960083
-0.4379515051841736
12.946245193481445
9.595422744750977
25.19769859313965
26.684831619262695
3.7428112030029297
0.9508799910545349
-13.755597114562988
0.0912083089351654
10.700197219848633
0.7635211944580078
9.797645568847656
0.18760859966278076
13.824442863464355
10.413408279418945
25.881694793701172
26.768877029418945
3.815549850463867
1.309807538986206
-14.175346374511719
0.5995911359786987
10.926148414611816
1.1082805395126343
9.976151466369629
0.8831754326820374
14.712190628051758
11.221628189086914
26.554346084594727
26.86780548095703
3.9110512733459473
1.6971244812011719
-14.60732650756836
1.1582655906677246
