2
3
3.904284954071045
4.124695301055908
7.239965915679932
-4.123375415802002
2.0516788959503174
3.9185566902160645
-1.9109307527542114
-6.047811031341553
5.908646583557129
3.9508216381073
10.150076866149902
5.675699234008789
4.371007919311523
3.832613468170166
7.858393669128418
-4.410278797149658
2.222848653793335
3.6435861587524414
-1.6697418689727783
-6.600309371948242
6.290816307067871
4.301518440246582
10.5640869140625
6.13624906539917
4.844290733337402
3.541543960571289
8.471124649047852
-4.6659746170043945
2.4266059398651123
3.373729705810547
-1.3828356266021729
-7.189265251159668
6.712056636810303
4.6512298583984375
11.036947250366211
6.536190986633301
5.323951721191406
3.253826141357422
9.092021942138672
-4.88545560836792
2.6658899784088135
3.1071200370788574
-1.053415298461914
-7.820158004760742
7.147524833679199
4.979462146759033
11.51791763305664
6.865139961242676
5.81279993057251
2.9732439517974854
9.732810974121094
-5.06533145904541
2.943274736404419
2.8412909507751465
-0.6806684136390686
-8.485248565673828
7.59217643737793
5.277976989746094
12.003397941589355
7.122884273529053
6.314876079559326
2.7033467292785645
10.398585319519043
-5.2027058601379395
3.257199764251709
2.5739150047302246
-0.2628982365131378
-9.169921875
8.04981803894043
5.546712875366211
12.503752708435059
7.315803050994873
6.831813812255859
2.44547700881958
11.090124130249023
-5.29885721206665
3.6058998107910156
2.303910255432129
0.19845429062843323
-9.869084358215332
8.525688171386719
5.788339614868164
13.02860164642334
7.448065757751465
7.36483907699585
2.1997318267822266
11.809831619262695
-5.3572163581848145
3.991147518157959
2.032414436340332
0.7051725387573242
-10.577377319335938
9.019615173339844
6.002108097076416
13.578600883483887
7.517401695251465
7.915579319000244
1.966050148010254
12.560831069946289
-5.380471229553223
4.4122443199157715
1.7575325965881348
1.2569129467010498
-11.295204162597656
9.537009239196777
6.18878173828125
14.165513038635254
7.526229381561279
8.485814094543457
1.7445191144943237
13.346373558044434
-5.370342254638672
4.868774890899658
1.4771854877471924
1.8544000387191772
-12.023653984069824
10.078598022460938
6.348905563354492
14.787764549255371
7.476418495178223
9.077242851257324
1.5353734493255615
14.169516563415527
-5.327853679656982
5.360581398010254
1.189115285873413
2.4992499351501465
-12.76386833190918
10.645423889160156
6.482084274291992
15.44583797454834
7.369560241699219
9.691487312316895
1.338991403579712
15.032994270324707
-5.253409385681152
5.8878374099731445
0.8910858631134033
3.193768262863159
-13.51662540435791
11.240863800048828
6.588373184204102
16.145320892333984
7.208569526672363
10.329858779907227
1.1559264659881592
15.938118934631348
-5.146236419677734
6.451095104217529
0.5812100172042847
3.9408257007598877
-14.282034873962402
11.868158340454102
6.667789936065674
16.8914852142334
6.995678901672363
10.994074821472168
0.9862184524536133
16.887203216552734
-5.006859302520752
7.051281929016113
0.25787216424942017
4.743717670440674
-15.05957317352295
12.531164169311523
6.720414161682129
17.690025329589844
6.73353385925293
11.685508728027344
0.8303357362747192
17.882322311401367
-4.834975242614746
7.6896586418151855
-0.08019396662712097
5.606080532073975
-15.84807014465332
13.235590934753418
6.746394157409668
18.54827308654785
6.427289009094238
12.407793045043945
0.687999963760376
18.9277400970459
-4.631170272827148
8.36856746673584
-0.4327576756477356
6.531764507293701
-16.64339828491211
13.984294891357422
6.742305755615234
19.472692489624023
6.0821533203125
13.168033599853516
0.5597171783447266
20.034839630126953
-4.399421691894531
9.090642929077148
-0.7990847229957581
7.52449893951416
-17.43952178955078
14.787456512451172
6.710183620452881
20.47471046447754
5.719479084014893
13.973947525024414
0.4458755850791931
21.214555740356445
-4.14833927154541
9.857895851135254
-1.179833173751831
8.589323043823242
-18.23143768310547
15.66209602355957
6.6520867347717285
21.568145751953125
5.373754501342773
14.840846061706543
0.3435836136341095
22.48240089416504
-3.8871653079986572
10.67319393157959
-1.5765810012817383
9.734271049499512
-19.010648727416992
16.601425170898438
6.566224098205566
22.742582321166992
5.028056621551514
15.779288291931152
0.25264298915863037
23.84817886352539
-3.622307300567627
11.541240692138672
-1.9902939796447754
10.96859359741211
-19.75166893005371
17.59046745300293
6.450747966766357
23.982580184936523
4.657374382019043
