2
3
-3.226663112640381
5.077757835388184
-4.817634105682373
-8.307136535644531
2.7127628326416016
-3.7809934616088867
-4.693791389465332
-4.053438663482666
6.451061725616455
8.581469535827637
4.040121555328369
1.693850040435791
-2.6606433391571045
4.7359161376953125
-4.093860149383545
-9.157395362854004
2.5359809398651123
-3.068936347961426
-5.1049580574035645
-3.285587787628174
6.325312614440918
8.107096672058105
3.2479686737060547
0.49347245693206787
-2.177946090698242
4.381900787353516
-3.4456899166107178
-10.024205207824707
2.368170976638794
-2.392268657684326
-5.480709552764893
-2.5568337440490723
6.156973838806152
7.613606929779053
2.4454710483551025
-0.6679738759994507
-1.7404983043670654
4.02154541015625
-2.8406314849853516
-10.922840118408203
2.2062807083129883
-1.7423312664031982
-5.828258991241455
-1.8602547645568848
5.943910598754883
7.112217903137207
1.6284382343292236
-1.7894458770751953
-1.3519353866577148
3.6572744846343994
-2.297363519668579
-11.903818130493164
2.0426206588745117
-1.1218804121017456
-6.156857013702393
-1.2082654237747192
5.682511329650879
6.602493762969971
0.8104255199432373
-2.8392081260681152
-0.9895460605621338
3.25787353515625
-1.8284884691238403
-12.997017860412598
1.8632794618606567
-0.5680723190307617
-6.501577854156494
-0.6436396837234497
5.394806861877441
6.090036869049072
0.013890326023101807
-3.8216586112976074
-0.6469194293022156
2.798933744430542
-1.444515585899353
-14.230173110961914
1.66367769241333
-0.0927441418170929
-6.884326934814453
-0.16686952114105225
5.093785285949707
5.576716423034668
-0.7603893876075745
-4.75169563293457
-0.315729558467865
2.2868592739105225
-1.1098880767822266
-15.55228042602539
1.4485304355621338
0.3174881637096405
-7.30010461807251
0.24673014879226685
4.790257930755615
5.05961799621582
-1.515873908996582
-5.650649547576904
0.0028796494007110596
1.7250232696533203
-0.822696328163147
-16.955595016479492
1.2129842042922974
0.6611496210098267
-7.786582946777344
0.6099057793617249
4.498067855834961
4.526235580444336
-2.2520089149475098
-6.56502103805542
0.3134421706199646
1.1203694343566895
-0.5800434350967407
-18.42913246154785
0.9569333791732788
0.9318158626556396
-8.402200698852539
0.9221174716949463
4.201334476470947
3.9620792865753174
-2.9956767559051514
-7.552267074584961
0.6120306253433228
0.46990132331848145
-0.3921023905277252
-19.97709083557129
0.6961107850074768
1.1409971714019775
-9.087879180908203
1.1912399530410767
3.8889245986938477
3.366741180419922
-3.758063316345215
-8.629505157470703
0.89084792137146
-0.23102271556854248
-0.27874964475631714
-21.599079132080078
0.44396206736564636
1.2822859287261963
-9.834030151367188
1.4005341529846191
3.559782028198242
2.738523483276367
-4.552703380584717
-9.810338020324707
1.1489195823669434
-0.988150954246521
-0.269047349691391
-23.282926559448242
0.1864374577999115
1.3594001531600952
-10.666620254516602
1.5410065650939941
3.215195655822754
2.075395107269287
-5.397629737854004
-11.104040145874023
1.3820005655288696
-1.8257668018341064
-0.3716166615486145
-25.062047958374023
-0.08792492747306824
1.3806979656219482
-11.605229377746582
1.613226056098938
2.8547778129577637
1.373223066329956
-6.304752349853516
-12.520580291748047
1.5721299648284912
-2.7269139289855957
-0.5809677839279175
-26.938806533813477
-0.3770400583744049
1.3390083312988281
-12.640169143676758
1.6104873418807983
2.479336977005005
0.6326078176498413
-7.276472568511963
-14.061279296875
1.712652325630188
-3.6849586963653564
-0.8840920329093933
-28.911304473876953
-0.6772094964981079
1.2251973152160645
-13.764998435974121
1.5245310068130493
2.086498737335205
-0.1513209342956543
-8.31580924987793
-15.735380172729492
1.8081350326538086
-4.694116115570068
-1.2745290994644165
-30.99382972717285
-0.99034583568573
1.0367488861083984
-15.000290870666504
1.3578636646270752
1.6655151844024658
-0.9773605465888977
-9.413683891296387
-17.509504318237305
1.8535575866699219
-5.764320373535156
-1.738046646118164
-33.208805084228516
-1.3235063552856445
0.7731112241744995
-16.348583221435547
1.1088911294937134
1.2149724960327148
-1.845503568649292
-10.555841445922852
-19.383102416992188
1.8518900871276855
-6.896100044250488
-2.2723352909088135
-35.565330505371094
-1.6701421737670898
0.43453744053840637
-17.79633331298828
0.766128659248352
0.7448342442512512
-2.7499401569366455
-11.742544174194336
-21.36727523803711
1.8135921955108643
-8.083646774291992
-2.8873133659362793
-38.068077087402344
-2.033571720123291
0.022186189889907837
-19.346370697021484
0.3241347372531891
0.2525683045387268
-3.6996817588806152
-12.967569351196289
-23.481882095336914
