2
3
-3.11942195892334
0.38566160202026367
8.756163597106934
5.429131507873535
1.979198932647705
8.33545207977295
-13.580233573913574
-1.7065811157226562
-8.315094947814941
-2.5489940643310547
-6.525714874267578
0.07877349853515625
-1.3422480821609497
0.6781893968582153
6.467632293701172
6.393280982971191
-0.1268155574798584
8.191060066223145
-14.05885124206543
-3.5054705142974854
-8.144286155700684
-2.4289968013763428
-5.131621360778809
1.6250730752944946
0.09245955944061279
1.1949517726898193
3.5584306716918945
7.2905354499816895
-2.073505163192749
7.749824047088623
-14.064529418945312
-4.98928165435791
-7.826732635498047
-2.044450283050537
-3.709094524383545
2.9556167125701904
0.9765232801437378
1.8866924047470093
0.11630010604858398
7.868962287902832
-3.8088300228118896
7.018442153930664
-13.51708698272705
-6.115460395812988
-7.279444217681885
-1.5426331758499146
-2.4987637996673584
4.329358100891113
1.156375527381897
2.7782557010650635
-2.9846184253692627
7.693257808685303
-5.249026775360107
6.009088516235352
-12.635303497314453
-6.910850524902344
-6.423696041107178
-0.9572651386260986
-2.2795732021331787
5.90601110458374
0.7317520380020142
3.7217750549316406
-5.3508758544921875
6.8442816734313965
-6.420660018920898
4.779576301574707
-11.605128288269043
-7.252684116363525
-5.556236743927002
-0.16049230098724365
-2.912646770477295
7.21791934967041
0.005220890045166016
4.492562294006348
-7.320188045501709
5.796215057373047
-7.371068000793457
3.5348565578460693
-10.693193435668945
-7.3248138427734375
-4.968254089355469
0.9056450128555298
-4.168999671936035
7.653063774108887
-0.7870832681655884
5.050127029418945
-8.972512245178223
5.055856704711914
-8.001605987548828
2.3257434368133545
-9.834357261657715
-7.078912734985352
-4.6926751136779785
2.096096992492676
-5.569279670715332
7.5066752433776855
-1.6489758491516113
5.545629978179932
-10.32431697845459
4.350257396697998
-8.432719230651855
1.185954213142395
-9.327890396118164
-6.523277282714844
-4.662114143371582
3.278717041015625
-6.964015960693359
6.83485221862793
-2.5921735763549805
5.966263294219971
-11.379345893859863
3.6182913780212402
-8.660700798034668
0.13826096057891846
-9.297348976135254
-5.5539469718933105
-4.803249359130859
4.318046569824219
-8.339958190917969
5.793012619018555
-3.5524024963378906
6.284027576446533
-12.365870475769043
2.8650870323181152
-8.749460220336914
-0.715979814529419
-9.82694149017334
-4.145931243896484
-5.091233730316162
5.145632266998291
-9.712485313415527
4.476239204406738
-4.517580986022949
6.467090129852295
-13.368978500366211
2.0775463581085205
-8.743861198425293
-1.3108576536178589
-10.763606071472168
-2.16455340385437
-5.4741058349609375
5.735970497131348
-11.13534927368164
3.0687034130096436
-5.5165815353393555
6.488505840301514
-14.327815055847168
1.2199658155441284
-8.58634090423584
-1.5455853939056396
-12.119540214538574
0.18428945541381836
-5.96794319152832
6.030328750610352
-12.601704597473145
1.7281064987182617
-6.52456521987915
6.298720359802246
-15.425281524658203
0.5888228416442871
-8.631477355957031
-1.158207893371582
-13.784366607666016
1.7550110816955566
-6.607475280761719
5.970818519592285
-14.217414855957031
0.7843800783157349
-7.449135780334473
6.029453277587891
-16.969097137451172
0.1749851107597351
-8.962479591369629
-0.39273595809936523
-15.648181915283203
2.5693554878234863
-7.291032791137695
5.728216171264648
-16.178152084350586
0.3651553988456726
-8.319219589233398
5.712125301361084
-18.879133224487305
0.010771319270133972
-9.434110641479492
0.5146231055259705
-17.686847686767578
2.951714038848877
-8.024994850158691
5.442599773406982
-18.406301498413086
0.23480713367462158
-9.209991455078125
5.403361797332764
-21.114274978637695
0.07690365612506866
-10.027515411376953
1.4413402080535889
-19.996456146240234
3.047992706298828
-8.85838794708252
5.203812599182129
-20.89029884338379
0.30396029353141785
-10.170331001281738
5.156203746795654
-23.726259231567383
0.3365209698677063
-10.736554145812988
2.3253188133239746
-22.68393325805664
2.953249216079712
-9.80446720123291
5.029733180999756
-23.66771125793457
0.5408431887626648
-11.226266860961914
4.999268054962158
-26.79194450378418
0.7440699934959412
-11.557119369506836
3.125729560852051
-25.845321655273438
2.7619004249572754
-10.874113082885742
4.928911209106445
-26.820018768310547
0.9153235554695129
-12.396197319030762
4.9391679763793945
-30.376827239990234
1.2552326917648315
-12.52521800994873
3.8206067085266113
-29.596054077148438
2.571707248687744
-12.081639289855957
4.910088062286377
-30.434560775756836
1.3845738172531128
