2
3
3.3963756561279297
4.507463455200195
-0.9029030203819275
-11.123544692993164
0.827538251876831
5.950278282165527
0.5246933102607727
9.099954605102539
-5.32914400100708
1.2687017917633057
13.062641143798828
-7.954847812652588
2.7798962593078613
3.380877733230591
-1.0305873155593872
-11.294747352600098
0.17564469575881958
7.436705112457275
0.48931100964546204
7.385269641876221
-2.9239723682403564
0.11478984355926514
13.848304748535156
-7.077868938446045
2.1944050788879395
2.253094434738159
-0.6980578303337097
-11.257479667663574
-0.7515085339546204
8.810961723327637
1.6564033031463623
4.118821144104004
-0.5079770088195801
-0.7576165199279785
13.59182071685791
-5.925385475158691
1.670137643814087
1.1900485754013062
-0.0028917789459228516
-10.996617317199707
-1.4597246646881104
9.606002807617188
3.3339991569519043
0.41158246994018555
1.6081442832946777
-1.2370219230651855
12.679620742797852
-4.913232803344727
1.2331483364105225
0.30696916580200195
0.8999484181404114
-10.571565628051758
-1.7787599563598633
9.749802589416504
5.293724536895752
-2.862947463989258
3.3437979221343994
-1.374813199043274
11.276302337646484
-3.899197578430176
0.8666353821754456
-0.48328906297683716
2.22278094291687
-10.292525291442871
-1.630231261253357
9.305129051208496
7.143145561218262
-5.6990742683410645
4.520698547363281
-1.2512677907943726
9.95588207244873
-3.242936611175537
0.6898432970046997
-1.2067979574203491
3.767990827560425
-9.8778657913208
-1.0790786743164062
8.465457916259766
8.712669372558594
-8.067562103271484
5.274471759796143
-0.8886801600456238
8.774567604064941
-2.763080358505249
0.6713169813156128
-1.7844914197921753
5.224381923675537
-9.25363826751709
-0.2137542963027954
7.309390068054199
10.315237998962402
-10.033916473388672
5.463706016540527
-0.19885820150375366
7.840321063995361
-2.6057639122009277
0.8519195914268494
-2.2312047481536865
6.610548973083496
-8.611466407775879
0.8837383985519409
5.919783592224121
11.90609073638916
-11.627229690551758
5.459786415100098
0.43965595960617065
7.289433002471924
-2.6545825004577637
1.1757258176803589
-2.4458796977996826
7.998758316040039
-8.099498748779297
2.189112663269043
4.3509955406188965
13.497808456420898
-12.887185096740723
5.349146366119385
0.9962758421897888
7.246872901916504
-2.869905948638916
1.604368805885315
-2.5527379512786865
9.46670150756836
-7.807466983795166
3.699799060821533
2.6331114768981934
14.941815376281738
-13.799522399902344
5.1670403480529785
1.452324628829956
7.727460861206055
-3.479043483734131
2.0959272384643555
-2.5795929431915283
11.094160079956055
-7.926958084106445
5.372488021850586
0.84867262840271
16.085464477539062
-14.380215644836426
4.961249828338623
1.8002485036849976
8.837450981140137
-4.5722455978393555
2.6318585872650146
-2.587491989135742
12.996600151062012
-8.46029281616211
7.126409530639648
-0.9217997789382935
16.91412925720215
-14.755854606628418
4.813943862915039
1.9775043725967407
10.510111808776855
-6.068844318389893
3.218247652053833
-2.6508607864379883
15.27621078491211
-9.451935768127441
8.87393569946289
-2.621452808380127
17.505613327026367
-14.857659339904785
4.791033744812012
1.9396289587020874
12.72430419921875
-7.904222011566162
3.908473253250122
-2.853799819946289
17.99161720275879
-10.88969898223877
10.46328353881836
-4.203891754150391
18.34984588623047
-14.98857593536377
4.951427936553955
1.6344820261001587
15.438465118408203
-9.991323471069336
5.108781814575195
-3.482802152633667
20.574377059936523
-12.180440902709961
11.803420066833496
-5.617242813110352
19.76987075805664
-15.413019180297852
5.4153242111206055
0.972957968711853
18.542917251586914
-12.147171020507812
6.524618625640869
-4.272428512573242
23.216487884521484
-13.485273361206055
13.100902557373047
-6.895658493041992
21.369449615478516
-15.911452293395996
6.436306953430176
-0.14603924751281738
21.698659896850586
-14.110671997070312
8.147794723510742
-5.223505973815918
26.00693130493164
-14.780301094055176
14.42568302154541
-8.126690864562988
23.203319549560547
-16.538578033447266
7.816417217254639
-1.529021143913269
25.10970687866211
-16.079086303710938
9.926836013793945
-6.299954891204834
29.02206802368164
-16.19152069091797
15.740621566772461
-9.31992244720459
25.4536190032959
-17.395851135253906
9.46156120300293
-3.0792343616485596
28.76140594482422
-18.17075538635254
11.847161293029785
-7.4885029792785645
32.314945220947266
-17.7788028717041
16.86797332763672
-10.39991283416748
28.585126876831055
-18.741846084594727
11.369341850280762
-4.791017532348633
32.6339111328125
-20.372722625732422
