2
3
1.4029884338378906
4.263380527496338
-8.366694450378418
8.690529823303223
-3.4855713844299316
-3.8391616344451904
6.010714530944824
-6.515576362609863
-8.824695587158203
-1.521325945854187
-5.770432949066162
-3.5551249980926514
0.6717716455459595
4.171019554138184
-9.854124069213867
8.507421493530273
-3.041736125946045
-3.678354024887085
6.324431419372559
-6.325448036193848
-8.399312019348145
-1.4330707788467407
-5.258546352386475
-3.600036382675171
-0.04447615146636963
4.028655529022217
-11.389899253845215
8.350844383239746
-2.6363883018493652
-3.574293851852417
6.593480587005615
-6.134136199951172
-8.004471778869629
-1.3610143661499023
-4.774509429931641
-3.6566073894500732
-0.7598122358322144
3.8850231170654297
-12.993617057800293
8.261078834533691
-2.267317056655884
-3.518378734588623
6.81149959564209
-5.939170837402344
-7.636721611022949
-1.3068606853485107
-4.316023349761963
-3.718715190887451
-1.4319615364074707
3.7133500576019287
-14.632954597473145
8.209354400634766
-1.9424127340316772
-3.490713596343994
6.978785514831543
-5.732583999633789
-7.3003458976745605
-1.27265465259552
-3.8954672813415527
-3.786327600479126
-2.074680805206299
3.5369434356689453
-16.33843994140625
8.210846900939941
-1.6528061628341675
-3.486330509185791
7.10497522354126
-5.515070915222168
-6.992772579193115
-1.262549638748169
-3.5080204010009766
-3.860581874847412
-2.700685977935791
3.36698579788208
-18.10274887084961
8.248998641967773
-1.3836802244186401
-3.508354663848877
7.212139129638672
-5.293991565704346
-6.71048641204834
-1.2834323644638062
-3.1489789485931396
-3.9439733028411865
-3.31443452835083
3.215945243835449
-19.93605613708496
8.325267791748047
-1.1315839290618896
-3.553806781768799
7.308548450469971
-5.074028015136719
-6.448047637939453
-1.3421962261199951
-2.809298038482666
-4.034426212310791
-3.9145946502685547
3.0848002433776855
-21.823305130004883
8.422942161560059
-0.8951529860496521
-3.603245258331299
7.383065700531006
-4.834671497344971
-6.201056480407715
-1.4310100078582764
-2.4856417179107666
-4.124079704284668
-4.513300895690918
2.971885919570923
-23.798931121826172
8.552327156066895
-0.6798949837684631
-3.6438729763031006
7.424801826477051
-4.562087059020996
-5.96269416809082
-1.5311347246170044
-2.168461561203003
-4.19327974319458
-5.122117042541504
2.8747785091400146
-25.881500244140625
8.722491264343262
-0.4989061951637268
-3.6629931926727295
7.397116661071777
-4.245367527008057
-5.732995510101318
-1.6392631530761719
-1.8615028858184814
-4.2402753829956055
-5.7651801109313965
2.8066468238830566
-28.09479522705078
8.942256927490234
-0.36961472034454346
-3.654276132583618
7.275696277618408
-3.8761229515075684
-5.517208576202393
-1.7525684833526611
-1.5797765254974365
-4.268497943878174
-6.512890815734863
2.760845184326172
-30.494232177734375
9.246618270874023
-0.3174407184123993
-3.608473777770996
7.030787944793701
-3.4533753395080566
-5.322903633117676
-1.8647102117538452
-1.3470960855484009
-4.272428512573242
-7.337830066680908
2.7269155979156494
-33.06515121459961
9.612995147705078
-0.3438735008239746
-3.5268726348876953
6.664510726928711
-2.9915730953216553
-5.164317607879639
-1.9670690298080444
-1.203507423400879
-4.23984432220459
-8.200653076171875
2.7068819999694824
-35.784095764160156
10.01862907409668
-0.43801724910736084
-3.4175679683685303
6.180875301361084
-2.5049684047698975
-5.057274341583252
-2.0539512634277344
-1.1806021928787231
-4.170482158660889
-9.09340763092041
2.696040630340576
-38.6422119140625
10.459473609924316
-0.5879508256912231
-3.2854671478271484
5.591984748840332
-2.0082008838653564
-5.010726451873779
-2.115757465362549
-1.295796513557434
-4.06772518157959
-9.991554260253906
2.6799023151397705
-41.60515213012695
10.921677589416504
-0.8125784397125244
-3.1172776222229004
4.882329940795898
-1.4973018169403076
-5.021249294281006
-2.154848098754883
-1.5414091348648071
-3.9340970516204834
-10.8836088180542
2.653658628463745
-44.65594482421875
11.400806427001953
-1.1179673671722412
-2.907405138015747
4.051121711730957
-0.9850460290908813
-5.087611198425293
-2.1692676544189453
-1.9122965335845947
-3.7724497318267822
-11.765142440795898
2.6158955097198486
-47.78269577026367
11.898154258728027
-1.4774739742279053
-2.68300724029541
3.114628791809082
-0.47992998361587524
-5.210488796234131
-2.157525062561035
-2.4022605419158936
-3.592865467071533
-12.642186164855957
2.5728137493133545
-51.00033950805664
12.419595718383789
-1.895128846168518
-2.4443442821502686
2.0703086853027344
0.013952493667602539
-5.38870096206665
-2.1238927841186523
-3.0010247230529785
-3.3996100425720215
