2
3
-7.382702350616455
9.121097564697266
1.574397087097168
3.0906734466552734
-3.0404605865478516
9.07262134552002
5.159826755523682
0.06453125178813934
-3.252490282058716
8.006099700927734
-6.487429618835449
-6.199488162994385
-7.025663375854492
9.790821075439453
2.496666431427002
1.8357713222503662
-2.1786632537841797
9.015885353088379
3.4233033657073975
-0.036586418747901917
-4.368175506591797
7.511457443237305
-6.071532249450684
-6.012093544006348
-6.457335472106934
10.168927192687988
2.9262571334838867
0.6452832221984863
-1.8078653812408447
9.060794830322266
1.8079774379730225
-0.3299807906150818
-5.342292785644531
7.0358123779296875
-5.347034454345703
-5.674060821533203
-5.783230781555176
10.330255508422852
2.7828314304351807
-0.4420912265777588
-1.8682332038879395
9.230594635009766
0.4865626096725464
-0.817885160446167
-6.140217304229736
6.599595069885254
-4.381815433502197
-5.173785209655762
-5.099172115325928
10.305248260498047
2.2053611278533936
-1.4408411979675293
-2.1952250003814697
9.46307373046875
-0.5762007236480713
-1.517706036567688
-6.729303359985352
6.226214408874512
-3.2416694164276123
-4.420551300048828
-4.5550127029418945
10.125631332397461
1.4301953315734863
-2.3399300575256348
-2.698967456817627
9.598586082458496
-1.2331161499023438
-2.2577099800109863
-7.046024322509766
6.000697612762451
-2.0327372550964355
-3.5406911373138428
-4.216391563415527
9.814891815185547
0.6503182649612427
-3.051239013671875
-3.2859866619110107
9.58637809753418
-1.4882630109786987
-2.933864116668701
-7.072484970092773
6.000195503234863
-1.0695313215255737
-2.917015790939331
-4.050815105438232
9.425823211669922
-0.03042370080947876
-3.605639696121216
-3.8013195991516113
9.424994468688965
-1.5683749914169312
-3.550706386566162
-6.9160966873168945
6.121145248413086
-0.37429726123809814
-2.6658554077148438
-4.071429252624512
9.008383750915527
-0.5127651691436768
-4.058919906616211
-4.243715286254883
9.147427558898926
-1.5410974025726318
-4.134292125701904
-6.672966003417969
6.267513275146484
0.13845211267471313
-2.634443759918213
-4.226459980010986
8.598645210266113
-0.7910252809524536
-4.458763122558594
-4.6250715255737305
8.780808448791504
-1.4100332260131836
-4.6390299797058105
-6.388537406921387
6.406291961669922
0.4930208623409271
-2.7467429637908936
-4.44962215423584
8.195194244384766
-0.8937992453575134
-4.827643394470215
-4.944308280944824
8.352879524230957
-1.1891446113586426
-5.061803817749023
-6.0969953536987305
6.520647048950195
0.70366370677948
-2.989452600479126
-4.696314811706543
7.786709308624268
-0.8513221740722656
-5.174031734466553
-5.194995880126953
7.884382247924805
-0.9128468036651611
-5.421502590179443
-5.824047088623047
6.604276180267334
0.7988501787185669
-3.370469570159912
-4.9336652755737305
7.36763858795166
-0.6976500153541565
-5.514048099517822
-5.378238677978516
7.393385410308838
-0.6066340208053589
-5.744958877563477
-5.592878818511963
6.643909931182861
0.8154113292694092
-3.899421453475952
-5.1439104080200195
6.935286521911621
-0.46226197481155396
-5.876220226287842
-5.507169723510742
6.8912224769592285
-0.2824603021144867
-6.072531700134277
-5.42112398147583
6.609822750091553
0.7972817420959473
-4.586921215057373
-5.3224029541015625
6.485531806945801
-0.16515356302261353
-6.307746887207031
-5.597582817077637
6.383695602416992
0.0541648268699646
-6.462028503417969
-5.317180633544922
6.468708038330078
0.7986340522766113
-5.413838863372803
-5.467467308044434
6.011770248413086
0.17599600553512573
-6.861968994140625
-5.659257411956787
5.870105743408203
0.4036742150783539
-6.974005222320557
-5.270800590515137
6.192550182342529
0.8702854514122009
-6.317384719848633
-5.57733678817749
5.5036821365356445
0.5578696131706238
-7.570457458496094
-5.695385932922363
5.338963031768799
0.7760486602783203
-7.64469051361084
-5.255877494812012
5.786427021026611
1.0354208946228027
-7.2669854164123535
-5.649935245513916
4.945564270019531
0.9958873987197876
-8.439565658569336
-5.704766750335693
4.766012191772461
1.195636510848999
-8.48317813873291
-5.251298904418945
5.265257835388184
1.300614833831787
-8.282398223876953
-5.6802754402160645
4.316221237182617
1.5096795558929443
-9.471336364746094
-5.68314266204834
4.130290508270264
1.6854262351989746
-9.491950988769531
-5.2415547370910645
4.639558792114258
1.672547698020935
-9.39597225189209
-5.662515163421631
3.600163221359253
2.115727424621582
-10.673933982849121
-5.624340534210205
3.4151246547698975
2.264111280441284
-10.679253578186035
-5.212703704833984
3.9121551513671875
2.162417411804199
-10.640227317810059
