2
3
6.520000457763672
-4.796424865722656
-8.68282699584961
5.3664326667785645
-2.2765209674835205
2.944708824157715
12.722363471984863
4.006254196166992
5.739980697631836
-3.4454565048217773
6.505383491516113
5.30116605758667
4.774632930755615
-3.93870210647583
-9.056570053100586
6.88173770904541
-0.08122777938842773
2.2551960945129395
13.35559368133545
3.0408411026000977
6.104998588562012
-3.010011672973633
5.240074634552002
5.863014221191406
3.096796751022339
-2.9169883728027344
-8.569995880126953
7.903631210327148
2.3646605014801025
1.4313793182373047
12.911036491394043
2.551910638809204
6.2540717124938965
-2.513986110687256
4.042550086975098
6.305393695831299
1.6347131729125977
-1.8122928142547607
-7.336755275726318
8.466517448425293
4.769190788269043
0.5995491743087769
11.681194305419922
2.501600980758667
6.27609920501709
-1.9853838682174683
3.090900182723999
6.626251697540283
0.40210020542144775
-0.6604013442993164
-5.24329948425293
8.378559112548828
6.914738655090332
-0.15376758575439453
9.815387725830078
2.8799266815185547
6.26092529296875
-1.4554811716079712
2.3854150772094727
6.862538814544678
-0.39302384853363037
0.29097414016723633
-2.772712230682373
8.157135009765625
8.592391014099121
-0.735260546207428
7.390538692474365
3.6972360610961914
6.207694053649902
-0.9281129837036133
1.9019314050674438
7.081690788269043
-0.632901132106781
0.8678888082504272
-0.0810699462890625
7.909684658050537
9.576759338378906
-1.0719618797302246
4.795062065124512
5.025119781494141
6.104944229125977
-0.3990098237991333
1.8087040185928345
7.302654266357422
-0.22710007429122925
1.1417036056518555
2.2386083602905273
7.64549446105957
9.788204193115234
-1.1477115154266357
2.4702210426330566
6.516117095947266
6.023709774017334
0.07250595092773438
1.733245849609375
7.508493900299072
0.5812469124794006
1.275417447090149
3.7356486320495605
7.588181495666504
9.441033363342285
-0.8531417846679688
0.7494809627532959
7.755710601806641
6.039298057556152
0.3888360857963562
1.6864713430404663
7.800051689147949
1.6892812252044678
1.2692984342575073
4.559262275695801
7.764531135559082
8.8218412399292
-0.28733181953430176
-0.48459839820861816
8.761201858520508
6.004430770874023
0.6918340921401978
1.4886494874954224
8.31318187713623
2.897274971008301
1.282631278038025
4.882580757141113
8.156808853149414
8.112105369567871
0.4039231538772583
-1.2390767335891724
9.586104393005371
5.965445518493652
0.9877850413322449
1.356389045715332
8.85673999786377
4.122563362121582
1.34011709690094
4.7480149269104
8.75411605834961
7.3712992668151855
1.1611603498458862
-1.4938973188400269
10.223952293395996
5.961216926574707
1.3047611713409424
1.3278932571411133
9.449188232421875
5.2643585205078125
1.4743614196777344
4.20548677444458
9.546687126159668
6.682828903198242
1.9317412376403809
-1.2950949668884277
10.720138549804688
6.018650054931641
1.6452140808105469
1.365601658821106
10.114188194274902
6.219399452209473
1.7188658714294434
3.3542065620422363
10.522454261779785
6.147791385650635
2.6484310626983643
-0.8024476170539856
11.212607383728027
6.144737720489502
2.0203073024749756
1.4159271717071533
10.886228561401367
6.922865390777588
2.093350410461426
2.345839023590088
11.645691871643066
5.8291425704956055
3.269838571548462
-0.17724108695983887
11.79813003540039
6.331372261047363
2.444898843765259
1.3980469703674316
11.793123245239258
7.328498840332031
2.601996421813965
1.4147895574569702
12.824979782104492
5.750489234924316
3.767915964126587
0.4010413885116577
12.549184799194336
6.550156593322754
2.9606285095214844
1.225540041923523
12.816938400268555
7.498165607452393
3.2810873985290527
0.7639926671981812
13.989531517028809
5.872282028198242
4.218288421630859
0.6916943788528442
13.557694435119629
6.7642412185668945
3.5874364376068115
0.8993411660194397
13.9208402633667
7.5527520179748535
4.045200824737549
0.25826865434646606
15.176146507263184
6.139443397521973
4.693389892578125
0.6449121832847595
14.755861282348633
6.954188823699951
4.270748138427734
0.49911969900131226
15.122894287109375
7.573672294616699
4.85334587097168
-0.17367017269134521
16.431949615478516
6.477851867675781
5.2295122146606445
0.35541608929634094
16.10795783996582
7.123532772064209
5.003732204437256
0.0743212103843689
16.40635871887207
7.604408264160156
5.701430320739746
-0.6034638285636902
17.79239273071289
6.822990894317627
5.867995738983154
-0.11851564049720764
17.59531021118164
7.282962799072266
5.797666072845459
-0.3881549835205078
17.789627075195312
