2
3
1.6347126960754395
-5.86344051361084
3.8376123905181885
-8.582184791564941
-9.072813987731934
8.917306900024414
10.475282669067383
3.462796211242676
-5.703200817108154
-7.137429237365723
-7.345865726470947
-5.5648345947265625
1.2861485481262207
-5.737821102142334
2.860867500305176
-8.091517448425293
-8.171147346496582
8.228792190551758
12.002303123474121
2.1119632720947266
-5.809750556945801
-6.671736717224121
-7.554354190826416
-4.730325698852539
0.9191551208496094
-5.569994926452637
1.9047613143920898
-7.624844074249268
-7.273160934448242
7.52701473236084
13.518301010131836
0.6708693504333496
-5.904221057891846
-6.214175701141357
-7.7428693771362305
-3.9269654750823975
0.5738444328308105
-5.406527042388916
1.0222432613372803
-7.216313362121582
-6.3729248046875
6.82249116897583
15.009496688842773
-0.8202533721923828
-6.012637615203857
-5.786675930023193
-7.995643138885498
-3.2173264026641846
0.25393247604370117
-5.245814323425293
0.2136082649230957
-6.8634867668151855
-5.475766181945801
6.136353492736816
16.480911254882812
-2.2964673042297363
-6.114187240600586
-5.378096580505371
-8.273492813110352
-2.5759427547454834
-0.04209411144256592
-5.082651138305664
-0.5170420408248901
-6.554443836212158
-4.543407917022705
5.473886966705322
17.992801666259766
-3.644984245300293
-6.22824239730835
-5.009649276733398
-8.630353927612305
-2.012756824493408
-0.3094053268432617
-4.918400287628174
-1.173583745956421
-6.303667068481445
-3.5706863403320312
4.8043532371521
19.517040252685547
-4.909138202667236
-6.322379112243652
-4.684579849243164
-8.981321334838867
-1.5147216320037842
-0.5571416020393372
-4.742351531982422
-1.7866019010543823
-6.130093574523926
-2.5846967697143555
4.132515907287598
20.998947143554688
-6.144038200378418
-6.372476577758789
-4.369179725646973
-9.287976264953613
-1.0437541007995605
-0.7942754626274109
-4.581110000610352
-2.3727385997772217
-6.053032875061035
-1.5953387022018433
3.451662302017212
22.442941665649414
-7.366216659545898
-6.3767547607421875
-4.054836273193359
-9.545331001281738
-0.5982275009155273
-1.0182477235794067
-4.444952487945557
-2.9446845054626465
-6.0646071434021
-0.5529558658599854
2.8008859157562256
23.941091537475586
-8.493304252624512
-6.327139854431152
-3.750731945037842
-9.732026100158691
-0.18042755126953125
-1.2041949033737183
-4.328117847442627
-3.4655139446258545
-6.1436567306518555
0.5048072338104248
2.1582114696502686
25.441160202026367
-9.564212799072266
-6.2598419189453125
-3.4721741676330566
-9.912961959838867
0.21027353405952454
-1.336930751800537
-4.223712921142578
-3.905834197998047
-6.272143840789795
1.5912892818450928
1.5076383352279663
26.91834259033203
-10.616889953613281
-6.193916320800781
-3.2515814304351807
-10.216573715209961
0.5570859909057617
-1.4153558015823364
-4.135738372802734
-4.263627529144287
-6.450872421264648
2.701444149017334
0.8429232239723206
28.36245346069336
-11.63996696472168
-6.085659027099609
-3.0555880069732666
-10.486397743225098
0.8838280439376831
-1.4478837251663208
-4.076993465423584
-4.55264949798584
-6.665740013122559
3.803039073944092
0.18089288473129272
29.677942276000977
-12.591986656188965
-5.912910461425781
-2.874328136444092
-10.687966346740723
1.220142126083374
-1.4201984405517578
-4.055136203765869
-4.764161109924316
-6.877445697784424
4.929508686065674
-0.48714739084243774
30.961057662963867
-13.504226684570312
-5.696756362915039
-2.7243542671203613
-10.846601486206055
1.5560418367385864
-1.3233646154403687
-4.080268383026123
-4.886233806610107
-7.102051734924316
6.086681365966797
-1.1662160158157349
32.23756408691406
-14.390700340270996
-5.456982135772705
-2.5986602306365967
-11.009340286254883
1.8878953456878662
-1.1686667203903198
-4.146112442016602
-4.93804407119751
-7.370815753936768
7.21783971786499
-1.8621711730957031
33.32709884643555
-15.19963264465332
-5.189792633056641
-2.49841046333313
-11.166509628295898
2.219733953475952
-0.9676287770271301
-4.250521659851074
-4.934682369232178
-7.699544429779053
8.363755226135254
-2.5754733085632324
34.33432388305664
-15.956188201904297
-4.895503997802734
-2.4137110710144043
-11.337944030761719
2.549342155456543
-0.7262508869171143
-4.392185688018799
-4.87979793548584
-8.083855628967285
9.527566909790039
-3.2998054027557373
35.330928802490234
-16.677541732788086
-4.56527853012085
-2.355067491531372
-11.480563163757324
2.8588056564331055
-0.43916526436805725
-4.567749500274658
-4.775670051574707
-8.500717163085938
10.704668998718262
-4.033515930175781
36.323402404785156
-17.363460540771484
-4.2064385414123535
-2.322352647781372
-11.585463523864746
3.144582748413086
