2
3
-8.661248207092285
-3.0911927223205566
-4.385780334472656
-4.917464256286621
7.645925521850586
-7.663294792175293
-0.9826289415359497
-2.933659553527832
-1.9286065101623535
9.043928146362305
10.157048225402832
1.6289024353027344
-7.92244815826416
-3.0489726066589355
-3.3869171142578125
-4.662481307983398
6.638700008392334
-6.924579620361328
-2.731904983520508
-1.9057683944702148
-1.3035686016082764
8.295160293579102
10.893604278564453
0.028147220611572266
-7.218623638153076
-2.9810264110565186
-2.4353063106536865
-4.398953437805176
5.643836498260498
-6.164835453033447
-4.358513832092285
-0.933648407459259
-0.7135509252548218
7.545811653137207
11.549002647399902
-1.604240894317627
-6.53796911239624
-2.8910024166107178
-1.490250587463379
-4.118152141571045
4.701776504516602
-5.428826332092285
-5.857659339904785
-0.02580052614212036
-0.1617434024810791
6.787609577178955
12.156785011291504
-3.2422900199890137
-5.877130031585693
-2.7811226844787598
-0.5442477464675903
-3.822115421295166
3.8339130878448486
-4.746091365814209
-7.208652973175049
0.7971936464309692
0.3543544411659241
6.062203884124756
12.751167297363281
-4.774810314178467
-5.226625919342041
-2.6475114822387695
0.40993887186050415
-3.51139497756958
3.0387418270111084
-4.118174076080322
-8.428651809692383
1.5322520732879639
0.8743097186088562
5.3565239906311035
13.381417274475098
-6.173480033874512
-4.592641830444336
-2.480475425720215
1.3591609001159668
-3.182276964187622
2.316582202911377
-3.541872262954712
-9.528115272521973
2.186159610748291
1.455572247505188
4.648327827453613
14.085284233093262
-7.455226898193359
-3.9606988430023193
-2.267310619354248
2.319650173187256
-2.8269145488739014
1.6597962379455566
-2.9978384971618652
-10.574116706848145
2.804342031478882
2.0870206356048584
3.9392151832580566
14.855342864990234
-8.693041801452637
-3.334774971008301
-2.036436080932617
3.2746407985687256
-2.4976773262023926
1.0443024635314941
-2.5105719566345215
-11.68403434753418
3.39218807220459
2.7534384727478027
3.2232537269592285
15.67456340789795
-9.888193130493164
-2.713810920715332
-1.8354688882827759
4.233403205871582
-2.2350354194641113
0.4777718782424927
-2.0606606006622314
-12.841496467590332
3.9648499488830566
3.441632032394409
2.4826838970184326
16.498083114624023
-11.07341480255127
-2.082345485687256
-1.686421275138855
5.219263553619385
-2.0257937908172607
-0.039967894554138184
-1.6402370929718018
-14.00309944152832
4.530879974365234
4.152275085449219
1.715187907218933
17.329879760742188
-12.240778923034668
-1.438291311264038
-1.5912426710128784
6.233658790588379
-1.8542726039886475
-0.5214180946350098
-1.2419979572296143
-15.271679878234863
5.135317802429199
4.869089603424072
0.9248785972595215
18.128400802612305
-13.37156867980957
-0.7902894616127014
-1.5554523468017578
7.2564592361450195
-1.7151098251342773
-0.9793400168418884
-0.8802288770675659
-16.621734619140625
5.753091335296631
5.609390735626221
0.11707758903503418
18.911008834838867
-14.474319458007812
-0.15861517190933228
-1.5748356580734253
8.20610523223877
-1.5827524662017822
-1.396467685699463
-0.5712831020355225
-18.00101661682129
6.368605613708496
6.416557312011719
-0.7109650373458862
19.717973709106445
-15.550617218017578
0.43994641304016113
-1.622098445892334
9.032313346862793
-1.4442827701568604
-1.7866405248641968
-0.29748061299324036
-19.405609130859375
6.978714942932129
7.2536516189575195
-1.564622402191162
20.472429275512695
-16.57183837890625
1.0016895532608032
-1.6603368520736694
9.71631908416748
-1.2742384672164917
-2.1475203037261963
-0.06057325005531311
-20.827770233154297
7.586625099182129
8.091516494750977
-2.4327621459960938
21.183332443237305
-17.5706844329834
1.5469969511032104
-1.6842591762542725
10.317241668701172
-1.080463171005249
-2.446077823638916
0.11107750236988068
-22.229032516479492
8.19715690612793
8.917886734008789
-3.3141705989837646
21.794981002807617
-18.525836944580078
2.0915446281433105
-1.699232578277588
10.862920761108398
-0.8809969425201416
-2.712512493133545
0.23549292981624603
-23.629804611206055
8.803792953491211
9.722047805786133
-4.193030834197998
22.303930282592773
-19.419958114624023
2.640883445739746
-1.7170064449310303
11.35926342010498
-0.6968074440956116
-2.9626858234405518
0.3234618604183197
-25.04441261291504
9.405638694763184
10.506418228149414
-5.0701189041137695
22.736000061035156
-20.279726028442383
3.191801071166992
-1.745309829711914
11.795534133911133
-0.5455647706985474
-3.201509475708008
0.3796312212944031
-26.474639892578125
10.001084327697754
11.26663875579834
-5.943418979644775
23.090112686157227
-21.110389709472656
