2
3
6.037865161895752
5.248885154724121
-4.154053688049316
-4.779770374298096
2.2078709602355957
5.583344459533691
-0.5333011150360107
2.3254642486572266
-1.9896514415740967
1.8631013631820679
6.264551639556885
1.784954309463501
5.010714530944824
4.80826997756958
-4.820822715759277
-5.148159027099609
1.8534815311431885
5.9985032081604
-0.054437220096588135
1.1673824787139893
-0.5761669874191284
2.042433023452759
6.621781349182129
2.5784130096435547
3.957838296890259
4.363186359405518
-5.025088310241699
-5.427961349487305
1.6568623781204224
6.182464122772217
0.5067756772041321
-0.021894454956054688
0.7520663738250732
2.388775110244751
6.459845066070557
3.2825675010681152
2.915855884552002
3.8922014236450195
-4.748830795288086
-5.616632461547852
1.6172374486923218
6.12845516204834
1.0362305641174316
-1.0854743719100952
1.9035124778747559
2.9010443687438965
5.974668502807617
3.7813332080841064
1.9969115257263184
3.359436273574829
-4.085023403167725
-5.575628757476807
1.7498372793197632
5.87330436706543
1.4337470531463623
-1.8824360370635986
2.847562074661255
3.5407118797302246
5.152085304260254
4.039566993713379
1.2746086120605469
2.793288230895996
-3.1351213455200195
-5.270998954772949
2.0340559482574463
5.495460033416748
1.6012247800827026
-2.46455717086792
3.5420796871185303
4.254344940185547
4.042651176452637
3.954698085784912
0.7982859015464783
2.247847080230713
-1.9893662929534912
-4.710555076599121
2.3859362602233887
5.040578842163086
1.5715839862823486
-2.8310964107513428
3.9293503761291504
5.013422966003418
2.7973098754882812
3.368349075317383
0.5808788537979126
1.755415916442871
-0.7575337886810303
-3.903696060180664
2.724334239959717
4.5356268882751465
1.3751897811889648
-2.944317579269409
4.007472038269043
5.713000774383545
1.7470767498016357
2.294567108154297
0.6265392303466797
1.3883875608444214
0.33399224281311035
-2.9434776306152344
2.958343267440796
4.014270782470703
1.1724224090576172
-2.7854294776916504
3.8202731609344482
6.266404628753662
1.0080134868621826
0.6756649017333984
0.9194245338439941
1.2428722381591797
1.0931429862976074
-2.0127110481262207
3.087566375732422
3.557987689971924
0.9800832271575928
-2.431713342666626
3.515449285507202
6.493521690368652
0.6697391867637634
-0.9995310306549072
1.2729356288909912
1.3173894882202148
1.5443483591079712
-1.4476158618927002
3.0888125896453857
3.2714576721191406
0.8749892115592957
-2.2768023014068604
3.2456536293029785
6.304733753204346
0.6846522092819214
-2.265564441680908
1.6275044679641724
1.5267643928527832
1.8243672847747803
-1.0679864883422852
3.0233683586120605
3.122262477874756
0.8977202773094177
-2.2700905799865723
3.0975935459136963
5.850600719451904
0.857670783996582
-3.142526626586914
1.9500385522842407
1.8216835260391235
2.0195565223693848
-0.8568377494812012
2.953267812728882
3.053349256515503
1.0183143615722656
-2.348071336746216
3.048126220703125
5.251501560211182
1.0897552967071533
-3.7602171897888184
2.226388931274414
2.1527349948883057
2.1861844062805176
-0.8366135358810425
2.9032912254333496
3.0039143562316895
1.223867416381836
-2.4702234268188477
3.07576584815979
4.585052490234375
1.376449465751648
-4.167523384094238
2.4542882442474365
2.481846332550049
2.3692755699157715
-1.027806282043457
2.8786816596984863
2.9504740238189697
1.5191140174865723
-2.642519474029541
3.166330575942993
3.89526104927063
1.6897647380828857
-4.385323524475098
2.6422271728515625
2.7669217586517334
2.604667901992798
-1.4267702102661133
2.888106107711792
2.8729782104492188
1.896432876586914
-2.8726744651794434
3.30427885055542
3.2206063270568848
2.000927209854126
-4.435465335845947
2.8181886672973633
2.9578492641448975
2.8965909481048584
-1.9907772541046143
2.9458916187286377
2.7465639114379883
2.3320205211639404
-3.1517858505249023
3.464446783065796
2.6013455390930176
2.304896116256714
-4.364544868469238
3.015273094177246
3.0077154636383057
3.2409169673919678
-2.6388657093048096
3.0659847259521484
2.551023244857788
2.80843448638916
-3.470604419708252
3.616835594177246
2.0717780590057373
2.646322011947632
-4.285655975341797
3.2495429515838623
2.9006459712982178
3.6573686599731445
-3.2907681465148926
3.253807544708252
2.2805745601654053
3.335047721862793
-3.8236684799194336
3.769418239593506
1.6274948120117188
3.0626134872436523
-4.306248664855957
3.5313501358032227
2.6503422260284424
4.170199394226074
-3.9135701656341553
3.5076863765716553
1.9468624591827393
3.9301562309265137
-4.212155818939209
3.9511780738830566
1.236227035522461
3.558957576751709
-4.438210964202881
