2
3
-0.21222972869873047
-3.5624279975891113
6.812872409820557
11.372174263000488
-7.490056991577148
-6.1567840576171875
0.24709606170654297
-0.4974719285964966
2.771822452545166
2.7900230884552
-7.853174209594727
-6.084926128387451
0.6608915328979492
-2.351283073425293
4.829668045043945
11.771078109741211
-6.561267852783203
-6.336472511291504
2.0079219341278076
0.8754950761795044
1.3259949684143066
1.8132071495056152
-7.921106815338135
-7.1782989501953125
1.1306192874908447
-1.0891051292419434
3.1159260272979736
11.41024112701416
-5.428633213043213
-6.283066272735596
3.029966115951538
2.3492884635925293
0.017503976821899414
0.7410248517990112
-7.562932968139648
-8.064929962158203
1.2469820976257324
0.16705715656280518
1.6878108978271484
10.143556594848633
-4.241533279418945
-5.991856575012207
3.328406572341919
3.9769275188446045
-1.1246449947357178
-0.46174466609954834
-6.917364120483398
-8.668285369873047
0.9837775230407715
1.2348612546920776
0.661445140838623
8.093144416809082
-3.1662392616271973
-5.4116668701171875
3.026125907897949
5.529560089111328
-2.063840866088867
-1.7949727773666382
-6.005016326904297
-8.836163520812988
0.5244085788726807
1.9767446517944336
0.013378024101257324
5.717112064361572
-2.290675163269043
-4.516685485839844
2.1707630157470703
6.43870210647583
-2.753575325012207
-3.180924415588379
-5.001558303833008
-8.543111801147461
0.18564176559448242
2.211513042449951
-0.5473178625106812
4.120770454406738
-1.7207926511764526
-3.3768868446350098
1.0920113325119019
6.430874824523926
-3.2590854167938232
-4.428458213806152
-3.9833877086639404
-8.141425132751465
-0.07790684700012207
2.293708086013794
-1.0940392017364502
2.653573989868164
-1.4518325328826904
-2.2128679752349854
0.1809077262878418
5.804312705993652
-3.5455899238586426
-5.592288494110107
-2.908393383026123
-7.4498610496521
-0.35360366106033325
2.2173941135406494
-1.4940482378005981
1.2250757217407227
-1.4701279401779175
-1.1317110061645508
-0.4751080274581909
4.520902633666992
-3.569495439529419
-6.601553916931152
-1.9574581384658813
-6.191157341003418
-0.6510007381439209
1.958402156829834
-1.7279279232025146
-0.09478700160980225
-1.650439977645874
-0.2846033573150635
-0.9131274223327637
2.719954490661621
-3.375401496887207
-7.345475196838379
-1.4647126197814941
-4.338630676269531
-0.9919643402099609
1.4953335523605347
-1.8279865980148315
-1.2397412061691284
-1.8576616048812866
0.1630636751651764
-1.190004587173462
0.8112146854400635
-3.0308704376220703
-7.635562896728516
-1.4539191722869873
-2.0639264583587646
-1.3363076448440552
0.8187231421470642
-1.8171818256378174
-2.0484938621520996
-2.076408624649048
0.14702536165714264
-1.2849514484405518
-0.9240894317626953
-2.7981841564178467
-7.320918560028076
-1.6208243370056152
-0.4298210144042969
-1.5654096603393555
0.14173543453216553
-1.844038963317871
-2.9507222175598145
-2.1650476455688477
-0.21762926876544952
-1.2817068099975586
-2.047788619995117
-2.6843771934509277
-6.674008846282959
-1.8604333400726318
0.6662954092025757
-1.7498173713684082
-0.5350022912025452
-1.799640417098999
-3.7194900512695312
-2.1874959468841553
-0.7065036296844482
-1.243889570236206
-2.880927324295044
-2.6622822284698486
-5.8465681076049805
-2.139741897583008
1.318098545074463
-1.8784520626068115
-1.2470676898956299
-1.7326693534851074
-4.232546806335449
-2.1576502323150635
-1.2578893899917603
-1.2500516176223755
-3.4513444900512695
-2.725507974624634
-4.9577717781066895
-2.3697922229766846
1.5793626308441162
-1.9555854797363281
-1.9708298444747925
-1.7107375860214233
-4.461726188659668
-2.096423625946045
-1.8322489261627197
-1.3459117412567139
-3.7632699012756348
-2.8669986724853516
-4.073375701904297
-2.4872963428497314
1.432549238204956
-1.9993764162063599
-2.6679842472076416
-1.7862869501113892
-4.426402568817139
-2.0346226692199707
-2.396246910095215
-1.5405654907226562
-3.846858024597168
-3.0806093215942383
-3.2348883152008057
-2.4102604389190674
0.812958836555481
-2.049105405807495
-3.2849621772766113
-1.9740859270095825
-4.173010349273682
-2.0128796100616455
-2.907191753387451
-1.8166887760162354
-3.751845121383667
-3.3113656044006348
-2.527158737182617
-2.145970582962036
-0.20965981483459473
-2.1454572677612305
-3.769721746444702
-2.2459213733673096
-3.7823193073272705
-2.070157051086426
-3.3250582218170166
-2.1390480995178223
-3.54854154586792
-3.4520606994628906
-2.0890824794769287
-1.876767873764038
-1.356539011001587
-2.323031425476074
-4.079928874969482
-2.521279811859131
-3.4487082958221436
-2.232616901397705
-3.6242835521698
-2.442633628845215
-3.391010046005249
-3.485882043838501
-1.956650733947754
-1.7270803451538086
-2.4395031929016113
