2
3
-7.870614528656006
6.566133975982666
5.682291030883789
-1.7950544357299805
7.718400955200195
1.550356388092041
-3.9041941165924072
-5.8165669441223145
-8.880245208740234
-1.5425511598587036
-8.931876182556152
-5.439688682556152
-6.980637550354004
5.991011619567871
7.146231651306152
-2.688000202178955
6.5540876388549805
1.427942156791687
-6.323118209838867
-6.022346496582031
-8.432525634765625
-1.4568195343017578
-8.545074462890625
-5.241332054138184
-6.166937828063965
5.436983585357666
8.49131965637207
-3.5635018348693848
5.387813568115234
1.33182954788208
-8.626460075378418
-6.245562553405762
-8.051054000854492
-1.4025171995162964
-8.210672378540039
-5.06985330581665
-5.424269199371338
4.908850193023682
9.71857738494873
-4.406073570251465
4.287899017333984
1.2187505960464478
-10.766565322875977
-6.573248863220215
-7.729241371154785
-1.3719751834869385
-7.934957027435303
-4.926551342010498
-4.735349655151367
4.391067028045654
10.849380493164062
-5.237011432647705
3.219672679901123
1.0676555633544922
-12.813568115234375
-7.00553560256958
-7.457677841186523
-1.3578763008117676
-7.7090559005737305
-4.812469482421875
-4.007807731628418
3.8558709621429443
12.022623062133789
-6.060711860656738
2.143282890319824
0.8542864322662354
-14.841062545776367
-7.593459606170654
-7.232607841491699
-1.3589012622833252
-7.528294563293457
-4.732937335968018
-3.2655818462371826
3.3052492141723633
13.208900451660156
-6.880521774291992
1.020249366760254
0.5437597036361694
-16.957292556762695
-8.368426322937012
-7.053251266479492
-1.3790806531906128
-7.3925557136535645
-4.698709011077881
-2.529780149459839
2.732841968536377
14.33760929107666
-7.710336208343506
-0.11112380027770996
0.20068812370300293
-19.138288497924805
-9.227757453918457
-6.918850898742676
-1.4212030172348022
-7.304937839508057
-4.717795372009277
-1.7981215715408325
2.1412229537963867
15.388935089111328
-8.55536937713623
-1.2374264001846313
-0.1581518054008484
-21.356781005859375
-10.158928871154785
-6.824967384338379
-1.4802861213684082
-7.266336917877197
-4.793975830078125
-1.0832432508468628
1.5407869815826416
16.310457229614258
-9.408536911010742
-2.350778102874756
-0.5470119714736938
-23.608787536621094
-11.178092956542969
-6.761598110198975
-1.5380878448486328
-7.27738094329834
-4.928471565246582
-0.37724101543426514
0.9215792417526245
17.15341567993164
-10.257973670959473
-3.406489849090576
-0.9352867007255554
-25.87721061706543
-12.26966667175293
-6.697425365447998
-1.5970367193222046
-7.281996726989746
-5.114376068115234
0.32451462745666504
0.2837878465652466
17.923742294311523
-11.101544380187988
-4.346506118774414
-1.3311495780944824
-28.072574615478516
-13.348589897155762
-6.619253635406494
-1.6844831705093384
-7.270546913146973
-5.352875709533691
1.0213587284088135
-0.3711865544319153
18.623960494995117
-11.94250202178955
-5.227351188659668
-1.7742220163345337
-30.25707244873047
-14.466207504272461
-6.52287483215332
-1.8181936740875244
-7.257811546325684
-5.6468000411987305
1.7181878089904785
-1.0496995449066162
19.277183532714844
-12.789892196655273
-6.03759241104126
-2.265110492706299
-32.38703536987305
-15.603572845458984
-6.411318778991699
-1.998759150505066
-7.268920421600342
-6.021965503692627
2.405223846435547
-1.7590808868408203
19.836097717285156
-13.637382507324219
-6.801130294799805
-2.7981505393981934
-34.48448944091797
-16.77655029296875
-6.283830165863037
-2.2258598804473877
-7.2988600730896
-6.4853925704956055
3.0785608291625977
-2.5021848678588867
20.303020477294922
-14.49941349029541
-7.547617435455322
-3.369487762451172
-36.60532760620117
-18.028427124023438
-6.139548301696777
-2.497360944747925
-7.3277387619018555
-7.0275044441223145
3.7265915870666504
-3.2807748317718506
20.674646377563477
-15.38843059539795
-8.285120010375977
-3.978729724884033
-38.75871658325195
-19.3666934967041
-5.98123836517334
-2.8123316764831543
-7.352589130401611
-7.649455547332764
4.328665256500244
-4.100610256195068
20.92644500732422
-16.309650421142578
-9.018369674682617
-4.6264967918396
-40.95069122314453
-20.794965744018555
-5.810224533081055
-3.1729252338409424
-7.363201141357422
-8.349420547485352
4.899182319641113
-4.959054946899414
21.080936431884766
-17.27402687072754
-9.750954627990723
-5.3145904541015625
-43.184810638427734
-22.318092346191406
-5.631484031677246
-3.5757462978363037
-7.374101638793945
-9.120452880859375
5.4453301429748535
-5.859956741333008
21.140884399414062
-18.294137954711914
-10.479119300842285
-6.045596122741699
-45.44993209838867
-23.938114166259766
-5.442180633544922
-4.021708011627197
-7.401062488555908
-9.94581127166748
