2
3
-3.6510748863220215
0.42608511447906494
-3.133089065551758
4.117177963256836
-1.7473199367523193
0.36465421319007874
4.3016510009765625
4.527368545532227
-0.9431350231170654
-7.91748046875
2.7132160663604736
-1.9557695388793945
-4.259133338928223
0.6645857095718384
-1.3347234725952148
2.7934646606445312
-1.2694058418273926
0.3896787166595459
3.7575912475585938
3.1415672302246094
-0.3085097670555115
-8.162461280822754
1.5846773386001587
0.9959762096405029
-4.5057806968688965
0.40371477603912354
0.5102701187133789
1.706999659538269
-0.8366563320159912
0.18337374925613403
3.0486679077148438
1.8747707605361938
-0.13498365879058838
-7.6262102127075195
0.7538933753967285
3.00354266166687
-4.289340972900391
-0.09742242097854614
1.967275857925415
0.8144978284835815
-0.47729218006134033
-0.23809176683425903
2.6495249271392822
1.0558443069458008
-0.21782372891902924
-6.731785774230957
0.13765650987625122
4.409396171569824
-3.815089464187622
-0.6457322239875793
3.198026180267334
0.09170377254486084
-0.19410249590873718
-0.7572789192199707
2.2883708477020264
0.6253591179847717
-0.42883872985839844
-5.68206787109375
-0.41651833057403564
5.348910808563232
-3.0922412872314453
-1.2539442777633667
4.060883522033691
-0.33307310938835144
-0.1099734678864479
-1.224633812904358
2.115048408508301
0.4627794027328491
-0.7650808095932007
-4.565064430236816
-0.7748206853866577
5.8827924728393555
-2.1868677139282227
-1.901109218597412
4.447528839111328
-0.33740168809890747
-0.11171823740005493
-1.5788190364837646
2.048367738723755
0.40083053708076477
-1.1837120056152344
-3.4485554695129395
-0.7685497403144836
5.992010116577148
-1.2179951667785645
-2.5110275745391846
4.336379528045654
0.1497504711151123
-0.11073187738656998
-1.8755686283111572
2.102759838104248
0.4840643107891083
-1.6420152187347412
-2.370398759841919
-0.2874000072479248
5.583914279937744
-0.3828919529914856
-2.9561431407928467
3.9220855236053467
0.9855294823646545
-0.07692305743694305
-2.146897077560425
2.247009515762329
0.7902529835700989
-2.0803513526916504
-1.4401257038116455
0.6936365962028503
4.674798488616943
0.21512454748153687
-3.1301422119140625
3.3465185165405273
1.8301796913146973
-0.021578870713710785
-2.3725249767303467
2.3946969509124756
1.3326315879821777
-2.285346031188965
-0.84429931640625
1.812117338180542
3.6990127563476562
0.5424784421920776
-3.0715601444244385
2.827718734741211
2.530210494995117
0.05628375709056854
-2.494488477706909
2.4661388397216797
1.975508213043213
-2.202162742614746
-0.6033719778060913
2.8199095726013184
2.9163761138916016
0.6588367223739624
-2.8426430225372314
2.5013225078582764
3.0604777336120605
0.13563455641269684
-2.46673583984375
2.5370819568634033
2.524758815765381
-1.8833513259887695
-0.604112982749939
3.5658273696899414
2.4648420810699463
0.6160753965377808
-2.480646848678589
2.3845274448394775
3.4063687324523926
0.16297516226768494
-2.3009727001190186
2.669053554534912
2.94355845451355
-1.3620588779449463
-0.7718801498413086
4.052358627319336
2.3083066940307617
0.5070952773094177
-2.0760605335235596
2.481053113937378
3.5922937393188477
0.17993980646133423
-2.0668373107910156
2.8836238384246826
3.239886999130249
-0.7525925636291504
-0.9809075593948364
4.329082012176514
2.3682940006256104
0.39857834577560425
-1.6874890327453613
2.7888269424438477
3.6590166091918945
0.22709985077381134
-1.8126015663146973
3.1897335052490234
3.4580461978912354
-0.1410355567932129
-1.1643831729888916
4.453140735626221
2.6067750453948975
0.3545069992542267
-1.3576366901397705
3.259556531906128
3.690258026123047
0.32316410541534424
-1.5596026182174683
3.577059745788574
3.635559320449829
0.4102449417114258
-1.2800400257110596
4.492553234100342
2.9773106575012207
0.41641709208488464
-1.101939082145691
3.811361074447632
3.7671420574188232
0.4844073951244354
-1.320946455001831
4.02053689956665
3.816112518310547
0.8755322694778442
-1.2974839210510254
4.542843341827393
3.4062366485595703
0.5963643193244934
-0.9065940380096436
4.373184680938721
3.9261088371276855
0.7212818264961243
-1.1007310152053833
4.476200103759766
4.035713195800781
1.2528258562088013
-1.2161848545074463
4.671909809112549
3.835763454437256
0.883493185043335
-0.747135579586029
4.903496265411377
4.169795036315918
1.0255573987960815
-0.8948899507522583
4.926995277404785
4.305960655212402
1.5726938247680664
-1.0599170923233032
4.89190149307251
4.248600959777832
1.2479252815246582
-0.6019254326820374
5.411445617675781
4.482938289642334
1.3772858381271362
-0.696392834186554
5.387232780456543
4.618169784545898
1.8659435510635376
-0.854350209236145
5.202980041503906
4.647418975830078
