2
3
0.5950961709022522
2.035677909851074
-3.093890428543091
-8.27737045288086
4.082045078277588
1.2384132146835327
0.7430877089500427
-7.471803188323975
5.281853675842285
6.833652973175049
0.9827498197555542
5.1367011070251465
0.8158362507820129
1.9212168455123901
-2.815915584564209
-8.761983871459961
4.192616939544678
1.145140528678894
0.6203324794769287
-7.768430709838867
5.205702781677246
6.772519111633301
0.6453100442886353
4.776944160461426
1.0375643968582153
1.7853572368621826
-2.561011791229248
-9.300023078918457
4.2942657470703125
1.0355149507522583
0.48430800437927246
-8.093092918395996
5.130586624145508
6.680173397064209
0.3164045810699463
4.3985466957092285
1.256622076034546
1.6182279586791992
-2.337099075317383
-9.902917861938477
4.38728141784668
0.908805251121521
0.33525753021240234
-8.448963165283203
5.054419040679932
6.554171562194824
-0.0050972700119018555
4.000364780426025
1.4717693328857422
1.4144493341445923
-2.1447067260742188
-10.571731567382812
4.471629619598389
0.763518214225769
0.17201051115989685
-8.8399019241333
4.973938941955566
6.390635967254639
-0.3207227885723114
3.5782341957092285
1.6825612783432007
1.174346685409546
-1.9813978672027588
-11.30197525024414
4.547358512878418
0.597061276435852
-0.0056719183921813965
-9.270828247070312
4.886385440826416
6.184566497802734
-0.6324632167816162
3.1252923011779785
1.8893349170684814
0.9024228453636169
-1.8444955348968506
-12.087080001831055
4.614181041717529
0.4062483310699463
-0.1986803263425827
-9.747421264648438
4.7948832511901855
5.936466217041016
-0.9452900886535645
2.6383776664733887
2.091806411743164
0.5982757806777954
-1.734062910079956
-12.926576614379883
4.671546459197998
0.18785881996154785
-0.4085288643836975
-10.275923728942871
4.703001976013184
5.644524574279785
-1.2670873403549194
2.1066861152648926
2.288879871368408
0.2601502537727356
-1.6516164541244507
-13.823827743530273
4.718569278717041
-0.061416685581207275
-0.6372097730636597
-10.863606452941895
4.615478992462158
5.308035850524902
-1.5942739248275757
1.5234061479568481
2.4815824031829834
-0.11116582155227661
-1.5977826118469238
-14.779560089111328
4.755718231201172
-0.3434385657310486
-0.8846272230148315
-11.51488208770752
4.533856391906738
4.928809642791748
-1.9225481748580933
0.8860893249511719
2.669231653213501
-0.5173478722572327
-1.5742508172988892
-15.798359870910645
4.783562183380127
-0.6601499319076538
-1.15102219581604
-12.23399829864502
4.459686756134033
4.509486198425293
-2.24560284614563
0.1907106637954712
2.8505966663360596
-0.9610995054244995
-1.583124041557312
-16.886947631835938
4.801882266998291
-1.0143206119537354
-1.43796706199646
-13.027708053588867
4.389266014099121
4.056852340698242
-2.556161403656006
-0.550533652305603
3.024397134780884
-1.4450440406799316
-1.6265877485275269
-18.05268669128418
4.810471057891846
-1.4083216190338135
-1.74753999710083
-13.902674674987793
4.320825099945068
3.5808353424072266
-2.8562569618225098
-1.3267574310302734
3.1890628337860107
-1.9733781814575195
-1.7091673612594604
-19.31084632873535
4.8093342781066895
-1.8437296152114868
-2.082461357116699
-14.86508560180664
4.255741119384766
3.085087299346924
-3.146407127380371
-2.13615083694458
3.3439760208129883
-2.5487756729125977
-1.8328580856323242
-20.671463012695312
4.7987165451049805
-2.3218371868133545
-2.445697546005249
-15.921496391296387
4.194214344024658
2.5709526538848877
-3.425737142562866
-2.9819087982177734
3.490628242492676
-3.1707711219787598
-2.0
-22.14023208618164
4.778756618499756
-2.8428232669830322
-2.840571880340576
-17.079010009765625
4.130250453948975
2.0413479804992676
-3.704580783843994
-3.863844871520996
3.62890625
-3.8407726287841797
-2.2129714488983154
-23.72349739074707
4.749744892120361
-3.4071338176727295
-3.271437644958496
-18.346759796142578
4.0528717041015625
1.4934271574020386
-3.9965603351593018
-4.789161682128906
3.7568418979644775
-4.56209135055542
-2.473388195037842
-25.42335319519043
4.711602687835693
-4.018299102783203
-3.744488000869751
-19.742212295532227
3.957669496536255
0.9190562963485718
-4.310157775878906
-5.7744245529174805
3.8716304302215576
-5.340179920196533
-2.7824792861938477
-27.24211311340332
4.661874771118164
-4.679034233093262
-4.264031887054443
-21.270572662353516
3.8431036472320557
0.3086279630661011
-4.650460243225098
-6.837818622589111
3.9714174270629883
-6.181209564208984
-3.1424384117126465
-29.18880844116211
4.5970048904418945
-5.392469882965088
-4.834011077880859
-22.93313980102539
3.7068748474121094
-0.34705066680908203
-5.020009994506836
-7.997195243835449
