2
3
-6.837461471557617
-1.1699312925338745
-4.694975852966309
-3.944648265838623
-6.6458282470703125
-4.895388603210449
-6.857641220092773
4.708619117736816
2.361142635345459
-0.4289681911468506
1.0898842811584473
1.6214267015457153
-6.797107696533203
-1.9743707180023193
-3.6970419883728027
-4.039980411529541
-7.1223859786987305
-3.787475109100342
-5.681924819946289
4.680083751678467
2.350975751876831
-0.43644848465919495
-2.713754415512085
0.9650307893753052
-6.609837532043457
-2.7780680656433105
-2.942060947418213
-3.771890163421631
-7.29208517074585
-2.7339844703674316
-4.748371601104736
4.066309452056885
1.6393166780471802
-0.3456806540489197
-5.321724891662598
0.3924679160118103
-6.26981258392334
-3.5220465660095215
-2.814763069152832
-3.2375636100769043
-7.332916736602783
-1.8805947303771973
-3.9710447788238525
3.1798269748687744
0.661504864692688
-0.22449058294296265
-7.257480144500732
-0.06541329622268677
-5.854497909545898
-4.186921119689941
-3.013432502746582
-2.213115692138672
-7.1997809410095215
-1.3122344017028809
-3.364262342453003
2.2557919025421143
-0.4867933988571167
-0.09775801002979279
-8.60656452178955
-0.6253972053527832
-5.413149356842041
-4.616881370544434
-3.5548815727233887
-0.8251837491989136
-6.932112693786621
-1.0228618383407593
-2.9803168773651123
1.355054259300232
-1.7732199430465698
-0.01980149745941162
-9.366738319396973
-1.3017151355743408
-5.080018520355225
-4.6156697273254395
-4.3499650955200195
0.3215740919113159
-6.52244234085083
-0.9950541257858276
-3.051459789276123
0.6651128530502319
-3.073575973510742
-0.048228755593299866
-9.837775230407715
-1.8405265808105469
-4.960982322692871
-4.2055439949035645
-5.221513748168945
0.8403788805007935
-6.034030914306641
-1.115224003791809
-3.540917158126831
0.24916213750839233
-4.326723098754883
-0.15265578031539917
-10.151355743408203
-2.3079380989074707
-5.016896724700928
-3.633310079574585
-6.125779628753662
0.9913634657859802
-5.595184803009033
-1.2739074230194092
-4.429261684417725
0.009913444519042969
-5.472846508026123
-0.3564431071281433
-10.282976150512695
-2.6537511348724365
-5.194310665130615
-3.0159177780151367
-7.113892555236816
0.8537060618400574
-5.3063764572143555
-1.3736048936843872
-5.670413970947266
-0.1280931532382965
-6.486469268798828
-0.6661033034324646
-10.324286460876465
-2.8329508304595947
-5.4828877449035645
-2.4253909587860107
-8.188766479492188
0.5022184252738953
-5.226951599121094
-1.376671552658081
-7.205606937408447
-0.2741714119911194
-7.339713096618652
-1.0624085664749146
-10.445539474487305
-2.8099470138549805
-5.867992401123047
-1.9347771406173706
-9.408143997192383
0.03960698843002319
-5.387150764465332
-1.2966375350952148
-8.90127182006836
-0.48869776725769043
-8.036245346069336
-1.471036434173584
-10.69875717163086
-2.61190128326416
-6.357327938079834
-1.5743979215621948
-10.779460906982422
-0.42509740591049194
-5.803976058959961
-1.1838566064834595
-10.631927490234375
-0.7675689458847046
-8.621028900146484
-1.7877532243728638
-11.2804536819458
-2.2778735160827637
-6.967119216918945
-1.3381884098052979
-12.280508041381836
-0.8253175616264343
-6.44262170791626
-1.0945155620574951
-12.323110580444336
-1.0438454151153564
-9.085674285888672
-2.0193941593170166
-12.173048973083496
-1.8576953411102295
-7.6947760581970215
-1.2003564834594727
-13.912420272827148
-1.1477463245391846
-7.247993469238281
-1.0472691059112549
-14.034963607788086
-1.2739434242248535
-9.445999145507812
-2.1469578742980957
-13.417293548583984
-1.4759414196014404
-8.548572540283203
-1.1358798742294312
-15.734548568725586
-1.361833095550537
-8.194573402404785
-1.0322285890579224
-15.880610466003418
-1.436310052871704
-9.878122329711914
-2.1376473903656006
-15.05469799041748
-1.2673887014389038
-9.503962516784668
-1.111460566520691
-17.797027587890625
-1.50086510181427
-9.237160682678223
-1.0344470739364624
-17.93640899658203
-1.5497076511383057
-10.441389083862305
-2.0329082012176514
-17.088197708129883
-1.2171775102615356
-10.546134948730469
-1.1053473949432373
-20.151681900024414
-1.584225058555603
-10.354313850402832
-1.0450530052185059
-20.270612716674805
-1.619243860244751
-11.158612251281738
-1.8820405006408691
-19.528257369995117
-1.2674720287322998
-11.682356834411621
-1.0976722240447998
-22.862001419067383
-1.6394485235214233
-11.549161911010742
-1.050817608833313
-22.955644607543945
-1.6643532514572144
-12.052766799926758
-1.7128016948699951
-22.39274787902832
-1.3745102882385254
-12.933485984802246
-1.0734140872955322
-26.00617027282715
-1.687258005142212
-12.839275360107422
-1.0394480228424072
-26.069982528686523
-1.7043520212173462
-13.13962459564209
-1.5453500747680664
-25.702377319335938
-1.501461148262024
