2
3
-7.411231994628906
-3.592923641204834
9.881220817565918
0.852371096611023
-0.6781435012817383
0.018986232578754425
2.0742108821868896
-2.9416043758392334
-3.027153491973877
7.28146505355835
10.077332496643066
3.131455898284912
-6.64154577255249
-3.0297582149505615
11.101958274841309
1.9996213912963867
-0.9270726442337036
0.06473058462142944
1.5045819282531738
-2.8361661434173584
-2.608135223388672
6.922060012817383
10.624783515930176
2.1248018741607666
-5.8328447341918945
-2.4993033409118652
12.398297309875488
3.1390442848205566
-1.125616431236267
0.14262044429779053
1.0360246896743774
-2.712146043777466
-2.166548013687134
6.558107376098633
11.233914375305176
1.208604097366333
-4.984632968902588
-1.971269130706787
13.727669715881348
4.285906791687012
-1.272770881652832
0.2508544921875
0.6741607189178467
-2.576385259628296
-1.6978540420532227
6.185520172119141
11.880115509033203
0.3172569274902344
-4.056764125823975
-1.4471306800842285
15.100540161132812
5.407097816467285
-1.3605350255966187
0.39170023798942566
0.41560840606689453
-2.4265239238739014
-1.1644710302352905
5.810984134674072
12.61252498626709
-0.4962218999862671
-3.041593551635742
-0.9012839794158936
16.53455352783203
6.506519794464111
-1.3800957202911377
0.5497735738754272
0.27445948123931885
-2.2738184928894043
-0.5365000367164612
5.443747520446777
13.463229179382324
-1.1843583583831787
-1.9443222284317017
-0.34241223335266113
18.092199325561523
7.574695110321045
-1.3284329175949097
0.7018544673919678
0.2647920250892639
-2.1369080543518066
0.1449090838432312
5.078659534454346
14.385246276855469
-1.827741026878357
-0.801520824432373
0.2331101894378662
19.702062606811523
8.650161743164062
-1.2124261856079102
0.8349519371986389
0.3828466832637787
-2.0242366790771484
0.8739742636680603
4.718736171722412
15.37537956237793
-2.4328458309173584
0.35522031784057617
0.8201814889907837
21.304718017578125
9.72653865814209
-1.0336902141571045
0.9513587951660156
0.6298253536224365
-1.9156755208969116
1.6568305492401123
4.370920658111572
16.435077667236328
-2.9935312271118164
1.466856598854065
1.4014830589294434
22.814285278320312
10.733283042907715
-0.787217378616333
1.059722900390625
1.0077375173568726
-1.7943499088287354
2.5151867866516113
4.055249214172363
17.592374801635742
-3.478992462158203
2.5684633255004883
1.9922614097595215
24.286746978759766
11.656855583190918
-0.4662780165672302
1.1669888496398926
1.5192064046859741
-1.6533856391906738
3.4115240573883057
3.7668542861938477
18.80069923400879
-3.8928349018096924
3.7501637935638428
2.595221519470215
25.83405876159668
12.525639533996582
-0.07804238796234131
1.259777545928955
2.153944492340088
-1.509021282196045
4.332117557525635
3.492053985595703
20.010211944580078
-4.253674030303955
5.00739860534668
3.197599172592163
27.44220733642578
13.35971736907959
0.37751275300979614
1.3410550355911255
2.9099647998809814
-1.3579246997833252
5.278631687164307
3.2243733406066895
21.221820831298828
-4.562187194824219
6.292181968688965
3.7992730140686035
29.007810592651367
14.125619888305664
0.9042310118675232
1.4220211505889893
3.78950834274292
-1.1877349615097046
6.257861137390137
2.9624056816101074
22.45807456970215
-4.817503929138184
7.574217319488525
4.387120723724365
30.4840087890625
14.787700653076172
1.5066176652908325
1.517838716506958
4.794761657714844
-0.9771249294281006
7.256155490875244
2.7114505767822266
23.708148956298828
-4.992800235748291
8.866255760192871
4.959906101226807
31.92461395263672
15.373298645019531
2.186357259750366
1.6385445594787598
5.923418045043945
-0.7134277820587158
8.292052268981934
2.4752163887023926
25.03070640563965
-5.093773365020752
10.17888355255127
5.520614147186279
33.36438751220703
15.89645767211914
2.942084312438965
1.7847671508789062
7.171718597412109
-0.3967227637767792
9.356910705566406
2.2670977115631104
26.377376556396484
-5.1063971519470215
11.513299942016602
6.068319797515869
34.81245803833008
16.363447189331055
3.7716360092163086
1.9519001245498657
8.538278579711914
-0.026561349630355835
10.462614059448242
2.090024709701538
27.776012420654297
-5.030943393707275
12.878433227539062
6.602372169494629
36.28050231933594
16.776092529296875
4.674246788024902
2.127242088317871
10.024727821350098
0.39222049713134766
11.619443893432617
1.9468793869018555
29.248003005981445
-4.8758769035339355
14.295103073120117
7.126689910888672
37.796287536621094
17.137651443481445
5.653779029846191
2.296146869659424
11.637642860412598
0.848857581615448
12.83682632446289
1.839969515800476
30.802810668945312
-4.6483330726623535
