2
3
8.485461235046387
0.21586072444915771
-0.8541767597198486
10.338455200195312
-1.471272349357605
6.016454696655273
4.934957504272461
-9.957372665405273
-0.06957733631134033
1.1123700141906738
10.047813415527344
-0.03853312134742737
7.470183849334717
2.1065268516540527
-2.6322615146636963
10.196170806884766
-0.6048973202705383
4.084014892578125
7.714465141296387
-11.165887832641602
1.4552322626113892
0.9619424343109131
10.317976951599121
0.2954960763454437
6.234580039978027
3.958308219909668
-3.6345953941345215
9.38196086883545
0.7444053292274475
2.0211751461029053
9.862634658813477
-11.830830574035645
2.609762668609619
1.10671067237854
10.411901473999023
0.44371017813682556
4.810748100280762
5.652329444885254
-3.526252031326294
7.724485397338867
2.418957233428955
-0.07472729682922363
11.441293716430664
-11.873929977416992
3.5749032497406006
1.3933331966400146
10.472356796264648
0.3673076629638672
3.2183597087860107
7.1272149085998535
-1.954931616783142
5.165027141571045
4.256621837615967
-2.0304319858551025
12.321914672851562
-11.23339557647705
4.44691801071167
1.7123059034347534
10.495099067687988
0.12671513855457306
1.8455004692077637
8.06688117980957
0.6209069490432739
2.29897141456604
6.156484603881836
-3.62870454788208
12.250039100646973
-9.681529998779297
5.2098846435546875
2.005419969558716
10.500055313110352
-0.30091214179992676
0.9766253232955933
8.373672485351562
3.6529407501220703
-0.591799259185791
7.893144607543945
-4.668416976928711
11.272897720336914
-7.341660022735596
5.859914779663086
2.2213845252990723
10.68602466583252
-0.949935793876648
0.7014726400375366
8.025452613830566
6.8101301193237305
-3.2565760612487793
9.053854942321777
-5.140149116516113
10.427824020385742
-5.052537441253662
6.436154365539551
2.336958408355713
11.232705116271973
-1.7801852226257324
1.037564992904663
7.03127908706665
9.732481956481934
-5.175262451171875
9.696714401245117
-5.052687168121338
10.032124519348145
-3.430614471435547
7.101085662841797
2.2605574131011963
11.744824409484863
-2.6011695861816406
1.803414225578308
5.897040367126465
12.576971054077148
-7.00075626373291
9.920108795166016
-4.5118865966796875
9.89680290222168
-2.3420565128326416
7.833133697509766
2.052823066711426
12.188313484191895
-3.26418137550354
2.9805150032043457
4.642504692077637
15.168813705444336
-8.633159637451172
9.946138381958008
-3.794844150543213
9.523233413696289
-1.218860387802124
8.36625862121582
1.927518367767334
12.722077369689941
-3.8606748580932617
4.518535614013672
3.2403154373168945
17.48255729675293
-9.910689353942871
9.904701232910156
-3.0483691692352295
9.442337036132812
-0.2515048384666443
8.744763374328613
1.8622392416000366
13.447696685791016
-4.6134233474731445
6.372987747192383
1.7073702812194824
19.46819305419922
-10.742918968200684
9.785398483276367
-2.2373433113098145
9.803786277770996
0.4274854063987732
9.100272178649902
1.724147915840149
14.431058883666992
-5.4208173751831055
8.446239471435547
0.12611055374145508
21.149045944213867
-11.172014236450195
9.639277458190918
-1.4092053174972534
10.765437126159668
0.6774044632911682
9.520491600036621
1.478918433189392
15.818805694580078
-6.323061943054199
10.661396980285645
-1.4447144269943237
22.41550064086914
-11.249160766601562
9.554593086242676
-0.649025559425354
12.380987167358398
0.47865235805511475
10.057527542114258
1.1089032888412476
17.58342742919922
-7.335586071014404
12.919642448425293
-2.887953281402588
23.21837043762207
-10.947625160217285
9.512600898742676
0.016444504261016846
14.702987670898438
-0.27666568756103516
10.77869987487793
0.5666678547859192
19.683181762695312
-8.42442512512207
15.061885833740234
-4.1335649490356445
23.787059783935547
-10.392014503479004
9.630130767822266
0.5018128752708435
17.573793411254883
-1.420409917831421
11.847020149230957
-0.3089917302131653
22.05156135559082
-9.313546180725098
16.919336318969727
-5.198184490203857
24.687788009643555
-9.801912307739258
9.967061042785645
0.7516524791717529
20.904935836791992
-2.8992252349853516
13.378491401672363
-1.4715163707733154
24.391611099243164
-9.82336711883545
18.341995239257812
-6.073803901672363
26.516813278198242
-9.695913314819336
10.622244834899902
0.7065674662590027
24.572898864746094
-4.586255073547363
15.181364059448242
-2.7735607624053955
26.649145126342773
-10.073137283325195
19.82179832458496
-6.92237663269043
28.539886474609375
-9.620741844177246
11.618290901184082
0.3441736102104187
28.440139770507812
-6.319390296936035
16.91218376159668
-4.052351951599121
29.476858139038086
-10.522074699401855
