2
3
-4.347867965698242
-2.4240241050720215
6.480367660522461
0.5914608240127563
-8.832223892211914
-7.8079071044921875
-6.619318008422852
3.3222498893737793
-5.969243049621582
2.880311965942383
-4.941470623016357
1.2094711065292358
-2.906491994857788
-2.8486480712890625
4.040095806121826
1.0785633325576782
-9.414539337158203
-6.824349403381348
-5.372123718261719
4.5989203453063965
-6.5997772216796875
2.3607115745544434
-4.200126647949219
-0.12503457069396973
-2.063751459121704
-3.031094551086426
0.9342522621154785
1.6507457494735718
-9.708305358886719
-5.7626495361328125
-4.063201904296875
5.381524085998535
-7.000988006591797
1.7445952892303467
-3.2948107719421387
-1.2528712749481201
-1.9578194618225098
-2.9587926864624023
-1.868715524673462
2.059201717376709
-9.735404968261719
-4.7247467041015625
-2.993069648742676
5.645049571990967
-7.09642219543457
0.8698252439498901
-2.605393886566162
-2.0061259269714355
-2.4250755310058594
-2.644763708114624
-3.7723240852355957
2.314931631088257
-9.614103317260742
-3.6930768489837646
-2.136765480041504
5.511134147644043
-7.109010696411133
-0.002141594886779785
-2.2359447479248047
-2.6050937175750732
-3.1093783378601074
-2.2337634563446045
-5.135589122772217
2.4970295429229736
-9.36240005493164
-2.825343132019043
-1.4528000354766846
5.207884788513184
-6.967787742614746
-0.8654663562774658
-2.1784720420837402
-2.940995454788208
-3.91898775100708
-1.747614860534668
-6.01749849319458
2.431471586227417
-9.015865325927734
-2.0987987518310547
-0.9715403318405151
4.808350086212158
-6.774219989776611
-1.7220005989074707
-2.3312630653381348
-2.9429965019226074
-4.806185722351074
-1.250756025314331
-6.444113731384277
2.106537342071533
-8.607547760009766
-1.5066181421279907
-0.7079583406448364
4.3038177490234375
-6.587870121002197
-2.5175700187683105
-2.7334234714508057
-2.556490898132324
-5.7056121826171875
-0.8239112496376038
-6.47912073135376
1.5881860256195068
-8.1449613571167
-1.0540950298309326
-0.7844973802566528
3.717825412750244
-6.4696197509765625
-3.177661895751953
-3.3543925285339355
-1.765724539756775
-6.5287089347839355
-0.5649064779281616
-6.28810977935791
1.0949963331222534
-7.6511921882629395
-0.7342329621315002
-1.3345383405685425
3.103466510772705
-6.4665608406066895
-3.610565423965454
-4.032403469085693
-0.5650879144668579
-7.2299652099609375
-0.49796342849731445
-5.971097469329834
0.7581072449684143
-7.240737438201904
-0.5279127955436707
-2.194112539291382
2.4684534072875977
-6.609166622161865
-3.69193959236145
-4.5515360832214355
0.6876535415649414
-7.775972366333008
-0.5866506695747375
-5.660085678100586
0.6932492256164551
-6.982879638671875
-0.4332628846168518
-3.1821508407592773
1.8785550594329834
-6.889575004577637
-3.43398380279541
-4.9796528816223145
1.577568769454956
-8.143640518188477
-0.7464175820350647
-5.547860145568848
0.8115480542182922
-6.890155792236328
-0.426572322845459
-4.23341178894043
1.488722562789917
-7.213583469390869
-2.989182233810425
-5.479609489440918
2.057742118835449
-8.347564697265625
-0.9138983488082886
-5.703798294067383
1.0383540391921997
-6.9771528244018555
-0.4805581569671631
-5.257146835327148
1.3614057302474976
-7.56308650970459
-2.4859750270843506
-6.01793098449707
2.2626774311065674
-8.469958305358887
-1.0338366031646729
-6.156397342681885
1.3542990684509277
-7.214183807373047
-0.5498022437095642
-6.226014137268066
1.4469152688980103
-7.921228885650635
-2.004671812057495
-6.621637344360352
2.3532888889312744
-8.58758544921875
-1.0737872123718262
-6.867323875427246
1.712742805480957
-7.559630393981934
-0.5879496932029724
-7.179547309875488
1.647617220878601
-8.28256607055664
-1.5762715339660645
-7.314800262451172
2.40339732170105
-8.764012336730957
-1.0170406103134155
-7.806390762329102
2.062992811203003
-7.977950096130371
-0.5775057673454285
-8.18026065826416
1.910007119178772
-8.647170066833496
-1.2101869583129883
-8.141035079956055
2.4715652465820312
-9.026582717895508
-0.8732224106788635
-8.946527481079102
2.386472702026367
-8.454005241394043
-0.5093168616294861
-9.289005279541016
2.2077548503875732
-9.023354530334473
-0.8957221508026123
-9.147645950317383
2.590695858001709
-9.383063316345215
-0.6622145175933838
-10.27675724029541
2.6922478675842285
-8.978038787841797
-0.3847501277923584
-10.551584243774414
2.5312163829803467
-9.431883811950684
-0.6099919080734253
-10.370279312133789
2.7741963863372803
-9.832858085632324
-0.40341702103614807
-11.807908058166504
3.0034639835357666
-9.550792694091797
-0.20637467503547668
-12.007345199584961
2.87803053855896
-9.893876075744629
-0.3315736949443817
-11.829927444458008
3.0232913494110107
