2
3
-7.990871429443359
-4.767587661743164
6.39685583114624
10.682807922363281
3.461945056915283
2.040268659591675
-8.39830207824707
-3.342459201812744
4.372254371643066
-1.2340002059936523
-4.959352970123291
-6.064181804656982
-6.493561744689941
-3.4797933101654053
7.466946601867676
11.066473007202148
2.2937369346618652
1.5639238357543945
-9.227031707763672
-4.435610771179199
3.5143167972564697
-2.067730188369751
-6.715795040130615
-5.9679670333862305
-4.904608726501465
-2.0964245796203613
7.55189323425293
10.95408821105957
1.0811750888824463
0.9282836318016052
-9.567171096801758
-5.176391124725342
2.4322221279144287
-2.717529058456421
-7.902687072753906
-5.575564861297607
-3.304934024810791
-0.6794626712799072
6.635566711425781
10.001213073730469
-0.21660101413726807
0.23064428567886353
-9.622749328613281
-5.543224334716797
1.2346420288085938
-3.1805801391601562
-8.641622543334961
-4.946858882904053
-1.902117371559143
0.6302400827407837
5.161807537078857
8.567087173461914
-1.4196741580963135
-0.46875429153442383
-9.435450553894043
-5.647340297698975
0.08416211605072021
-3.461758613586426
-9.066008567810059
-4.221232891082764
-0.7775100469589233
1.7199147939682007
3.3556435108184814
6.875216484069824
-2.486504077911377
-1.137535810470581
-9.077303886413574
-5.532748699188232
-0.9495067596435547
-3.5632174015045166
-9.201820373535156
-3.4509291648864746
0.027434825897216797
2.5222110748291016
1.2712676525115967
5.011283874511719
-3.3896453380584717
-1.7563800811767578
-8.57477855682373
-5.2109479904174805
-1.8988895416259766
-3.5174636840820312
-9.114104270935059
-2.680807113647461
0.5076596736907959
3.0014843940734863
-1.0849025249481201
3.0472869873046875
-4.111496925354004
-2.2943875789642334
-8.00028133392334
-4.731955528259277
-2.7435684204101562
-3.3321423530578613
-8.865180015563965
-2.0746278762817383
0.6507669687271118
3.1991055011749268
-3.5434513092041016
1.0882351398468018
-4.634432792663574
-2.7493574619293213
-7.710936546325684
-4.15341854095459
-3.457730531692505
-3.0774710178375244
-8.662460327148438
-1.5862691402435303
0.45902422070503235
3.1552276611328125
-5.913537502288818
-0.7221653461456299
-4.980110168457031
-3.0649328231811523
-7.710683345794678
-3.4115381240844727
-4.052887916564941
-2.782010316848755
-8.655424118041992
-1.269140362739563
-0.09844133257865906
2.8417885303497314
-7.745210647583008
-2.1420493125915527
-5.136977195739746
-3.261428117752075
-8.023621559143066
-2.5257368087768555
-4.5249176025390625
-2.443208932876587
-8.889181137084961
-1.2030723094940186
-0.8756400346755981
2.344351291656494
-9.183121681213379
-3.0002405643463135
-5.208085060119629
-3.207012176513672
-8.662912368774414
-1.937098741531372
-4.960935115814209
-2.087385654449463
-9.312662124633789
-1.3813738822937012
-1.7536081075668335
1.7691802978515625
-10.517967224121094
-3.528520107269287
-5.333093166351318
-2.975098133087158
-9.49461841583252
-1.6228059530258179
-5.3074951171875
-1.792586326599121
-9.918107032775879
-1.6080942153930664
-2.715595245361328
1.1829442977905273
-11.878695487976074
-3.8348331451416016
-5.53073787689209
-2.653331756591797
-10.517203330993652
-1.5625267028808594
-5.614467144012451
-1.578580617904663
-10.75873851776123
-1.8176367282867432
-3.7477707862854004
0.620834469795227
-13.333259582519531
-3.971444845199585
-5.825263977050781
-2.311424970626831
-11.765792846679688
-1.700826644897461
-5.939583778381348
-1.4259194135665894
-11.866623878479004
-2.025942087173462
-4.850598335266113
0.10795474052429199
-14.892753601074219
-3.98721981048584
-6.230029106140137
-2.0000011920928955
-13.291893005371094
-1.9799578189849854
-6.326398849487305
-1.3151910305023193
-13.291976928710938
-2.2690985202789307
-6.0163421630859375
-0.330585241317749
-16.57231903076172
-3.936579704284668
-6.757847309112549
-1.7435113191604614
-15.1249418258667
-2.349256992340088
-6.8214430809021
-1.2350839376449585
-15.082382202148438
-2.5700290203094482
-7.244312763214111
-0.6810497045516968
-18.446434020996094
-3.8771939277648926
-7.445784091949463
-1.5518596172332764
-17.312374114990234
-2.7771153450012207
-7.47715950012207
-1.1786421537399292
-17.25931739807129
-2.9260170459747314
-8.52796745300293
-0.9469431638717651
-20.637365341186523
-3.849780559539795
-8.34536361694336
-1.4248111248016357
-19.86612319946289
-3.2129740715026855
-8.349630355834961
-1.1487696170806885
-19.81723403930664
-3.3007938861846924
-9.862340927124023
-1.1394448280334473
-23.21872329711914
-3.8900578022003174
-9.509153366088867
-1.3646306991577148
-22.786479949951172
-3.5940964221954346
-9.49467658996582
-1.1537967920303345
-22.75168800354004
-3.6431467533111572
