2
3
-4.845261573791504
-3.8155264854431152
15.155942916870117
-9.142168045043945
6.139087677001953
3.8504838943481445
-6.361313819885254
5.971971035003662
4.931231498718262
-1.1823647022247314
1.6897640228271484
2.5047879219055176
-2.0390357971191406
-5.555500030517578
16.36937713623047
-8.385663986206055
4.260397434234619
4.8996477127075195
-6.551164627075195
4.050339698791504
4.401454925537109
-0.44918328523635864
0.4078977108001709
2.2320046424865723
0.9563183784484863
-7.068905353546143
16.467493057250977
-6.7700114250183105
2.3957626819610596
5.64396333694458
-5.508601188659668
1.460268259048462
3.714033365249634
0.15389513969421387
-0.23039758205413818
1.6095231771469116
4.013588905334473
-8.15625
15.18022632598877
-4.262900352478027
0.7918689250946045
5.902444839477539
-3.7467801570892334
-1.4651381969451904
2.945106267929077
0.6056613922119141
-0.0860738754272461
0.5906938314437866
6.648988723754883
-8.61835765838623
12.994913101196289
-1.3869502544403076
-0.3508046865463257
5.46956729888916
-1.3435513973236084
-4.030461311340332
2.182919502258301
0.9265193939208984
0.9801983833312988
-1.1068438291549683
8.28381061553955
-8.276422500610352
10.822208404541016
0.940140962600708
-0.7247302532196045
4.629430294036865
1.1999332904815674
-6.351322174072266
1.7962814569473267
0.9965917468070984
2.420083522796631
-2.7572858333587646
9.22560977935791
-7.368748664855957
8.633977890014648
2.8865432739257812
-0.5723453760147095
3.3297481536865234
3.9543352127075195
-8.323266983032227
1.7572085857391357
0.6896616220474243
4.114800930023193
-4.103766918182373
9.524534225463867
-6.098767280578613
6.395087242126465
4.438806533813477
-0.09260201454162598
1.9790397882461548
6.625056266784668
-10.145756721496582
1.9948527812957764
0.18611788749694824
5.81724214553833
-5.255836486816406
9.541996002197266
-4.735935688018799
4.3098063468933105
5.77915096282959
0.7824345231056213
0.41180336475372314
9.275948524475098
-11.516680717468262
2.350027084350586
-0.3157625198364258
7.594169616699219
-6.29927921295166
9.23254108428955
-3.2562127113342285
2.624635696411133
6.567371368408203
2.0569159984588623
-1.4280093908309937
11.841550827026367
-12.39555549621582
2.9121780395507812
-0.9345852136611938
9.350102424621582
-7.200189590454102
8.616814613342285
-1.6976290941238403
1.5375516414642334
6.595985412597656
3.7221083641052246
-3.3589329719543457
13.744186401367188
-12.726034164428711
3.618591785430908
-1.6428582668304443
11.07890796661377
-8.049440383911133
7.76733922958374
-0.14040899276733398
1.1851212978363037
5.725766181945801
5.625561714172363
-5.238663673400879
15.049003601074219
-12.503013610839844
4.491832256317139
-2.4444150924682617
12.790538787841797
-8.857603073120117
6.807178974151611
1.2326215505599976
1.6323573589324951
3.98917293548584
7.6132049560546875
-6.9184980392456055
15.795792579650879
-11.746150970458984
5.668062210083008
-3.4271554946899414
14.247926712036133
-9.404463768005371
5.548710346221924
2.4103848934173584
3.7028274536132812
0.8281278610229492
9.565794944763184
-8.265607833862305
16.015979766845703
-10.760064125061035
7.053552627563477
-4.507367134094238
15.536274909973145
-9.661096572875977
4.562266826629639
3.0209403038024902
6.70552921295166
-2.7667083740234375
11.313117980957031
-9.191534042358398
15.79748821258545
-9.67623519897461
8.683802604675293
-5.602236270904541
16.488121032714844
-9.688127517700195
4.107651710510254
2.912651538848877
10.05303955078125
-6.103082656860352
12.664682388305664
-9.711997985839844
15.504242897033691
-8.358877182006836
10.432073593139648
-6.5851521492004395
17.023332595825195
-9.261337280273438
4.241275310516357
2.1776859760284424
13.527369499206543
-8.877469062805176
13.405721664428711
-9.758050918579102
16.190378189086914
-7.926272869110107
11.883543968200684
-7.263852119445801
17.771669387817383
-9.091451644897461
4.986440658569336
0.9896929264068604
17.006296157836914
-11.106581687927246
14.101256370544434
-9.753875732421875
17.21088218688965
-7.698787689208984
13.159646987915039
-7.8083109855651855
18.77696418762207
-9.094922065734863
6.244002342224121
-0.46845102310180664
20.41813087463379
-13.020236015319824
14.6898832321167
-9.679351806640625
18.42072296142578
-7.651266574859619
14.382181167602539
-8.344185829162598
19.940786361694336
-9.17863655090332
7.905688762664795
-2.123295783996582
23.7664852142334
-14.68814468383789
15.230400085449219
-9.492244720458984
19.632400512695312
-7.718754291534424
15.168323516845703
-8.593339920043945
21.578899383544922
-9.61780834197998
