2
3
-4.728448390960693
0.9199314117431641
12.108633041381836
5.648407459259033
6.983063697814941
-9.28463363647461
7.15042781829834
-2.2334585189819336
7.541199684143066
1.7926706075668335
-11.036438941955566
-4.89589786529541
-3.4010016918182373
0.7880473732948303
14.220595359802246
5.468298435211182
6.912040710449219
-8.631856918334961
6.6088409423828125
-1.0533980131149292
7.057796955108643
1.0649335384368896
-12.587321281433105
-6.073933124542236
-2.044490337371826
0.7093476057052612
16.354360580444336
5.272147178649902
6.826993465423584
-8.00541877746582
6.113485813140869
0.10194933414459229
6.505087375640869
0.38650327920913696
-14.181050300598145
-7.179092884063721
-0.6776529550552368
0.6489877104759216
18.50402069091797
5.038740158081055
6.720010757446289
-7.3975982666015625
5.661212921142578
1.232441782951355
5.916253566741943
-0.30331677198410034
-15.818446159362793
-8.335536003112793
0.7226336002349854
0.6259819269180298
20.702743530273438
4.92166805267334
6.576160430908203
-6.774674892425537
5.245998859405518
2.355304718017578
5.212396144866943
-0.9871744513511658
-17.594314575195312
-9.492341995239258
2.1094703674316406
0.5923048853874207
22.868816375732422
4.792759895324707
6.426722049713135
-6.147410869598389
4.897740364074707
3.4516565799713135
4.441287994384766
-1.6452900171279907
-19.42612648010254
-10.615495681762695
3.4926037788391113
0.5596823692321777
25.00312614440918
4.682207107543945
6.346260070800781
-5.53455924987793
4.703427314758301
4.474398612976074
3.668910026550293
-2.2610273361206055
-21.230365753173828
-11.692008972167969
4.9156036376953125
0.5446332097053528
27.042936325073242
4.6598005294799805
6.3391337394714355
-4.931950092315674
4.656449794769287
5.4084672927856445
2.9302902221679688
-2.8191583156585693
-22.98069190979004
-12.74948787689209
6.311655044555664
0.5338096022605896
28.928312301635742
4.600554466247559
6.362800121307373
-4.363857746124268
4.684877395629883
6.224298000335693
2.258854866027832
-3.29341983795166
-24.69959259033203
-13.790888786315918
7.654664039611816
0.5262613296508789
30.622087478637695
4.5069169998168945
6.3851189613342285
-3.8235018253326416
4.719141483306885
6.94183349609375
1.6519291400909424
-3.697950601577759
-26.302387237548828
-14.797401428222656
8.944908142089844
0.5163525938987732
32.12955856323242
4.38609504699707
6.403135299682617
-3.3059957027435303
4.744195938110352
7.566598415374756
1.1051101684570312
-4.065052032470703
-27.802627563476562
-15.784324645996094
10.179871559143066
0.49627432227134705
33.46599197387695
4.243602752685547
6.421678066253662
-2.813349485397339
4.7413411140441895
8.135200500488281
0.6104194521903992
-4.409780979156494
-29.20759391784668
-16.748538970947266
11.372682571411133
0.4636668264865875
34.6574592590332
4.077103614807129
6.437937259674072
-2.3776800632476807
4.701278209686279
8.628823280334473
0.16845101118087769
-4.741589069366455
-30.507915496826172
-17.682010650634766
12.540409088134766
0.4208768904209137
35.7362060546875
3.887417793273926
6.475914001464844
-1.999925136566162
4.659988880157471
9.082201957702637
-0.22904840111732483
-5.076067924499512
-31.73416519165039
-18.62361717224121
13.686732292175293
0.3711875379085541
36.707332611083984
3.6785600185394287
6.531610488891602
-1.6923779249191284
4.6145453453063965
9.476335525512695
-0.5813553333282471
-5.419342041015625
-32.885066986083984
-19.566219329833984
14.811731338500977
0.3170638382434845
37.563377380371094
3.448819637298584
6.606659889221191
-1.4448916912078857
4.590729713439941
9.825100898742676
-0.8927617073059082
-5.7723565101623535
-33.993431091308594
-20.521631240844727
15.927650451660156
0.2522567808628082
38.34450149536133
3.188899278640747
6.704458236694336
-1.2433359622955322
4.599990367889404
10.136407852172852
-1.163008689880371
-6.132027626037598
-35.06087875366211
-21.496768951416016
17.030330657958984
0.17706134915351868
39.04171371459961
2.897646188735962
6.829683780670166
-1.082096815109253
4.651353359222412
10.41209602355957
-1.390923023223877
-6.495977878570557
-36.08094024658203
-22.4959716796875
18.106555938720703
0.09133432805538177
39.62295913696289
2.578075408935547
6.98095178604126
-0.9603065252304077
4.739994525909424
10.646968841552734
-1.5782251358032227
-6.864474296569824
-37.052635192871094
-23.525793075561523
19.13912582397461
-0.0034320801496505737
40.07338333129883
2.2182626724243164
7.164421081542969
-0.8759108781814575
4.8786163330078125
10.84054183959961
-1.73726224899292
-7.245954513549805
-37.997291564941406
-24.601253509521484
