2
3
-1.1400187015533447
3.8907887935638428
-1.9576902389526367
-3.1322641372680664
-2.534196615219116
-0.7263692617416382
-0.815953254699707
-7.511693477630615
11.395247459411621
-2.7247209548950195
2.936750650405884
-6.111195087432861
-1.0995811223983765
3.6632542610168457
0.4003763198852539
-4.998410701751709
-2.0097787380218506
-1.3941874504089355
1.031154990196228
-7.439453125
11.05615520477295
-2.7817280292510986
-0.24841737747192383
-6.0243096351623535
-0.7318949699401855
3.112185478210449
2.274740219116211
-6.717166900634766
-1.3455586433410645
-2.1155362129211426
2.84983491897583
-7.631014823913574
10.100080490112305
-2.5933055877685547
-2.631117105484009
-6.092129230499268
-0.17425572872161865
2.3794281482696533
3.8914265632629395
-8.468925476074219
-0.6312612295150757
-2.7235867977142334
4.471349716186523
-8.015182495117188
8.890186309814453
-2.3503663539886475
-4.506514549255371
-6.239908695220947
0.4766673445701599
1.4697693586349487
5.378261566162109
-10.043425559997559
0.28216469287872314
-3.3215904235839844
5.703857898712158
-8.43178653717041
7.457612991333008
-2.021577835083008
-5.67912483215332
-6.550229072570801
1.3233146667480469
0.3588237762451172
6.557435989379883
-11.434661865234375
1.3143507242202759
-3.896686553955078
6.535417079925537
-8.849014282226562
5.9625654220581055
-1.6872241497039795
-6.1046905517578125
-7.133315086364746
2.359898567199707
-0.9282265901565552
7.369508743286133
-12.59816837310791
2.3367176055908203
-4.347928047180176
6.992369174957275
-9.404330253601074
4.4964399337768555
-1.4506298303604126
-5.870110511779785
-7.958105087280273
3.5140867233276367
-2.3329873085021973
7.881317138671875
-13.541244506835938
3.265594959259033
-4.730135917663574
7.228734016418457
-10.09246826171875
3.1290059089660645
-1.3560751676559448
-4.958995342254639
-9.122257232666016
4.726682662963867
-3.7808802127838135
8.081221580505371
-14.289916038513184
4.08630895614624
-5.095649719238281
7.399125099182129
-10.982810020446777
1.9205989837646484
-1.4105621576309204
-3.335167169570923
-10.697385787963867
5.918702125549316
-5.170927047729492
7.9405317306518555
-14.879692077636719
4.844624042510986
-5.50838041305542
7.499661445617676
-12.093231201171875
0.9598338007926941
-1.6966192722320557
-1.1029407978057861
-12.557622909545898
6.910383224487305
-6.422914028167725
7.774349212646484
-15.568050384521484
5.504307746887207
-6.026169776916504
7.866150379180908
-13.630728721618652
0.31243687868118286
-2.3726584911346436
1.441047191619873
-14.435087203979492
7.628034591674805
-7.553743362426758
7.918671131134033
-16.713350296020508
6.188536643981934
-6.788199424743652
8.392627716064453
-15.25771713256836
0.05971524119377136
-3.43900728225708
4.034699440002441
-16.24107551574707
8.250617027282715
-8.695627212524414
8.260993003845215
-18.12240219116211
6.869226932525635
-7.726129531860352
9.073512077331543
-17.047691345214844
0.1978176236152649
-4.699943542480469
6.6253204345703125
-18.06086540222168
8.819938659667969
-9.993206977844238
8.9583101272583
-19.77310562133789
7.557644844055176
-8.84792423248291
9.890931129455566
-18.986572265625
0.6992712616920471
-6.147052764892578
9.163705825805664
-20.015918731689453
9.380067825317383
-11.412192344665527
9.905036926269531
-21.63997459411621
8.25590705871582
-10.154706001281738
10.967878341674805
-21.120922088623047
1.5208137035369873
-7.793112277984619
11.632108688354492
-22.39905548095703
9.956169128417969
-12.935821533203125
11.133136749267578
-23.77449607849121
8.982486724853516
-11.62319564819336
12.344775199890137
-23.501575469970703
2.6063928604125977
-9.583117485046387
14.087297439575195
-25.06623077392578
10.514643669128418
-14.506043434143066
12.758101463317871
-26.352550506591797
9.761673927307129
-13.247142791748047
14.046219825744629
-26.173324584960938
3.914323568344116
-11.542506217956543
16.617916107177734
-27.971111297607422
11.083576202392578
-16.155420303344727
14.876713752746582
-29.44928550720215
10.61231803894043
-15.026988983154297
16.115917205810547
-29.192840576171875
5.386079788208008
-13.66403579711914
19.347305297851562
-31.193933486938477
11.7733736038208
-18.017213821411133
17.508071899414062
-32.969970703125
11.557005882263184
-16.984317779541016
18.605976104736328
-32.59313201904297
6.952670097351074
-15.931472778320312
22.46167755126953
-34.90296936035156
12.625629425048828
-20.128740310668945
20.671974182128906
-36.89308166503906
12.614723205566406
-19.135440826416016
21.571765899658203
-36.4017448425293
8.638471603393555
-18.356142044067383
25.986709594726562
-39.10279846191406
