2
3
3.395425319671631
-6.475495338439941
-8.15837287902832
4.753202438354492
0.03802642226219177
-7.937103748321533
0.2628124952316284
1.554450273513794
-0.23658275604248047
-10.033405303955078
5.519692897796631
-8.2055025100708
1.857940673828125
-5.303365707397461
-7.700501441955566
3.180816888809204
0.2632101774215698
-7.533461093902588
0.4642108082771301
0.8418588042259216
1.271790862083435
-11.507375717163086
5.382011890411377
-7.5779314041137695
0.4557173252105713
-4.469363689422607
-6.421499252319336
1.2409088611602783
0.47081780433654785
-7.257031440734863
0.705420970916748
-0.10550099611282349
2.731274127960205
-12.724218368530273
4.357314109802246
-6.137007713317871
-0.5874415636062622
-4.130254745483398
-4.706510066986084
-0.7556271553039551
0.7337176203727722
-7.182936191558838
0.9489145278930664
-1.1811442375183105
3.889970302581787
-13.474187850952148
2.599762439727783
-4.133479118347168
-1.2077940702438354
-4.324487686157227
-2.7519593238830566
-2.6270766258239746
1.1021790504455566
-7.341399669647217
1.0614633560180664
-2.1554830074310303
4.4910712242126465
-13.593981742858887
0.6821906566619873
-2.211660146713257
-1.3464275598526
-5.043333530426025
-0.9107941389083862
-4.045042037963867
1.4460145235061646
-7.672706604003906
1.0994068384170532
-2.8643882274627686
4.498289108276367
-13.039222717285156
-0.8548336029052734
-1.056951880455017
-1.17756187915802
-5.868483066558838
0.7003945112228394
-5.370516777038574
1.8001492023468018
-8.085066795349121
1.1085219383239746
-3.414565086364746
4.168270111083984
-12.234704971313477
-2.01385498046875
-0.3742196559906006
-0.7544935345649719
-6.776784896850586
2.093092918395996
-6.525343894958496
2.1149513721466064
-8.466358184814453
0.9834706783294678
-3.8396098613739014
3.65895414352417
-11.342638969421387
-2.9937808513641357
0.049381107091903687
-0.11162060499191284
-7.796771049499512
3.2160091400146484
-7.40171480178833
2.2829501628875732
-8.672016143798828
0.8498167991638184
-4.290672779083252
3.020936965942383
-10.431374549865723
-3.660320997238159
0.16031032800674438
0.746203601360321
-8.92056941986084
3.899181842803955
-7.916625499725342
2.4058988094329834
-8.872844696044922
0.7646121978759766
-4.722055435180664
2.2811083793640137
-9.546048164367676
-3.866333484649658
-0.15380173921585083
1.7235162258148193
-10.08238410949707
4.129833221435547
-8.065736770629883
2.4942638874053955
-9.085296630859375
0.7488218545913696
-5.181797027587891
1.4880518913269043
-8.737186431884766
-3.50144624710083
-0.9818329811096191
2.703697443008423
-11.16047191619873
3.873298168182373
-7.925702095031738
2.5486223697662354
-9.318441390991211
0.8163115978240967
-5.702484607696533
0.6769821643829346
-8.052427291870117
-2.4121510982513428
-2.419645071029663
3.517453908920288
-12.0337495803833
3.2516672611236572
-7.6806745529174805
2.559981107711792
-9.57040786743164
0.9651968479156494
-6.331232070922852
0.058476805686950684
-7.698863983154297
-0.9010845422744751
-4.070537567138672
4.076038360595703
-12.6647367477417
2.4137356281280518
-7.395829677581787
2.5394644737243652
-9.908708572387695
1.2248992919921875
-7.026617050170898
-0.2207387089729309
-7.709317684173584
0.690255880355835
-5.752927780151367
4.253970623016357
-13.01745891571045
1.7744559049606323
-7.417985439300537
2.5288572311401367
-10.421412467956543
1.6287528276443481
-7.755442142486572
-0.15369240939617157
-8.112250328063965
2.0688679218292236
-7.200351715087891
4.2195563316345215
-13.250201225280762
1.4116754531860352
-7.677431106567383
2.586580753326416
-11.032861709594727
2.0341098308563232
-8.449536323547363
0.12138809263706207
-8.76819896697998
3.2657155990600586
-8.530702590942383
3.963107109069824
-13.328776359558105
1.2915486097335815
-8.202704429626465
2.661590814590454
-11.623538970947266
2.4498403072357178
-9.253533363342285
0.5918349027633667
-9.605215072631836
4.357311725616455
-9.818589210510254
3.6402359008789062
-13.44646167755127
1.4618821144104004
-8.981966018676758
2.6927621364593506
-12.160367012023926
2.974966526031494
-10.270517349243164
1.2008411884307861
-10.575872421264648
5.347512722015381
-11.108004570007324
3.2995283603668213
-13.647012710571289
1.9766051769256592
-10.058728218078613
2.7411506175994873
-12.732572555541992
3.6278562545776367
-11.4818115234375
1.914264440536499
-11.655303955078125
6.251542568206787
-12.426840782165527
2.9882209300994873
-13.98592758178711
2.8477697372436523
-11.45837116241455
2.833353042602539
-13.39207935333252
4.451807498931885
-12.916702270507812
2.6985526084899902
-12.824941635131836
7.113293170928955
-13.801858901977539
