2
3
3.8196828365325928
-4.461603164672852
-0.7466608285903931
10.567299842834473
6.380516052246094
7.121467590332031
-7.55952787399292
5.771726608276367
4.702427864074707
-7.633659362792969
1.4121322631835938
-8.558205604553223
3.9710164070129395
-3.802164077758789
-0.5706900954246521
11.470276832580566
6.096765995025635
6.403176307678223
-8.54904556274414
4.7163543701171875
4.962741374969482
-7.226182460784912
1.5834739208221436
-8.21390151977539
4.0938568115234375
-3.198413610458374
-0.4409571886062622
12.34350299835205
5.816801071166992
5.691703796386719
-9.619771957397461
3.7047624588012695
5.198022842407227
-6.871981620788574
1.718155860900879
-7.88918399810791
4.196624279022217
-2.607813835144043
-0.3289511203765869
13.216146469116211
5.549843788146973
4.992843151092529
-10.767271995544434
2.7320380210876465
5.406494140625
-6.560297966003418
1.8125977516174316
-7.580615520477295
4.301061153411865
-2.010676622390747
-0.2311648428440094
14.081332206726074
5.311913967132568
4.306221961975098
-11.947386741638184
1.7477540969848633
5.588209629058838
-6.291953086853027
1.86818265914917
-7.289115905761719
4.41720724105835
-1.4071612358093262
-0.1339614987373352
14.933321952819824
5.073719501495361
3.652651309967041
-13.158500671386719
0.8012790679931641
5.745361804962158
-6.07041597366333
1.8890864849090576
-7.021039962768555
4.544040203094482
-0.7808934450149536
-0.04595909267663956
15.771280288696289
4.819366455078125
3.045074701309204
-14.432537078857422
-0.07784032821655273
5.879212856292725
-5.898449897766113
1.8798354864120483
-6.775332927703857
4.68337345123291
-0.15071940422058105
0.03756261616945267
16.58035659790039
4.529450416564941
2.4892425537109375
-15.805024147033691
-0.8816341161727905
5.9886794090271
-5.771918296813965
1.8430322408676147
-6.548584938049316
4.833298683166504
0.47606194019317627
0.11571508646011353
17.352867126464844
4.110004425048828
1.9820990562438965
-17.377819061279297
-1.5705336332321167
6.073349952697754
-5.677008152008057
1.7728354930877686
-6.33384895324707
4.9861836433410645
1.128563404083252
0.16834673285484314
18.089574813842773
3.6538686752319336
1.5127394199371338
-19.073970794677734
-2.207617998123169
6.131505489349365
-5.601777076721191
1.6544314622879028
-6.1244797706604
5.148214817047119
1.7656450271606445
0.18632709980010986
18.706645965576172
3.1651062965393066
1.0947356224060059
-20.88304328918457
-2.799044132232666
6.171008110046387
-5.5222249031066895
1.4905235767364502
-5.91066837310791
5.311342239379883
2.392892837524414
0.17112843692302704
19.250337600708008
2.667421817779541
0.7252287268638611
-22.74098014831543
-3.3469221591949463
6.194493770599365
-5.413805961608887
1.2965162992477417
-5.674266815185547
5.468633651733398
3.0178732872009277
0.12191008031368256
19.749526977539062
2.1575326919555664
0.3985702097415924
-24.650936126708984
-3.8536291122436523
6.1982011795043945
-5.261258125305176
1.0734708309173584
-5.404065132141113
5.616047382354736
3.6425533294677734
0.035025082528591156
20.2120361328125
1.638840913772583
0.11698824167251587
-26.61635971069336
-4.321709632873535
6.173834800720215
-5.050656318664551
0.8111956715583801
-5.090511798858643
5.749756336212158
4.2682976722717285
-0.09389413148164749
20.643239974975586
1.1141527891159058
-0.11032158136367798
-28.624034881591797
-4.742944717407227
6.114187717437744
-4.770449638366699
0.5099591016769409
-4.718257904052734
5.86529016494751
4.896577835083008
-0.2699895203113556
21.048566818237305
0.5788909792900085
-0.28689998388290405
-30.709659576416016
-5.121711254119873
6.024776935577393
-4.4367780685424805
0.16668564081192017
-4.305127143859863
5.956898212432861
5.528471946716309
-0.5001276731491089
21.432941436767578
0.014617741107940674
-0.42268940806388855
-32.915592193603516
-5.469081401824951
5.90787935256958
-4.060518741607666
-0.22383248805999756
-3.862997055053711
6.015430450439453
6.164985656738281
-0.795966386795044
21.801237106323242
-0.6321606040000916
-0.5208499431610107
-35.30013656616211
-5.785306453704834
5.757873058319092
-3.6382434368133545
-0.6667361259460449
-3.389024496078491
6.028509616851807
6.806872367858887
-1.1757267713546753
22.157859802246094
-1.3912410736083984
-0.5784792304039001
-37.89363098144531
-6.064347267150879
5.570254325866699
-3.1713979244232178
-1.1650699377059937
-2.88549542427063
5.990329265594482
7.452353000640869
-1.6507134437561035
22.503887176513672
-2.2320919036865234
-0.6076641082763672
-40.69084548950195
-6.307225704193115
5.338386058807373
-2.6604366302490234
-1.7189643383026123
-2.350050449371338
