2
3
2.0994977951049805
2.6044299602508545
1.8615578413009644
7.410734176635742
6.459845542907715
2.812490463256836
-8.34947395324707
-3.9739480018615723
-7.624491214752197
-2.609506130218506
8.308700561523438
-0.8834494352340698
1.831000566482544
3.5282435417175293
1.0282313823699951
5.760202407836914
4.780147552490234
2.5247325897216797
-9.68346881866455
-4.219717025756836
-5.393011569976807
-3.0372743606567383
9.441255569458008
0.35119664669036865
1.4321935176849365
4.199604511260986
0.7533270120620728
3.6124038696289062
3.052664279937744
2.2456462383270264
-10.295071601867676
-4.471630096435547
-3.11474347114563
-3.2180979251861572
9.490039825439453
1.7106964588165283
1.142146348953247
4.463221549987793
0.7876601219177246
1.7149345874786377
1.3278099298477173
2.0581483840942383
-10.367735862731934
-5.069516181945801
-1.02390718460083
-3.1118457317352295
8.777267456054688
3.164816379547119
1.013560175895691
4.428691864013672
0.8109134435653687
-0.0697946548461914
-0.32859694957733154
1.8179012537002563
-9.823246002197266
-5.82255744934082
0.713613748550415
-2.6563260555267334
7.522027492523193
4.477240562438965
1.019126057624817
4.142918586730957
0.8180848956108093
-1.5806845426559448
-1.7875837087631226
1.3933899402618408
-8.746624946594238
-6.413743495941162
2.0736923217773438
-1.9021542072296143
5.760780334472656
5.617615222930908
1.194820761680603
3.6625289916992188
0.6025313138961792
-2.736095428466797
-2.9373016357421875
0.7760462164878845
-7.17531681060791
-6.686342239379883
2.9734432697296143
-0.8709577322006226
3.595860481262207
6.313694953918457
1.4530622959136963
3.1045072078704834
0.03485745191574097
-3.559842348098755
-3.7093729972839355
0.027213215827941895
-5.2632598876953125
-6.621835231781006
3.4074325561523438
0.406282901763916
1.303853988647461
6.247663497924805
1.6591877937316895
2.4704015254974365
-0.7735106348991394
-3.9931187629699707
-4.061522960662842
-0.7597164511680603
-3.2415478229522705
-6.282689094543457
3.407956123352051
1.6884783506393433
-0.8164653778076172
5.5913472175598145
1.6569775342941284
1.7942432165145874
-1.472306251525879
-4.103712558746338
-3.9762837886810303
-1.5033540725708008
-1.4944353103637695
-5.764415740966797
3.050812244415283
2.868253231048584
-2.7997376918792725
4.2623748779296875
1.4641063213348389
1.1850719451904297
-2.032528877258301
-4.0381598472595215
-3.4894354343414307
-2.241034507751465
-0.19327688217163086
-4.925060272216797
2.3386740684509277
3.8642830848693848
-4.055175304412842
2.2809793949127197
1.1633236408233643
0.7150934934616089
-2.4460787773132324
-3.888394355773926
-2.7464632987976074
-2.8448293209075928
0.4714345932006836
-3.8329644203186035
1.3749738931655884
4.522180080413818
-4.48180627822876
-0.08998990058898926
0.8131812810897827
0.37622231245040894
-2.77437686920166
-3.739114761352539
-1.8953778743743896
-3.1562647819519043
0.4671449065208435
-2.7339253425598145
0.42462652921676636
4.668055534362793
-4.279490947723389
-2.255561113357544
0.4197174310684204
0.17584863305091858
-2.998189926147461
-3.7936573028564453
-1.1731382608413696
-3.133925437927246
0.03452092409133911
-1.761163592338562
-0.2833619713783264
4.361161708831787
-3.7790122032165527
-3.9536523818969727
0.0055353641510009766
0.016473084688186646
-3.057798147201538
-3.9692130088806152
-0.6844968199729919
-2.816216230392456
-0.5355336666107178
-1.0514189004898071
-0.7516618371009827
3.7051875591278076
-3.2538206577301025
-5.246079444885254
-0.3308755159378052
-0.1284564733505249
-3.101834297180176
-4.127508163452148
-0.41547995805740356
-2.267681360244751
-1.200926661491394
-0.6638103723526001
-1.040735125541687
2.8790335655212402
-2.7763476371765137
-6.244699001312256
-0.5981869697570801
-0.23847034573554993
-3.1217644214630127
-4.277935028076172
-0.3431367874145508
-1.5955629348754883
-1.8769946098327637
-0.695138156414032
-1.2047500610351562
1.9617443084716797
-2.3207695484161377
-6.992457389831543
-0.8392603397369385
-0.3359045386314392
-3.082937717437744
-4.4705891609191895
-0.44422173500061035
-0.8898534774780273
-2.471411943435669
-1.1792006492614746
-1.261521339416504
0.9786450862884521
-1.9724602699279785
-7.488581657409668
-1.05417799949646
-0.4586144685745239
-3.02018404006958
-4.70697021484375
-0.6925162076950073
-0.2516443729400635
-2.879176616668701
-2.066887378692627
-1.2430691719055176
-0.03149735927581787
-1.7822604179382324
-7.737198352813721
-1.252015471458435
-0.5952855348587036
-2.9592878818511963
-5.031748294830322
-1.0425007343292236
0.24014556407928467
-3.053840160369873
-3.2948410511016846
-1.188407301902771
-1.0113446712493896
-1.783257007598877
-7.751827239990234
