2
3
4.465298175811768
8.38631820678711
1.3998777866363525
-1.0276963710784912
4.378936290740967
0.4859580099582672
-2.6072747707366943
4.143723964691162
0.25206977128982544
-9.254741668701172
9.552741050720215
-5.2117109298706055
4.409633159637451
7.437110424041748
0.918378472328186
-3.1761257648468018
4.24181604385376
0.5317820310592651
-3.065659523010254
3.886251926422119
1.0204083919525146
-8.61323356628418
10.634899139404297
-4.099870681762695
4.340185165405273
6.43243408203125
0.5093753337860107
-5.263820648193359
4.123128890991211
0.5234139561653137
-3.50049090385437
3.6024162769317627
1.760489583015442
-7.989421844482422
11.685321807861328
-2.917442798614502
4.269960880279541
5.41380500793457
0.18365353345870972
-7.248720169067383
4.026218891143799
0.4680103361606598
-3.9213619232177734
3.3073387145996094
2.4470479488372803
-7.366753101348877
12.693808555603027
-1.6459358930587769
4.222681999206543
4.4414544105529785
-0.07391813397407532
-9.077427864074707
3.9420807361602783
0.37999197840690613
-4.350304126739502
3.0285353660583496
3.1485862731933594
-6.817337512969971
13.780190467834473
-0.4061468839645386
4.205477237701416
3.532299280166626
-0.2599519193172455
-10.752431869506836
3.87043833732605
0.26914358139038086
-4.793641567230225
2.7768115997314453
3.8446178436279297
-6.298005104064941
14.854968070983887
0.8284560441970825
4.224405288696289
2.655644416809082
-0.3998737633228302
-12.360523223876953
3.809844970703125
0.14632576704025269
-5.250076770782471
2.5612576007843018
4.568723678588867
-5.803463935852051
15.936185836791992
2.046802043914795
4.263909816741943
1.7532200813293457
-0.5401561260223389
-14.044486045837402
3.7584290504455566
0.017884060740470886
-5.723676681518555
2.385359287261963
5.393454074859619
-5.319545269012451
17.067903518676758
3.2032999992370605
4.326054096221924
0.8119736909866333
-0.6782440543174744
-15.833443641662598
3.7151973247528076
-0.1132928878068924
-6.212292671203613
2.253722667694092
6.316427707672119
-4.821237087249756
18.22549057006836
4.283202648162842
4.4151153564453125
-0.17343038320541382
-0.795662522315979
-17.749835968017578
3.684880256652832
-0.25322961807250977
-6.700259208679199
2.1687660217285156
7.263816833496094
-4.316068649291992
19.37649917602539
5.332899570465088
4.5469255447387695
-1.182507038116455
-0.8834761381149292
-19.774707794189453
3.6858747005462646
-0.40997835993766785
-7.133756637573242
2.1050760746002197
8.178433418273926
-3.8287220001220703
20.442380905151367
6.25531005859375
4.726166248321533
-2.1608223915100098
-0.9666834473609924
-21.756052017211914
3.681523323059082
-0.541869044303894
-7.57303524017334
2.092681407928467
9.035465240478516
-3.338845729827881
21.348949432373047
7.104084491729736
4.945385456085205
-3.1101388931274414
-1.0599393844604492
-23.722047805786133
3.701216220855713
-0.6480391621589661
-7.996218204498291
2.1134274005889893
9.866127014160156
-2.8524138927459717
22.170358657836914
7.885093688964844
5.203925132751465
-4.036488056182861
-1.1350634098052979
-25.72169303894043
3.771491527557373
-0.7386804223060608
-8.387157440185547
2.1435024738311768
10.658554077148438
-2.382258892059326
22.881643295288086
8.565832138061523
5.501468658447266
-4.921685218811035
-1.1778208017349243
-27.731348037719727
3.887688398361206
-0.8257896900177002
-8.754558563232422
2.159345865249634
11.445652961730957
-1.9366459846496582
23.5275821685791
9.16655158996582
5.825556755065918
-5.751816749572754
-1.1968311071395874
-29.715534210205078
4.043121337890625
-0.9084494709968567
-9.09951400756836
2.1585044860839844
12.205523490905762
-1.54096519947052
24.073944091796875
9.644583702087402
6.176054000854492
-6.558467864990234
-1.1957916021347046
-31.72080421447754
4.23469352722168
-0.9971281290054321
-9.429203033447266
2.121596336364746
12.95617961883545
-1.1834070682525635
24.571765899658203
10.023306846618652
6.549995422363281
-7.355422496795654
-1.175012469291687
-33.764366149902344
4.4549713134765625
-1.0959978103637695
-9.75127124786377
2.041874408721924
13.705833435058594
-0.8686819672584534
25.053974151611328
10.293880462646484
6.944544315338135
-8.150259017944336
-1.1383718252182007
-35.853981018066406
4.700296878814697
-1.2051550149917603
-10.066685676574707
1.9208506345748901
14.45260238647461
-0.5886996984481812
25.503677368164062
10.476263046264648
7.359396457672119
-8.957239151000977
-1.0902436971664429
-38.00878143310547
4.972990989685059
-1.3280619382858276
-10.36407470703125
1.7548965215682983
15.198335647583008
-0.341489315032959
25.93000602722168
10.567394256591797
