2
3
3.1241650581359863
-0.3488668203353882
2.235755205154419
0.9924638271331787
6.563026428222656
-8.578500747680664
7.182372093200684
2.049656867980957
4.769547462463379
6.611144065856934
-2.9234204292297363
-14.636529922485352
3.204977512359619
0.03073441982269287
3.3183932304382324
0.2846018075942993
7.392114162445068
-7.385660648345947
5.874041557312012
4.41762113571167
4.411532878875732
4.544347286224365
-1.5749354362487793
-16.875205993652344
3.4742865562438965
0.3379952311515808
4.169506072998047
-0.35399913787841797
7.922611236572266
-5.933852195739746
4.49080753326416
6.416459560394287
4.25866174697876
2.2769663333892822
0.22424697875976562
-18.78036880493164
3.829749345779419
0.6384297013282776
4.932790756225586
-1.0556726455688477
8.172414779663086
-4.311139106750488
3.1402156352996826
7.946654796600342
4.419413089752197
-0.2562282085418701
2.273325204849243
-20.227262496948242
4.198061943054199
0.8385636806488037
5.784346580505371
-1.9195594787597656
8.107492446899414
-2.5357751846313477
1.961832046508789
8.569082260131836
4.927335739135742
-3.012540340423584
4.385180950164795
-21.142248153686523
4.592645645141602
0.9505224227905273
6.703578948974609
-2.92866849899292
7.779926300048828
-0.7329027652740479
1.1878126859664917
8.209217071533203
5.898026943206787
-5.921584129333496
6.206329345703125
-21.215059280395508
5.09536075592041
0.9103044867515564
7.670561790466309
-4.126899719238281
7.246244430541992
0.9238519668579102
1.0004491806030273
6.80643367767334
7.229066371917725
-8.808507919311523
7.218658447265625
-19.97559356689453
5.660555839538574
0.6580119729042053
8.693204879760742
-5.537970066070557
6.543286323547363
2.2534618377685547
1.6955792903900146
4.187883377075195
8.650907516479492
-11.370207786560059
7.352513313293457
-17.6760311126709
6.336082935333252
0.11352211236953735
9.673611640930176
-7.074644565582275
5.712693691253662
3.2098355293273926
3.5066349506378174
0.19783353805541992
9.89862060546875
-13.301504135131836
6.67530632019043
-14.710063934326172
7.292482852935791
-0.7582166194915771
10.168253898620605
-8.31965446472168
5.26395845413208
3.395106077194214
5.7460222244262695
-3.9255576133728027
10.617255210876465
-14.205248832702637
5.854146480560303
-11.569162368774414
8.390398025512695
-1.8121404647827148
10.375880241394043
-9.444087028503418
5.201883792877197
2.906651258468628
7.929441452026367
-7.559075355529785
10.73645305633545
-14.335487365722656
6.114743709564209
-10.058115005493164
9.391615867614746
-2.9186830520629883
10.903637886047363
-10.6494779586792
5.6371073722839355
1.8053290843963623
10.027543067932129
-10.444548606872559
10.7908353805542
-14.15501880645752
6.405059814453125
-8.851862907409668
10.431967735290527
-3.9796462059020996
11.596102714538574
-11.85606575012207
6.498422145843506
0.4160451889038086
12.039606094360352
-13.112482070922852
10.818836212158203
-13.719193458557129
6.853650093078613
-8.088006973266602
11.501456260681152
-5.070076942443848
12.374492645263672
-12.970470428466797
7.665799140930176
-1.1881585121154785
13.970168113708496
-15.448492050170898
10.816201210021973
-13.132390975952148
7.430961608886719
-7.503992080688477
12.370497703552246
-6.027751922607422
13.585644721984863
-14.311059951782227
9.105644226074219
-2.953263282775879
15.933425903320312
-17.47939682006836
10.813924789428711
-12.550413131713867
8.361834526062012
-7.142368793487549
13.2012357711792
-6.93761682510376
15.041086196899414
-15.820502281188965
10.782155990600586
-4.8941755294799805
17.884681701660156
-19.22357940673828
10.825891494750977
-12.010682106018066
9.74925708770752
-7.096429347991943
14.099577903747559
-7.94051456451416
16.776262283325195
-17.40949821472168
12.66260051727295
-6.988011360168457
19.751237869262695
-20.647418975830078
10.81993293762207
-11.493316650390625
11.768536567687988
-7.582428932189941
15.153806686401367
-9.193182945251465
18.913272857666016
-18.99233055114746
14.68572998046875
-9.162127494812012
21.479759216308594
-21.725685119628906
10.864667892456055
-11.058051109313965
14.387613296508789
-8.597942352294922
16.619342803955078
-10.860902786254883
21.02320671081543
-20.29303550720215
16.778921127319336
-11.382257461547852
23.169376373291016
-22.600650787353516
10.993487358093262
-10.744866371154785
17.549705505371094
-10.126660346984863
18.287607192993164
-12.74775505065918
23.17241096496582
-21.46133041381836
18.89000701904297
-13.650290489196777
24.974042892456055
-23.371538162231445
11.306835174560547
-10.62442398071289
21.194984436035156
-12.201118469238281
