2
3
1.2114404439926147
8.103025436401367
-0.6168890595436096
-5.575140476226807
-6.65688419342041
8.982707023620605
9.014124870300293
1.2444169521331787
-2.172640085220337
11.821084022521973
-7.555116653442383
4.64340877532959
0.8657099008560181
7.550580978393555
-1.758925437927246
-5.150951385498047
-4.8151655197143555
8.866183280944824
8.971335411071777
1.4074050188064575
-3.650163173675537
12.744730949401855
-6.211316108703613
2.9377036094665527
0.3600189685821533
7.19080924987793
-2.595921277999878
-4.4949727058410645
-3.061279535293579
8.854716300964355
8.26003646850586
1.6648459434509277
-4.758354187011719
13.28281307220459
-4.446629524230957
1.1819310188293457
-0.28367412090301514
6.985413074493408
-3.0199811458587646
-3.5641231536865234
-1.543249249458313
8.95986557006836
7.053487777709961
1.9694182872772217
-5.379467964172363
13.418620109558105
-2.565340280532837
-0.5731548070907593
-1.0292069911956787
6.9191670417785645
-2.949800491333008
-2.6228413581848145
-0.39343249797821045
9.218578338623047
5.662266731262207
2.1357765197753906
-5.4964280128479
13.126364707946777
-0.8362376689910889
-2.0985445976257324
-1.7146990299224854
7.017904758453369
-2.579594135284424
-1.698894739151001
0.3997621536254883
9.581180572509766
3.974525213241577
2.1127357482910156
-5.298494815826416
12.49776554107666
0.7156362533569336
-3.157503128051758
-2.2568981647491455
7.292475700378418
-2.025259494781494
-0.9403754472732544
0.7644357681274414
10.013339042663574
2.0331661701202393
1.89316725730896
-4.90616512298584
11.758002281188965
2.049217700958252
-3.985100507736206
-2.661630392074585
7.689436435699463
-1.577476978302002
-0.22143042087554932
0.6255866289138794
10.595146179199219
0.4724905490875244
1.217584252357483
-4.307530403137207
10.926886558532715
3.1577188968658447
-4.546212196350098
-2.992919921875
8.197382926940918
-0.9872481822967529
0.19320547580718994
0.1782180666923523
11.126700401306152
-0.4586827754974365
0.2392592430114746
-3.505704879760742
10.033408164978027
3.8461947441101074
-4.760740756988525
-3.24460768699646
8.812128067016602
-0.31184667348861694
0.034824565052986145
-0.41971391439437866
11.470365524291992
-0.8238143920898438
-0.7748050689697266
-2.572493553161621
9.164728164672852
4.028343200683594
-4.65703821182251
-3.405012369155884
9.365166664123535
0.480596125125885
-0.504289448261261
-1.0256431102752686
11.599854469299316
-0.6711638569831848
-1.695471167564392
-1.6551636457443237
8.410510063171387
3.758840799331665
-4.258660316467285
-3.4362576007843018
9.763412475585938
1.3516030311584473
-1.2763123512268066
-1.5542398691177368
11.546783447265625
-0.12512648105621338
-2.607447385787964
-0.8722962141036987
7.856253623962402
3.0937438011169434
-3.6041557788848877
-3.295957326889038
9.940017700195312
2.1700453758239746
-2.0623068809509277
-1.9237160682678223
11.288637161254883
0.6582623720169067
-3.4138386249542236
-0.40986478328704834
7.580134868621826
2.3878962993621826
-2.9865756034851074
-2.9933981895446777
9.886750221252441
2.8029892444610596
-2.6791164875030518
-2.0616374015808105
10.821669578552246
1.3970599174499512
-4.000041961669922
-0.2602275609970093
7.580595970153809
1.849676251411438
-2.6281583309173584
-2.5919101238250732
9.690376281738281
3.3232827186584473
-3.1987502574920654
-2.0254101753234863
10.25465202331543
2.121694326400757
-4.447401523590088
-0.3504609763622284
7.771256446838379
1.573045253753662
-2.5523297786712646
-2.128427505493164
9.404129981994629
3.729018449783325
-3.6525025367736816
-1.8369187116622925
9.650496482849121
2.78254771232605
-4.789577960968018
-0.5565899014472961
8.014652252197266
1.5497419834136963
-2.7084460258483887
-1.6370630264282227
9.060171127319336
4.047908306121826
-4.062801837921143
-1.533766508102417
9.041949272155762
3.344719171524048
-5.056363105773926
-0.791588544845581
8.220734596252441
1.799036979675293
-3.069923162460327
-1.145813226699829
8.678448677062988
4.335290908813477
-4.456152439117432
-1.1562165021896362
8.443212509155273
3.8276262283325195
-5.286448001861572
-0.9983610510826111
8.334358215332031
2.3206610679626465
-3.612391471862793
-0.6787696480751038
8.267546653747559
4.682793617248535
-4.885316371917725
-0.744224488735199
7.861067771911621
4.29667854309082
-5.529658794403076
-1.1243764162063599
8.314055442810059
3.0825679302215576
-4.3117170333862305
-0.2336692214012146
7.820350170135498
5.165436267852783
-5.395654201507568
-0.3337680697441101
7.300259113311768
4.853065013885498
-5.859612464904785
-1.1210068464279175
8.129166603088379
4.028453826904297
-5.102563858032227
