2
3
-1.5515605211257935
4.422510623931885
-4.119822978973389
-8.12104320526123
-2.05305814743042
-1.3275291919708252
8.548768043518066
10.03459358215332
-2.6622281074523926
-3.972996234893799
4.6223859786987305
-6.949488639831543
-2.3677544593811035
3.326463222503662
-2.843376636505127
-9.441811561584473
-1.2353914976119995
0.052518606185913086
8.090971946716309
10.050931930541992
-1.5828856229782104
-4.823533058166504
4.406896114349365
-5.544339179992676
-2.882929801940918
1.9516602754592896
-1.1604927778244019
-10.374738693237305
-0.5551590323448181
1.3567333221435547
7.391847610473633
9.400606155395508
-0.6989114284515381
-5.2462382316589355
3.8681812286376953
-3.9287123680114746
-3.0515902042388916
0.3216906785964966
0.6424199342727661
-10.836024284362793
-0.14521652460098267
2.5335865020751953
6.655025005340576
7.863889694213867
-0.15682417154312134
-5.233198642730713
3.2846689224243164
-2.4316086769104004
-2.8927040100097656
-1.4037154912948608
2.4511284828186035
-10.955634117126465
0.08013011515140533
3.4996814727783203
5.924485683441162
5.876919269561768
0.040435612201690674
-4.814047336578369
2.8541767597198486
-1.2175109386444092
-2.3822484016418457
-3.1129062175750732
4.020673751831055
-10.723238945007324
0.14490145444869995
4.254641532897949
5.443114757537842
3.4578964710235596
0.05650852620601654
-4.251932621002197
2.7267181873321533
-0.17382025718688965
-1.635664463043213
-4.71952486038208
5.305657386779785
-10.112478256225586
0.10549245774745941
4.639813423156738
5.251335144042969
0.7488138675689697
-0.08784562349319458
-3.549152135848999
2.9892451763153076
0.34465235471725464
-0.6655859351158142
-6.117778778076172
6.085434913635254
-8.865694046020508
0.07576710730791092
4.560573101043701
5.409433364868164
-1.7125053405761719
-0.25524234771728516
-2.783811092376709
3.409160852432251
0.12103010714054108
0.3744202256202698
-7.140771865844727
6.253490447998047
-7.229343414306641
0.13607750833034515
4.095049858093262
6.0120344161987305
-3.8168559074401855
-0.40013182163238525
-2.138387680053711
4.121856212615967
-0.5699692964553833
1.2350358963012695
-7.626896381378174
6.103109836578369
-5.454914093017578
0.3676764965057373
3.2888100147247314
6.837347030639648
-5.608133792877197
-0.4642166495323181
-1.6777960062026978
5.1614508628845215
-1.5943042039871216
1.658858060836792
-7.516595363616943
6.268025875091553
-4.4256205558776855
0.9206638932228088
2.243241786956787
7.740806579589844
-6.9715728759765625
-0.4207024574279785
-1.4509272575378418
6.303950786590576
-2.739071846008301
1.9036319255828857
-7.098611831665039
6.619283676147461
-3.6642866134643555
1.573282241821289
1.0954986810684204
8.766050338745117
-8.216145515441895
-0.20477057993412018
-1.368881344795227
7.517636299133301
-3.746720790863037
2.0802042484283447
-6.6058807373046875
7.209254264831543
-3.1014413833618164
2.3566431999206543
-0.12190878391265869
9.860261917114258
-9.332353591918945
0.1295880228281021
-1.4324520826339722
8.846506118774414
-4.768065452575684
2.214557409286499
-6.0859246253967285
8.120848655700684
-2.8073039054870605
3.2830872535705566
-1.4101022481918335
10.950401306152344
-10.212393760681152
0.6020883321762085
-1.6407480239868164
10.298880577087402
-5.825146675109863
2.356761932373047
-5.589395523071289
9.395124435424805
-2.822308301925659
4.323058128356934
-2.7413246631622314
11.987699508666992
-10.816760063171387
1.2461707592010498
-2.010195255279541
11.896230697631836
-6.91014289855957
2.5427300930023193
-5.139676094055176
11.066697120666504
-3.2370033264160156
5.433377265930176
-4.085336208343506
12.979174613952637
-11.156791687011719
2.1629390716552734
-2.620138645172119
13.445019721984863
-7.846444606781006
2.8190696239471436
-4.792013168334961
13.083986282348633
-4.012656211853027
6.576560020446777
-5.40661096572876
13.945842742919922
-11.259711265563965
3.2531800270080566
-3.3937535285949707
14.97451400756836
-8.695663452148438
3.245177745819092
-4.598307132720947
15.371153831481934
-5.105847358703613
7.717904090881348
-6.673252582550049
14.974589347839355
-11.241003036499023
4.467635154724121
-4.303086280822754
16.588592529296875
-9.503969192504883
3.9312825202941895
-4.673643112182617
17.878917694091797
-6.356939792633057
8.738200187683105
-7.856960296630859
16.45865249633789
-11.488776206970215
5.8094072341918945
-5.348138332366943
18.407621383666992
-10.252741813659668
4.940762042999268
-5.0313849449157715
20.40494728088379
-7.6706037521362305
9.759735107421875
-8.96625804901123
18.2330379486084
-11.839046478271484
7.160638809204102
-6.454850673675537
20.669361114501953
-11.161797523498535
