2
3
8.760141372680664
-5.334596157073975
-6.582243919372559
2.7949295043945312
-0.2111959010362625
-7.681175231933594
-8.403764724731445
4.3553876876831055
-5.279767990112305
-2.429978132247925
6.236388683319092
-5.591278553009033
7.67661190032959
-5.180143356323242
-8.664761543273926
2.9126579761505127
-0.2553255558013916
-7.2369794845581055
-8.8092679977417
5.139944076538086
-4.169830322265625
-2.8503775596618652
8.093769073486328
-6.197967052459717
6.63168478012085
-5.0417561531066895
-10.583211898803711
3.010948657989502
-0.40511253476142883
-6.775238990783691
-9.388381004333496
5.938843727111816
-3.1589879989624023
-3.262692451477051
9.803123474121094
-6.841549873352051
5.629412651062012
-4.906004428863525
-12.406044960021973
3.129000186920166
-0.616625189781189
-6.301807880401611
-10.059778213500977
6.770346164703369
-2.199662208557129
-3.7122395038604736
11.40407657623291
-7.507583141326904
4.633566856384277
-4.763883113861084
-14.293546676635742
3.2827870845794678
-0.8397977352142334
-5.835633277893066
-10.783700942993164
7.628978729248047
-1.2569351196289062
-4.22947883605957
12.976335525512695
-8.162113189697266
3.6137146949768066
-4.614345550537109
-16.28996467590332
3.4838240146636963
-1.0721564292907715
-5.393832206726074
-11.560952186584473
8.511932373046875
-0.3110998868942261
-4.781074523925781
14.5560884475708
-8.807501792907715
2.5602548122406006
-4.468255519866943
-18.422801971435547
3.7221500873565674
-1.3376384973526
-4.974530220031738
-12.40503978729248
9.414813041687012
0.6247870922088623
-5.327025413513184
16.05264663696289
-9.400108337402344
1.5050551891326904
-4.329794406890869
-20.675045013427734
3.97758412361145
-1.6364035606384277
-4.5873188972473145
-13.3076810836792
10.315040588378906
1.5237698554992676
-5.841968059539795
17.324466705322266
-9.880460739135742
0.5249584913253784
-4.237573623657227
-22.975927352905273
4.239262580871582
-1.9592663049697876
-4.239353656768799
-14.267125129699707
11.201482772827148
2.4135782718658447
-6.329463958740234
18.470478057861328
-10.2753267288208
-0.34550368785858154
-4.197574138641357
-25.27181625366211
4.506381511688232
-2.27034854888916
-3.932082176208496
-15.241623878479004
12.082254409790039
3.270017623901367
-6.7737226486206055
19.430208206176758
-10.57659912109375
-1.1590672731399536
-4.186549186706543
-27.592754364013672
4.778452396392822
-2.5592803955078125
-3.6431989669799805
-16.2310733795166
12.970091819763184
4.093898296356201
-7.183215141296387
20.2622013092041
-10.80489444732666
-1.9434114694595337
-4.175416946411133
-29.95801544189453
5.060109615325928
-2.833078145980835
-3.3622381687164307
-17.24700355529785
13.87198543548584
4.884119033813477
-7.565685749053955
20.992881774902344
-10.969461441040039
-2.715677261352539
-4.168972492218018
-32.38373565673828
5.35552453994751
-3.1040897369384766
-3.085393190383911
-18.296550750732422
14.795042037963867
5.632097244262695
-7.921734809875488
21.62242889404297
-11.072660446166992
-3.4769704341888428
-4.1687912940979
-34.86280059814453
5.664610385894775
-3.381584882736206
-2.810523509979248
-19.38591957092285
15.741740226745605
6.316177845001221
-8.249277114868164
22.134164810180664
-11.111148834228516
-4.229626655578613
-4.171564102172852
-37.412376403808594
5.991774082183838
-3.6703829765319824
-2.537701368331909
-20.521018981933594
16.709203720092773
6.916192054748535
-8.551496505737305
22.515207290649414
-11.07872486114502
-4.978878021240234
-4.175029277801514
-40.05174255371094
6.3402533531188965
-3.970484733581543
-2.272944211959839
-21.704015731811523
17.699058532714844
7.448592662811279
-8.834330558776855
22.7833309173584
-10.981849670410156
-5.729538917541504
-4.178671836853027
-42.792083740234375
6.712286472320557
-4.277318477630615
-2.024238109588623
-22.931053161621094
18.71169090270996
7.926242351531982
-9.098692893981934
22.946693420410156
-10.827959060668945
-6.48049259185791
-4.186496734619141
-45.63983917236328
7.112179756164551
-4.598407745361328
-1.7838091850280762
-24.2094669342041
19.751758575439453
8.349265098571777
-9.344164848327637
22.998138427734375
-10.619778633117676
-7.222844123840332
-4.207605361938477
-48.59391784667969
7.546288013458252
-4.938476085662842
-1.5463926792144775
-25.545949935913086
20.82289695739746
8.696825981140137
-9.574143409729004
22.897789001464844
-10.352553367614746
-7.974003314971924
-4.231771945953369
-51.67460632324219
8.015556335449219
-5.301687717437744
-1.308332920074463
-26.947938919067383
21.927297592163086
8.978280067443848
-9.787796974182129
22.667156219482422
-10.032933235168457
