2
3
0.7444672584533691
-1.3458069562911987
-3.3063554763793945
2.384119987487793
0.1838303804397583
2.7546613216400146
7.2700958251953125
7.413928031921387
-3.040273427963257
-4.667604446411133
-4.06422233581543
-6.656257629394531
0.45256224274635315
-1.2227904796600342
-3.806704521179199
2.4950413703918457
0.47017788887023926
2.779684543609619
7.568848609924316
6.979400634765625
-2.968809127807617
-4.547966957092285
-4.011952877044678
-6.705541610717773
0.1925652027130127
-1.0894691944122314
-4.302361965179443
2.614104986190796
0.7517039179801941
2.7977163791656494
7.871520042419434
6.545970916748047
-2.8942277431488037
-4.431292533874512
-3.963223695755005
-6.785597324371338
-0.03978705406188965
-0.9504640698432922
-4.805147171020508
2.738952875137329
1.0398125648498535
2.8117337226867676
8.202842712402344
6.154294967651367
-2.813690185546875
-4.31968355178833
-3.9116110801696777
-6.8949079513549805
-0.24876393377780914
-0.8090440630912781
-5.315974235534668
2.866790294647217
1.33028244972229
2.8130276203155518
8.542298316955566
5.794398784637451
-2.724066972732544
-4.215435028076172
-3.8509151935577393
-7.030933856964111
-0.43775928020477295
-0.6660690307617188
-5.8344526290893555
2.998033046722412
1.6182677745819092
2.796945333480835
8.86965274810791
5.439774036407471
-2.6231136322021484
-4.120493412017822
-3.777470350265503
-7.193252086639404
-0.6087731719017029
-0.5243922472000122
-6.364406108856201
3.1310579776763916
1.9084103107452393
2.767136335372925
9.187195777893066
5.081289768218994
-2.508957862854004
-4.0361762046813965
-3.688931941986084
-7.380360126495361
-0.7628321051597595
-0.3861772119998932
-6.910648345947266
3.26576828956604
2.20560622215271
2.727797269821167
9.503580093383789
4.720608711242676
-2.381362199783325
-3.9640285968780518
-3.587235927581787
-7.593768119812012
-0.8988345861434937
-0.2507016062736511
-7.477969646453857
3.4010658264160156
2.5118441581726074
2.680415630340576
9.821426391601562
4.360708713531494
-2.241197347640991
-3.9066050052642822
-3.4785549640655518
-7.839971542358398
-1.0231682062149048
-0.11566728353500366
-8.074560165405273
3.550170660018921
2.8267242908477783
2.6249423027038574
10.139447212219238
4.000870704650879
-2.0874273777008057
-3.8638172149658203
-3.364734172821045
-8.117892265319824
-1.1378519535064697
0.01866292953491211
-8.706609725952148
3.713670253753662
3.147838592529297
2.5605320930480957
10.452837944030762
3.6432948112487793
-1.9177284240722656
-3.831120014190674
-3.244211196899414
-8.422510147094727
-1.2455012798309326
0.15301178395748138
-9.378705024719238
3.892240524291992
3.465031862258911
2.4834794998168945
10.740572929382324
3.283855676651001
-1.7312599420547485
-3.8072919845581055
-3.1170523166656494
-8.749835014343262
-1.3456531763076782
0.28724610805511475
-10.089088439941406
4.084472179412842
3.776355504989624
2.39164400100708
10.978660583496094
2.9285755157470703
-1.5310591459274292
-3.7943813800811768
-2.988394260406494
-9.099078178405762
-1.4392873048782349
0.4202535152435303
-10.837940216064453
4.289609432220459
4.0862627029418945
2.29123854637146
11.172457695007324
2.581291913986206
-1.3227896690368652
-3.7970852851867676
-2.8665547370910645
-9.474352836608887
-1.5287318229675293
0.5516500473022461
-11.62712287902832
4.507259368896484
4.391229629516602
2.1859512329101562
11.321382522583008
2.2384085655212402
-1.1097588539123535
-3.8180348873138428
-2.7571346759796143
-9.877991676330566
-1.6223680973052979
0.6835806965827942
-12.465627670288086
4.739029407501221
4.685795783996582
2.0756618976593018
11.420812606811523
1.8968653678894043
-0.8931969404220581
-3.8581459522247314
-2.662620782852173
-10.310751914978027
-1.7234671115875244
0.8159910440444946
-13.358660697937012
4.984227180480957
4.962723255157471
1.959054946899414
11.462448120117188
1.5585167407989502
-0.6741393804550171
-3.9178459644317627
-2.5849509239196777
-10.773366928100586
-1.8336119651794434
0.9473962187767029
-14.309115409851074
5.241363525390625
5.217080593109131
1.8360638618469238
11.440706253051758
1.2231228351593018
-0.4541327655315399
-3.9976284503936768
-2.526761531829834
-11.266778945922852
-1.9509224891662598
1.0751248598098755
-15.31742000579834
5.506362438201904
5.448925018310547
1.700920581817627
11.356645584106445
0.898637592792511
-0.23575857281684875
-4.099082946777344
-2.494262218475342
-11.796446800231934
-2.0772616863250732
1.197462558746338
-16.388565063476562
5.775279521942139
5.664155960083008
1.554648995399475
11.219199180603027
0.5880481600761414
-0.022101610898971558
-4.2244181632995605
-2.494821786880493
-12.369319915771484
