2
3
-8.165960311889648
8.114761352539062
3.394507884979248
-9.402885437011719
-5.508558750152588
-2.562645435333252
4.113418102264404
3.261664867401123
2.8872485160827637
-1.5787158012390137
-9.443270683288574
10.545368194580078
-7.413445472717285
7.146435737609863
4.637364864349365
-11.034883499145508
-5.176784038543701
-2.015648603439331
4.594423770904541
4.461623191833496
1.7869861125946045
-0.8713281750679016
-11.134832382202148
11.49636173248291
-6.739799499511719
6.241493225097656
5.753451347351074
-12.61510181427002
-4.885630130767822
-1.4749281406402588
5.012950897216797
5.597094535827637
0.7146767377853394
-0.16575372219085693
-12.789186477661133
12.509466171264648
-6.100489616394043
5.311470031738281
6.75227689743042
-14.283669471740723
-4.591620922088623
-0.8982602953910828
5.39634895324707
6.67051887512207
-0.3280583620071411
0.5312564969062805
-14.478710174560547
13.580770492553711
-5.457071304321289
4.337436676025391
7.6982598304748535
-15.975095748901367
-4.268467903137207
-0.2919887900352478
5.839012145996094
7.669022560119629
-1.350246787071228
1.2309571504592896
-16.220666885375977
14.72087574005127
-4.77932596206665
3.285593032836914
8.609475135803223
-17.70232391357422
-3.92617130279541
0.36642783880233765
6.355909824371338
8.631050109863281
-2.3493831157684326
1.9230904579162598
-18.016143798828125
15.921862602233887
-4.0781707763671875
2.1787993907928467
9.484527587890625
-19.44719886779785
-3.5636932849884033
1.0630156993865967
6.920868873596191
9.568277359008789
-3.337935447692871
2.6179871559143066
-19.87109375
17.19137954711914
-3.3755433559417725
1.0351508855819702
10.315013885498047
-21.162708282470703
-3.188194990158081
1.7688591480255127
7.515758514404297
10.464475631713867
-4.224105358123779
3.224029541015625
-21.736736297607422
18.465599060058594
-2.6977081298828125
-0.05282306671142578
10.973896980285645
-22.65701675415039
-2.8193540573120117
2.4260153770446777
8.036172866821289
11.228095054626465
-4.998813152313232
3.7337632179260254
-23.548118591308594
19.747669219970703
-2.076657772064209
-1.068376898765564
11.49544620513916
-23.986536026000977
-2.450681209564209
2.966705083847046
8.429058074951172
11.735569953918457
-5.717935085296631
4.205069065093994
-25.368141174316406
21.026447296142578
-1.536557674407959
-1.9694374799728394
11.873198509216309
-25.145763397216797
-2.0703318119049072
3.433488130569458
8.736715316772461
12.067272186279297
-6.389357089996338
4.6398396492004395
-27.196279525756836
22.292606353759766
-1.032148838043213
-2.8173012733459473
12.152759552001953
-26.23134994506836
-1.6781566143035889
3.835437297821045
8.966068267822266
12.244803428649902
-7.019073009490967
5.038192272186279
-29.019567489624023
23.54340362548828
-0.5652062296867371
-3.6065139770507812
12.331890106201172
-27.25020980834961
-1.2776730060577393
4.183426856994629
9.126686096191406
12.29748821258545
-7.616873741149902
5.411740303039551
-30.864025115966797
24.798322677612305
-0.12168371677398682
-4.355169296264648
12.409690856933594
-28.209144592285156
-0.8741821050643921
4.487570762634277
9.22453784942627
12.251606941223145
-8.18802261352539
5.766322135925293
-32.73889923095703
26.06497573852539
0.291426420211792
-5.062583923339844
12.370980262756348
-29.099674224853516
-0.4707118272781372
4.752678394317627
9.263701438903809
12.121895790100098
-8.737974166870117
6.104730606079102
-34.6478385925293
27.346403121948242
0.6773558855056763
-5.739638328552246
12.23808765411377
-29.953073501586914
-0.0708092451095581
4.98165225982666
9.2454833984375
11.918286323547363
-9.27550220489502
6.431258678436279
-36.59926223754883
28.64949607849121
1.0355275869369507
-6.381419658660889
12.011046409606934
-30.77345848083496
0.3215709924697876
5.1755805015563965
9.16928768157959
11.647525787353516
-9.805614471435547
6.747915744781494
-38.59752655029297
29.976720809936523
1.3661184310913086
-6.9959564208984375
11.695592880249023
-31.577436447143555
0.7004325985908508
5.3343281745910645
9.03175163269043
11.315665245056152
-10.333934783935547
7.0570831298828125
-40.64754867553711
31.331846237182617
1.67426335811615
-7.594748020172119
11.29798698425293
-32.38607406616211
1.0529401302337646
5.454246997833252
8.82071304321289
10.928446769714355
-10.865959167480469
7.360238075256348
-42.75390625
32.718563079833984
1.9507346153259277
-8.177800178527832
10.813457489013672
-33.199337005615234
1.3500150442123413
5.522898197174072
8.495142936706543
10.493962287902832
-11.405363082885742
7.657220363616943
-44.91994857788086
34.1384162902832
