2
3
-3.627995491027832
-4.705798149108887
-4.340514659881592
6.266221523284912
-0.5208430290222168
-3.226032257080078
-2.133375644683838
-10.105112075805664
-2.0107343196868896
-4.612079620361328
-3.8228864669799805
4.850501537322998
-3.849154472351074
-3.607797145843506
-3.8128652572631836
5.704551696777344
-0.2456311583518982
-5.045893669128418
-2.712106227874756
-9.846390724182129
-2.242079973220825
-3.765812397003174
-3.891798257827759
4.744217872619629
-3.966312885284424
-2.698422431945801
-3.2326927185058594
4.821249008178711
-0.1237105131149292
-6.7044830322265625
-3.4568686485290527
-9.068625450134277
-2.4940671920776367
-2.987750768661499
-3.757523536682129
4.220104694366455
-3.9791207313537598
-2.01359486579895
-2.6364407539367676
3.592104911804199
-0.2227391004562378
-8.105128288269043
-4.320469856262207
-7.7891035079956055
-2.7280755043029785
-2.3333277702331543
-3.4459338188171387
3.2213029861450195
-3.874296188354492
-1.599998950958252
-2.085780143737793
1.9637259244918823
-0.5191421508789062
-9.114420890808105
-5.220961093902588
-6.071575164794922
-2.893043279647827
-1.8831461668014526
-3.024036169052124
1.7118546962738037
-3.610452651977539
-1.5452756881713867
-1.861984133720398
0.3067528009414673
-1.0139670372009277
-9.620463371276855
-5.9341301918029785
-4.0147881507873535
-2.8858642578125
-1.7942866086959839
-2.782315492630005
0.16503214836120605
-3.387484073638916
-1.698358416557312
-1.8767812252044678
-1.3280084133148193
-1.6552693843841553
-9.609132766723633
-6.338555335998535
-2.062988042831421
-2.892793893814087
-1.9134554862976074
-2.7984607219696045
-1.3175723552703857
-3.145017147064209
-2.153766632080078
-2.0406906604766846
-2.643261432647705
-2.324446201324463
-9.21792984008789
-6.717811107635498
-0.5797542333602905
-2.8557958602905273
-2.31449818611145
-2.938124179840088
-2.4642927646636963
-2.8918914794921875
-2.8012027740478516
-2.3911819458007812
-3.6286661624908447
-2.965888500213623
-8.569273948669434
-7.056458473205566
0.3718729019165039
-2.7960050106048584
-2.846126079559326
-3.201798439025879
-3.445150375366211
-2.6735849380493164
-3.551854372024536
-2.915393114089966
-4.2614054679870605
-3.6137852668762207
-7.777046203613281
-7.286401748657227
0.836625874042511
-2.7328896522521973
-3.4730794429779053
-3.5962376594543457
-4.164333343505859
-2.5336897373199463
-4.316519737243652
-3.636080741882324
-4.564409255981445
-4.236979961395264
-6.921646595001221
-7.292628288269043
0.8200560212135315
-2.718364715576172
-4.1407999992370605
-4.124595642089844
-4.6055192947387695
-2.505195140838623
-5.014187812805176
-4.547536373138428
-4.585337162017822
-4.8580522537231445
-6.0407514572143555
-6.980572700500488
0.14025217294692993
-2.7810378074645996
-4.7973103523254395
-4.80446195602417
-4.774228096008301
-2.640001058578491
-5.5694403648376465
-5.5894856452941895
-4.426695823669434
-5.342567443847656
-5.341050624847412
-6.654833793640137
-0.8252276182174683
-2.9663259983062744
-5.39278507232666
-5.638309955596924
-4.710110664367676
-2.960763454437256
-5.981646537780762
-6.638955116271973
-4.20432186126709
-5.645074367523193
-4.902196884155273
-6.477878093719482
-1.9150794744491577
-3.2970194816589355
-5.897069454193115
-6.5795207023620605
-4.497942924499512
-3.4614057540893555
-6.2493767738342285
-7.645196914672852
-4.068747520446777
-5.8070149421691895
-4.7210373878479
-6.64734411239624
-2.9747915267944336
-3.77640438079834
-6.264774322509766
-7.561388969421387
-4.289368629455566
-4.13141393661499
-6.39571475982666
-8.632220268249512
-4.16762113571167
-5.967254638671875
-4.7935309410095215
-7.155423641204834
-3.862931251525879
-4.3997297286987305
-6.480928421020508
-8.531567573547363
-4.2915940284729
-4.909257888793945
-6.461405277252197
-9.624842643737793
-4.431952476501465
-6.22705602645874
-5.046087741851807
-7.94312047958374
-4.568672180175781
-5.114787578582764
-6.58060359954834
-9.514731407165527
-4.484513282775879
-5.753498077392578
-6.509114742279053
-10.66557502746582
-4.815839767456055
-6.578746318817139
-5.394105434417725
-9.00102424621582
-5.151084899902344
-5.90155029296875
-6.636668682098389
-10.55850887298584
-4.823679447174072
-6.657914638519287
-6.57749605178833
-11.807733535766602
-5.289186000823975
-7.049334526062012
-5.7777276039123535
-10.344212532043457
-5.663613319396973
-6.759726524353027
-6.698687553405762
-11.713882446289062
-5.274503707885742
-7.627441883087158
-6.686537742614746
-13.115288734436035
-5.830370903015137
-7.675175666809082
-6.1613616943359375
-11.968301773071289
-6.155744552612305
-7.695240497589111
-6.7939887046813965
-13.040730476379395
-5.808362007141113
