2
3
-0.5603175759315491
4.661163330078125
-3.773939609527588
-6.070310115814209
2.3751401901245117
5.695953369140625
4.34766149520874
3.7103962898254395
1.163295030593872
7.523107528686523
-3.28619647026062
-1.8715019226074219
-0.9306684732437134
3.9990503787994385
-2.6572203636169434
-5.587337017059326
2.996535062789917
6.376248359680176
2.718369245529175
3.4000415802001953
0.6712509393692017
7.370730400085449
-2.781343460083008
-2.5125129222869873
-1.029189109802246
3.3909401893615723
-1.6617426872253418
-4.816278457641602
3.2458417415618896
7.04592752456665
1.0337860584259033
2.6765694618225098
0.3306727111339569
7.024212837219238
-2.1471164226531982
-2.9277853965759277
-0.9072445034980774
2.877122163772583
-0.9440738558769226
-3.792912006378174
3.121767997741699
7.667402267456055
-0.49687647819519043
1.3408156633377075
0.11807334423065186
6.577395915985107
-1.5067808628082275
-3.1844613552093506
-0.6215217709541321
2.588895082473755
-0.5722907185554504
-2.657357931137085
2.676945209503174
8.099309921264648
-1.4263527393341064
-0.4112190008163452
0.04644395411014557
6.030561923980713
-0.9949060082435608
-3.1497907638549805
-0.2826598584651947
2.6469833850860596
-0.5395112633705139
-1.8528220653533936
2.111182928085327
8.169776916503906
-1.8159973621368408
-1.9997638463974
0.09670095145702362
5.543825149536133
-0.7210921049118042
-2.999302864074707
-0.07640698552131653
2.9060935974121094
-0.5954846143722534
-1.4102470874786377
1.6249531507492065
7.892622947692871
-1.8755512237548828
-3.102874755859375
0.17871007323265076
5.1882405281066895
-0.6531781554222107
-2.9759981632232666
0.06141975522041321
3.2856574058532715
-0.7066072225570679
-1.231959342956543
1.2437561750411987
7.394815921783447
-1.833968162536621
-3.8749852180480957
0.2741689682006836
4.917981147766113
-0.6904103755950928
-2.9677979946136475
0.14261916279792786
3.7111730575561523
-0.8387735486030579
-1.3095158338546753
0.9483020305633545
6.785562992095947
-1.7200134992599487
-4.406277656555176
0.3788291811943054
4.732508182525635
-0.8085452318191528
-2.97611927986145
0.16919024288654327
4.124751091003418
-0.9671750068664551
-1.6489613056182861
0.722671627998352
6.12534236907959
-1.5586471557617188
-4.735135555267334
0.4519679844379425
4.616253852844238
-0.9664767384529114
-3.033109664916992
0.14854484796524048
4.475175380706787
-1.0626609325408936
-2.2146687507629395
0.5550680756568909
5.462250709533691
-1.3969539403915405
-4.900776386260986
0.46605825424194336
4.549351692199707
-1.122368335723877
-3.1992833614349365
0.09183299541473389
4.707799911499023
-1.1044148206710815
-2.9391896724700928
0.42979246377944946
4.843777656555176
-1.28751802444458
-4.960997104644775
0.4079098105430603
4.5043230056762695
-1.2285326719284058
-3.523258686065674
0.01424454152584076
4.778477191925049
-1.1074063777923584
-3.7236032485961914
0.31779545545578003
4.308665752410889
-1.243828296661377
-5.005997657775879
0.2919895648956299
4.432109832763672
-1.2822035551071167
-3.9907336235046387
-0.08514337241649628
4.673146724700928
-1.0837689638137817
-4.477650165557861
0.19190296530723572
3.869199514389038
-1.240818977355957
-5.141964435577393
0.13382691144943237
4.287900447845459
-1.297969937324524
-4.541809558868408
-0.19972264766693115
4.420159816741943
-1.0362778902053833
-5.179712772369385
0.04475519061088562
3.5033183097839355
-1.251754641532898
-5.419001579284668
-0.046609267592430115
4.060603618621826
-1.281144142150879
-5.136826992034912
-0.3161703944206238
4.064952850341797
-0.9730254411697388
-5.87322998046875
-0.12595655024051666
3.173152446746826
-1.2538353204727173
-5.851809501647949
-0.23355931043624878
3.7611637115478516
-1.2327239513397217
-5.784912109375
-0.4337084889411926
3.635890483856201
-0.8970500230789185
-6.596766948699951
-0.31786590814590454
2.845404624938965
-1.2271292209625244
-6.43388557434082
-0.41963574290275574
3.3965725898742676
-1.1518582105636597
-6.497350692749023
-0.5549435019493103
3.14467453956604
-0.8063565492630005
-7.379745006561279
-0.5252038240432739
2.487915277481079
-1.157247543334961
-7.157691955566406
-0.6020750403404236
2.9671127796173096
-1.0379304885864258
-7.285998344421387
-0.6831517219543457
2.593575954437256
-0.692771315574646
-8.250325202941895
-0.7402198910713196
2.0749576091766357
-1.0340759754180908
-8.018733978271484
-0.7801582217216492
2.4702320098876953
-0.8874667882919312
-8.167726516723633
-0.8196926116943359
1.9796593189239502
-0.5426637530326843
-9.235086441040039
-0.9554064273834229
1.5874159336090088
-0.8495027422904968
-9.019059181213379
-0.9542952179908752
1.9001686573028564
-0.6931065320968628
-9.16490650177002
