2
3
5.618114948272705
-8.342860221862793
4.164297103881836
1.205951452255249
8.026215553283691
-2.4565725326538086
0.32357293367385864
-1.3993867635726929
2.4023263454437256
3.548346757888794
-2.5004591941833496
-2.8080852031707764
6.402716159820557
-7.623355865478516
3.098092555999756
3.018810987472534
7.66767692565918
-2.4812612533569336
-0.24098271131515503
-1.6910845041275024
2.2380359172821045
2.6155953407287598
-0.6161242723464966
-4.688159942626953
6.822047233581543
-6.59616231918335
1.994053602218628
4.4823408126831055
7.3063154220581055
-2.5468838214874268
-0.6340393424034119
-1.8715577125549316
2.3897647857666016
1.5886818170547485
1.165103554725647
-6.517708778381348
6.9906110763549805
-5.3656907081604
0.8010150194168091
5.596937656402588
6.941287517547607
-2.4724044799804688
-0.9310182332992554
-2.021653652191162
2.853849411010742
0.3991316556930542
2.84395170211792
-8.083917617797852
6.943620204925537
-4.035566329956055
-0.32660043239593506
6.249904632568359
6.603151798248291
-2.409604072570801
-0.9605942964553833
-2.1532485485076904
3.579406976699829
-0.9496715068817139
4.32882833480835
-9.253364562988281
6.682106018066406
-2.664407253265381
-1.1034963130950928
6.2569804191589355
6.294438362121582
-2.3723745346069336
-0.7511984705924988
-2.2461190223693848
4.584810256958008
-2.473391532897949
5.429745197296143
-9.922183990478516
6.222257137298584
-1.303922414779663
-1.3389580249786377
5.4133453369140625
6.046695232391357
-2.3680062294006348
-0.28683391213417053
-2.3617756366729736
5.837055206298828
-4.1040754318237305
5.916052341461182
-9.992952346801758
5.622326374053955
-0.07190465927124023
-0.9095314741134644
3.6810503005981445
5.894143104553223
-2.3872365951538086
0.38187482953071594
-2.5478336811065674
7.157021522521973
-5.669770240783691
5.843587398529053
-9.403987884521484
4.9803876876831055
0.8455146551132202
0.2840968370437622
1.1751213073730469
5.831970691680908
-2.434389352798462
1.18174409866333
-2.8389718532562256
8.381030082702637
-6.993600845336914
5.167296409606934
-8.165241241455078
4.606724739074707
1.215080976486206
1.864067792892456
-1.4444971084594727
5.85029411315918
-2.5296881198883057
2.0484771728515625
-3.2594878673553467
9.322898864746094
-7.887406349182129
3.9286680221557617
-6.464053630828857
4.653475284576416
0.9718225598335266
3.429929256439209
-3.748623847961426
5.950756549835205
-2.6995418071746826
3.0508875846862793
-4.0767083168029785
9.685284614562988
-8.266761779785156
2.937790632247925
-5.089402198791504
4.982677936553955
0.33947473764419556
4.8000006675720215
-5.575460433959961
6.24460506439209
-3.0662474632263184
3.8650882244110107
-4.830829620361328
9.694607734680176
-8.17789077758789
2.307636260986328
-4.148138046264648
5.570413589477539
-0.5178350806236267
6.105020999908447
-7.184179782867432
6.640402317047119
-3.472228527069092
4.589869976043701
-5.553882598876953
9.459342956542969
-7.748155117034912
1.8008307218551636
-3.4792263507843018
6.368536472320557
-1.543506383895874
7.265934944152832
-8.514187812805176
7.008717060089111
-3.808286190032959
5.314082145690918
-6.341464042663574
9.122509956359863
-7.198601245880127
1.5646926164627075
-3.0326409339904785
7.3479204177856445
-2.709423542022705
8.22961139678955
-9.531993865966797
7.407768249511719
-4.157582759857178
6.058684349060059
-7.163155555725098
8.713640213012695
-6.573975563049316
1.7007689476013184
-2.8693673610687256
8.469408988952637
-3.961866617202759
8.973225593566895
-10.257553100585938
7.8539910316467285
-4.566612720489502
6.91096305847168
-8.042243957519531
8.301597595214844
-5.97028923034668
2.2841544151306152
-3.065265655517578
9.653650283813477
-5.211839199066162
9.541397094726562
-10.776768684387207
8.38138198852539
-5.076052188873291
7.909433364868164
-8.986615180969238
7.9265289306640625
-5.477294921875
3.393864154815674
-3.7038378715515137
10.837944030761719
-6.432433128356934
9.957164764404297
-11.146834373474121
9.081464767456055
-5.775339126586914
8.981072425842285
-9.879366874694824
7.655730724334717
-5.138481140136719
4.951566696166992
-4.724911689758301
11.97785472869873
-7.607580184936523
10.268539428710938
-11.388243675231934
10.017633438110352
-6.709909439086914
9.919171333312988
-10.545674324035645
7.528555870056152
-4.990782737731934
6.903728485107422
-6.089817047119141
13.012072563171387
-8.75338077545166
10.754814147949219
-11.677911758422852
11.025336265563965
-7.745553493499756
10.880858421325684
-11.137640953063965
7.591640949249268
-5.031493186950684
9.18818473815918
-7.800151348114014
