2
3
-0.8115375638008118
4.4132280349731445
-5.144774436950684
-2.9538848400115967
-10.445002555847168
-0.22088932991027832
-4.622470855712891
9.76176643371582
-7.0439653396606445
-0.8573861122131348
1.1217776536941528
7.476044654846191
-1.7078824043273926
3.483968734741211
-6.3276262283325195
-3.332488536834717
-10.533706665039062
0.8642172813415527
-2.646226644515991
9.483180046081543
-6.249881267547607
-0.1859951615333557
0.43550676107406616
8.068812370300293
-2.7022769451141357
2.610894203186035
-7.296746730804443
-3.331650495529175
-10.25110912322998
1.7412240505218506
-1.127640724182129
9.11816692352295
-5.695160865783691
0.5612238049507141
-0.5316744446754456
8.373072624206543
-3.7405014038085938
1.8276264667510986
-8.051898956298828
-3.0398976802825928
-9.660931587219238
2.4201548099517822
-0.28452664613723755
8.742949485778809
-5.447691440582275
1.3653147220611572
-1.3159918785095215
8.32293701171875
-4.836819648742676
1.1950608491897583
-8.539710998535156
-2.5269806385040283
-8.968168258666992
3.038133144378662
-0.08776909112930298
8.309069633483887
-5.438490867614746
2.201277494430542
-1.8927817344665527
7.858846664428711
-5.92848014831543
0.6958513855934143
-8.790679931640625
-1.7411504983901978
-8.30324935913086
3.6456656455993652
-0.4392310082912445
7.709384918212891
-5.5587310791015625
2.9719979763031006
-2.496351718902588
7.221696376800537
-6.952177047729492
0.3390551507472992
-8.81877326965332
-0.635686993598938
-7.693397045135498
4.180325984954834
-1.2217273712158203
6.97845983505249
-5.732295036315918
3.637150287628174
-3.157684803009033
6.49043607711792
-7.848102569580078
0.14416354894638062
-8.680718421936035
0.7548491954803467
-7.183684349060059
4.604808330535889
-2.3397679328918457
6.2469048500061035
-5.918492317199707
4.171804428100586
-3.89456844329834
5.8227620124816895
-8.517593383789062
0.08185455203056335
-8.425987243652344
2.535949230194092
-6.824132442474365
4.908262729644775
-3.6845459938049316
5.586519241333008
-6.101745128631592
4.571112632751465
-4.774733543395996
5.213869094848633
-9.015596389770508
0.29577258229255676
-8.205123901367188
4.190861225128174
-6.668455123901367
5.081554889678955
-5.144912242889404
5.004439353942871
-6.313601970672607
4.789913654327393
-5.81976842880249
4.720297336578369
-9.346068382263184
0.8087211847305298
-8.141809463500977
5.433111190795898
-6.72667121887207
5.121642112731934
-6.644913673400879
4.751980304718018
-6.589410781860352
4.842905521392822
-7.001145839691162
4.63161039352417
-9.540770530700684
1.5292385816574097
-8.427533149719238
6.213325500488281
-6.9778852462768555
5.134094715118408
-8.026881217956543
4.819098949432373
-6.956332206726074
4.882083415985107
-8.215987205505371
4.841174602508545
-9.643142700195312
2.3161773681640625
-9.103656768798828
6.793641567230225
-7.355547904968262
5.161693096160889
-9.34745979309082
5.145496845245361
-7.3797688484191895
4.952094078063965
-9.465229034423828
5.230076789855957
-9.724069595336914
3.1111345291137695
-10.12991714477539
7.301948547363281
-7.797636032104492
5.236973285675049
-10.739459991455078
5.671513080596924
-7.839076995849609
5.072524070739746
-10.808777809143066
5.780311584472656
-9.827906608581543
3.888119697570801
-11.484991073608398
7.802893161773682
-8.286853790283203
5.378357410430908
-12.277000427246094
6.373083114624023
-8.333953857421875
5.259963512420654
-12.310419082641602
6.481003284454346
-9.988222122192383
4.640237808227539
-13.177008628845215
8.334643363952637
-8.826071739196777
5.6048903465271
-14.006921768188477
7.217208385467529
-8.871377944946289
5.528202056884766
-14.012558937072754
7.303877830505371
-10.238272666931152
5.366034507751465
-15.221578598022461
8.9381103515625
-9.421993255615234
5.932361602783203
-15.960506439208984
8.155582427978516
-9.460062980651855
5.8878302574157715
-15.948524475097656
8.215099334716797
-10.611001014709473
6.07731294631958
-17.63364601135254
9.651427268981934
-10.080780029296875
6.366613388061523
-18.18890380859375
9.166336059570312
-10.110801696777344
6.344754695892334
-18.17304229736328
9.201833724975586
-11.127667427062988
6.791941165924072
-20.423545837402344
10.5006103515625
-10.812756538391113
6.91016149520874
-20.775590896606445
10.239947319030762
-10.835125923156738
6.902416229248047
-20.762575149536133
10.257363319396973
-11.799297332763672
7.531286239624023
-23.60692596435547
11.497963905334473
-11.62939453125
7.559056282043457
-23.795412063598633
11.378227233886719
-11.645424842834473
7.558617115020752
-23.78706169128418
11.38548755645752
