2
3
-1.8363494873046875
-0.4751739501953125
5.544730186462402
-8.183752059936523
4.691705703735352
-1.677716612815857
-7.789361953735352
3.2043211460113525
-3.2687723636627197
-5.570584297180176
10.957682609558105
10.000919342041016
-0.7713570594787598
-2.1390552520751953
6.35456657409668
-9.055154800415039
3.0015721321105957
-0.8852159976959229
-8.284732818603516
2.414966583251953
-1.9292035102844238
-4.477300643920898
11.037022590637207
10.716906547546387
0.4798309803009033
-3.877286434173584
6.842116832733154
-9.33877182006836
1.288741111755371
-0.17344552278518677
-7.802189826965332
1.1859161853790283
-0.7060849666595459
-3.2831473350524902
10.843727111816406
11.032395362854004
1.8647183179855347
-5.577607154846191
6.766429424285889
-8.873906135559082
-0.19908881187438965
0.23376280069351196
-6.662867069244385
0.05017220973968506
0.36710357666015625
-2.009322166442871
10.446770668029785
10.844895362854004
3.2212939262390137
-7.063928604125977
5.972018241882324
-7.558862209320068
-1.362077236175537
0.32767051458358765
-4.977202892303467
-0.9529733657836914
1.3688430786132812
-0.7449259757995605
9.953601837158203
10.114577293395996
4.273675441741943
-8.169979095458984
4.782975673675537
-5.608997344970703
-2.102482318878174
0.07759431004524231
-2.8659932613372803
-1.7430906295776367
2.169398784637451
0.3381420373916626
9.465367317199707
8.569803237915039
4.885019302368164
-8.741798400878906
3.44498610496521
-3.1587259769439697
-2.4450457096099854
-0.449675053358078
-0.3937373161315918
-2.4149041175842285
2.8157272338867188
1.1704623699188232
8.890340805053711
6.348527431488037
4.898998737335205
-8.660701751708984
2.598621129989624
-0.9958240985870361
-2.3134102821350098
-1.3438646793365479
2.137345790863037
-2.6653740406036377
3.444373369216919
1.6667968034744263
8.033262252807617
4.116602897644043
4.582118034362793
-8.071459770202637
2.1883881092071533
0.6675055027008057
-1.952453374862671
-2.148606300354004
4.336185455322266
-3.026123523712158
3.990511417388916
1.761526107788086
6.965799331665039
2.079960823059082
4.2003865242004395
-7.225458145141602
1.7552229166030884
1.9680428504943848
-1.2424330711364746
-2.906707525253296
6.288037300109863
-3.3630549907684326
4.32611083984375
1.57914400100708
6.1788835525512695
0.11905205249786377
3.804558515548706
-6.289361000061035
1.3784871101379395
2.8332347869873047
-0.1902076005935669
-3.6600894927978516
7.754650592803955
-3.495802879333496
4.4648919105529785
1.131700873374939
6.0013556480407715
-1.4545634984970093
3.3606746196746826
-5.279234886169434
1.3859456777572632
3.26895809173584
1.133155107498169
-4.386178016662598
8.599254608154297
-3.2579598426818848
4.607100486755371
0.4950580596923828
6.136396408081055
-2.7163848876953125
2.911949634552002
-4.28048038482666
1.9049080610275269
3.295088291168213
2.5600993633270264
-5.0004167556762695
8.888912200927734
-2.7057790756225586
4.928696632385254
-0.2598487138748169
6.491697788238525
-3.6798484325408936
2.5379176139831543
-3.3886334896087646
2.9975690841674805
3.0093860626220703
3.90510892868042
-5.399579048156738
8.875869750976562
-2.0220401287078857
5.37012243270874
-1.0910491943359375
6.973429203033447
-4.380056858062744
2.245589256286621
-2.6266627311706543
4.658064842224121
2.2376179695129395
5.012913703918457
-5.540606498718262
8.77074909210205
-1.3261487483978271
5.935686111450195
-1.9913005828857422
7.406946182250977
-4.77435827255249
2.162301540374756
-2.0690903663635254
6.581489562988281
1.1254514455795288
5.84711217880249
-5.454817295074463
8.618084907531738
-0.774652898311615
6.575063228607178
-2.907195568084717
7.75160026550293
-4.868981838226318
2.4013421535491943
-1.7978477478027344
8.43139934539795
-0.05056750774383545
6.3542585372924805
-5.224416732788086
8.933252334594727
-0.6299911737442017
7.203699111938477
-3.766265392303467
7.998290061950684
-4.688109874725342
2.980994939804077
-1.8211839199066162
10.042410850524902
-1.1016358137130737
6.790493488311768
-4.993210315704346
9.507506370544434
-0.6424093246459961
7.731212615966797
-4.500308036804199
8.341139793395996
-4.3900532722473145
3.8247976303100586
-2.0845963954925537
11.452286720275879
-1.972717046737671
7.21954870223999
-4.7932586669921875
10.23404312133789
-0.7544516324996948
8.169774055480957
-5.09293270111084
8.898621559143066
-4.029191017150879
4.865191459655762
-2.5182881355285645
12.725961685180664
-2.677546977996826
7.647449493408203
-4.616683483123779
11.130558013916016
-0.9756436347961426
8.500883102416992
-5.4962968826293945
9.71103286743164
-3.6941304206848145
