2
3
-5.505743026733398
6.514772415161133
6.652151584625244
-4.896103382110596
5.818254470825195
0.9868347644805908
-12.018634796142578
-7.352205753326416
-0.7878033518791199
1.0580227375030518
-6.624318599700928
-1.7511197328567505
-3.774597406387329
5.67064905166626
7.614203453063965
-6.125182151794434
3.894155502319336
0.8260220885276794
-13.503814697265625
-6.531262397766113
-1.3587400913238525
1.6871767044067383
-6.504173755645752
-1.9893852472305298
-2.038191080093384
4.660381317138672
7.947807312011719
-7.131028175354004
1.7969579696655273
0.7706915140151978
-14.263592720031738
-5.8487749099731445
-1.8574941158294678
2.161496639251709
-6.2193403244018555
-2.2785303592681885
-0.2629201412200928
3.5463497638702393
7.6259589195251465
-7.929142475128174
-0.2940850257873535
0.8436019420623779
-14.197134971618652
-5.456520080566406
-2.342715263366699
2.5030367374420166
-5.768950939178467
-2.554074287414551
1.481882095336914
2.3777594566345215
6.533408164978027
-8.467935562133789
-2.2498910427093506
1.0200141668319702
-13.394556999206543
-5.461504936218262
-2.738210916519165
2.757636070251465
-5.2018938064575195
-3.075024127960205
3.0707967281341553
1.1778470277786255
4.324657917022705
-8.549007415771484
-3.956082344055176
1.2214181423187256
-11.864562034606934
-5.795430660247803
-3.0064868927001953
2.914437770843506
-4.594662189483643
-3.8476500511169434
4.2253899574279785
0.146095871925354
1.4752509593963623
-8.373623847961426
-5.270471096038818
1.265450119972229
-9.938712120056152
-6.316640853881836
-3.1054089069366455
2.932208776473999
-4.085769176483154
-4.821883201599121
4.712220191955566
-0.5985636711120605
-1.8219196796417236
-8.05336856842041
-6.115645885467529
1.1018728017807007
-8.075533866882324
-6.95211124420166
-3.0368969440460205
2.791314125061035
-3.754363536834717
-5.965626239776611
4.379724025726318
-1.0026626586914062
-4.583142280578613
-8.066204071044922
-6.559683799743652
0.7640387415885925
-6.245232582092285
-7.668004512786865
-2.8218600749969482
2.4503414630889893
-3.4936046600341797
-7.200011730194092
3.5014448165893555
-1.2292017936706543
-6.607653617858887
-8.27077579498291
-6.615692138671875
0.3137045204639435
-4.996159553527832
-8.47011661529541
-2.772249698638916
1.908867597579956
-3.2759196758270264
-8.474563598632812
2.3281912803649902
-1.3078089952468872
-8.143752098083496
-8.605690002441406
-6.545324325561523
-0.1737091839313507
-3.975369453430176
-9.494218826293945
-2.77197527885437
1.2135016918182373
-3.2427120208740234
-9.7843599319458
1.0005881786346436
-1.3643620014190674
-9.268445014953613
-9.140414237976074
-6.3514790534973145
-0.743072509765625
-3.1273021697998047
-10.707561492919922
-2.7608940601348877
0.40434718132019043
-3.412957191467285
-11.06551742553711
-0.3854459524154663
-1.4349702596664429
-10.032302856445312
-9.929752349853516
-6.084134101867676
-1.449354887008667
-2.472604274749756
-12.012002944946289
-2.7982380390167236
-0.4654644727706909
-3.7655081748962402
-12.299678802490234
-1.7909257411956787
-1.5725957155227661
-10.434748649597168
-10.973682403564453
-5.8037428855896
-2.3367502689361572
-2.0298843383789062
-13.315681457519531
-2.928548574447632
-1.3428165912628174
-4.233660697937012
-13.518194198608398
-3.21193790435791
-1.8118581771850586
-10.465117454528809
-12.283716201782227
-5.521493911743164
-3.3549304008483887
-1.8443973064422607
-14.669445037841797
-3.1806068420410156
-2.1643569469451904
-4.714749813079834
-14.849874496459961
-4.635300159454346
-2.1616952419281006
-10.135936737060547
-13.883846282958984
-5.2442545890808105
-4.462351322174072
-1.956432580947876
-16.106294631958008
-3.5172698497772217
-2.9785616397857666
-5.219821929931641
-16.268329620361328
-6.0230255126953125
-2.6355228424072266
-9.587414741516113
-15.752079963684082
-5.00722599029541
-5.623915672302246
-2.3669798374176025
-17.62099838256836
-3.937587261199951
-3.827024221420288
-5.740109443664551
-17.7629337310791
-7.264029502868652
-3.2632431983947754
-8.91728687286377
-17.82684326171875
-4.848377704620361
-6.776294708251953
-3.070910930633545
-19.238033294677734
-4.496067523956299
-4.747522830963135
-6.2054948806762695
-19.422863006591797
-8.307699203491211
-4.0784478187561035
-8.194469451904297
-20.09910011291504
-4.872016429901123
-7.9153852462768555
-3.9350740909576416
-21.07737159729004
-5.138130187988281
-5.77916145324707
-6.67270565032959
-21.280147552490234
-9.104437828063965
-5.060191631317139
-7.604454517364502
-22.623001098632812
-5.175671577453613
-9.096549034118652
-4.662259578704834
-23.355480194091797
-5.885485649108887
-6.91583251953125
-7.046093463897705
-23.47967529296875
