2
3
0.37206631898880005
6.187769889831543
-8.07435131072998
-3.1859536170959473
5.199343681335449
-5.067447185516357
2.610652208328247
10.028836250305176
3.016233205795288
1.695636510848999
2.9528279304504395
-3.145001173019409
0.5906298756599426
5.41680383682251
-8.308032035827637
-4.452726364135742
4.948796272277832
-3.942427158355713
2.3587279319763184
11.685300827026367
3.1520419120788574
1.4275504350662231
2.94093918800354
-3.39371395111084
0.6498737931251526
4.729254245758057
-8.706291198730469
-5.601826190948486
4.771868705749512
-2.836197853088379
2.235576629638672
13.244955062866211
3.2642767429351807
1.211326241493225
2.915510654449463
-3.5497162342071533
0.6498581171035767
4.09650993347168
-9.160151481628418
-6.69565486907959
4.631282329559326
-1.7074254751205444
2.1540920734405518
14.752344131469727
3.3628182411193848
1.036858320236206
2.877021312713623
-3.621189832687378
0.5360028147697449
3.501431941986084
-9.72370433807373
-7.76685905456543
4.5058112144470215
-0.5799950361251831
2.0681753158569336
16.199447631835938
3.462953567504883
0.8731799721717834
2.8283302783966064
-3.670416831970215
0.33900901675224304
2.9262607097625732
-10.344054222106934
-8.827683448791504
4.416687488555908
0.5558207035064697
2.02614164352417
17.601303100585938
3.561338186264038
0.7054316997528076
2.7542471885681152
-3.735217571258545
0.12629416584968567
2.378652811050415
-10.953306198120117
-9.885430335998535
4.349759578704834
1.7085886001586914
1.9920886754989624
18.95709228515625
3.6495871543884277
0.5469644665718079
2.6326208114624023
-3.806978702545166
-0.10207885503768921
1.8611820936203003
-11.566428184509277
-10.972848892211914
4.3258056640625
2.822681188583374
1.953283667564392
20.1789608001709
3.727293014526367
0.4195745587348938
2.4698197841644287
-3.872204542160034
-0.3360244631767273
1.3861463069915771
-12.13798713684082
-12.034156799316406
4.355576038360596
3.8525609970092773
1.8966917991638184
21.213958740234375
3.796633005142212
0.33162999153137207
2.3048501014709473
-3.9113361835479736
-0.5619586110115051
0.9609965682029724
-12.68193531036377
-13.086991310119629
4.413517951965332
4.828539848327637
1.8152557611465454
22.11955451965332
3.8608546257019043
0.29568105936050415
2.151709794998169
-3.910304307937622
-0.7794206142425537
0.5789209604263306
-13.220488548278809
-14.128996849060059
4.479607105255127
5.776358604431152
1.7041590213775635
22.9368953704834
3.9109416007995605
0.3116137385368347
1.9769437313079834
-3.868194103240967
-0.9905927777290344
0.23836731910705566
-13.776666641235352
-15.165040016174316
4.547572612762451
6.697704792022705
1.5579338073730469
23.670663833618164
3.936284303665161
0.37580037117004395
1.764043927192688
-3.790226697921753
-1.1992453336715698
-0.07043251395225525
-14.334892272949219
-16.20325469970703
4.613484859466553
7.589003562927246
1.3709931373596191
24.31913948059082
3.9333715438842773
0.49114304780960083
1.5123748779296875
-3.676825761795044
-1.4075603485107422
-0.35182029008865356
-14.879405975341797
-17.22553253173828
4.669823169708252
8.443588256835938
1.1414976119995117
24.880592346191406
3.898770332336426
0.6622856855392456
1.2171392440795898
-3.5280163288116455
-1.6187467575073242
-0.6007319092750549
-15.425395011901855
-18.238527297973633
4.709017276763916
9.26315689086914
0.8671964406967163
25.357892990112305
3.8364319801330566
0.8874279856681824
0.8861701488494873
-3.347513437271118
-1.837019920349121
-0.8144356608390808
-15.980375289916992
-19.24937629699707
4.727297306060791
10.05832576751709
0.5454295873641968
25.766996383666992
3.755338668823242
1.1579123735427856
0.5306333303451538
-3.143897294998169
-2.0652716159820557
-0.9958707094192505
-16.549076080322266
-20.263864517211914
4.723181247711182
10.831916809082031
0.17440113425254822
26.115032196044922
3.661431312561035
1.467568039894104
0.15898185968399048
-2.922351360321045
-2.3081259727478027
-1.155301809310913
-17.147132873535156
-21.309383392333984
4.694058895111084
11.584501266479492
-0.24911436438560486
26.40555763244629
3.5526936054229736
1.8124914169311523
-0.2276827096939087
-2.6859428882598877
-2.563974142074585
-1.2970072031021118
-17.771018981933594
-22.383508682250977
4.636379241943359
12.315425872802734
-0.7296566963195801
26.640117645263672
3.422048807144165
2.1853885650634766
-0.6340150833129883
-2.442045211791992
-2.833876132965088
-1.4238940477371216
-18.422128677368164
-23.489776611328125
4.546544551849365
13.023260116577148
-1.2720725536346436
26.81966781616211
3.2687695026397705
2.571349859237671
-1.0568042993545532
-2.206303596496582
