2
3
-7.890780448913574
-8.034382820129395
-8.144076347351074
-5.7195048332214355
4.749310493469238
-6.927980899810791
-1.1257688999176025
0.5486689209938049
-0.48702144622802734
3.2782936096191406
-9.536187171936035
4.182208061218262
-7.56188440322876
-7.8880767822265625
-7.783926963806152
-5.463510513305664
3.8954687118530273
-6.494547367095947
-2.6066603660583496
1.023664951324463
-0.6764152646064758
2.5797061920166016
-10.542021751403809
3.2766849994659424
-7.272994518280029
-7.7520904541015625
-7.476691246032715
-5.222211837768555
3.0834407806396484
-6.102941989898682
-3.995903491973877
1.4311552047729492
-0.9211353659629822
1.9251967668533325
-11.637885093688965
2.3827526569366455
-7.023849010467529
-7.624707221984863
-7.222166538238525
-4.995260715484619
2.3097586631774902
-5.757262229919434
-5.301619529724121
1.7711455821990967
-1.1992803812026978
1.3168197870254517
-12.81043529510498
1.5087486505508423
-6.814450263977051
-7.503462791442871
-7.020312786102295
-4.782820224761963
1.5729063749313354
-5.452274799346924
-6.525973796844482
2.0533297061920166
-1.5117207765579224
0.7476129531860352
-14.081850051879883
0.6925158500671387
-6.6456708908081055
-7.387331008911133
-6.871809005737305
-4.586686134338379
0.8739545345306396
-5.17503023147583
-7.678230285644531
2.305182933807373
-1.8613815307617188
0.2157735824584961
-15.460588455200195
-0.07428902387619019
-6.519207000732422
-7.277129173278809
-6.778508186340332
-4.410159587860107
0.19043433666229248
-4.919849872589111
-8.841447830200195
2.5531435012817383
-2.2678873538970947
-0.2707671523094177
-16.976463317871094
-0.7823517918586731
-6.4390339851379395
-7.173267841339111
-6.7461113929748535
-4.2570271492004395
-0.5063609480857849
-4.702574729919434
-10.114313125610352
2.778219223022461
-2.7965803146362305
-0.7026793360710144
-18.704795837402344
-1.4053966999053955
-6.412829399108887
-7.076575756072998
-6.7868523597717285
-4.131619453430176
-1.2162456512451172
-4.5141448974609375
-11.492677688598633
2.9839608669281006
-3.4434924125671387
-1.1072981357574463
-20.643781661987305
-1.993228793144226
-6.447815418243408
-6.988887786865234
-6.91400146484375
-4.040130615234375
-1.9451572895050049
-4.345688819885254
-12.984245300292969
3.171945095062256
-4.150439739227295
-1.4996163845062256
-22.751497268676758
-2.5761241912841797
-6.548959255218506
-6.911736011505127
-7.137794494628906
-3.986213445663452
-2.707156181335449
-4.187802314758301
-14.62529182434082
3.34853196144104
-4.912865161895752
-1.8799782991409302
-25.032344818115234
-3.1586174964904785
-6.721617221832275
-6.8469438552856445
-7.470992088317871
-3.973491668701172
-3.522242546081543
-4.038520812988281
-16.43478012084961
3.5321648120880127
-5.727575302124023
-2.2462615966796875
-27.495040893554688
-3.7428576946258545
-6.960862636566162
-6.790363788604736
-7.916597366333008
-3.9928030967712402
-4.4194111824035645
-3.8996124267578125
-18.43400001525879
3.7395942211151123
-6.600208759307861
-2.6025028228759766
-30.153213500976562
-4.334391117095947
-7.270523548126221
-6.745245933532715
-8.494203567504883
-4.052430152893066
-5.396374702453613
-3.7801010608673096
-20.621286392211914
3.961712598800659
-7.535611152648926
-2.9538612365722656
-33.01692581176758
-4.942410469055176
-7.648151397705078
-6.7145161628723145
-9.207324981689453
-4.147358417510986
-6.4280500411987305
-3.6926398277282715
-22.98360252380371
4.181473255157471
-8.560226440429688
-3.306422233581543
-36.1190299987793
-5.569823265075684
-8.101290702819824
-6.7010602951049805
-10.081737518310547
-4.289412975311279
-7.494027614593506
-3.6468894481658936
-25.510684967041016
4.391610145568848
-9.70514965057373
-3.6667447090148926
-39.478275299072266
-6.211104393005371
-8.64260482788086
-6.712718486785889
-11.122147560119629
-4.4839277267456055
-8.586268424987793
-3.6403934955596924
-28.20100212097168
4.5986104011535645
-10.9611234664917
-4.0375189781188965
-43.07040786743164
-6.8668413162231445
-9.271234512329102
-6.745546817779541
-12.332616806030273
-4.7305097579956055
-9.717374801635742
-3.6614129543304443
-31.068588256835938
4.805064678192139
-12.295791625976562
-4.424352169036865
-46.8641242980957
-7.543613910675049
-9.991336822509766
-6.80117654800415
-13.711896896362305
-5.027848243713379
-10.889102935791016
-3.700876235961914
-34.11708068847656
5.009232044219971
-13.703062057495117
-4.827363967895508
-50.874755859375
-8.245267868041992
-10.79751205444336
-6.874073028564453
-15.262619018554688
-5.36953067779541
-12.101302146911621
-3.752060890197754
-37.34457015991211
5.211208343505859
-15.18874740600586
-5.244825839996338
-55.137168884277344
-8.974016189575195
