2
3
4.050013542175293
-3.787999391555786
-11.615416526794434
-2.2087228298187256
-5.6009721755981445
3.02813458442688
14.655740737915039
-8.124563217163086
3.0362937450408936
4.357748031616211
1.9859213829040527
5.337504863739014
2.0799460411071777
-3.2199788093566895
-12.064264297485352
-0.6987025737762451
-2.9380195140838623
1.3639484643936157
15.65096664428711
-8.501373291015625
2.771031618118286
5.078480243682861
0.9273133277893066
3.3473052978515625
0.16903650760650635
-2.4952573776245117
-11.588165283203125
0.43267369270324707
-0.17483830451965332
-0.2767843008041382
15.875927925109863
-8.632445335388184
2.4448323249816895
5.479167938232422
0.2848266363143921
1.2607078552246094
-1.5990782976150513
-1.6210689544677734
-10.244453430175781
0.9600929617881775
2.709285259246826
-1.7982312440872192
14.895140647888184
-8.278646469116211
2.034627914428711
5.603281021118164
0.21062634885311127
-0.892035961151123
-3.237367630004883
-0.5710573196411133
-7.797298431396484
0.4089399576187134
5.427871227264404
-3.0923233032226562
12.968963623046875
-7.403741836547852
1.680984377861023
5.441415309906006
0.6376886367797852
-2.9193825721740723
-4.532498836517334
0.2935336232185364
-4.480653285980225
-0.5874782800674438
7.658608436584473
-4.04311466217041
10.256402015686035
-5.9138007164001465
1.5202264785766602
4.995479106903076
1.2956018447875977
-4.763080596923828
-5.166662693023682
0.832770824432373
-0.8912701606750488
-1.8633242845535278
9.081315994262695
-4.4243669509887695
6.881619930267334
-4.167848587036133
1.5605491399765015
4.254441738128662
2.187725067138672
-6.192471981048584
-4.969734191894531
0.9245208501815796
2.4709811210632324
-3.051628589630127
9.446704864501953
-4.302817344665527
3.969130754470825
-3.11006498336792
1.8841311931610107
3.213913917541504
3.033358335494995
-7.14750337600708
-4.271286964416504
0.6991301774978638
5.240121841430664
-4.051956653594971
9.158745765686035
-3.789402961730957
1.7848186492919922
-2.739445447921753
2.1714107990264893
2.048131227493286
4.19423246383667
-8.059021949768066
-3.2716598510742188
0.34100648760795593
7.611015796661377
-5.182504653930664
8.478425025939941
-3.1537294387817383
-0.06702852249145508
-2.52616810798645
2.6623809337615967
0.8744127750396729
5.192994594573975
-8.833009719848633
-2.112748146057129
-0.15234670042991638
9.771745681762695
-6.232547283172607
7.512782096862793
-2.468383312225342
-1.463282585144043
-2.500202178955078
3.331058979034424
-0.333118200302124
5.908334732055664
-9.36055850982666
-0.69724440574646
-0.816474437713623
11.480588912963867
-7.169922351837158
6.358343601226807
-1.7705771923065186
-2.2402334213256836
-2.7607784271240234
3.9342761039733887
-1.4292216300964355
6.490907192230225
-9.751222610473633
0.9330518245697021
-1.627824306488037
12.729657173156738
-7.978333473205566
5.117572784423828
-1.1152819395065308
-2.30112361907959
-3.344451665878296
4.401081085205078
-2.3004062175750732
6.998164653778076
-10.213918685913086
2.7151570320129395
-2.5377631187438965
13.472601890563965
-8.592029571533203
3.8682117462158203
-0.5591874718666077
-1.4573299884796143
-4.370125770568848
4.836294174194336
-3.0724334716796875
7.52100944519043
-10.6870698928833
4.557955741882324
-3.4663753509521484
13.642599105834961
-8.993789672851562
2.749953031539917
-0.1631525456905365
0.2035510540008545
-5.832528114318848
5.2869768142700195
-3.8156163692474365
8.186135292053223
-11.148545265197754
6.317907810211182
-4.306794166564941
13.28184986114502
-9.22740650177002
1.8465129137039185
0.008170127868652344
2.645279884338379
-7.743692398071289
5.779296875
-4.532522201538086
9.019365310668945
-11.606649398803711
7.725249290466309
-4.916011333465576
13.024117469787598
-9.63015079498291
1.3605000972747803
-0.25344008207321167
5.403308868408203
-9.658817291259766
6.384663105010986
-5.263176918029785
9.91660213470459
-12.021740913391113
8.777494430541992
-5.414145469665527
13.198211669921875
-10.386218070983887
1.3139734268188477
-0.9372643828392029
8.279010772705078
-11.447616577148438
7.112147808074951
-6.109694004058838
11.005741119384766
-12.606258392333984
9.778846740722656
-6.003303527832031
13.548726081848145
-11.202560424804688
1.7399179935455322
-1.9644763469696045
11.163597106933594
-13.054609298706055
7.969738483428955
-7.037456512451172
12.157002449035645
-13.281875610351562
10.733875274658203
-6.733087062835693
14.213380813598633
-12.150774002075195
2.626732349395752
-3.264317035675049
14.015396118164062
-14.549137115478516
8.886850357055664
-8.042031288146973
13.522644996643066
-14.100709915161133
