2
3
8.616870880126953
-1.6091234683990479
2.9781956672668457
4.499124526977539
-4.50376033782959
7.55026912689209
-0.59180748462677
-6.745057106018066
6.220816135406494
-1.9187772274017334
-7.625624656677246
6.895803451538086
8.11642837524414
-0.9844008088111877
1.7871801853179932
5.435601711273193
-3.551389217376709
6.699723243713379
1.0343130826950073
-8.097355842590332
5.6284918785095215
-1.2897182703018188
-8.799513816833496
7.977576732635498
7.62657356262207
-0.3714054822921753
0.6627566814422607
6.289239883422852
-2.6655664443969727
5.913521766662598
2.5565080642700195
-9.36563777923584
5.081823348999023
-0.6908241510391235
-9.870800018310547
8.977380752563477
7.162309646606445
0.19937801361083984
-0.32261645793914795
7.057401657104492
-1.8728833198547363
5.162530422210693
3.9392611980438232
-10.607439041137695
4.523420810699463
-0.08524829149246216
-10.972567558288574
10.018428802490234
6.689059257507324
0.7391400933265686
-1.237684726715088
7.772195816040039
-1.1531047821044922
4.420710563659668
5.195596218109131
-11.926432609558105
3.9371345043182373
0.5288975238800049
-12.1322021484375
11.111367225646973
6.213828086853027
1.2813889980316162
-2.0263545513153076
8.458002090454102
-0.44086122512817383
3.650876045227051
6.3655686378479
-13.324812889099121
3.3219218254089355
1.1487420797348022
-13.348847389221191
12.25049114227295
5.730246067047119
1.8107011318206787
-2.7787256240844727
9.13200855255127
0.27679455280303955
2.8666915893554688
7.492494583129883
-14.715130805969238
2.6885600090026855
1.7688450813293457
-14.620444297790527
13.432110786437988
5.279528617858887
2.3540985584259033
-3.420043468475342
9.864557266235352
1.004579782485962
2.0379483699798584
8.570396423339844
-16.094202041625977
2.0607311725616455
2.3696138858795166
-15.921809196472168
14.655794143676758
4.842360019683838
2.895504951477051
-4.0432844161987305
10.618997573852539
1.744280219078064
1.1679799556732178
9.570907592773438
-17.399375915527344
1.467177391052246
2.9397077560424805
-17.23092269897461
15.900330543518066
4.41942834854126
3.407048225402832
-4.6789350509643555
11.348749160766602
2.4523258209228516
0.3523726463317871
10.37774658203125
-18.493837356567383
0.8972733616828918
3.467418670654297
-18.571195602416992
17.132041931152344
4.029871940612793
3.864569902420044
-5.3257269859313965
12.019990921020508
3.107966899871826
-0.41408252716064453
11.0293550491333
-19.44892120361328
0.3284676671028137
3.9730966091156006
-19.963899612426758
18.358715057373047
3.686304807662964
4.2374796867370605
-5.98342227935791
12.618298530578613
3.7086966037750244
-1.1477041244506836
11.558440208435059
-20.31487274169922
-0.22626608610153198
4.4493184089660645
-21.400814056396484
19.57842254638672
3.379955291748047
4.543493270874023
-6.656778335571289
13.164816856384277
4.240520000457764
-1.816499948501587
11.943404197692871
-21.078838348388672
-0.7646709680557251
4.89278507232666
-22.873239517211914
20.794742584228516
3.089247465133667
4.811945915222168
-7.348448753356934
13.692227363586426
4.708637714385986
-2.4388856887817383
12.199895858764648
-21.758317947387695
-1.2904483079910278
5.301834583282471
-24.37961196899414
22.010129928588867
2.8030142784118652
5.053084850311279
-8.065641403198242
14.209997177124023
5.117729663848877
-3.0107421875
12.30148983001709
-22.339675903320312
-1.8077826499938965
5.678117275238037
-25.922115325927734
23.22751235961914
2.5278799533843994
5.255716800689697
-8.803414344787598
14.708468437194824
5.4783501625061035
-3.5538687705993652
12.28237247467041
-22.85595703125
-2.3174526691436768
6.026897430419922
-27.504287719726562
24.451705932617188
2.255596876144409
5.432632923126221
-9.572449684143066
15.199959754943848
5.794279098510742
-4.078197479248047
12.160379409790039
-23.332189559936523
-2.821756362915039
6.352494716644287
-29.130277633666992
25.68665885925293
1.9871982336044312
5.581374168395996
-10.383221626281738
15.683442115783691
6.071013927459717
-4.593731880187988
11.94728946685791
-23.78998374938965
-3.3247060775756836
6.658270835876465
-30.805126190185547
26.935762405395508
1.7266392707824707
5.694390773773193
-11.239949226379395
16.15619468688965
6.306338787078857
-5.0987701416015625
11.644610404968262
-24.231857299804688
-3.8294429779052734
6.94631814956665
-32.53360366821289
28.201278686523438
1.4683330059051514
5.7780585289001465
-12.142488479614258
16.62612533569336
6.497946739196777
-5.59187126159668
11.250758171081543
-24.658601760864258
-4.3383870124816895
7.218411922454834
-34.31996536254883
29.48503875732422
