2
3
-9.255034446716309
7.0839104652404785
-4.616652488708496
-1.7030291557312012
-5.92262601852417
-2.5254569053649902
-4.85226583480835
7.791951656341553
-5.965952396392822
-4.123789310455322
-8.42636775970459
4.469570636749268
-9.035789489746094
6.189671516418457
-4.56040096282959
-3.1704530715942383
-6.253183364868164
-1.930663824081421
-5.355905532836914
8.715250015258789
-6.552309036254883
-3.3342370986938477
-9.271961212158203
5.572406768798828
-8.858582496643066
5.367802143096924
-4.540384292602539
-4.546814441680908
-6.620475769042969
-1.3472681045532227
-5.947587966918945
9.638710975646973
-7.11196756362915
-2.590548038482666
-10.125123023986816
6.627864360809326
-8.766222953796387
4.640296936035156
-4.623213768005371
-5.789975643157959
-7.026910781860352
-0.7454589605331421
-6.594429016113281
10.614387512207031
-7.661061763763428
-1.908959150314331
-11.091151237487793
7.648621082305908
-8.775836944580078
3.9874119758605957
-4.834014892578125
-6.932336807250977
-7.466123104095459
-0.1259288787841797
-7.2833051681518555
11.636808395385742
-8.223885536193848
-1.232586145401001
-12.184680938720703
8.67594051361084
-8.890080451965332
3.375946283340454
-5.172682762145996
-8.036065101623535
-7.937391757965088
0.5106886625289917
-8.017016410827637
12.704166412353516
-8.813774108886719
-0.5670997500419617
-13.376197814941406
9.736151695251465
-9.090033531188965
2.7912278175354004
-5.639666557312012
-9.17505168914795
-8.44174861907959
1.1612496376037598
-8.803182601928711
13.812597274780273
-9.45913314819336
0.09094524383544922
-14.675868034362793
10.849445343017578
-9.356325149536133
2.2098450660705566
-6.240584850311279
-10.389965057373047
-8.983931541442871
1.8328135013580322
-9.663039207458496
14.972125053405762
-10.154468536376953
0.7508170008659363
-16.08098030090332
12.011207580566406
-9.68343448638916
1.6022168397903442
-7.002940654754639
-11.737558364868164
-9.56316089630127
2.5183355808258057
-10.597118377685547
16.172649383544922
-10.89473819732666
1.4163317680358887
-17.59504508972168
13.221845626831055
-10.042174339294434
0.9853562712669373
-7.849340438842773
-13.126533508300781
-10.142721176147461
3.1702091693878174
-11.589908599853516
17.36090087890625
-11.615375518798828
2.029874324798584
-19.186134338378906
14.45797348022461
-10.425284385681152
0.4080294966697693
-8.738518714904785
-14.469399452209473
-10.69970989227295
3.754265546798706
-12.639999389648438
18.50544548034668
-12.293988227844238
2.5736632347106934
-20.82733917236328
15.665740013122559
-10.844063758850098
-0.13516169786453247
-9.69552993774414
-15.791741371154785
-11.26105785369873
4.296409606933594
-13.76569938659668
19.619478225708008
-12.972464561462402
3.0881638526916504
-22.55965805053711
16.863052368164062
-11.303977966308594
-0.6385671496391296
-10.719515800476074
-17.081880569458008
-11.843457221984863
4.811761379241943
-14.975213050842285
20.719146728515625
-13.666330337524414
3.5848960876464844
-24.40064239501953
18.060117721557617
-11.806790351867676
-1.1147533655166626
-11.823495864868164
-18.378009796142578
-12.454946517944336
5.308108806610107
-16.276634216308594
21.81560707092285
-14.39040470123291
4.070472240447998
-26.36440086364746
19.271059036254883
-12.355999946594238
-1.5726253986358643
-13.018790245056152
-19.704757690429688
-13.098945617675781
5.788697242736816
-17.67399787902832
22.91485023498535
-15.148579597473145
4.547255039215088
-28.460487365722656
20.49814224243164
-12.95485782623291
-2.0142955780029297
-14.307168006896973
-21.067123413085938
-13.77733039855957
6.25413703918457
-19.171377182006836
24.01934814453125
-15.9432373046875
5.016348838806152
-30.698135375976562
21.742111206054688
-13.6055908203125
-2.4397597312927246
-15.686986923217773
-22.462936401367188
-14.494500160217285
6.7069315910339355
-20.777141571044922
25.132808685302734
-16.77738380432129
5.478966236114502
-33.0865364074707
23.00504493713379
-14.3093843460083
-2.8478405475616455
-17.15524673461914
-23.886959075927734
-15.256343841552734
7.151018142700195
-22.507694244384766
26.264781951904297
-17.655284881591797
5.93651008605957
-35.63526153564453
24.29146957397461
-15.06799030303955
-3.2492284774780273
-18.728437423706055
-25.36870002746582
-16.06859016418457
7.590193748474121
-24.37544822692871
27.422779083251953
-18.58138656616211
6.390677452087402
-38.35550308227539
25.60597801208496
-15.882875442504883
-3.6454286575317383
-20.413965225219727
-26.915067672729492
-16.935949325561523
8.026464462280273
-26.392227172851562
28.611848831176758
-19.55953598022461
6.8425469398498535
-41.25883865356445
26.951457977294922
