2
3
7.4917988777160645
4.192584037780762
3.4317920207977295
-7.661227703094482
4.032154560089111
3.6713263988494873
-7.3097076416015625
-13.205272674560547
-3.8374176025390625
-10.850875854492188
13.125707626342773
-3.210982322692871
7.046523094177246
3.6998913288116455
1.9594107866287231
-10.274385452270508
2.525852680206299
2.74065899848938
-6.677395820617676
-15.665950775146484
-1.5152010917663574
-10.586723327636719
13.588717460632324
-1.328140139579773
6.551083564758301
3.0202865600585938
0.8504927158355713
-12.756827354431152
1.2694066762924194
1.4655616283416748
-5.352630615234375
-17.72666358947754
0.6590051651000977
-10.009851455688477
13.4627103805542
0.5247141122817993
6.09330940246582
2.090615749359131
0.19242054224014282
-15.035975456237793
0.337796688079834
-0.09532046318054199
-3.3746695518493652
-19.44746971130371
2.5758683681488037
-9.08643627166748
12.785422325134277
2.2157440185546875
5.672789096832275
0.8517751693725586
0.01161310076713562
-17.08318328857422
-0.13126420974731445
-1.8974452018737793
-1.255932331085205
-20.816265106201172
4.113031387329102
-7.836895942687988
11.757139205932617
3.4921562671661377
5.380639553070068
-0.7333014011383057
0.1302499622106552
-18.733566284179688
-0.12547174096107483
-3.9149250984191895
0.6608457565307617
-22.006807327270508
5.2137250900268555
-6.404341220855713
10.664589881896973
4.309589385986328
5.164234638214111
-2.5230913162231445
0.7807800769805908
-20.199623107910156
0.2169477939605713
-6.149578094482422
2.5029280185699463
-22.882078170776367
6.011228084564209
-4.861608505249023
9.606127738952637
4.70736026763916
5.022154331207275
-4.469180107116699
1.880459189414978
-21.471529006958008
0.8196467161178589
-8.491840362548828
4.275980472564697
-23.3918399810791
6.541340351104736
-3.3041186332702637
8.6124906539917
4.535116672515869
5.044634819030762
-6.586000919342041
3.261467456817627
-22.47797966003418
1.641743779182434
-10.866880416870117
5.889601707458496
-23.5262451171875
6.784656047821045
-1.867875337600708
7.85936164855957
3.6393911838531494
5.278172016143799
-8.861470222473145
4.784139633178711
-23.151836395263672
2.635230541229248
-13.192358016967773
7.277247428894043
-23.283924102783203
6.811460494995117
-0.6980516910552979
7.073454856872559
2.108555555343628
5.750125885009766
-11.278162002563477
6.307148456573486
-23.417259216308594
3.737633228302002
-15.378508567810059
8.423323631286621
-22.711729049682617
6.688096046447754
0.16136682033538818
6.483513355255127
-0.19968271255493164
6.475693702697754
-13.774511337280273
7.652772903442383
-23.217849731445312
4.902919769287109
-17.3510684967041
9.30078125
-21.961231231689453
6.369958400726318
0.7062094807624817
6.672298908233643
-3.510679244995117
7.381067752838135
-16.133052825927734
8.675832748413086
-22.61817741394043
6.062717437744141
-19.02655601501465
9.967351913452148
-21.139375686645508
5.835416793823242
1.000072717666626
7.974411964416504
-8.28016471862793
8.354759216308594
-18.219417572021484
9.463086128234863
-21.595088958740234
7.1550116539001465
-20.399751663208008
10.56441593170166
-20.34237289428711
5.564665794372559
0.5919628143310547
9.768842697143555
-13.103050231933594
9.225046157836914
-19.87152671813965
10.61633586883545
-21.832679748535156
8.211063385009766
-21.556320190429688
11.473360061645508
-20.525569915771484
5.707711219787598
-0.5935385227203369
11.784455299377441
-17.490203857421875
10.156105041503906
-21.37278175354004
11.946293830871582
-22.520503997802734
9.287467002868652
-22.6024227142334
12.527477264404297
-21.03968620300293
6.300719261169434
-2.3833250999450684
13.992112159729004
-21.371990203857422
10.926738739013672
-22.47675323486328
13.53856086730957
-23.95655632019043
10.04883861541748
-23.26637077331543
13.731119155883789
-22.25276756286621
7.265715599060059
-4.534696578979492
16.471881866455078
-25.066314697265625
11.56885814666748
-23.495609283447266
15.329673767089844
-25.790624618530273
10.718973159790039
-23.937175750732422
15.211142539978027
-23.848575592041016
8.568896293640137
-6.975066184997559
19.075170516967773
-28.64003562927246
12.228914260864258
-24.569276809692383
17.426464080810547
-27.972217559814453
11.344575881958008
-24.649818420410156
17.166017532348633
-25.901063919067383
10.175705909729004
-9.689637184143066
21.797168731689453
-32.15283203125
12.945061683654785
-25.740047454833984
19.958053588867188
-30.588878631591797
11.821117401123047
-25.34986114501953
19.931604385375977
-28.6185359954834
12.057921409606934
-12.643386840820312
24.635026931762695
-35.64824676513672
