2
3
2.08638334274292
-6.493249893188477
-3.53546142578125
2.0956945419311523
-3.2655105590820312
-8.984919548034668
-3.3875958919525146
-0.8476341962814331
-4.1269330978393555
-2.830714225769043
4.024803638458252
-0.2937511205673218
1.0899025201797485
-5.872003555297852
-4.551754951477051
1.8710352182388306
-3.4695706367492676
-8.859536170959473
-2.694641590118408
0.4272489547729492
-3.025127410888672
-3.374528408050537
4.174077033996582
-1.3208128213882446
0.011294722557067871
-5.305335998535156
-4.890079498291016
1.5526756048202515
-3.5540523529052734
-8.47924518585205
-2.0929975509643555
1.2631945610046387
-1.9204132556915283
-4.027045726776123
3.882873296737671
-2.0262577533721924
-1.0164026021957397
-4.82196044921875
-4.682578086853027
1.011125087738037
-3.5186989307403564
-8.000409126281738
-1.606980800628662
1.7923709154129028
-0.875481367111206
-4.751718044281006
2.9958839416503906
-2.3588526248931885
-1.847541093826294
-4.529788970947266
-4.161871910095215
0.38510727882385254
-3.4112632274627686
-7.448646545410156
-1.1971499919891357
1.992125153541565
-0.04099464416503906
-5.503829479217529
1.6719970703125
-2.2118334770202637
-2.4473729133605957
-4.45408296585083
-3.4645938873291016
-0.20456326007843018
-3.2693750858306885
-6.864950180053711
-0.7867355346679688
1.8102116584777832
0.47096967697143555
-6.139321804046631
0.18329381942749023
-1.7008928060531616
-2.8214752674102783
-4.569865703582764
-2.618083953857422
-0.6753882169723511
-3.071319580078125
-6.347958087921143
-0.4219955801963806
1.3828513622283936
0.5698951482772827
-6.549472808837891
-1.2160329818725586
-0.9481962323188782
-2.9590234756469727
-4.842406272888184
-1.9129478931427002
-0.9087141752243042
-2.7760519981384277
-5.984940052032471
-0.35983309149742126
0.9717605113983154
0.2930479943752289
-6.657590866088867
-2.1937763690948486
-0.339333713054657
-2.9680674076080322
-5.152431488037109
-1.4409273862838745
-1.0120190382003784
-2.484860897064209
-5.77129602432251
-0.5376819968223572
0.6267113089561462
-0.19043758511543274
-6.542209625244141
-2.7791950702667236
0.012959063053131104
-2.850398302078247
-5.47867488861084
-1.1810513734817505
-0.989208996295929
-2.228821039199829
-5.655538558959961
-0.8805347084999084
0.3296671509742737
-0.7361510992050171
-6.317991256713867
-3.1140336990356445
0.16150632500648499
-2.645764112472534
-5.786649703979492
-1.1832695007324219
-0.8284650444984436
-2.058885335922241
-5.58713960647583
-1.2887359857559204
0.0554317831993103
-1.2861604690551758
-6.06147575378418
-3.226121664047241
0.12859030067920685
-2.4164750576019287
-6.026189804077148
-1.4417468309402466
-0.5738785862922668
-1.9853336811065674
-5.562474250793457
-1.694337248802185
-0.16524112224578857
-1.796271562576294
-5.839601516723633
-3.1614317893981934
-0.020778030157089233
-2.2522037029266357
-6.147947311401367
-1.861418604850769
-0.33900579810142517
-1.9947854280471802
-5.579211235046387
-2.0937767028808594
-0.2970260977745056
-2.2157809734344482
-5.705911636352539
-3.0331521034240723
-0.17327392101287842
-2.210721254348755
-6.153585910797119
-2.3284525871276855
-0.20020867884159088
-2.079573154449463
-5.617942810058594
-2.4761979579925537
-0.35384485125541687
-2.5200188159942627
-5.657448768615723
-2.9506776332855225
-0.2803226113319397
-2.281169891357422
-6.088740825653076
-2.776080846786499
-0.1550634801387787
-2.2220587730407715
-5.660043716430664
-2.843869209289551
-0.3698814809322357
-2.723297119140625
-5.664189338684082
-2.983928680419922
-0.33803966641426086
-2.4309797286987305
-6.000638961791992
-3.1998562812805176
-0.16605746746063232
-2.4020228385925293
-5.695199012756348
-3.2160139083862305
-0.36655130982398987
-2.868497133255005
-5.694020748138428
-3.1448006629943848
-0.3597930371761322
-2.6312758922576904
-5.916427135467529
-3.6118783950805664
-0.2022043913602829
-2.6103711128234863
-5.717650890350342
-3.6055359840393066
-0.3594513535499573
-2.9902284145355225
-5.728504657745361
-3.4246671199798584
-0.3604492247104645
-2.8637313842773438
-5.846958637237549
-4.033397197723389
-0.24538196623325348
-2.842871904373169
-5.727259159088135
-4.023189544677734
-0.3566531538963318
-3.1166932582855225
-5.755696773529053
-3.812258720397949
-0.35149067640304565
-3.118058681488037
-5.793896198272705
-4.491851329803467
-0.2846169173717499
-3.0966920852661133
-5.72722864151001
-4.48549222946167
-0.35762783885002136
-3.2716386318206787
-5.767770767211914
-4.292694091796875
-0.34247860312461853
-3.3919198513031006
-5.75408411026001
-5.010983467102051
-0.3146429657936096
-3.371513605117798
-5.720346450805664
-5.010184288024902
-0.359235942363739
-3.467745304107666
-5.764179706573486
-4.8567914962768555
-0.3375074565410614
