2
3
8.687479019165039
4.109943866729736
7.292791843414307
-1.7424677610397339
5.333986282348633
7.548439979553223
-2.942457675933838
-7.390139102935791
-9.032319068908691
2.4497807025909424
-5.780630588531494
-4.782261371612549
8.282896041870117
3.9702506065368652
5.921975612640381
-1.7824969291687012
4.951051712036133
7.044773101806641
-4.206974029541016
-8.318144798278809
-8.125606536865234
2.427460193634033
-4.532047271728516
-4.756928443908691
7.831398963928223
3.8298544883728027
4.533774375915527
-1.8458689451217651
4.577402591705322
6.539219379425049
-5.393672943115234
-9.270084381103516
-7.2375383377075195
2.388747453689575
-3.2757740020751953
-4.745853424072266
7.323975563049316
3.7009496688842773
3.1169607639312744
-1.9375230073928833
4.234183311462402
6.009722709655762
-6.480581760406494
-10.30347728729248
-6.359441757202148
2.337083339691162
-1.987473487854004
-4.737185478210449
6.784481048583984
3.584105968475342
1.7045631408691406
-2.065101385116577
3.886659622192383
5.458456993103027
-7.5192389488220215
-11.405848503112793
-5.48588752746582
2.281794309616089
-0.6578192710876465
-4.722592353820801
6.230077266693115
3.4684600830078125
0.3361903429031372
-2.23059344291687
3.5313880443573
4.884298324584961
-8.536251068115234
-12.586836814880371
-4.6502685546875
2.2185652256011963
0.645972490310669
-4.737922668457031
5.656525611877441
3.343653917312622
-0.9793516397476196
-2.433624744415283
3.1642205715179443
4.2895026206970215
-9.565544128417969
-13.852252006530762
-3.840653657913208
2.1539690494537354
1.9524396657943726
-4.789145469665527
5.0820417404174805
3.218337059020996
-2.2205123901367188
-2.6745619773864746
2.775228977203369
3.6637449264526367
-10.637089729309082
-15.244436264038086
-3.0701489448547363
2.0768301486968994
3.215240478515625
-4.876354217529297
4.531242370605469
3.0893561840057373
-3.3582992553710938
-2.9530210494995117
2.345536231994629
2.9880971908569336
-11.761065483093262
-16.81058120727539
-2.34322190284729
1.9779341220855713
4.400032043457031
-5.019294738769531
4.0291666984558105
2.936269760131836
-4.383363723754883
-3.285757303237915
1.8716853857040405
2.257709503173828
-12.938823699951172
-18.559402465820312
-1.6609946489334106
1.8327215909957886
5.494035243988037
-5.24605655670166
3.5517842769622803
2.7394139766693115
-5.339474678039551
-3.696742534637451
1.3619296550750732
1.4749696254730225
-14.188394546508789
-20.4923038482666
-1.011669635772705
1.6387627124786377
6.529576778411865
-5.5064377784729
3.0702810287475586
2.4872515201568604
-6.271496295928955
-4.205597877502441
0.8247166275978088
0.6264625787734985
-15.497716903686523
-22.627365112304688
-0.3802870512008667
1.3616917133331299
7.527947902679443
-5.812595367431641
2.560061454772949
2.1723718643188477
-7.25020694732666
-4.826112270355225
0.2632506489753723
-0.2992774248123169
-16.8642578125
-25.00102424621582
0.24345529079437256
1.0097993612289429
8.516132354736328
-6.172946929931641
2.028947591781616
1.8078668117523193
-8.291600227355957
-5.548318862915039
-0.33721810579299927
-1.3198398351669312
-18.321624755859375
-27.636611938476562
0.8646440505981445
0.6008050441741943
9.491101264953613
-6.594963550567627
1.4931741952896118
1.4050586223602295
-9.381031036376953
-6.366135597229004
-0.9781121611595154
-2.439568519592285
-19.887638092041016
-30.52789878845215
1.4431138038635254
0.15535098314285278
10.369868278503418
-7.065517425537109
0.9673422574996948
0.9633944630622864
-10.498092651367188
-7.263716220855713
-1.6559479236602783
-3.636077404022217
-21.537776947021484
-33.65536880493164
1.9780447483062744
-0.3277019262313843
11.122693061828613
-7.6058783531188965
0.46420860290527344
0.4890815019607544
-11.640155792236328
-8.239151954650879
-2.356309413909912
-4.891207695007324
-23.241994857788086
-36.992759704589844
2.479840040206909
-0.8386715650558472
11.737602233886719
-8.2167387008667
-0.01951122283935547
-0.022065579891204834
-12.80356216430664
-9.30274486541748
-3.0617852210998535
-6.1803412437438965
-24.970230102539062
-40.49892807006836
2.958172082901001
-1.3862957954406738
12.242528915405273
-8.902754783630371
-0.4816631078720093
-0.5695117115974426
-13.980748176574707
-10.462574005126953
-3.749178886413574
-7.469356060028076
-26.699413299560547
-44.117088317871094
3.412014961242676
-1.9789180755615234
12.650779724121094
-9.673537254333496
-0.9328625202178955
-1.1606183052062988
-15.174530029296875
-11.730608940124512
-4.404027938842773
-8.746731758117676
-28.441654205322266
-47.84919738769531
3.839153289794922
-2.621638298034668
12.963247299194336
-10.535094261169434
