2
3
-5.561848163604736
3.2157418727874756
3.276041030883789
6.154080867767334
6.802087783813477
3.6179580688476562
0.8139823079109192
-3.2629446983337402
8.654990196228027
3.113356351852417
3.8905227184295654
0.10347513854503632
-4.793597221374512
3.855203628540039
5.916210174560547
5.407460689544678
6.488049030303955
2.9722042083740234
-0.23888152837753296
-2.9548261165618896
8.449938774108887
2.9853925704956055
1.5663464069366455
0.4471430778503418
-3.796522378921509
4.289593696594238
8.050296783447266
4.795736312866211
5.980764389038086
2.487734079360962
-1.2151585817337036
-2.5420193672180176
7.885341644287109
3.0462656021118164
-0.2136249542236328
0.591415524482727
-2.4109880924224854
4.440828800201416
9.52285099029541
4.397702217102051
5.301265716552734
2.1692774295806885
-1.8874083757400513
-2.005092144012451
7.1038994789123535
3.190473794937134
-1.6977546215057373
0.6827611327171326
-0.7476059198379517
4.497310161590576
10.116802215576172
4.028199195861816
4.539659023284912
1.9480093717575073
-2.1178653240203857
-1.2755985260009766
6.161192893981934
3.4073452949523926
-2.5753631591796875
0.673453152179718
0.987119197845459
4.505098342895508
10.044962882995605
3.695627450942993
3.840813398361206
1.8215667009353638
-2.028644561767578
-0.3937551975250244
5.163913249969482
3.634693145751953
-2.8414416313171387
0.5303071141242981
2.6641597747802734
4.494016170501709
9.400761604309082
3.4173223972320557
3.248546600341797
1.8380303382873535
-1.6420936584472656
0.46010494232177734
4.198127746582031
3.791901111602783
-2.5630950927734375
0.3802647590637207
4.164370536804199
4.489877223968506
8.278343200683594
3.188197135925293
2.775339126586914
2.021663188934326
-0.9633289575576782
1.1079256534576416
3.3635616302490234
3.825727939605713
-1.8574981689453125
0.4084673821926117
5.378986358642578
4.517956256866455
6.774207592010498
2.9816250801086426
2.433955192565918
2.3059420585632324
-0.027028024196624756
1.5437170267105103
2.741171360015869
3.772134304046631
-0.8408583402633667
0.5766327381134033
6.207019329071045
4.579390525817871
4.900007247924805
2.762099504470825
2.2600595951080322
2.604681968688965
1.0673408508300781
1.8562122583389282
2.3638360500335693
3.6663875579833984
0.4049651622772217
0.8604166507720947
6.537325382232666
4.677749156951904
3.328329086303711
2.4792895317077637
2.315171480178833
2.854330539703369
2.0738415718078613
2.140249252319336
2.284996747970581
3.5316548347473145
1.674009919166565
1.2577052116394043
6.431263446807861
4.762025833129883
2.2976458072662354
2.2046525478363037
2.587225914001465
3.056525945663452
2.7871315479278564
2.4045121669769287
2.4968137741088867
3.413844347000122
2.638110876083374
1.7292544841766357
6.078827381134033
4.813592433929443
1.7864232063293457
2.017428398132324
2.9726157188415527
3.2428274154663086
3.2551636695861816
2.655850410461426
2.8953826427459717
3.3845043182373047
3.229034185409546
2.1290249824523926
5.686612606048584
4.820948123931885
1.659916639328003
1.9356756210327148
3.40679931640625
3.42838716506958
3.54815936088562
2.8940114974975586
3.368058919906616
3.420741319656372
3.563032388687134
2.5063819885253906
5.346611499786377
4.7899250984191895
1.814855694770813
1.9361778497695923
3.849384069442749
3.624696731567383
3.720259666442871
3.0943470001220703
3.8490560054779053
3.520134449005127
3.734055519104004
2.836442232131958
5.1044602394104
4.725982666015625
2.1749210357666016
2.0340824127197266
4.269924163818359
3.836699962615967
3.8206827640533447
3.2512638568878174
4.296621322631836
3.678335428237915
3.820120334625244
3.111236095428467
4.977583408355713
4.642618656158447
2.665518283843994
2.2462875843048096
4.6498332023620605
4.058370590209961
3.9033162593841553
3.3765406608581543
4.691534996032715
3.881653070449829
3.8855178356170654
3.3374898433685303
4.97188138961792
4.565559387207031
3.219897747039795
2.576704502105713
4.984671115875244
4.279248237609863
4.024486541748047
3.4942145347595215
5.02975606918335
4.112044334411621
3.9907076358795166
3.529012441635132
5.089936256408691
4.5287652015686035
3.781676769256592
2.9927783012390137
5.2879767417907715
4.488794803619385
4.21812105178833
3.6351375579833984
5.326326370239258
4.34962797164917
4.173951625823975
3.7133357524871826
5.323727130889893
4.555383205413818
4.3025689125061035
3.427450656890869
5.578267574310303
4.683488368988037
4.4904985427856445
3.8168671131134033
5.603414058685303
4.5815324783325195
4.445287704467773
3.912924289703369
