2
3
-2.6608080863952637
-6.023397445678711
-0.42755556106567383
6.549193859100342
6.254458427429199
-3.1744582653045654
-12.287148475646973
-7.630366325378418
0.6391072869300842
-7.330275535583496
5.576119422912598
-7.9571733474731445
-2.46620774269104
-4.687919616699219
0.9292325973510742
5.332827568054199
4.430916786193848
-3.7296359539031982
-12.916613578796387
-8.014259338378906
2.265815019607544
-8.647838592529297
4.697649955749512
-6.885578632354736
-2.057948589324951
-3.6368422508239746
2.1032981872558594
3.6188602447509766
2.61603045463562
-4.343840599060059
-13.067721366882324
-8.26509952545166
3.732022762298584
-9.67515754699707
3.052658796310425
-5.395772457122803
-1.410481572151184
-3.0050883293151855
2.9008028507232666
1.6920807361602783
0.8766665458679199
-4.982885837554932
-12.691757202148438
-8.478897094726562
4.702634811401367
-10.18688678741455
0.9374411106109619
-3.73374080657959
-0.5781526565551758
-2.800156831741333
2.882279872894287
-0.08273696899414062
-0.7366976737976074
-5.628965854644775
-11.79516887664795
-8.848114013671875
5.006326198577881
-10.13113784790039
-1.121286392211914
-2.5465002059936523
0.3357727527618408
-2.8476364612579346
2.183441638946533
-1.7603832483291626
-2.23331618309021
-6.347104549407959
-10.660897254943848
-9.055270195007324
4.800045967102051
-9.539220809936523
-2.956300973892212
-1.9637184143066406
1.2270630598068237
-3.103712797164917
0.8946771621704102
-3.334599494934082
-3.418050765991211
-7.140726089477539
-9.122904777526855
-9.056367874145508
4.320614337921143
-8.803045272827148
-4.7250213623046875
-1.6716877222061157
1.9210125207901
-3.550520658493042
-0.7116649150848389
-4.468214988708496
-4.182706832885742
-7.974048614501953
-7.349276065826416
-8.941377639770508
3.6124205589294434
-7.989180564880371
-6.365424156188965
-1.8855738639831543
2.2926838397979736
-4.1020636558532715
-2.3343374729156494
-5.41334867477417
-4.480857849121094
-8.745813369750977
-5.900292873382568
-8.819785118103027
2.6717848777770996
-7.251302242279053
-7.538805961608887
-2.4823246002197266
2.372356653213501
-4.673120498657227
-4.096105098724365
-6.246077060699463
-4.443443298339844
-9.464278221130371
-4.843327522277832
-8.696409225463867
1.658534049987793
-6.681349754333496
-8.424455642700195
-3.401146650314331
2.0632224082946777
-5.191096305847168
-5.564363479614258
-7.106494426727295
-4.174061298370361
-10.162586212158203
-4.156531810760498
-8.481980323791504
0.5768148899078369
-6.225523471832275
-8.953235626220703
-4.682949542999268
1.4995474815368652
-5.699204444885254
-6.784224033355713
-7.9658989906311035
-3.740401268005371
-10.7890625
-3.9961562156677246
-8.284106254577637
-0.5599051713943481
-5.989602565765381
-9.059216499328613
-6.1419267654418945
0.7518793344497681
-6.206562042236328
-7.798124313354492
-8.859439849853516
-3.3338468074798584
-11.298406600952148
-4.281963348388672
-8.093873023986816
-1.629679799079895
-6.009567737579346
-8.968955993652344
-7.629913806915283
-0.12721741199493408
-6.738961219787598
-8.59945297241211
-9.826737403869629
-2.9471282958984375
-11.59249210357666
-5.032384872436523
-8.131332397460938
-2.5847043991088867
-6.275739669799805
-8.951862335205078
-9.080389976501465
-1.0928863286972046
-7.345285892486572
-9.254880905151367
-10.870837211608887
-2.778076410293579
-11.696707725524902
-6.077276229858398
-8.680676460266113
-3.3848416805267334
-6.78244686126709
-9.075471878051758
-10.439697265625
-2.065485954284668
-8.047163963317871
-9.987515449523926
-11.8966646194458
-2.868161678314209
-11.729544639587402
-7.282623767852783
-9.642559051513672
-4.068514823913574
-7.462508201599121
-9.392243385314941
-11.688140869140625
-3.0483779907226562
-8.816083908081055
-10.825035095214844
-12.910439491271973
-3.2331933975219727
-11.799921989440918
-8.62032699584961
-10.98242473602295
-4.711466312408447
-8.23867130279541
-9.890340805053711
-12.893594741821289
-4.075565338134766
-9.607612609863281
-11.737895011901855
-13.987850189208984
-3.8810153007507324
-11.97950553894043
-10.068730354309082
-12.570133209228516
-5.3613715171813965
-9.095531463623047
-10.53962516784668
-14.104263305664062
-5.158130645751953
-10.4061918258667
-12.719518661499023
-15.20183277130127
-4.72495698928833
-12.270362854003906
-11.600018501281738
-14.333468437194824
-6.050116062164307
-10.010122299194336
-11.371358871459961
-15.377761840820312
-6.289186000823975
-11.219828605651855
-13.810104370117188
-16.610843658447266
-5.7444000244140625
-12.699063301086426
-13.17377758026123
-16.188030242919922
-6.801477432250977
-10.967126846313477
-12.42784309387207
-16.786462783813477
