2
3
-2.601001024246216
-2.2975826263427734
-6.0585036277771
-6.522410869598389
2.8320586681365967
-2.0670347213745117
-8.75120735168457
8.090081214904785
-0.9318300485610962
-5.060808181762695
-5.757833480834961
-2.8654632568359375
-2.5515356063842773
-2.6162495613098145
-6.144462585449219
-7.202010154724121
2.1237666606903076
-1.8114891052246094
-10.030131340026855
8.522809982299805
-1.0676649808883667
-4.965751647949219
-6.097214698791504
-2.847168445587158
-2.5652167797088623
-2.9320149421691895
-6.316636562347412
-7.928292274475098
1.415776014328003
-1.5793381929397583
-11.374970436096191
8.964664459228516
-1.2616536617279053
-4.878920078277588
-6.513426303863525
-2.874650239944458
-2.6279938220977783
-3.245741605758667
-6.558344841003418
-8.699601173400879
0.7046475410461426
-1.3616249561309814
-12.806021690368652
9.423215866088867
-1.5021865367889404
-4.800713539123535
-6.998456001281738
-2.9275448322296143
-2.73796010017395
-3.565054416656494
-6.883762836456299
-9.520791053771973
-0.012650251388549805
-1.1602437496185303
-14.334383010864258
9.901485443115234
-1.7791188955307007
-4.724573612213135
-7.548278331756592
-2.9899539947509766
-2.8927161693573
-3.895932912826538
-7.291957855224609
-10.40105152130127
-0.7324457764625549
-0.984319806098938
-15.96238899230957
10.392807960510254
-2.0910873413085938
-4.647889137268066
-8.167515754699707
-3.0522313117980957
-3.0959043502807617
-4.251062870025635
-7.800543785095215
-11.356886863708496
-1.4519805908203125
-0.8375610113143921
-17.68819236755371
10.892434120178223
-2.44389271736145
-4.573244094848633
-8.869477272033691
-3.12375545501709
-3.3487300872802734
-4.622448444366455
-8.412705421447754
-12.388662338256836
-2.1788811683654785
-0.7126042246818542
-19.5142879486084
11.404743194580078
-2.841708183288574
-4.505717754364014
-9.665619850158691
-3.217404365539551
-3.6453020572662354
-5.006222724914551
-9.124692916870117
-13.483650207519531
-2.9262993335723877
-0.5970703959465027
-21.45853614807129
11.93359375
-3.2866549491882324
-4.449787139892578
-10.562742233276367
-3.3380179405212402
-3.9832918643951416
-5.405661106109619
-9.933379173278809
-14.633598327636719
-3.7003631591796875
-0.4894525408744812
-23.536460876464844
12.478246688842773
-3.7789947986602783
-4.408700466156006
-11.566933631896973
-3.488243818283081
-4.364502906799316
-5.830165863037109
-10.843177795410156
-15.848350524902344
-4.503422260284424
-0.3917999863624573
-25.757217407226562
13.034666061401367
-4.314338207244873
-4.392002105712891
-12.689138412475586
-3.672297477722168
-4.797408103942871
-6.276655673980713
-11.85527229309082
-17.132219314575195
-5.334977149963379
-0.30767157673835754
-28.112972259521484
13.590044975280762
-4.893833160400391
-4.405826568603516
-13.933026313781738
-3.8927907943725586
-5.288674831390381
-6.748976707458496
-12.969199180603027
-18.48910903930664
-6.1913676261901855
-0.2367776483297348
-30.598155975341797
14.137024879455566
-5.519826889038086
-4.452476978302002
-15.301176071166992
-4.151834011077881
-5.839858055114746
-7.247275352478027
-14.185381889343262
-19.922582626342773
-7.073919296264648
-0.17702797055244446
-33.22703552246094
14.678452491760254
-6.191676616668701
-4.527403831481934
-16.797679901123047
-4.448927402496338
-6.447920322418213
-7.767670154571533
-15.512824058532715
-21.436433792114258
-7.984946250915527
-0.12864843010902405
-36.01399230957031
15.215327262878418
-6.908578395843506
-4.626602649688721
-18.424909591674805
-4.783045768737793
-7.114612102508545
-8.312663078308105
-16.958513259887695
-23.041080474853516
-8.928468704223633
-0.09209403395652771
-38.9733772277832
15.747137069702148
-7.669677734375
-4.7517991065979
-20.18613052368164
-5.155223846435547
-7.841235160827637
-8.882540702819824
-18.52589988708496
-24.740612030029297
-9.910199165344238
-0.06779606640338898
-42.11848831176758
16.272064208984375
-8.479387283325195
-4.902591228485107
-22.092357635498047
-5.569299697875977
-8.629603385925293
-9.475476264953613
-20.21687126159668
-26.53835105895996
-10.933633804321289
-0.055887170135974884
-45.46031951904297
16.786558151245117
-9.341150283813477
-5.079539775848389
-24.151065826416016
-6.026693820953369
-9.481261253356934
-10.092353820800781
-22.03632164001465
-28.439956665039062
-12.0062837600708
-0.055741310119628906
-49.01328659057617
17.286251068115234
-10.259197235107422
-5.2827863693237305
-26.371479034423828
-6.528800010681152
-10.398177146911621
-10.734367370605469
-23.990285873413086
-30.451936721801758
-13.150567054748535
-0.0641937404870987
-52.80906295776367
17.770883560180664
-11.238887786865234
-5.512323379516602
-28.76496124267578
-7.077226638793945
