2
3
5.905646324157715
4.695499420166016
2.246919631958008
-9.460906982421875
3.443976402282715
8.43789005279541
-5.094290256500244
2.632477045059204
-4.432871341705322
-1.215835452079773
3.817183017730713
-3.987271308898926
5.6430487632751465
4.1403422355651855
1.3065919876098633
-10.338176727294922
3.121619939804077
7.966310024261475
-5.973755836486816
1.8321911096572876
-3.562016725540161
-0.8357328176498413
5.135272979736328
-3.389355182647705
5.444184303283691
3.5881619453430176
0.47167468070983887
-11.231548309326172
2.8367748260498047
7.500652313232422
-6.814471244812012
1.0461549758911133
-2.7270760536193848
-0.4926305413246155
6.397414684295654
-2.7991926670074463
5.277243614196777
3.03762149810791
-0.2905932664871216
-12.153310775756836
2.590778112411499
7.047553062438965
-7.631036758422852
0.29724693298339844
-1.9312211275100708
-0.19048959016799927
7.614303112030029
-2.205277442932129
5.10274600982666
2.4929914474487305
-1.036604881286621
-13.10799503326416
2.3736777305603027
6.60117769241333
-8.437469482421875
-0.4194798469543457
-1.1737788915634155
0.06719839572906494
8.79049015045166
-1.5919849872589111
4.924808502197266
1.9426496028900146
-1.7640670537948608
-14.122943878173828
2.1706814765930176
6.164277076721191
-9.254480361938477
-1.1065819263458252
-0.4351910948753357
0.25591471791267395
9.963186264038086
-0.9851400852203369
4.744899749755859
1.3726803064346313
-2.4766387939453125
-15.218990325927734
1.9736334085464478
5.7368364334106445
-10.08607006072998
-1.778809666633606
0.30647867918014526
0.42030099034309387
11.14461898803711
-0.3823431134223938
4.561812877655029
0.7772543430328369
-3.190492868423462
-16.409191131591797
1.7416386604309082
5.320853233337402
-10.965249061584473
-2.42938494682312
1.0551977157592773
0.5881240963935852
12.295336723327637
0.23061484098434448
4.370916843414307
0.15019887685775757
-3.925665855407715
-17.705608367919922
1.4961140155792236
4.896762371063232
-11.888202667236328
-3.097813606262207
1.849777340888977
0.7551177144050598
13.437649726867676
0.8125340342521667
4.168038368225098
-0.5170832276344299
-4.695827484130859
-19.118947982788086
1.2421917915344238
4.453695297241211
-12.8530912399292
-3.809170722961426
2.6780638694763184
0.9110757112503052
14.530214309692383
1.3275012969970703
3.9518613815307617
-1.2330248355865479
-5.501277446746826
-20.651084899902344
0.9747797846794128
3.9907994270324707
-13.87570858001709
-4.571343898773193
3.5047128200531006
1.0519529581069946
15.53857135772705
1.7917273044586182
3.734984874725342
-1.9765794277191162
-6.331973552703857
-22.280763626098633
0.7084898352622986
3.5249598026275635
-14.94379997253418
-5.380794048309326
4.311619281768799
1.170331597328186
16.41858673095703
2.168745279312134
3.5418648719787598
-2.6945831775665283
-7.189265251159668
-23.938770294189453
0.4527874290943146
3.066068172454834
-16.034318923950195
-6.241456031799316
5.115480422973633
1.2425137758255005
17.236162185668945
2.4190256595611572
3.365738868713379
-3.3961949348449707
-8.056183815002441
-25.623857498168945
0.2103920876979828
2.607419013977051
-17.117210388183594
-7.163172721862793
5.910452842712402
1.2811530828475952
17.99464225769043
2.582434892654419
3.209524631500244
-4.108312606811523
-8.940330505371094
-27.410402297973633
-0.06287276744842529
2.1366734504699707
-18.229637145996094
-8.143439292907715
6.681062698364258
1.2877854108810425
18.670818328857422
2.651782989501953
3.0881640911102295
-4.816549777984619
-9.829781532287598
-29.292810440063477
-0.37134674191474915
1.6527849435806274
-19.35976219177246
-9.164103507995605
7.420557498931885
1.2692641019821167
19.263086318969727
2.632261276245117
2.9909563064575195
-5.528342247009277
-10.707947731018066
-31.282514572143555
-0.691479504108429
1.157843828201294
-20.504281997680664
-10.227235794067383
8.125934600830078
1.22650945186615
19.767309188842773
2.527622699737549
2.9126639366149902
-6.2452802658081055
-11.583308219909668
-33.383995056152344
-1.0062121152877808
0.6511071920394897
-21.660512924194336
-11.343737602233887
8.788122177124023
1.1578657627105713
20.151897430419922
2.3441503047943115
2.8476274013519287
-6.972132205963135
-12.47123908996582
-35.60227584838867
-1.3062560558319092
0.12597578763961792
-22.80290412902832
-12.512425422668457
9.405634880065918
1.0637747049331665
20.394426345825195
2.091259479522705
2.791022539138794
-7.718135833740234
-13.386343955993652
-37.94983673095703
-1.5968765020370483
-0.41802549362182617
-23.941774368286133
-13.739355087280273
9.980379104614258
0.9378049373626709
20.522855758666992
1.763630747795105
