2
3
-2.9299280643463135
1.9760680198669434
-9.949131965637207
1.4402997493743896
-6.6890058517456055
-0.3951532244682312
1.555906891822815
3.0058019161224365
4.283493995666504
-1.403810739517212
8.471685409545898
1.649247646331787
-2.947882890701294
1.7865053415298462
-10.547718048095703
1.3074010610580444
-5.91749906539917
-0.33906036615371704
2.7356455326080322
3.4099462032318115
4.07376766204834
-1.1836824417114258
7.710233211517334
2.05627179145813
-3.0041465759277344
1.6234564781188965
-11.216323852539062
1.2212611436843872
-5.176813125610352
-0.2674710750579834
3.901789665222168
3.8222341537475586
3.872317314147949
-0.9609286785125732
7.006415843963623
2.4459197521209717
-3.0989630222320557
1.4826631546020508
-11.961406707763672
1.175235390663147
-4.464986324310303
-0.17620646953582764
5.047252178192139
4.2344770431518555
3.6939780712127686
-0.739323079586029
6.403463363647461
2.8106651306152344
-3.2222743034362793
1.3636292219161987
-12.779916763305664
1.1642478704452515
-3.7865781784057617
-0.04321219027042389
6.127760887145996
4.66946268081665
3.5317819118499756
-0.5051929950714111
5.877431392669678
3.1548190116882324
-3.370514392852783
1.2692911624908447
-13.674956321716309
1.1891554594039917
-3.1273083686828613
0.16999642550945282
7.144136905670166
5.141030788421631
3.3756723403930664
-0.24834513664245605
5.388464450836182
3.4893460273742676
-3.549889087677002
1.2006555795669556
-14.651640892028809
1.2489184141159058
-2.4747917652130127
0.45548564195632935
8.118674278259277
5.631451606750488
3.215759038925171
0.028259217739105225
4.9090189933776855
3.8212733268737793
-3.762439727783203
1.1590896844863892
-15.711694717407227
1.346074104309082
-1.838441014289856
0.7826374173164368
9.042765617370605
6.118999004364014
3.0396511554718018
0.32042449712753296
4.418323516845703
4.150460720062256
-4.011730670928955
1.1466684341430664
-16.85546875
1.48211669921875
-1.2212164402008057
1.1405094861984253
9.911308288574219
6.60406494140625
2.839935541152954
0.6239120960235596
3.912883758544922
4.470829486846924
-4.294534206390381
1.1606420278549194
-18.06253433227539
1.6577545404434204
-0.6218475699424744
1.5246809720993042
10.72061824798584
7.102507591247559
2.620561122894287
0.9369324445724487
3.413790225982666
4.783442974090576
-4.616766452789307
1.2032828330993652
-19.336936950683594
1.8744937181472778
-0.04004669189453125
1.9245144128799438
11.458024024963379
7.606777191162109
2.3930165767669678
1.2625346183776855
2.944587230682373
5.089405536651611
-4.9727911949157715
1.2740719318389893
-20.6973934173584
2.1380462646484375
0.5018875002861023
2.326068878173828
12.11543083190918
8.095126152038574
2.16618013381958
1.6007275581359863
2.4893109798431396
5.402197360992432
-5.35327672958374
1.3711508512496948
-22.130929946899414
2.4535112380981445
1.0140609741210938
2.7347137928009033
12.697748184204102
8.565044403076172
1.9275459051132202
1.9452041387557983
2.0149378776550293
5.721609115600586
-5.757866382598877
1.4977437257766724
-23.641651153564453
2.8241682052612305
1.493493914604187
3.1589086055755615
13.16524887084961
9.002693176269531
1.669403314590454
2.293438673019409
1.5093109607696533
6.050032615661621
-6.185143947601318
1.658040165901184
-25.2349853515625
3.253990411758423
1.9430437088012695
3.5962555408477783
13.537224769592285
9.41927433013916
1.3877522945404053
2.6436731815338135
0.9713718891143799
6.392049789428711
-6.63398551940918
1.8544151782989502
-26.916061401367188
3.7461495399475098
2.3517236709594727
4.038577079772949
13.825431823730469
9.820160865783691
1.0786807537078857
2.9885647296905518
0.4034308195114136
6.749673843383789
-7.104763507843018
2.086712598800659
-28.691877365112305
4.302335739135742
2.723120927810669
4.485796928405762
14.032110214233398
10.203306198120117
0.7503068447113037
3.3186495304107666
-0.18526262044906616
7.128201484680176
-7.59757661819458
2.354193687438965
-30.566368103027344
4.922725677490234
3.061898946762085
4.941810607910156
14.161653518676758
10.574302673339844
0.41030511260032654
3.62738037109375
-0.7957825064659119
7.523073673248291
-8.11143684387207
2.6559348106384277
-32.53950500488281
5.606783390045166
3.3694987297058105
5.409346580505371
14.216683387756348
10.938056945800781
0.0623418390750885
3.9220516681671143
-1.4141175746917725
7.939459323883057
-8.645255088806152
2.989410161972046
-34.61111068725586
6.355286121368408
3.6453006267547607
5.890283107757568
14.197754859924316
11.297874450683594
-0.2804090678691864
4.216794013977051
-2.026914119720459
8.388545036315918
