2
3
0.4211358428001404
-4.257103443145752
-6.703008651733398
2.426481246948242
4.951580047607422
8.077326774597168
-4.308685302734375
-6.448977947235107
-5.546544075012207
-3.5604710578918457
-3.3117785453796387
-2.144639015197754
0.22811223566532135
-3.385328769683838
-7.087394714355469
3.3107731342315674
4.369272232055664
7.044284343719482
-5.696548938751221
-8.435471534729004
-4.966043472290039
-3.065969467163086
-2.5964741706848145
-1.6265161037445068
0.02798233926296234
-2.616945743560791
-7.490319728851318
4.121829986572266
3.7992618083953857
6.0456743240356445
-7.031987190246582
-10.272351264953613
-4.416098117828369
-2.5962376594543457
-1.8911858797073364
-1.1063048839569092
-0.22352658212184906
-1.9635918140411377
-7.998773097991943
4.87086820602417
3.222079277038574
5.109455585479736
-8.306639671325684
-12.009984970092773
-3.896076202392578
-2.1522445678710938
-1.1913715600967407
-0.5884914398193359
-0.49688494205474854
-1.3986828327178955
-8.625105857849121
5.571751594543457
2.619457244873047
4.182757377624512
-9.605609893798828
-13.79623794555664
-3.4128170013427734
-1.7367757558822632
-0.49449479579925537
-0.07290422916412354
-0.7860427498817444
-0.8789019584655762
-9.330263137817383
6.25138521194458
1.9732608795166016
3.2289557456970215
-10.985992431640625
-15.72309684753418
-2.964052200317383
-1.351419448852539
0.1972278356552124
0.44097113609313965
-1.1299035549163818
-0.3907945156097412
-10.197992324829102
6.938802719116211
1.2825098037719727
2.2310791015625
-12.478981018066406
-17.82989501953125
-2.569467782974243
-1.0146799087524414
0.8406645059585571
0.9153240919113159
-1.5183151960372925
0.04232102632522583
-11.159281730651855
7.640204429626465
0.5524899959564209
1.1896939277648926
-14.0890531539917
-20.1174373626709
-2.2499656677246094
-0.7471596598625183
1.389098048210144
1.3178772926330566
-1.942415714263916
0.4094821810722351
-12.212047576904297
8.361141204833984
-0.22344982624053955
0.09163010120391846
-15.808219909667969
-22.586122512817383
-2.014573574066162
-0.5617127418518066
1.8026520013809204
1.6345303058624268
-2.3937747478485107
0.7109816074371338
-13.36733341217041
9.073270797729492
-1.0334304571151733
-1.0558844804763794
-17.612131118774414
-25.214340209960938
-1.8497421741485596
-0.42190200090408325
2.085331916809082
1.888770580291748
-2.8677802085876465
0.9539434909820557
-14.63402271270752
9.749696731567383
-1.8558266162872314
-2.227024555206299
-19.421667098999023
-27.899667739868164
-1.7131471633911133
-0.30297404527664185
2.2785019874572754
2.077720880508423
-3.347012519836426
1.1462197303771973
-15.994502067565918
10.353094100952148
-2.6614983081817627
-3.3723230361938477
-21.247819900512695
-30.660633087158203
-1.6193548440933228
-0.24107970297336578
2.354072332382202
2.137934684753418
-3.832993984222412
1.2955849170684814
-17.45220375061035
10.885811805725098
-3.451899766921997
-4.472599506378174
-23.116994857788086
-33.47833251953125
-1.5748240947723389
-0.2335641086101532
2.308640480041504
2.074897527694702
-4.3395161628723145
1.4068230390548706
-19.020456314086914
11.357308387756348
-4.24635648727417
-5.5328474044799805
-25.024690628051758
-36.33829116821289
-1.5836800336837769
-0.2780829071998596
2.1396400928497314
1.9001328945159912
-4.871530055999756
1.4829914569854736
-20.70039939880371
11.767655372619629
-5.063318252563477
-6.582552909851074
-26.987916946411133
-39.283294677734375
-1.6546818017959595
-0.37534332275390625
1.835102915763855
1.6182018518447876
-5.43126916885376
1.5258878469467163
-22.499540328979492
12.117233276367188
-5.907477855682373
-7.638012409210205
-29.02206039428711
-42.34576416015625
-1.791042447090149
-0.5228989124298096
1.3865247964859009
1.2398576736450195
-6.020498275756836
1.536059856414795
-24.432147979736328
12.408385276794434
-6.780442237854004
-8.716314315795898
-31.146209716796875
-45.5677604675293
-1.9995604753494263
-0.726395845413208
0.7927837371826172
0.7665324211120605
-6.640467643737793
1.5122634172439575
-26.513824462890625
12.642194747924805
-7.686178207397461
-9.821737289428711
-33.36665344238281
-48.96094512939453
-2.282059907913208
-0.998936116695404
0.055392444133758545
0.17689216136932373
-7.291796684265137
1.4529768228530884
-28.757083892822266
12.81729793548584
-8.628788948059082
-10.959943771362305
-35.689842224121094
-52.5406379699707
-2.635923385620117
-1.3488295078277588
-0.8233447670936584
-0.5413984060287476
-7.974611282348633
1.3564467430114746
-31.17104148864746
12.92886734008789
-9.612384796142578
-12.138126373291016
-38.12160110473633
-56.3260383605957
-3.044617176055908
-1.751742959022522
-1.8106985092163086
-1.3494278192520142
