2
3
4.562511444091797
6.958470344543457
-5.005311489105225
-10.612667083740234
4.295518398284912
6.240588188171387
-9.485966682434082
-8.75035285949707
-6.392915725708008
2.504575729370117
-1.4033966064453125
12.26066780090332
4.407044410705566
5.34617805480957
-7.1587114334106445
-10.780619621276855
3.2565102577209473
5.35842227935791
-10.2117919921875
-9.251240730285645
-5.877537250518799
4.495023727416992
0.32620859146118164
11.010350227355957
3.8278188705444336
3.96803617477417
-9.066811561584473
-10.539201736450195
2.176696538925171
4.478781700134277
-10.626692771911621
-9.445510864257812
-5.1666059494018555
6.254979133605957
1.582893967628479
9.10375690460205
2.7441580295562744
2.9372971057891846
-10.410896301269531
-10.127084732055664
1.0587990283966064
3.685392379760742
-11.085484504699707
-9.413466453552246
-4.331510066986084
7.6378397941589355
2.256892442703247
6.963759422302246
1.4501756429672241
2.147712469100952
-11.440332412719727
-9.547454833984375
-0.07799637317657471
2.9596571922302246
-11.546647071838379
-9.143284797668457
-3.4982900619506836
8.765174865722656
2.276003837585449
4.626553058624268
0.011055827140808105
1.617165446281433
-12.186583518981934
-8.82701587677002
-1.3172637224197388
2.398314952850342
-11.968541145324707
-8.68056583404541
-2.5661609172821045
9.454195022583008
1.5566291809082031
2.1293697357177734
-1.4655362367630005
1.246485948562622
-12.642074584960938
-8.183213233947754
-2.5482969284057617
1.9744547605514526
-12.203886032104492
-8.277118682861328
-1.6484007835388184
9.687365531921387
0.07082843780517578
-0.3402278423309326
-2.8966825008392334
1.0213494300842285
-12.869451522827148
-7.637621879577637
-3.760619878768921
1.6335384845733643
-12.289377212524414
-7.91057014465332
-0.8665181398391724
9.482637405395508
-2.085918426513672
-2.6587374210357666
-4.194311141967773
0.8904052972793579
-13.133783340454102
-7.197745323181152
-4.8516154289245605
1.3332886695861816
-12.547194480895996
-7.525261878967285
-0.38800156116485596
9.03607177734375
-4.497068881988525
-4.912605285644531
-5.303267478942871
0.8420237898826599
-13.44827938079834
-6.804842472076416
-5.768836498260498
1.1191155910491943
-12.877223014831543
-7.093528747558594
-0.23880039155483246
8.349996566772461
-7.159278869628906
-6.7602314949035645
-6.290618896484375
0.8541558980941772
-13.934442520141602
-6.700768947601318
-6.5816473960876465
0.9922189116477966
-13.424850463867188
-6.917635440826416
-0.4805183410644531
7.511738300323486
-9.871379852294922
-8.175047874450684
-7.155392169952393
0.9268124103546143
-14.703042984008789
-7.086580276489258
-7.287102699279785
0.95863276720047
-14.313887596130371
-7.2323479652404785
-1.1396962404251099
6.55626106262207
-12.484346389770508
-9.149087905883789
-7.973250389099121
1.0395410060882568
-15.782453536987305
-7.771691799163818
-7.997039318084717
1.0128241777420044
-15.515583992004395
-7.856856822967529
-2.1638522148132324
5.58396053314209
-15.033153533935547
-9.888469696044922
-8.809556007385254
1.1390749216079712
-17.282699584960938
-8.632380485534668
-8.779577255249023
1.073591709136963
-17.0770263671875
-8.67140007019043
-3.488013744354248
4.667381763458252
-17.607330322265625
-10.51988697052002
-9.74696159362793
1.1292364597320557
-19.140167236328125
-9.558313369750977
-9.682985305786133
1.0473353862762451
-18.982450485229492
-9.583477973937988
-5.048536777496338
3.802466869354248
-20.265056610107422
-11.11285400390625
-10.853004455566406
0.9936188459396362
-21.40613555908203
-10.520466804504395
-10.777091979980469
0.9048818349838257
-21.296295166015625
-10.547082901000977
-6.823355197906494
3.0033886432647705
-23.0025634765625
-11.741949081420898
-12.14968490600586
0.749067485332489
-24.16009521484375
-11.521123886108398
-12.071370124816895
0.6551377177238464
-24.093149185180664
-11.544614791870117
-8.78151798248291
2.2819743156433105
-25.894554138183594
-12.467150688171387
-13.64130973815918
0.4294266402721405
-27.44624900817871
-12.573578834533691
-13.567560195922852
0.3316611647605896
-27.41702651977539
-12.5899658203125
-10.889253616333008
1.6123701333999634
-29.068565368652344
-13.279520988464355
-15.343304634094238
0.05656832456588745
-31.304513931274414
-13.688003540039062
-15.278975486755371
-0.04073143005371094
-31.304546356201172
-13.698984146118164
-13.145954132080078
0.9670573472976685
-32.67099380493164
-14.183192253112793
-17.282934188842773
-0.36034661531448364
-35.801849365234375
-14.872455596923828
-17.231061935424805
-0.453326940536499
-35.82395935058594
-14.881510734558105
-15.566173553466797
0.341033399105072
-36.846595764160156
-15.190485000610352
