2
3
-2.5122551918029785
-4.103460311889648
-8.317256927490234
-3.6058411598205566
-4.170737266540527
-3.938694953918457
-2.974173069000244
0.26418015360832214
8.821267127990723
0.48750028014183044
-5.786109924316406
-2.0601515769958496
-2.2935431003570557
-4.015798091888428
-8.295408248901367
-3.5952353477478027
-3.5065789222717285
-3.6875
-2.165565252304077
0.7200088500976562
7.767596244812012
0.12736776471138
-7.856638431549072
-2.8512182235717773
-2.130178689956665
-3.948730230331421
-8.337241172790527
-3.602038621902466
-2.881169557571411
-3.456378698348999
-1.3749951124191284
1.1651878356933594
6.748528003692627
-0.2336156666278839
-9.817684173583984
-3.6045894622802734
-2.021906614303589
-3.901334524154663
-8.44411563873291
-3.6258926391601562
-2.304926872253418
-3.2511208057403564
-0.6119476556777954
1.5776805877685547
5.769268035888672
-0.5879977941513062
-11.694877624511719
-4.328653812408447
-1.969799518585205
-3.8734776973724365
-8.625687599182129
-3.668121814727783
-1.792306661605835
-3.0741825103759766
0.10269749164581299
1.9467649459838867
4.766412734985352
-0.9520823955535889
-13.627941131591797
-5.079906463623047
-1.9795280694961548
-3.8656632900238037
-8.895344734191895
-3.7343451976776123
-1.3721015453338623
-2.927561044692993
0.7034723162651062
2.2555131912231445
3.7318968772888184
-1.3281368017196655
-15.653169631958008
-5.872005462646484
-2.0664968490600586
-3.887993097305298
-9.262964248657227
-3.834057092666626
-1.0648236274719238
-2.81473970413208
1.1530208587646484
2.50919508934021
2.6641643047332764
-1.717477560043335
-17.785846710205078
-6.713473320007324
-2.2177727222442627
-3.9340312480926514
-9.721231460571289
-3.9703369140625
-0.8680297136306763
-2.730283260345459
1.4600591659545898
2.710232734680176
1.5619373321533203
-2.121436357498169
-20.03940200805664
-7.609601974487305
-2.4452030658721924
-4.004756450653076
-10.304841041564941
-4.156809329986572
-0.7630922794342041
-2.652766227722168
1.6384170055389404
2.8640737533569336
0.4240494966506958
-2.54046893119812
-22.42596435546875
-8.564390182495117
-2.7465105056762695
-4.1007843017578125
-11.009976387023926
-4.391215801239014
-0.7142149806022644
-2.5601654052734375
1.7185049057006836
2.975253105163574
-0.7515946626663208
-2.9738223552703857
-24.96506690979004
-9.58037281036377
-3.11008882522583
-4.211066722869873
-11.823835372924805
-4.667336463928223
-0.7091788053512573
-2.465951919555664
1.7088000774383545
3.0299952030181885
-1.9522539377212524
-3.4133148193359375
-27.62004852294922
-10.648216247558594
-3.5064890384674072
-4.317280292510986
-12.734794616699219
-4.979454517364502
-0.7444862127304077
-2.380589485168457
1.6173489093780518
3.03625750541687
-3.0781280994415283
-3.8271212577819824
-30.26199722290039
-11.704702377319336
-3.935419797897339
-4.418570518493652
-13.732542037963867
-5.33584451675415
-0.8274145126342773
-2.3125150203704834
1.4337780475616455
2.992283344268799
-4.156193733215332
-4.229818344116211
-32.90711212158203
-12.757699012756348
-4.392999172210693
-4.5236101150512695
-14.813815116882324
-5.730209827423096
-0.9732550382614136
-2.2731339931488037
1.1389973163604736
2.892568588256836
-5.228339672088623
-4.636013984680176
-35.62399673461914
-13.825579643249512
-4.8813982009887695
-4.637412071228027
-15.982177734375
-6.160665512084961
-1.199087142944336
-2.2754127979278564
0.7118266224861145
2.7283670902252197
-6.315546035766602
-5.052240371704102
-38.45288848876953
-14.918983459472656
-5.404628753662109
-4.763600826263428
-17.244152069091797
-6.6276140213012695
-1.5059632062911987
-2.3182926177978516
0.13676369190216064
2.4998550415039062
-7.433565139770508
-5.480727672576904
-41.41518783569336
-16.048873901367188
-5.9699482917785645
-4.9071478843688965
-18.618579864501953
-7.136026382446289
-1.8963183164596558
-2.403945207595825
-0.5933274030685425
2.2027857303619385
-8.59289264678955
-5.9245781898498535
-44.53023147583008
-17.225093841552734
-6.582442283630371
-5.070671081542969
-20.11557960510254
-7.690460205078125
-2.374112129211426
-2.5403034687042236
-1.4879359006881714
1.8251466751098633
-9.801080703735352
-6.38751220703125
-47.81640625
-18.455482482910156
-7.247256755828857
-5.256467819213867
-21.743446350097656
-8.295353889465332
-2.930246353149414
-2.7250003814697266
-2.54091477394104
1.3772629499435425
-11.064374923706055
-6.8741455078125
-51.29338836669922
-19.747394561767578
-7.970365524291992
-5.4678568840026855
-23.51668930053711
-8.955757141113281
-3.5612335205078125
-2.9513862133026123
-3.741543769836426
0.8659657835960388
-12.388092994689941
-7.388982772827148
-54.980831146240234
-21.10757827758789
