2
3
-2.0367722511291504
-7.722111701965332
-2.565095901489258
7.678314208984375
-9.359006881713867
5.5651679039001465
-4.574044227600098
-0.013549089431762695
-5.188664436340332
-1.3762322664260864
9.83103084564209
-3.820662021636963
-2.716623067855835
-5.899304389953613
-3.628446578979492
8.725767135620117
-9.604473114013672
4.638720512390137
-1.7389860153198242
-2.1032018661499023
-3.2038376331329346
-2.3904170989990234
8.490686416625977
-3.3525376319885254
-3.499277114868164
-4.070150375366211
-4.119420528411865
9.130351066589355
-9.331123352050781
3.4309427738189697
0.9251308441162109
-3.8706490993499756
-1.5592877864837646
-3.2879726886749268
6.655341148376465
-2.243079662322998
-4.307408809661865
-2.291285753250122
-4.08735466003418
8.876409530639648
-8.63077449798584
2.0858635902404785
3.175746440887451
-5.2203755378723145
-0.4959232807159424
-3.810500144958496
4.098135948181152
-0.6914187669754028
-5.080554962158203
-0.6255136728286743
-3.996764659881592
8.192262649536133
-7.6810302734375
0.7096736431121826
4.909259796142578
-6.132344722747803
-0.1806071400642395
-3.6971583366394043
1.8428304195404053
0.5437778234481812
-5.798555374145508
0.7737487554550171
-3.3480899333953857
6.9624128341674805
-6.427572250366211
-0.6915566921234131
6.013593673706055
-6.501267433166504
-0.3291952610015869
-3.229893684387207
0.10132336616516113
1.552594780921936
-6.546671390533447
1.9221385717391968
-1.8827123641967773
5.0249481201171875
-4.949746131896973
-2.059929847717285
6.318090915679932
-6.29756498336792
-0.7863660454750061
-2.590724229812622
-1.1756134033203125
2.291969060897827
-6.826644420623779
2.464932918548584
-0.3408668041229248
3.2016801834106445
-3.4875218868255615
-3.317518711090088
6.019669532775879
-5.554901123046875
-1.4932442903518677
-1.7881546020507812
-1.8129091262817383
2.4078776836395264
-6.771026611328125
2.6176486015319824
1.1398537158966064
1.4904392957687378
-2.1355819702148438
-4.33602237701416
5.0658369064331055
-4.271978855133057
-2.2770261764526367
-0.997923731803894
-1.8247160911560059
1.9811687469482422
-6.406044960021973
2.4324588775634766
2.4698984622955322
-0.05485117435455322
-1.0855821371078491
-4.964504718780518
3.601288080215454
-2.4917073249816895
-3.045315742492676
-0.33278989791870117
-1.24277925491333
1.0891413688659668
-5.796744346618652
1.9407062530517578
3.498843193054199
-1.3538182973861694
-0.5822994709014893
-5.053333759307861
1.9963626861572266
-0.612383246421814
-3.618541717529297
0.023492276668548584
-0.2938939929008484
0.08477628231048584
-5.133486747741699
1.3703335523605347
4.435599327087402
-2.4154434204101562
-0.680691659450531
-4.541822910308838
0.9691238403320312
0.4710346460342407
-3.9665234088897705
0.037179168313741684
0.6190337538719177
-0.608315110206604
-4.3367719650268555
0.682558000087738
5.205482006072998
-3.282478094100952
-1.0114176273345947
-3.820685386657715
0.19441592693328857
1.2143592834472656
-4.078076362609863
-0.10872593522071838
1.5296156406402588
-1.1290791034698486
-3.3973474502563477
-0.09438955783843994
5.62857723236084
-3.8253207206726074
-1.476608395576477
-3.0057547092437744
-0.22136962413787842
1.5952622890472412
-3.9857466220855713
-0.30893033742904663
2.4129409790039062
-1.6513900756835938
-2.3853297233581543
-0.9076650738716125
5.642637729644775
-3.9936208724975586
-1.999492883682251
-2.176872730255127
-0.22007738053798676
1.594488263130188
-3.7505409717559814
-0.5403105020523071
3.2464349269866943
-2.135166645050049
-1.418809413909912
-1.66489577293396
5.298374652862549
-3.8154420852661133
-2.512866735458374
-1.4070544242858887
0.2093217521905899
1.199231743812561
-3.3938915729522705
-0.8121269941329956
3.998063325881958
-2.5467638969421387
-0.629178524017334
-2.277754783630371
4.786116123199463
-3.4095449447631836
-2.9940285682678223
-0.7408403158187866
1.1455217599868774
0.34480005502700806
-2.905028820037842
-1.1523627042770386
4.591136932373047
-2.819502115249634
-0.10158610343933105
-2.700748920440674
4.214179992675781
-2.8792519569396973
-3.3366384506225586
-0.31113719940185547
2.469864845275879
-0.7639463543891907
-2.2749321460723877
-1.5644886493682861
4.927361965179443
-2.868853807449341
0.04579368233680725
-2.8796486854553223
4.0640692710876465
-2.6328861713409424
-3.3972833156585693
-0.2147248238325119
3.833378791809082
-1.8037989139556885
-1.6352708339691162
-1.9599082469940186
5.141027927398682
-2.7858328819274902
0.06213400512933731
-2.927093267440796
4.160572052001953
-2.5383219718933105
-3.156540870666504
-0.4041788578033447
5.0591630935668945
-2.6327250003814697
-1.1027207374572754
-2.2664847373962402
5.44236946105957
-2.7749931812286377
