2
3
-6.053536415100098
7.564596176147461
-1.9524178504943848
1.9814897775650024
-3.8612561225891113
3.6700096130371094
9.934882164001465
9.545759201049805
1.5775693655014038
-4.7527241706848145
4.154413223266602
1.2609367370605469
-5.591811656951904
6.823448181152344
-1.4537769556045532
1.075362205505371
-3.1117775440216064
3.8829619884490967
10.811209678649902
9.683995246887207
1.2288483381271362
-3.92167329788208
3.5430688858032227
2.6732144355773926
-5.120495319366455
6.128196716308594
-0.9173774123191833
0.17593562602996826
-2.366133689880371
4.127387523651123
11.652661323547363
9.790477752685547
0.8866772055625916
-3.089099884033203
2.9794559478759766
4.047547340393066
-4.638788223266602
5.496345043182373
-0.31957316398620605
-0.7082565426826477
-1.635758638381958
4.380630016326904
12.451723098754883
9.828177452087402
0.5316506624221802
-2.2512032985687256
2.4562435150146484
5.37261438369751
-4.168394088745117
4.960297107696533
0.30715787410736084
-1.4944374561309814
-0.9202116131782532
4.6399617195129395
13.226386070251465
9.81347370147705
0.24500823020935059
-1.4459185600280762
2.03617525100708
6.610922336578369
-3.72322154045105
4.542061805725098
0.9316356182098389
-2.1338443756103516
-0.20413196086883545
4.93113899230957
14.030242919921875
9.876721382141113
0.04250076413154602
-0.6706175804138184
1.7657663822174072
7.767763137817383
-3.2963247299194336
4.239570617675781
1.5642666816711426
-2.6176598072052
0.5188807249069214
5.2492499351501465
14.846429824829102
10.033926963806152
-0.0902104526758194
0.11519402265548706
1.6444339752197266
8.896824836730957
-2.875959873199463
4.042241096496582
2.2169549465179443
-2.9522600173950195
1.2423818111419678
5.585181713104248
15.661590576171875
10.219958305358887
-0.17395557463169098
0.9197089672088623
1.6045074462890625
10.030923843383789
-2.4534521102905273
3.9315342903137207
2.8935670852661133
-3.1674554347991943
1.9691275358200073
5.943593978881836
16.48219871520996
10.433554649353027
-0.21573247015476227
1.7382341623306274
1.648481845855713
11.185592651367188
-2.000911235809326
3.863579750061035
3.612804412841797
-3.3125147819519043
2.701380729675293
6.323217391967773
17.309406280517578
10.671102523803711
-0.20054464042186737
2.5906620025634766
1.7969156503677368
12.389424324035645
-1.504699945449829
3.8224101066589355
4.385163307189941
-3.3974449634552
3.443148612976074
6.726006984710693
18.148645401000977
10.944306373596191
-0.12377382069826126
3.4944543838500977
2.0360071659088135
13.65463638305664
-0.9665060043334961
3.812319278717041
5.207663536071777
-3.4065229892730713
4.192068099975586
7.148234844207764
18.996082305908203
11.23598575592041
0.01642448455095291
4.431011199951172
2.352229118347168
14.957515716552734
-0.3906605839729309
3.8331704139709473
6.076808929443359
-3.331801176071167
4.955639362335205
7.5814080238342285
19.856233596801758
11.53831958770752
0.22496819496154785
5.341217041015625
2.7200136184692383
16.21442413330078
0.21436673402786255
3.877964735031128
6.970534324645996
-3.1694328784942627
5.7353010177612305
8.017406463623047
20.716535568237305
11.839350700378418
0.492245614528656
6.225946426391602
3.1313791275024414
17.402542114257812
0.8359612822532654
3.9447832107543945
7.857604026794434
-2.9077537059783936
6.528927803039551
8.457427978515625
21.56407356262207
12.139616012573242
0.8114843368530273
7.109246730804443
3.5873165130615234
18.541128158569336
1.4769970178604126
4.037024021148682
8.753327369689941
-2.543642044067383
7.33437967300415
8.903236389160156
22.391103744506836
12.44200325012207
1.1771552562713623
8.002464294433594
4.089857578277588
19.643415451049805
2.1359493732452393
4.165537357330322
9.667619705200195
-2.066640615463257
8.154659271240234
9.357069969177246
23.204513549804688
12.748825073242188
1.585683822631836
8.90493106842041
4.638730525970459
20.705081939697266
2.810112476348877
4.3392744064331055
10.607165336608887
-1.4715683460235596
8.979981422424316
9.819046020507812
23.994340896606445
13.065825462341309
2.0389161109924316
9.80640983581543
5.23721981048584
21.717451095581055
3.5020806789398193
4.561249732971191
11.579305648803711
-0.765823245048523
9.795923233032227
10.287598609924316
24.746356964111328
13.401813507080078
2.5386710166931152
10.69870376586914
5.88861608505249
22.674060821533203
4.22316837310791
4.8291826248168945
12.597737312316895
0.04564088582992554
10.595840454101562
10.761119842529297
25.451099395751953
13.762961387634277
3.0837326049804688
11.59564208984375
6.598130702972412
23.592601776123047
