2
3
2.2976174354553223
-9.340266227722168
2.194103956222534
0.5557715892791748
6.322325706481934
-0.840827465057373
3.3347232341766357
8.17898941040039
-7.198112487792969
3.9559850692749023
13.463165283203125
-2.7071499824523926
1.9772865772247314
-8.63555908203125
1.4456162452697754
3.3230628967285156
5.519184112548828
0.22455906867980957
1.2517683506011963
7.469091892242432
-5.1807966232299805
2.522588014602661
15.695341110229492
-4.120879173278809
1.497201681137085
-7.580887794494629
1.1116950511932373
5.600930213928223
4.4440412521362305
1.1578917503356934
0.07405126094818115
6.446964263916016
-2.6958327293395996
0.9279134273529053
16.90129852294922
-4.924137115478516
0.9483124017715454
-6.293059825897217
1.1757769584655762
7.146923065185547
3.247307538986206
1.8048593997955322
-0.00737394392490387
5.210701942443848
-0.0629281997680664
-0.6893925666809082
17.29796028137207
-5.319077014923096
0.44499409198760986
-4.928369045257568
1.7458107471466064
8.009072303771973
2.2777247428894043
2.121615171432495
0.5821555852890015
4.0182342529296875
2.640241861343384
-2.26503324508667
16.735254287719727
-5.191772937774658
0.05553317070007324
-3.5833234786987305
2.8550429344177246
8.275725364685059
1.5419175624847412
2.206594944000244
1.7348315715789795
2.813596248626709
5.215953826904297
-3.696655750274658
15.188541412353516
-4.366720199584961
-0.17221644520759583
-2.3447017669677734
4.454043388366699
7.9613823890686035
1.0965166091918945
2.0848000049591064
3.3665359020233154
1.631787657737732
7.34815788269043
-4.755233287811279
13.120617866516113
-2.885375738143921
-0.21839231252670288
-1.253485918045044
6.39913272857666
6.963291168212891
1.00398850440979
1.7294455766677856
5.2724995613098145
0.5514161586761475
8.877725601196289
-5.468061923980713
10.74058723449707
-0.7453958988189697
0.07066977024078369
-0.4633435010910034
8.514033317565918
5.677028179168701
1.3242181539535522
1.0913820266723633
7.218657493591309
-0.21249759197235107
9.677249908447266
-5.751942157745361
8.674241065979004
1.368494987487793
0.7804694771766663
-0.07658407092094421
10.140637397766113
4.58842134475708
1.980767011642456
0.329490065574646
8.931200981140137
-0.6224461793899536
9.6770658493042
-5.439783573150635
7.307895660400391
2.6823461055755615
1.6331396102905273
0.10164682567119598
11.514571189880371
3.6356759071350098
2.826608657836914
-0.4614628553390503
10.636466026306152
-0.9936407804489136
9.340048789978027
-4.7883429527282715
6.254870414733887
3.7125954627990723
2.6546273231506348
0.09721039235591888
12.712715148925781
2.7068679332733154
3.9125754833221436
-1.244720220565796
12.025222778320312
-1.1043704748153687
8.85827922821045
-4.0342254638671875
5.577106475830078
4.543252468109131
3.8098397254943848
-0.05569913983345032
13.71226692199707
1.8564304113388062
5.226548194885254
-2.016448974609375
12.982632637023926
-0.8790855407714844
8.28982925415039
-3.215827465057373
5.389552593231201
5.116384029388428
5.11965799331665
-0.36996349692344666
14.398921012878418
1.2014453411102295
6.661629676818848
-2.691478729248047
13.4657564163208
-0.31072473526000977
7.701977729797363
-2.371788501739502
5.760066032409668
5.351558208465576
6.563010215759277
-0.8284554481506348
14.74199104309082
0.8630132079124451
8.030067443847656
-3.202936887741089
13.784302711486816
0.5772916078567505
7.208991527557373
-1.5636094808578491
6.6931610107421875
5.238890171051025
8.048948287963867
-1.3576111793518066
15.127984046936035
0.9492453336715698
9.221722602844238
-3.476712226867676
14.139870643615723
1.5208426713943481
6.877511978149414
-0.868817150592804
8.214337348937988
4.741461277008057
9.48300838470459
-1.8569282293319702
15.589810371398926
1.366321086883545
10.233835220336914
-3.5359227657318115
14.532942771911621
2.3794894218444824
6.723751544952393
-0.37416768074035645
10.29025650024414
3.8964972496032715
10.773937225341797
-2.244140863418579
16.05575180053711
1.999082088470459
11.018030166625977
-3.4447073936462402
15.486921310424805
2.9570541381835938
6.854604244232178
-0.19041889905929565
12.737295150756836
3.097139835357666
11.756356239318848
-2.473510265350342
17.033321380615234
2.5073893070220947
11.815332412719727
-3.2805888652801514
16.54907989501953
3.485508441925049
7.384101867675781
-0.3083740472793579
15.324188232421875
2.5861008167266846
12.631902694702148
-2.5816845893859863
18.186813354492188
2.9649879932403564
12.564118385314941
-3.0803704261779785
17.804393768310547
3.920351266860962
8.322773933410645
-0.6442526578903198
17.819034576416016
2.396341562271118
