2
3
-7.379432678222656
-10.04643440246582
-1.3495423793792725
0.7255983352661133
6.425191879272461
-6.221640110015869
-12.773168563842773
6.110769271850586
-7.48185920715332
7.650564193725586
4.759176254272461
-1.4532184600830078
-6.512096881866455
-9.584771156311035
-0.7693499326705933
2.5404348373413086
4.214364051818848
-4.8563232421875
-15.323775291442871
7.006613254547119
-6.176855087280273
6.2287139892578125
6.31369686126709
-4.638455390930176
-5.828829288482666
-8.887019157409668
-0.40696069598197937
4.416650772094727
1.9511582851409912
-3.370649576187134
-16.742403030395508
7.533818244934082
-4.797057628631592
4.6619720458984375
7.378593444824219
-7.499986171722412
-5.219637393951416
-7.9907121658325195
-0.295514851808548
6.2190937995910645
-0.26339268684387207
-1.8946452140808105
-17.308244705200195
7.414716720581055
-3.1776609420776367
2.838998317718506
7.759769916534424
-9.80650520324707
-4.62554931640625
-6.896125316619873
-0.45132002234458923
7.649377822875977
-2.449702024459839
-0.4695467948913574
-17.041316986083984
6.676011562347412
-1.331874132156372
0.7748737335205078
7.244645595550537
-11.334953308105469
-4.081205368041992
-5.65205192565918
-0.7763180136680603
8.637359619140625
-4.549999237060547
0.8064060211181641
-15.653221130371094
5.063726425170898
0.5238277912139893
-1.4883055686950684
6.13405704498291
-12.011940956115723
-3.6221463680267334
-4.325377941131592
-1.2158141136169434
9.161233901977539
-6.247809410095215
1.6182376146316528
-13.690274238586426
3.5521633625030518
2.2382919788360596
-3.7737839221954346
4.141794204711914
-11.658987998962402
-3.285684823989868
-2.947509765625
-1.573698878288269
8.964194297790527
-7.463831901550293
1.9826381206512451
-11.45560073852539
2.2304067611694336
3.609426259994507
-5.808882713317871
1.338167428970337
-10.46510124206543
-3.1354990005493164
-1.4901477098464966
-1.5049676895141602
7.4967546463012695
-8.197798728942871
1.9553792476654053
-8.891847610473633
1.0539005994796753
4.446742534637451
-7.442584991455078
-1.8749268054962158
-8.516385078430176
-3.0078868865966797
-0.30483150482177734
-1.0345221757888794
5.323017597198486
-8.399842262268066
1.6363199949264526
-6.174808025360107
-0.16859829425811768
4.473080635070801
-8.477349281311035
-5.161612510681152
-6.073210716247559
-2.6081089973449707
0.23719096183776855
-0.813076376914978
3.183576822280884
-7.968180179595947
1.0282126665115356
-4.0740227699279785
-1.3193668127059937
3.7505059242248535
-8.8148832321167
-7.581197261810303
-3.6771554946899414
-2.3163745403289795
0.4819513261318207
-0.9669560790061951
1.086193323135376
-7.4441118240356445
0.39458775520324707
-2.2614145278930664
-2.5290699005126953
2.5859904289245605
-8.571371078491211
-9.284021377563477
-1.5310535430908203
-1.9428050518035889
0.3419722616672516
-1.4393576383590698
-0.8124996423721313
-6.957095623016357
-0.28703737258911133
-0.5442568063735962
-3.732114553451538
1.2940713167190552
-7.946111679077148
-10.7696533203125
0.3429262638092041
-1.7534915208816528
0.06685885787010193
-1.9047915935516357
-2.4935061931610107
-6.2079057693481445
-1.0756386518478394
0.8150792121887207
-4.863018989562988
-0.11099767684936523
-7.045693874359131
-11.920547485351562
1.7293723821640015
-1.6087011098861694
-0.32847675681114197
-2.3461403846740723
-3.908456802368164
-5.195591926574707
-1.9754436016082764
1.5573132038116455
-5.887362480163574
-1.5973925590515137
-5.950834274291992
-12.54133415222168
2.5858874320983887
-1.5018558502197266
-0.8462861776351929
-2.7896060943603516
-5.009020805358887
-4.038569450378418
-2.9944570064544678
1.6506675481796265
-6.520036697387695
-3.107269763946533
-4.754611015319824
-12.611534118652344
2.8446881771087646
-1.4570266008377075
-1.4430840015411377
-3.2341601848602295
-5.875873565673828
-2.8563385009765625
-4.067811965942383
0.9761442542076111
-6.642152786254883
-4.595457077026367
-3.4796218872070312
-11.998015403747559
2.277914524078369
-1.4961895942687988
-2.0890376567840576
-3.7133381366729736
-6.512761116027832
-1.8353488445281982
-5.068782806396484
-0.374639093875885
-6.282801628112793
-6.028181076049805
-2.275890588760376
-10.498985290527344
0.8620734214782715
-1.6721357107162476
-2.7228798866271973
-4.2502336502075195
-6.944790840148926
-1.169358253479004
-5.7742390632629395
-2.2225334644317627
-5.657726764678955
-7.109030723571777
-1.4575046300888062
-8.775629043579102
-0.772167444229126
-1.9090187549591064
-3.411947727203369
-5.0651984214782715
-7.07668399810791
-0.9342970252037048
-5.998984336853027
-4.218017578125
-5.261785507202148
-7.694357395172119
-1.0681322813034058
-7.025400161743164
-2.439004898071289
