2
3
-4.142632484436035
8.50715160369873
-5.276132583618164
-1.6023335456848145
-1.0644404888153076
-2.6772892475128174
-5.374785900115967
4.062433242797852
-3.379594087600708
-8.975567817687988
3.4633607864379883
-1.9984711408615112
-4.054661273956299
7.3403096199035645
-5.513805866241455
-3.705467462539673
-1.3742319345474243
-2.311188220977783
-5.980767250061035
4.464285373687744
-3.2108755111694336
-8.102285385131836
3.700326919555664
-0.6186283826828003
-3.9577348232269287
6.229622840881348
-5.706211566925049
-5.716943740844727
-1.6903088092803955
-2.0122032165527344
-6.643752574920654
4.7930450439453125
-3.093337059020996
-7.208152770996094
3.9171407222747803
0.8316036462783813
-3.8866491317749023
5.21381950378418
-5.924610614776611
-7.569939613342285
-2.0069427490234375
-1.7428886890411377
-7.339380741119385
5.11326789855957
-2.9992196559906006
-6.35026741027832
4.121820449829102
2.2457642555236816
-3.867755889892578
4.289348602294922
-6.2051286697387695
-9.270899772644043
-2.3373148441314697
-1.4898386001586914
-8.107165336608887
5.459152698516846
-2.928145408630371
-5.533577919006348
4.329537868499756
3.61161470413208
-3.931581735610962
3.4271998405456543
-6.5949387550354
-10.879213333129883
-2.6805763244628906
-1.2505656480789185
-8.956683158874512
5.831305027008057
-2.840089797973633
-4.78110408782959
4.57569694519043
4.8823161125183105
-4.0845561027526855
2.578258514404297
-7.082361221313477
-12.487180709838867
-3.0510964393615723
-1.00839364528656
-9.915937423706055
6.244562149047852
-2.7380781173706055
-4.0629119873046875
4.8060479164123535
6.0611114501953125
-4.303982257843018
1.736016035079956
-7.6648383140563965
-14.18625259399414
-3.444636344909668
-0.7692608833312988
-10.969755172729492
6.7055439949035645
-2.6008596420288086
-3.369589328765869
5.0428690910339355
7.127124309539795
-4.552040100097656
0.8790076971054077
-8.313874244689941
-15.984607696533203
-3.8669652938842773
-0.533256471157074
-12.120168685913086
7.223696231842041
-2.45090389251709
-2.682248830795288
5.308785438537598
8.10822582244873
-4.819492340087891
-0.0007587075233459473
-9.0416841506958
-17.920455932617188
-4.3145036697387695
-0.295876145362854
-13.359908103942871
7.8024187088012695
-2.2832677364349365
-1.9720814228057861
5.593973636627197
9.026817321777344
-5.100846290588379
-0.9147525429725647
-9.881254196166992
-20.05150604248047
-4.768497943878174
-0.053458213806152344
-14.651270866394043
8.439094543457031
-2.1474461555480957
-1.2687451839447021
5.786248207092285
9.849817276000977
-5.360267162322998
-1.8188107013702393
-10.753531455993652
-22.2367000579834
-5.227993965148926
0.2002447545528412
-15.96821403503418
9.10836410522461
-2.046881675720215
-0.5942974090576172
5.8953962326049805
10.562767028808594
-5.584920406341553
-2.672748327255249
-11.639707565307617
-24.413843154907227
-5.700861930847168
0.4561030864715576
-17.34650421142578
9.78623104095459
-1.9705084562301636
0.0378759503364563
5.919288158416748
11.143855094909668
-5.809114933013916
-3.4931983947753906
-12.553296089172363
-26.5931396484375
-6.178182125091553
0.7112177610397339
-18.801040649414062
10.45764446258545
-1.908194899559021
0.5809822082519531
5.861898899078369
11.557968139648438
-6.045938968658447
-4.294870376586914
-13.513266563415527
-28.792530059814453
-6.651152610778809
0.956646740436554
-20.33350372314453
11.10439395904541
-1.8596569299697876
1.073962926864624
5.74030876159668
11.850303649902344
-6.297235012054443
-5.094016075134277
-14.535533905029297
-31.04557991027832
-7.122560977935791
1.1907278299331665
-21.95085334777832
11.726028442382812
-1.825852394104004
1.5210884809494019
5.547525405883789
12.015580177307129
-6.5625081062316895
-5.896790027618408
-15.631226539611816
-33.38230895996094
-7.596242427825928
1.4122623205184937
-23.662002563476562
12.32159423828125
-1.807768702507019
1.9192688465118408
5.2849955558776855
12.059358596801758
-6.844130039215088
-6.699448585510254
-16.80298614501953
-35.806495666503906
-8.075577735900879
1.6200910806655884
-25.473867416381836
12.890625
-1.808876633644104
2.261967182159424
4.947206497192383
11.976954460144043
-7.14483118057251
-7.506237983703613
-18.056039810180664
-38.32781219482422
-8.563873291015625
1.8137450218200684
-27.39185333251953
13.433526992797852
-1.8325140476226807
2.5496535301208496
4.53521728515625
11.77806282043457
-7.4647111892700195
-8.320575714111328
-19.38552474975586
-40.95811462402344
-9.06387996673584
1.9926263093948364
-29.420791625976562
13.949932098388672
-1.880587100982666
2.776623010635376
4.044721603393555
11.459101676940918
