2
3
-2.096017360687256
0.3832142949104309
5.106705665588379
-4.644355773925781
7.929702281951904
-6.471339225769043
-6.876392841339111
3.2433876991271973
-6.628631591796875
1.0536983013153076
-6.975513458251953
-1.1289217472076416
-1.5378854274749756
-0.0855705738067627
5.699395656585693
-5.129634857177734
6.697275161743164
-5.80548620223999
-8.946950912475586
4.198953628540039
-5.97788143157959
0.5819701552391052
-6.239110946655273
-1.6260597705841064
-1.0702192783355713
-0.5095111131668091
6.166677951812744
-5.566911697387695
5.518383979797363
-5.185765743255615
-10.878724098205566
5.070079326629639
-5.3914079666137695
0.14787450432777405
-5.557676792144775
-2.1027307510375977
-0.6694037914276123
-0.9097311496734619
6.534501075744629
-6.0029191970825195
4.406039237976074
-4.614245414733887
-12.683878898620605
5.852657794952393
-4.8645501136779785
-0.25016269087791443
-4.92025899887085
-2.563359260559082
-0.27902376651763916
-1.3290902376174927
6.869440078735352
-6.462708473205566
3.310238838195801
-4.064435958862305
-14.561111450195312
6.636784553527832
-4.392503261566162
-0.6140135526657104
-4.323464870452881
-3.0122745037078857
0.10903862118721008
-1.766756534576416
7.177595615386963
-6.933924674987793
2.2260191440582275
-3.5316147804260254
-16.528350830078125
7.435794830322266
-3.98592472076416
-0.9473744630813599
-3.8030881881713867
-3.4509527683258057
0.514510989189148
-2.2277333736419678
7.484155654907227
-7.428476333618164
1.1457172632217407
-3.015774726867676
-18.60038948059082
8.255433082580566
-3.6849355697631836
-1.2638906240463257
-3.4186620712280273
-3.9015305042266846
0.9236971139907837
-2.7054290771484375
7.757604122161865
-7.9364399909973145
0.0622706413269043
-2.5178699493408203
-20.787155151367188
9.098626136779785
-3.4789655208587646
-1.5654268264770508
-3.1343910694122314
-4.366392612457275
1.3192449808120728
-3.1938395500183105
7.972904205322266
-8.44234848022461
-0.9492635726928711
-2.0695390701293945
-23.016695022583008
9.949674606323242
-3.299163818359375
-1.8593722581863403
-2.8793702125549316
-4.844907283782959
1.6840217113494873
-3.6871981620788574
8.115751266479492
-8.93022632598877
-1.8730438947677612
-1.700840711593628
-25.25774383544922
10.801177024841309
-3.1120896339416504
-2.166041851043701
-2.6158008575439453
-5.3361334800720215
2.0177454948425293
-4.1790971755981445
8.197746276855469
-9.389270782470703
-2.7262911796569824
-1.3903645277023315
-27.51942253112793
11.646844863891602
-2.9238648414611816
-2.4832046031951904
-2.357226610183716
-5.835911750793457
2.3137691020965576
-4.657982349395752
8.18490219116211
-9.796977996826172
-3.5783095359802246
-1.103576421737671
-29.866031646728516
12.504863739013672
-2.747302532196045
-2.8029251098632812
-2.1506903171539307
-6.327976703643799
2.5581116676330566
-5.114612579345703
8.042394638061523
-10.155176162719727
-4.438703536987305
-0.8366103172302246
-32.312774658203125
13.378373146057129
-2.591136932373047
-3.1201984882354736
-2.030247688293457
-6.811845302581787
2.749713659286499
-5.555763244628906
7.764649391174316
-10.471177101135254
-5.312151908874512
-0.5829562544822693
-34.87025451660156
14.26681900024414
-2.468502998352051
-3.4373838901519775
-2.009031295776367
-7.286672115325928
2.8862547874450684
-5.985504627227783
7.346981048583984
-10.74544620513916
-6.206576824188232
-0.34132567048072815
-37.55173110961914
15.173526763916016
-2.3929507732391357
-3.756507158279419
-2.1033647060394287
-7.745420932769775
2.961094856262207
-6.39970588684082
6.786105155944824
-10.983864784240723
-7.127598762512207
-0.11430089175701141
-40.36842346191406
16.102916717529297
-2.3606619834899902
-4.064281463623047
-2.3339693546295166
-8.1603364944458
2.961601495742798
-6.785383701324463
6.060749530792236
-11.179153442382812
-8.078367233276367
0.09763167798519135
-43.33055877685547
17.058673858642578
-2.371830463409424
-4.3641252517700195
-2.684837818145752
-8.543479919433594
2.8854873180389404
-7.147810459136963
5.182651996612549
-11.343000411987305
-9.061487197875977
0.2959402799606323
-46.44919204711914
18.044017791748047
-2.427539587020874
-4.65777587890625
-3.143686056137085
-8.902523040771484
2.7442469596862793
-7.499516487121582
4.174637317657471
-11.510499954223633
-10.079733848571777
0.4820004105567932
-49.736061096191406
19.06216812133789
-2.531055212020874
-4.945104122161865
-3.7090139389038086
-9.24222183227539
2.4927468299865723
-7.806700706481934
3.0046098232269287
-11.639604568481445
-11.13615608215332
0.6570786237716675
-53.203102111816406
20.116409301757812
-2.685460090637207
-5.231229305267334
-4.388387680053711
-9.578984260559082
