2
3
9.64322566986084
-3.479851007461548
0.45366764068603516
3.744729995727539
0.7277288436889648
0.5591318011283875
0.9362978935241699
-3.291454553604126
11.632490158081055
1.5248476266860962
6.220949172973633
0.4758026599884033
9.156723022460938
-2.39262056350708
-0.33940446376800537
4.090865135192871
1.2953695058822632
-0.23596012592315674
3.547675609588623
-3.7243189811706543
11.909820556640625
1.3350313901901245
3.7809410095214844
0.057419002056121826
8.617948532104492
-1.2770164012908936
-1.191792607307434
4.052120685577393
2.225179672241211
-1.030504822731018
5.703549385070801
-3.9990293979644775
11.605949401855469
1.2372450828552246
2.0208756923675537
-0.32073748111724854
7.899193286895752
-0.23374128341674805
-1.5621857643127441
3.5917136669158936
3.565246820449829
-1.8632476329803467
7.102755546569824
-3.85247540473938
11.077231407165527
1.227204442024231
0.618471622467041
-0.7742272615432739
7.114725112915039
0.6861835718154907
-1.2313928604125977
2.645989179611206
5.139995574951172
-2.6445813179016113
7.787968635559082
-3.28523588180542
10.421063423156738
1.1610908508300781
-0.3105381727218628
-1.1733819246292114
6.380088806152344
1.372660517692566
-0.1892237663269043
1.2224280834197998
6.7960920333862305
-3.2767322063446045
7.76859712600708
-2.29219388961792
9.672051429748535
1.0366991758346558
-0.6375824809074402
-1.5374618768692017
5.897606372833252
1.6655728816986084
1.215593695640564
-0.2085939645767212
8.336606979370117
-3.654893159866333
7.144428253173828
-0.9945381879806519
8.897130966186523
0.8945907354354858
-0.3705063462257385
-2.0004467964172363
5.8516950607299805
1.5740631818771362
2.603599786758423
-1.4189594984054565
9.456565856933594
-3.64837384223938
6.312936782836914
0.10239946842193604
8.30006217956543
0.7205002903938293
0.40048670768737793
-2.6701016426086426
6.11637020111084
1.1963739395141602
3.8321609497070312
-2.2947676181793213
10.189675331115723
-3.319270372390747
5.2462592124938965
1.0355125665664673
7.907594203948975
0.38511747121810913
1.4561617374420166
-3.275498628616333
6.587357997894287
0.707297682762146
4.9208149909973145
-2.9649219512939453
10.511476516723633
-2.732820510864258
4.280797004699707
1.626514196395874
7.781042575836182
-0.13107120990753174
2.534008264541626
-3.619014263153076
7.234790325164795
0.12410175800323486
5.884037494659424
-3.4090278148651123
10.52558708190918
-2.021156072616577
3.5991127490997314
1.8935447931289673
7.844334125518799
-0.6685420870780945
3.6367483139038086
-3.7881345748901367
8.026464462280273
-0.5216639637947083
6.672321796417236
-3.5953667163848877
10.36703872680664
-1.3133879899978638
3.261395215988159
1.828627586364746
8.100911140441895
-1.2200493812561035
4.747178077697754
-3.796238899230957
8.912717819213867
-1.1709342002868652
7.249040126800537
-3.5497517585754395
10.112548828125
-0.6506743431091309
3.311584711074829
1.393193006515503
8.541857719421387
-1.7577168941497803
5.761528968811035
-3.65145206451416
9.831368446350098
-1.759122371673584
7.600202560424805
-3.361177444458008
9.81262493133545
-0.09328460693359375
3.8085830211639404
0.5788248777389526
9.137941360473633
-2.256892204284668
6.598232269287109
-3.3580565452575684
10.718954086303711
-2.2596869468688965
7.788396835327148
-3.099713087081909
9.523823738098145
0.2931406497955322
4.829163551330566
-0.624853253364563
9.830707550048828
-2.681547164916992
7.267475128173828
-3.0307865142822266
11.488431930541992
-2.651932716369629
7.999623775482178
-2.8006818294525146
9.406587600708008
0.38144388794898987
6.187882423400879
-1.8890272378921509
10.553091049194336
-3.012754201889038
7.847490310668945
-2.676344394683838
12.082544326782227
-2.9128410816192627
8.494490623474121
-2.6490073204040527
9.595630645751953
0.12468060851097107
7.7176995277404785
-2.8676576614379883
11.203035354614258
-3.2127835750579834
8.574756622314453
-2.4730777740478516
12.613860130310059
-3.093924045562744
9.197733879089355
-2.604660749435425
10.110797882080078
-0.3715568482875824
9.27137565612793
-3.601935863494873
11.834378242492676
-3.3399229049682617
9.425244331359863
-2.3746654987335205
13.100153923034668
-3.231539249420166
10.116647720336914
-2.6858744621276855
10.862525939941406
-1.0015050172805786
10.82094955444336
-4.1746673583984375
12.447301864624023
-3.431307077407837
10.428873062133789
-2.3924152851104736
13.526487350463867
-3.3200082778930664
11.315841674804688
-2.92234468460083
11.797476768493652
-1.7121539115905762
12.371726036071777
-4.621715545654297
12.991342544555664
-3.471653461456299
11.715347290039062
-2.591857433319092
