2
3
-4.130418300628662
-5.984954833984375
2.8311612606048584
13.244974136352539
2.380279064178467
1.4764127731323242
-6.054518699645996
3.961306571960449
-4.113001823425293
3.411674976348877
1.9287956953048706
-2.819591760635376
-3.4131805896759033
-4.278637409210205
2.522433042526245
14.381397247314453
1.2491161823272705
1.7156848907470703
-7.000496864318848
3.327838897705078
-3.3610403537750244
2.166055917739868
2.63173246383667
-4.321929454803467
-2.791722059249878
-2.4218859672546387
2.0858335494995117
14.791369438171387
0.1409233808517456
1.9132596254348755
-7.403218746185303
2.709690570831299
-2.376749038696289
0.776840329170227
2.8393607139587402
-5.203415393829346
-2.283982038497925
-0.5355441570281982
1.6007583141326904
14.574291229248047
-0.8850804567337036
2.035463809967041
-7.304886341094971
2.1469321250915527
-1.288032054901123
-0.6773579120635986
2.5842385292053223
-5.370428085327148
-1.9309420585632324
1.2916496992111206
1.2255557775497437
13.636800765991211
-1.7714226245880127
2.063113212585449
-6.7503275871276855
1.6700776815414429
-0.19202017784118652
-2.083685874938965
1.7789349555969238
-4.750792503356934
-1.801772117614746
2.964920997619629
1.203262209892273
11.75951862335205
-2.454409599304199
1.9735596179962158
-5.845887184143066
1.3369193077087402
0.7412213087081909
-3.255916118621826
0.45911574363708496
-3.3355612754821777
-1.6815775632858276
4.226536750793457
1.2543379068374634
9.377408981323242
-2.9073917865753174
1.7686632871627808
-4.709253311157227
1.1767973899841309
1.3080193996429443
-4.073958396911621
-1.1466662883758545
-0.9415323734283447
-1.4355287551879883
4.9154953956604
1.1831096410751343
6.888731479644775
-3.084324598312378
1.3664157390594482
-3.4022512435913086
1.2301890850067139
1.3523828983306885
-4.208817958831787
-2.575045585632324
1.676659107208252
-1.1602545976638794
5.1704020500183105
0.7108364701271057
4.744856834411621
-3.0893070697784424
0.9305378794670105
-2.380080461502075
1.6303889751434326
0.9831563234329224
-3.726247549057007
-3.453402042388916
3.642275333404541
-0.8066699504852295
4.997031211853027
0.07376402616500854
3.020317316055298
-2.9445390701293945
0.6308748126029968
-1.6414461135864258
2.059807062149048
0.46618175506591797
-2.900634288787842
-4.118142127990723
5.061431884765625
-0.45077693462371826
4.458775520324707
-0.4623139500617981
1.9734575748443604
-2.5655887126922607
0.4183582067489624
-1.2924801111221313
2.466676950454712
-0.06354677677154541
-1.9114652872085571
-4.677948474884033
5.995537757873535
-0.11302399635314941
3.7664847373962402
-1.0342401266098022
1.4414665699005127
-2.0618643760681152
0.3140958845615387
-1.282859444618225
2.9541985988616943
-0.6224309802055359
-0.8571690320968628
-4.971853256225586
6.512503623962402
0.1583145558834076
3.050482749938965
-1.7277462482452393
1.363288164138794
-1.569916844367981
0.34046390652656555
-1.5559167861938477
3.490506649017334
-1.2095284461975098
0.21263933181762695
-4.832380294799805
6.54879093170166
0.29345276951789856
2.4414682388305664
-2.522791624069214
1.6917427778244019
-1.1763591766357422
0.5037557482719421
-2.0458602905273438
4.0459136962890625
-1.7369980812072754
1.1980973482131958
-4.420986652374268
6.210729598999023
0.25941038131713867
2.0093252658843994
-3.3548240661621094
2.3507513999938965
-0.9192942380905151
0.8099100589752197
-2.6932015419006348
4.497180938720703
-2.0785880088806152
1.986846923828125
-3.972245931625366
5.7486371994018555
0.06591218709945679
1.7658268213272095
-4.153895854949951
3.241525411605835
-0.802830696105957
1.193833351135254
-3.43410062789917
4.8758134841918945
-2.178027629852295
2.5236082077026367
-3.7122085094451904
5.377435684204102
-0.24750208854675293
1.7433966398239136
-4.844528675079346
4.136926651000977
-0.8354465365409851
1.6366983652114868
-4.160092830657959
5.1709160804748535
-2.0909528732299805
2.845548629760742
-3.801506996154785
5.228440761566162
-0.618693470954895
1.9160196781158447
-5.440611362457275
4.945540904998779
-0.9775688052177429
2.0912134647369385
-4.878960132598877
5.481715202331543
-1.9604072570800781
3.0725929737091064
-4.242546558380127
5.3181657791137695
-1.000579595565796
2.2388904094696045
-6.019080638885498
5.657649517059326
-1.1815145015716553
2.5302765369415283
-5.6002702713012695
5.865354537963867
-1.8394099473953247
3.2472426891326904
-4.946171760559082
5.626448154449463
-1.359747052192688
2.653040885925293
-6.6729044914245605
6.3123698234558105
-1.4165639877319336
2.957895517349243
-6.387209892272949
6.3452301025390625
-1.7901029586791992
3.4390549659729004
-5.855224132537842
6.111114501953125
