2
3
-4.9763288497924805
2.8562352657318115
-1.6550030708312988
-7.931065082550049
5.63720703125
-5.909746170043945
3.855565071105957
-7.271543502807617
-1.438738465309143
-0.2195563167333603
3.0388059616088867
-7.683010101318359
-4.327252388000488
2.080334186553955
-0.6239023208618164
-9.135903358459473
5.332251071929932
-5.876220226287842
2.844491720199585
-6.889101982116699
-1.134909987449646
-0.6339380145072937
3.2721025943756104
-8.082279205322266
-3.7544374465942383
1.3025951385498047
0.2958529591560364
-10.371923446655273
5.024635314941406
-5.858570098876953
1.8746511936187744
-6.586150646209717
-0.8404620885848999
-1.0692400932312012
3.516542911529541
-8.574188232421875
-3.2308173179626465
0.516106128692627
1.1557599306106567
-11.658985137939453
4.697406768798828
-5.849518299102783
0.9278201460838318
-6.346776485443115
-0.5451521873474121
-1.5441830158233643
3.7731730937957764
-9.18294906616211
-2.754958152770996
-0.2790595293045044
1.9414740800857544
-13.06052017211914
4.3476338386535645
-5.843745231628418
-0.009863793849945068
-6.163968086242676
-0.24181890487670898
-2.0624947547912598
4.035065650939941
-9.892755508422852
-2.290680408477783
-1.1160526275634766
2.651319742202759
-14.615439414978027
3.99186110496521
-5.863945484161377
-0.9125517010688782
-6.06499719619751
0.07280561327934265
-2.623854398727417
4.299124717712402
-10.690418243408203
-1.819413661956787
-2.00685977935791
3.319638252258301
-16.297269821166992
3.6380252838134766
-5.919626712799072
-1.775373935699463
-6.065746307373047
0.40256115794181824
-3.235719680786133
4.568684101104736
-11.585083961486816
-1.3367767333984375
-2.9469799995422363
3.9733591079711914
-18.072505950927734
3.2893624305725098
-6.00862979888916
-2.601933479309082
-6.174727916717529
0.7542639970779419
-3.9103305339813232
4.847439765930176
-12.591282844543457
-0.8442016839981079
-3.938725709915161
4.613370895385742
-19.943408966064453
2.9522252082824707
-6.141557216644287
-3.3872342109680176
-6.410714149475098
1.1310157775878906
-4.65407657623291
5.127479076385498
-13.709567070007324
-0.34159743785858154
-4.988659381866455
5.23963737487793
-21.917415618896484
2.632028102874756
-6.34220552444458
-4.1222686767578125
-6.812342643737793
1.534546136856079
-5.470741271972656
5.4083638191223145
-14.948594093322754
0.17406988143920898
-6.111075401306152
5.85711669921875
-24.003690719604492
2.329124689102173
-6.621753692626953
-4.822234153747559
-7.391944885253906
1.9618585109710693
-6.361330509185791
5.687902927398682
-16.314382553100586
0.70737624168396
-7.323547840118408
6.469824314117432
-26.20690155029297
2.0300276279449463
-6.996891021728516
-5.509952545166016
-8.193289756774902
2.405482292175293
-7.330654144287109
5.968634128570557
-17.813337326049805
1.2596638202667236
-8.627619743347168
7.075803279876709
-28.502344131469727
1.725080966949463
-7.466100215911865
-6.195756435394287
-9.203275680541992
2.858325719833374
-8.375275611877441
6.253261566162109
-19.43948745727539
1.8439240455627441
-9.99112606048584
7.633504867553711
-30.826190948486328
1.448509693145752
-7.991530895233154
-6.838127613067627
-10.339136123657227
3.311922073364258
-9.473283767700195
6.51207160949707
-21.138164520263672
2.441046953201294
-11.39161491394043
8.116588592529297
-33.19300079345703
1.2088022232055664
-8.577764511108398
-7.436406135559082
-11.608294486999512
3.7534525394439697
-10.610746383666992
6.71651029586792
-22.889724731445312
3.0403339862823486
-12.853939056396484
8.5477294921875
-35.6540641784668
0.9972729086875916
-9.236010551452637
-7.995110034942627
-13.0382719039917
4.184939861297607
-11.80172348022461
6.872328758239746
-24.72040557861328
3.637331008911133
-14.382832527160645
8.936367988586426
-38.228050231933594
0.8127286434173584
-9.970864295959473
-8.51118278503418
-14.643880844116211
4.609111309051514
-13.05543327331543
6.985347747802734
-26.651988983154297
4.22761869430542
-15.975939750671387
9.280501365661621
-40.91971206665039
0.6590014696121216
-10.786298751831055
-8.9752197265625
-16.431623458862305
5.025147914886475
-14.37530517578125
7.05945348739624
-28.69904899597168
4.802859783172607
-17.626218795776367
9.581722259521484
-43.73432540893555
0.5354741811752319
-11.687030792236328
-9.389322280883789
-18.411916732788086
5.432803153991699
-15.765115737915039
7.09911584854126
-30.875593185424805
5.368631362915039
-19.349407196044922
9.848417282104492
-46.69792556762695
0.44640764594078064
-12.673429489135742
-9.75622272491455
-20.590147018432617
5.83174991607666
-17.228849411010742
7.108471870422363
-33.19574737548828
