2
3
-4.454404354095459
-5.931457996368408
1.5706614255905151
-0.02397143840789795
-0.8888616561889648
3.1862311363220215
4.211738586425781
1.9786298274993896
8.453409194946289
5.58493185043335
3.654031276702881
2.023643970489502
-3.626340866088867
-5.084211826324463
2.82271671295166
1.2441705465316772
-0.4579901695251465
2.959702730178833
4.871024131774902
1.415680170059204
7.923574447631836
5.208478927612305
2.3898167610168457
1.0368064641952515
-2.8451530933380127
-4.2482075691223145
4.033637523651123
2.5056400299072266
-0.05317264795303345
2.74863862991333
5.5186944007873535
0.9027664065361023
7.382511138916016
4.811616897583008
1.1515907049179077
0.061083078384399414
-2.1127707958221436
-3.460599184036255
5.193406105041504
3.723036050796509
0.32468181848526
2.5540366172790527
6.145910263061523
0.4445844292640686
6.814459323883057
4.387825965881348
-0.12129902839660645
-0.921103835105896
-1.430755853652954
-2.736607313156128
6.295376777648926
4.884768486022949
0.687008798122406
2.363797426223755
6.760419845581055
0.045618414878845215
6.228474140167236
3.9513261318206787
-1.353360891342163
-1.8610221147537231
-0.8024851083755493
-2.081979751586914
7.334634304046631
5.984601020812988
1.0746294260025024
2.1687333583831787
7.412641525268555
-0.2687169909477234
5.6714091300964355
3.5321996212005615
-2.490849494934082
-2.7243776321411133
-0.18842869997024536
-1.4667309522628784
8.36368465423584
7.029232025146484
1.5213382244110107
1.987802505493164
8.12346076965332
-0.483087956905365
5.144094467163086
3.13059663772583
-3.5362329483032227
-3.5079894065856934
0.4792291522026062
-0.8215125799179077
9.461997032165527
8.063213348388672
2.007396697998047
1.8212776184082031
8.869162559509277
-0.6421884298324585
4.663637638092041
2.7621071338653564
-4.476325035095215
-4.215691089630127
1.1987965106964111
-0.13877224922180176
10.61640739440918
9.090269088745117
2.5351474285125732
1.6784846782684326
9.652547836303711
-0.7547503113746643
4.234009742736816
2.420806407928467
-5.3216729164123535
-4.880873203277588
1.9629017114639282
0.5656185150146484
11.815739631652832
10.105817794799805
3.123413324356079
1.5696003437042236
10.49476432800293
-0.8117465972900391
3.8155202865600586
2.073432683944702
-6.141964912414551
-5.573509693145752
2.774108648300171
1.2778702974319458
13.058599472045898
11.09750747680664
3.7799761295318604
1.4964133501052856
11.416154861450195
-0.8070034384727478
3.399421453475952
1.710971713066101
-6.967892646789551
-6.319949150085449
3.63223934173584
1.9951145648956299
14.340923309326172
12.064737319946289
4.4854912757873535
1.4512239694595337
12.371012687683105
-0.7531498670578003
2.9974400997161865
1.3385311365127563
-7.793907165527344
-7.115828514099121
4.488779544830322
2.6650092601776123
15.559104919433594
12.899393081665039
5.189141750335693
1.4255708456039429
13.257745742797852
-0.6563794612884521
2.6705780029296875
0.9941969513893127
-8.47852897644043
-7.862550735473633
5.310445308685303
3.2786219120025635
16.662057876586914
13.569355010986328
5.877908706665039
1.4120538234710693
14.08117389678955
-0.526922345161438
2.4184815883636475
0.6849838495254517
-8.985701560974121
-8.530001640319824
6.121163368225098
3.861868381500244
17.6772403717041
14.121135711669922
6.5564799308776855
1.4088388681411743
14.856048583984375
-0.3720092475414276
2.220973253250122
0.4025242328643799
-9.407071113586426
-9.173372268676758
6.930059909820557
4.421099662780762
18.63209342956543
14.580656051635742
7.230839729309082
1.4153900146484375
15.597285270690918
-0.19391602277755737
2.074523448944092
0.14652109146118164
-9.758816719055176
-9.806144714355469
7.738488674163818
4.956549167633057
19.539094924926758
14.959546089172363
7.900931358337402
1.4322960376739502
16.302597045898438
0.0029492974281311035
1.9814125299453735
-0.0812116265296936
-10.034788131713867
-10.432408332824707
8.532269477844238
5.457193851470947
20.395606994628906
15.250021934509277
8.568953514099121
1.4595016241073608
16.978111267089844
0.21666541695594788
1.9376760721206665
-0.284256249666214
-10.224540710449219
-11.050349235534668
9.318235397338867
5.9263596534729
21.208635330200195
15.457762718200684
9.232752799987793
1.4967137575149536
17.625324249267578
0.4454891085624695
1.9395018815994263
-0.4670941233634949
-10.335569381713867
-11.663185119628906
10.104969024658203
6.368810653686523
21.99068260192871
15.593523025512695
9.893163681030273
1.5451980829238892
18.248668670654297
0.6881777048110962
1.98433256149292
-0.6345013380050659
-10.375638008117676
-12.278544425964355
