2
3
-2.2791593074798584
8.846940040588379
-9.433804512023926
-1.8786475658416748
-0.05027508735656738
0.08488112688064575
-8.938211441040039
-1.8770463466644287
3.047194004058838
3.19801664352417
0.8948864936828613
-1.9916858673095703
-2.155596971511841
8.2753267288208
-9.792932510375977
-2.8632705211639404
-0.46979188919067383
0.46540799736976624
-9.662602424621582
-1.3712356090545654
2.7564337253570557
3.218709945678711
0.23381847143173218
-1.8132063150405884
-2.161938428878784
7.7487616539001465
-10.31501579284668
-3.7753610610961914
-0.8941431045532227
0.7968418002128601
-10.427149772644043
-0.9223500490188599
2.4402520656585693
3.2458767890930176
-0.4447816014289856
-1.6552321910858154
-2.2408177852630615
7.242794513702393
-10.94498062133789
-4.661167144775391
-1.3141510486602783
1.1052296161651611
-11.218544960021973
-0.49671536684036255
2.0929322242736816
3.2866175174713135
-1.1469802856445312
-1.5169881582260132
-2.37259578704834
6.754550933837891
-11.668296813964844
-5.539990425109863
-1.7388916015625
1.393599271774292
-12.05207347869873
-0.09365895390510559
1.7148234844207764
3.3400657176971436
-1.873047947883606
-1.4001092910766602
-2.5825703144073486
6.276444435119629
-12.51481819152832
-6.4230756759643555
-2.1859397888183594
1.6562848091125488
-12.977100372314453
0.28339365124702454
1.323236107826233
3.3854823112487793
-2.6128463745117188
-1.3148431777954102
-2.917440414428711
5.795971870422363
-13.517194747924805
-7.319942474365234
-2.670947551727295
1.872312068939209
-14.108932495117188
0.6198467016220093
0.9149529933929443
3.4228878021240234
-3.3738186359405518
-1.2622944116592407
-3.3093886375427246
5.312078475952148
-14.619928359985352
-8.247674942016602
-3.1836769580841064
2.063666343688965
-15.389610290527344
0.9291941523551941
0.4825921654701233
3.4478187561035156
-4.169092655181885
-1.2519506216049194
-3.745281219482422
4.823688507080078
-15.81776237487793
-9.212804794311523
-3.7209479808807373
2.2348673343658447
-16.78961181640625
1.223609447479248
0.0203096866607666
3.452824592590332
-5.010941028594971
-1.299047589302063
-4.224623680114746
4.328830718994141
-17.11575698852539
-10.221037864685059
-4.281589508056641
2.3859047889709473
-18.301164627075195
1.506941318511963
-0.48271632194519043
3.429854154586792
-5.921226978302002
-1.4121818542480469
-4.747647762298584
3.825039863586426
-18.517091751098633
-11.280685424804688
-4.873070240020752
2.5212349891662598
-19.932048797607422
1.778156042098999
-1.0369374752044678
3.3776559829711914
-6.9279303550720215
-1.584892749786377
-5.313080787658691
3.3096923828125
-20.007064819335938
-12.395180702209473
-5.505116939544678
2.645310163497925
-21.706167221069336
2.0405898094177246
-1.6454943418502808
3.3006017208099365
-8.05003547668457
-1.8046241998672485
-5.930891036987305
2.7835237979888916
-21.600399017333984
-13.578890800476074
-6.184930324554443
2.760495185852051
-23.651107788085938
2.296802043914795
-2.3089468479156494
3.201124668121338
-9.301015853881836
-2.0667078495025635
-6.611612319946289
2.2463672161102295
-23.292362213134766
-14.844712257385254
-6.916942119598389
2.8630361557006836
-25.782047271728516
2.5436060428619385
-3.030773401260376
3.079319477081299
-10.695108413696289
-2.3714427947998047
-7.357819080352783
1.701258659362793
-25.076139450073242
-16.19231414794922
-7.697143077850342
2.9448835849761963
-28.091278076171875
2.773744583129883
-3.8174221515655518
2.9347989559173584
-12.244590759277344
-2.7206544876098633
-8.17764663696289
1.142244577407837
-26.99030876159668
-17.63361167907715
-8.534209251403809
3.002544641494751
-30.592592239379883
2.984577178955078
-4.675113677978516
2.767005681991577
-13.962041854858398
-3.1165597438812256
-9.07645320892334
0.5625630021095276
-29.06181526184082
-19.17576026916504
-9.433843612670898
3.0337259769439697
-33.29669952392578
3.1734015941619873
-5.607391357421875
2.574978828430176
-15.859800338745117
-3.562267780303955
-10.058540344238281
-0.04270714521408081
-31.306291580200195
-20.825136184692383
-10.40063190460205
3.0367422103881836
-36.21546173095703
3.3371918201446533
-6.618518829345703
2.3570220470428467
-17.952491760253906
-4.060969352722168
-11.128323554992676
-0.676578938961029
-33.734619140625
-22.58916664123535
-11.437628746032715
3.009167194366455
-39.35957717895508
3.4720029830932617
-7.710475444793701
2.1120283603668213
-20.25452995300293
-4.61570405960083
-12.283187866210938
-1.335099697113037
-36.33256149291992
-24.46257209777832
-12.547693252563477
2.9491982460021973
-42.740055084228516
3.5742528438568115
-8.887195587158203
1.8392168283462524
-22.780813217163086
-5.229316711425781
