2
3
5.563277721405029
8.718661308288574
-6.609346389770508
7.680914402008057
-5.743325233459473
-4.801030158996582
8.164454460144043
-2.4991586208343506
-8.04694938659668
-0.047414928674697876
3.3332836627960205
-2.329582929611206
4.627651214599609
8.36446475982666
-8.481314659118652
6.74643611907959
-4.880315780639648
-4.097847938537598
9.235427856445312
-1.5417126417160034
-7.090137004852295
0.22107157111167908
4.757727146148682
-2.1211767196655273
3.7568960189819336
8.03377914428711
-10.313620567321777
6.004870414733887
-4.104762077331543
-3.4059276580810547
10.224039077758789
-0.5123257637023926
-6.2055182456970215
0.4783685505390167
6.077788352966309
-1.937863826751709
2.905791997909546
7.663885116577148
-12.17207145690918
5.3167219161987305
-3.3900156021118164
-2.79860258102417
11.178866386413574
0.5262558460235596
-5.369748592376709
0.7187067270278931
7.329477310180664
-1.7078840732574463
2.096773624420166
7.235082626342773
-14.044706344604492
4.65974760055542
-2.72440242767334
-2.2712087631225586
12.113349914550781
1.5706958770751953
-4.57783317565918
0.9365416765213013
8.522777557373047
-1.4123375415802002
1.3355833292007446
6.8106513023376465
-15.974531173706055
4.0759992599487305
-2.043673276901245
-1.807455062866211
13.111422538757324
2.5913188457489014
-3.824718952178955
1.0666440725326538
9.683595657348633
-1.095097541809082
0.6395742893218994
6.38691520690918
-17.923858642578125
3.520376443862915
-1.3487961292266846
-1.3445045948028564
14.113753318786621
3.625094175338745
-3.0887484550476074
1.1059311628341675
10.855415344238281
-0.786320686340332
-0.012125074863433838
5.988263130187988
-19.88190460205078
3.02371883392334
-0.5873119831085205
-0.880715548992157
15.133233070373535
4.629395961761475
-2.348149538040161
1.1308366060256958
12.031898498535156
-0.44637981057167053
-0.6895436644554138
5.634749889373779
-21.939023971557617
2.638019561767578
0.2145826816558838
-0.3922387957572937
16.164091110229492
5.61612606048584
-1.5897901058197021
1.1660215854644775
13.193297386169434
-0.06523078680038452
-1.4456212520599365
5.307011604309082
-24.129188537597656
2.3768134117126465
1.047825813293457
0.1054578423500061
17.237154006958008
6.583344459533691
-0.7845264077186584
1.2381606101989746
14.334156036376953
0.35798928141593933
-2.162407398223877
5.023592948913574
-26.363040924072266
2.1807990074157715
1.873747706413269
0.6244532465934753
18.279964447021484
7.52502965927124
0.062144935131073
1.3499290943145752
15.429725646972656
0.8101707696914673
-2.845773696899414
4.782263278961182
-28.65207290649414
2.0460567474365234
2.6744775772094727
1.1742141246795654
19.161239624023438
8.451400756835938
0.9104965925216675
1.4985544681549072
16.42605209350586
1.3042446374893188
-3.503729820251465
4.585324287414551
-31.00274658203125
1.9665184020996094
3.447173595428467
1.7426153421401978
19.90308952331543
9.372076034545898
1.7399343252182007
1.6911029815673828
17.27161979675293
1.8351296186447144
-4.136266708374023
4.431545257568359
-33.3978385925293
1.9259538650512695
4.173835754394531
2.3241941928863525
20.500225067138672
10.277849197387695
2.5580148696899414
1.8961483240127563
18.07042121887207
2.3765437602996826
-4.762293338775635
4.313501834869385
-35.835960388183594
1.9398661851882935
4.8440375328063965
2.9135470390319824
20.954065322875977
11.156405448913574
3.3685543537139893
2.114665985107422
18.851224899291992
2.8944602012634277
-5.389517784118652
4.233445644378662
-38.34949493408203
2.0117456912994385
5.453441619873047
3.495121717453003
21.249292373657227
11.964327812194824
4.1152424812316895
2.3474478721618652
19.51856803894043
3.4057703018188477
-6.019134998321533
4.185876846313477
-40.933860778808594
2.141047477722168
6.016339302062988
4.068202972412109
21.419397354125977
12.703644752502441
4.814197540283203
2.5920345783233643
20.057538986206055
3.927438259124756
-6.654966354370117
4.166131019592285
-43.60611343383789
2.327451705932617
6.550302505493164
4.642040729522705
21.532773971557617
13.40070629119873
5.464351654052734
2.8551812171936035
20.462751388549805
4.457829475402832
-7.30147647857666
4.170036315917969
-46.36577224731445
2.570044755935669
7.078730583190918
5.2436652183532715
21.68254280090332
14.071027755737305
6.066730499267578
3.1362438201904297
20.735363006591797
4.998928546905518
-7.962547779083252
4.198683738708496
-49.22323226928711
2.8682713508605957
7.65189266204834
5.879784107208252
21.888322830200195
14.688264846801758
6.6152520179748535
3.4336323738098145
20.874950408935547
5.551220417022705
