2
3
-4.786553382873535
-8.279199600219727
0.6280479431152344
2.9002742767333984
-11.058822631835938
2.1050755977630615
-5.033464431762695
4.314467430114746
-7.690639019012451
-2.302912473678589
-8.098896980285645
4.125431537628174
-4.127557277679443
-7.847799777984619
-2.3994903564453125
5.242066383361816
-10.880694389343262
1.6658079624176025
-3.7069201469421387
2.776740074157715
-8.579611778259277
-1.9470466375350952
-7.263260841369629
3.507718801498413
-4.177343368530273
-6.770866394042969
-5.123841285705566
6.550193786621094
-10.61083698272705
1.1829310655593872
-2.930441379547119
1.6147865056991577
-9.123208999633789
-1.9155389070510864
-6.564388275146484
3.3774755001068115
-4.698884010314941
-5.496565818786621
-7.132133483886719
7.4537034034729
-10.156166076660156
0.505041241645813
-2.3369975090026855
0.8109091520309448
-9.397454261779785
-1.955159068107605
-6.041715621948242
3.470590829849243
-5.481834888458252
-4.162065505981445
-8.607762336730957
7.940397262573242
-9.532151222229004
-0.30039769411087036
-2.133147716522217
0.44183075428009033
-9.462308883666992
-1.9460387229919434
-5.690048694610596
3.5369246006011963
-6.459620952606201
-2.8068251609802246
-9.533193588256836
7.912893295288086
-8.840384483337402
-1.1180837154388428
-2.4521186351776123
0.5629869699478149
-9.39413833618164
-1.9131888151168823
-5.5116095542907715
3.631929397583008
-7.567971706390381
-1.4920613765716553
-9.85974407196045
7.299740791320801
-8.164471626281738
-1.8754668235778809
-3.4355132579803467
1.2735373973846436
-9.253804206848145
-1.8412096500396729
-5.560052394866943
3.7950193881988525
-8.607269287109375
-0.39025723934173584
-9.889171600341797
6.512599468231201
-7.665532112121582
-2.4317662715911865
-4.939123153686523
2.501591205596924
-9.095870018005371
-1.7038607597351074
-5.926358699798584
4.009483337402344
-9.435847282409668
0.3660465478897095
-9.831111907958984
5.829545497894287
-7.4661078453063965
-2.6122899055480957
-6.726462364196777
3.844600200653076
-8.961933135986328
-1.5196380615234375
-6.7026238441467285
4.306829452514648
-10.00223445892334
0.7413727045059204
-9.7849702835083
5.402255535125732
-7.609723091125488
-2.383657932281494
-8.518853187561035
4.968027591705322
-8.874244689941406
-1.3304450511932373
-8.040083885192871
4.921752452850342
-10.274985313415527
0.8290330171585083
-10.082809448242188
5.354852199554443
-8.038172721862793
-1.8811125755310059
-10.136263847351074
5.759792804718018
-9.00007438659668
-1.0415713787078857
-9.576884269714355
5.588230609893799
-10.401490211486816
0.8122072219848633
-10.938836097717285
5.679443359375
-8.62096881866455
-1.2879853248596191
-11.7003812789917
6.416351318359375
-9.292333602905273
-0.6597340106964111
-11.217364311218262
6.236126899719238
-10.538267135620117
0.8518614768981934
-12.321550369262695
6.249181747436523
-9.26012134552002
-0.6646522283554077
-13.332311630249023
7.0577192306518555
-9.696707725524902
-0.20081567764282227
-12.944576263427734
6.874261856079102
-10.743324279785156
0.9812316298484802
-14.150627136230469
7.011421203613281
-9.925113677978516
-0.030041813850402832
-15.100401878356934
7.712606430053711
-10.189300537109375
0.2974347472190857
-14.793057441711426
7.547168731689453
-11.071686744689941
1.232952356338501
-16.383424758911133
7.911961555480957
-10.617624282836914
0.6072759628295898
-17.092069625854492
8.419158935546875
-10.757589340209961
0.828176736831665
-16.87472915649414
8.293248176574707
-11.550180435180664
1.6188002824783325
-18.993295669555664
8.90849494934082
-11.348252296447754
1.2506568431854248
-19.40764808654785
9.216850280761719
-11.407551765441895
1.399961233139038
-19.284067153930664
9.13386344909668
-12.195178985595703
2.1394522190093994
-21.97141456604004
9.96928596496582
-12.139646530151367
1.9201784133911133
-22.14849281311035
10.13300895690918
-12.155489921569824
2.0278000831604004
-22.101566314697266
10.08222770690918
-13.006070137023926
2.7793514728546143
-25.346134185791016
11.092864036560059
-13.01830768585205
2.639982223510742
-25.387527465820312
11.175067901611328
-13.014238357543945
2.7205283641815186
-25.38156509399414
11.142608642578125
-13.971731185913086
3.515082597732544
-29.170608520507812
12.296127319335938
-14.005352020263672
3.4214510917663574
-29.166446685791016
12.340519905090332
-13.9938383102417
3.4800057411193848
-29.16912841796875
12.317825317382812
-15.08347225189209
4.3293137550354
-33.52288055419922
13.599172592163086
-15.118534088134766
4.26475715637207
-33.51655197143555
13.627264976501465
-15.105311393737793
4.306968688964844
-33.517295837402344
13.610408782958984
