2
3
-4.668458461761475
-0.4997953474521637
7.8134918212890625
0.9851189255714417
-5.3833770751953125
-1.335282325744629
-9.856698989868164
-3.3161840438842773
-4.674574851989746
8.915563583374023
10.034102439880371
-11.534849166870117
-4.33381986618042
-0.13719874620437622
8.303666114807129
1.8105695247650146
-5.8011345863342285
-0.8817635178565979
-10.657925605773926
-2.9668784141540527
-4.095139026641846
7.87144136428833
10.856019020080566
-13.301559448242188
-3.990400552749634
0.20930981636047363
8.791681289672852
2.580453634262085
-6.159353733062744
-0.5121692419052124
-11.407981872558594
-2.672410011291504
-3.4903404712677
6.781617164611816
11.685074806213379
-15.098470687866211
-3.618279218673706
0.5234891176223755
9.296160697937012
3.254484176635742
-6.460183143615723
-0.22239890694618225
-12.088866233825684
-2.426499843597412
-2.8046517372131348
5.630058288574219
12.575387001037598
-16.948741912841797
-3.212794303894043
0.8044241666793823
9.801809310913086
3.796539545059204
-6.725172996520996
-0.01205088198184967
-12.735815048217773
-2.246532917022705
-2.073460578918457
4.416528701782227
13.454754829406738
-18.851804733276367
-2.770702362060547
1.0609298944473267
10.355059623718262
4.236903190612793
-6.998723983764648
0.10099782049655914
-13.506013870239258
-2.1326894760131836
-1.3353869915008545
3.1616392135620117
14.240434646606445
-20.76306915283203
-2.3250486850738525
1.295478105545044
10.893637657165527
4.623147487640381
-7.246514320373535
0.13918344676494598
-14.332904815673828
-2.0718047618865967
-0.5993649959564209
1.8804925680160522
14.908721923828125
-22.639244079589844
-1.8943066596984863
1.511144995689392
11.372426986694336
4.968122482299805
-7.4478960037231445
0.09667999297380447
-15.15180492401123
-2.040379285812378
0.13484549522399902
0.5785773992538452
15.488144874572754
-24.501293182373047
-1.4629435539245605
1.7069008350372314
11.825896263122559
5.231015205383301
-7.614357948303223
-0.011879250407218933
-15.977652549743652
-2.056762933731079
0.8648608326911926
-0.7395342588424683
15.94748592376709
-26.32822608947754
-1.0017142295837402
1.8667120933532715
12.27641487121582
5.379314422607422
-7.722776412963867
-0.16462214291095734
-16.795696258544922
-2.128859043121338
1.5626094341278076
-2.029111385345459
16.25350570678711
-28.028459548950195
-0.5249241590499878
1.9804251194000244
12.684694290161133
5.416701316833496
-7.78358793258667
-0.34576940536499023
-17.587818145751953
-2.2413241863250732
2.210331916809082
-3.255533218383789
16.385229110717773
-29.579999923706055
-0.038243114948272705
2.050046920776367
13.055891990661621
5.350229263305664
-7.82174015045166
-0.5554786920547485
-18.388277053833008
-2.4028100967407227
2.8085405826568604
-4.427885055541992
16.397117614746094
-31.04691505432129
0.45826417207717896
2.068950891494751
13.395258903503418
5.1675004959106445
-7.834834098815918
-0.7919142246246338
-19.200048446655273
-2.608538866043091
3.3909051418304443
-5.591697692871094
16.365598678588867
-32.51054763793945
0.9660850167274475
2.029785394668579
13.704501152038574
4.853065490722656
-7.821506023406982
-1.056640625
-20.015857696533203
-2.8619470596313477
3.9324746131896973
-6.726497650146484
16.297929763793945
-33.97359848022461
1.4870789051055908
1.929137110710144
13.990667343139648
4.405817985534668
-7.781877040863037
-1.349473237991333
-20.827119827270508
-3.1662485599517822
4.422060012817383
-7.814838409423828
16.18443489074707
-35.43044662475586
2.0286216735839844
1.7627768516540527
14.26865005493164
3.831552028656006
-7.715622425079346
-1.6679191589355469
-21.620996475219727
-3.522620916366577
4.8979315757751465
-8.894680976867676
16.03263282775879
-36.904693603515625
2.587055206298828
1.5332696437835693
14.537513732910156
3.146939754486084
-7.630156517028809
-2.007145643234253
-22.3973445892334
-3.938758611679077
5.359866619110107
-9.96837329864502
15.843201637268066
-38.40250778198242
3.150594711303711
1.2452579736709595
14.77450180053711
2.3626322746276855
-7.503212928771973
-2.3721213340759277
-23.123044967651367
-4.42277717590332
5.814107894897461
-11.043794631958008
15.621484756469727
-39.93871307373047
3.710862159729004
0.8980650305747986
14.978738784790039
1.4937694072723389
-7.355057239532471
-2.765906572341919
-23.8496150970459
-4.973300457000732
6.262677192687988
-12.126070022583008
15.369001388549805
-41.524051666259766
4.263845443725586
0.4987410306930542
15.131427764892578
0.5409126877784729
-7.19598388671875
-3.1863465309143066
-24.590457916259766
-5.594383716583252
6.707094669342041
-13.22134017944336
15.08935832977295
-43.17161178588867
