2
3
1.9775792360305786
-8.30821704864502
7.40264368057251
11.680377960205078
1.9180830717086792
-1.8539278507232666
8.719571113586426
4.786829471588135
-5.669677257537842
5.488642692565918
7.844919681549072
-0.7050490379333496
1.9068865776062012
-7.016386985778809
7.2994256019592285
13.595046043395996
2.1032521724700928
-1.6301583051681519
8.475529670715332
5.092491626739502
-4.804810523986816
4.7288432121276855
9.309423446655273
-2.057176113128662
1.940503478050232
-5.7426629066467285
7.384315490722656
15.40625
2.29549241065979
-1.370840311050415
8.29877758026123
5.449263095855713
-3.9269142150878906
4.032556533813477
10.795931816101074
-3.3275532722473145
2.040738344192505
-4.431779384613037
7.579370498657227
17.14613914489746
2.5289485454559326
-1.0816737413406372
8.275583267211914
5.84128475189209
-3.0192699432373047
3.420361042022705
12.350382804870605
-4.416793346405029
2.2088375091552734
-3.094944477081299
7.837810039520264
18.828264236450195
2.787452459335327
-0.7471092939376831
8.340271949768066
6.289151191711426
-2.0347936153411865
2.8631038665771484
14.022007942199707
-5.291131496429443
2.4181389808654785
-1.7280102968215942
8.11810302734375
20.469764709472656
3.059144973754883
-0.36716029047966003
8.468501091003418
6.797015190124512
-0.9639767408370972
2.340902090072632
15.81435775756836
-6.040599822998047
2.6696624755859375
-0.35913825035095215
8.447752952575684
22.053142547607422
3.3543012142181396
0.0647304356098175
8.703901290893555
7.374493598937988
0.18974781036376953
1.8473050594329834
17.744319915771484
-6.686049938201904
3.0239052772521973
1.0122506618499756
8.97750186920166
23.6011962890625
3.7307982444763184
0.5807055234909058
9.154560089111328
8.021565437316895
1.406836748123169
1.3728415966033936
19.755441665649414
-7.240377902984619
3.4676642417907715
2.348114013671875
9.631872177124023
25.04950523376465
4.166992664337158
1.142290711402893
9.747797012329102
8.725397109985352
2.6785075664520264
0.922624409198761
21.846384048461914
-7.677016735076904
3.9955575466156006
3.5814249515533447
10.337252616882324
26.244720458984375
4.6659159660339355
1.7177551984786987
10.474838256835938
9.445114135742188
3.916844367980957
0.5488866567611694
23.809799194335938
-7.860956192016602
4.58887243270874
4.751438617706299
11.075921058654785
27.243215560913086
5.237561225891113
2.290958881378174
11.294060707092285
10.16929817199707
5.142929553985596
0.2679293155670166
25.66227149963379
-7.810009956359863
5.26084041595459
5.856246471405029
11.872823715209961
28.092655181884766
5.875502586364746
2.8491718769073486
12.177026748657227
10.849384307861328
6.398916244506836
0.06098981201648712
27.531402587890625
-7.582498073577881
6.0007758140563965
6.905683517456055
12.722335815429688
28.81328010559082
6.586759090423584
3.40415620803833
13.140637397766113
11.497480392456055
7.689953804016113
-0.07536081969738007
29.445636749267578
-7.193158149719238
6.798023223876953
7.9133405685424805
13.613767623901367
29.42828369140625
7.37404203414917
3.962143659591675
14.192804336547852
12.122881889343262
9.004090309143066
-0.13587535917758942
31.395170211791992
-6.641977787017822
7.646008491516113
8.879865646362305
14.545781135559082
29.94223403930664
8.237515449523926
4.526246070861816
15.335526466369629
12.733903884887695
10.348901748657227
-0.12144920974969864
33.384483337402344
-5.93361759185791
8.551497459411621
9.812925338745117
15.534708023071289
30.377262115478516
9.1775484085083
5.099888324737549
16.57202911376953
13.34329891204834
11.762069702148438
-0.033913664519786835
35.45583724975586
-5.08978271484375
9.51668643951416
10.705470085144043
16.58563232421875
30.716747283935547
10.196807861328125
5.687231063842773
17.909954071044922
13.966856002807617
13.267822265625
0.12778040766716003
37.629146575927734
-4.12928581237793
10.55737590789795
11.564111709594727
17.729162216186523
30.978002548217773
11.297201156616211
6.292186260223389
19.353134155273438
14.618969917297363
14.898996353149414
0.3548223674297333
39.90407180786133
-3.1000328063964844
11.680960655212402
12.398420333862305
18.984128952026367
31.192188262939453
12.479024887084961
6.912148952484131
20.900426864624023
15.295038223266602
16.622629165649414
0.6690855026245117
42.16637420654297
-2.028846025466919
12.89542007446289
13.218307495117188
20.36852264404297
31.384328842163086
13.745183944702148
7.5507612228393555
22.556652069091797
16.01055145263672
18.4111385345459
1.0680906772613525
44.4149169921875
-0.8757032155990601
