2
3
-6.863253593444824
-3.7411372661590576
4.893789291381836
-6.673828125
5.025595188140869
-1.2199585437774658
-0.018523216247558594
0.28862738609313965
-5.9795613288879395
-2.617924451828003
-7.012876510620117
-8.21523666381836
-5.368057727813721
-4.5213446617126465
5.303105354309082
-6.5281500816345215
4.18585205078125
-0.48085319995880127
-2.9291272163391113
-1.1452966928482056
-6.79937744140625
-3.373203992843628
-5.067093849182129
-8.14809513092041
-3.9228456020355225
-5.220793724060059
5.280226707458496
-6.465388774871826
3.00032377243042
0.08843749761581421
-4.9353179931640625
-2.817864418029785
-7.1846537590026855
-4.066647052764893
-2.98054575920105
-8.148489952087402
-2.7127373218536377
-5.826189994812012
5.001789569854736
-6.305456161499023
1.572534203529358
0.4350588917732239
-5.9050798416137695
-4.5654754638671875
-7.208479881286621
-4.715902805328369
-1.1394248008728027
-8.262507438659668
-1.6689834594726562
-6.2988996505737305
4.23620080947876
-6.016704082489014
0.07377982139587402
0.5439355969429016
-5.983769416809082
-6.544245719909668
-6.959587097167969
-5.362402439117432
0.554840087890625
-8.311620712280273
-0.86814284324646
-6.601335525512695
3.02522611618042
-5.603453636169434
-1.2850103378295898
0.298115611076355
-5.49273681640625
-8.42840576171875
-6.410861015319824
-6.0179643630981445
1.8799138069152832
-8.212506294250488
-0.5131175518035889
-6.638875484466553
1.9621822834014893
-5.580852031707764
-2.3859424591064453
-0.3046838045120239
-4.794339656829834
-10.10293960571289
-5.6382317543029785
-6.689251899719238
2.760922431945801
-7.893777847290039
-0.4238907992839813
-6.451072692871094
1.1286892890930176
-5.867730140686035
-3.2565016746520996
-1.209371566772461
-3.8629300594329834
-11.526466369628906
-4.735293388366699
-7.20575475692749
3.257312059402466
-7.772634506225586
-0.5217713117599487
-6.164150714874268
0.38598477840423584
-6.535926818847656
-3.8980467319488525
-2.347087860107422
-2.6067559719085693
-12.77744197845459
-3.8479599952697754
-7.593575477600098
3.3960976600646973
-7.710409164428711
-0.8055589199066162
-5.903070449829102
-0.11669182777404785
-7.533881664276123
-4.276174068450928
-3.6908161640167236
-1.1745108366012573
-13.831053733825684
-3.095189332962036
-7.8584442138671875
3.270641326904297
-7.840403079986572
-1.2408289909362793
-5.810149192810059
-0.22393390536308289
-8.654327392578125
-4.327343463897705
-5.189942836761475
0.032882094383239746
-14.6984281539917
-2.5597476959228516
-8.015289306640625
3.1205382347106934
-8.369251251220703
-1.6994736194610596
-5.895010948181152
0.0006750226020812988
-9.959672927856445
-4.171201705932617
-6.768057346343994
1.0502009391784668
-15.404337882995605
-2.2110354900360107
-8.13894271850586
3.056684970855713
-9.37922191619873
-2.1135361194610596
-6.168174743652344
0.5165435075759888
-11.470447540283203
-3.88602352142334
-8.36098861694336
1.910865306854248
-15.956628799438477
-1.982825517654419
-8.332295417785645
3.1357266902923584
-10.819732666015625
-2.460095167160034
-6.6677751541137695
1.3281497955322266
-13.210062980651855
-3.5469796657562256
-9.897610664367676
2.6780967712402344
-16.44514274597168
-1.8234976530075073
-8.669878005981445
3.382335662841797
-12.633524894714355
-2.7263519763946533
-7.469862461090088
2.4048662185668945
-15.174650192260742
-3.2295565605163574
-11.315391540527344
3.4596245288848877
-17.115249633789062
-1.6857436895370483
-9.266124725341797
3.819762945175171
-14.75706958770752
-2.8112359046936035
-8.592373847961426
3.601414918899536
-17.2247257232666
-2.964404344558716
-12.616805076599121
4.363986492156982
-18.447294235229492
-1.5094486474990845
-10.202451705932617
4.477584362030029
-16.961376190185547
-2.7238240242004395
-9.931049346923828
4.909680366516113
-19.57817268371582
-2.6538796424865723
-13.928838729858398
5.390782833099365
-20.286874771118164
-1.2887239456176758
-11.379463195800781
5.362976551055908
-19.34593963623047
-2.479271650314331
-11.468864440917969
6.374117851257324
-22.247230529785156
-2.2839701175689697
-15.317201614379883
6.581352233886719
-22.5432071685791
-1.0076985359191895
-12.774575233459473
6.500995635986328
-21.972272872924805
-2.0970921516418457
-13.193047523498535
8.033028602600098
-25.258544921875
-1.8445360660552979
-16.826698303222656
7.9747467041015625
-25.181976318359375
-0.6481099128723145
-14.37928295135498
7.908672332763672
-24.88943862915039
-1.5818352699279785
-15.10804271697998
9.922311782836914
-28.635400772094727
-1.32776939868927
-18.48396873474121
9.609881401062012
-28.20372772216797
-0.19203349947929382
-16.194387435913086
9.609500885009766
-28.138629913330078
