2
3
5.533782482147217
6.858829021453857
-9.130514144897461
-8.124645233154297
2.6012320518493652
2.6356606483459473
8.242605209350586
-7.756419658660889
2.5331130027770996
-1.9237420558929443
-8.401561737060547
2.26632022857666
5.043778419494629
6.08991003036499
-10.300191879272461
-9.572806358337402
3.177241563796997
2.2821898460388184
9.070568084716797
-8.133552551269531
2.254967212677002
-1.2307697534561157
-8.834324836730957
3.1484336853027344
4.468657493591309
5.3360395431518555
-11.55141830444336
-11.037351608276367
3.7502033710479736
1.874145269393921
9.889131546020508
-8.532392501831055
1.939671516418457
-0.6354339122772217
-9.41533374786377
3.989259958267212
3.8549766540527344
4.579619407653809
-12.860005378723145
-12.57109260559082
4.3283796310424805
1.4053535461425781
10.698586463928223
-8.97693920135498
1.6353065967559814
-0.10112005472183228
-10.072603225708008
4.7942962646484375
3.2197976112365723
3.793667793273926
-14.222440719604492
-14.212785720825195
4.919774055480957
0.9058127403259277
11.44540786743164
-9.429052352905273
1.3363697528839111
0.3618539571762085
-10.831226348876953
5.564903259277344
2.6014318466186523
2.9819703102111816
-15.617659568786621
-15.96337604522705
5.5053582191467285
0.39336520433425903
12.072010040283203
-9.88761043548584
1.0307235717773438
0.7553156018257141
-11.714962005615234
6.309878349304199
1.9966659545898438
2.1382455825805664
-17.033597946166992
-17.832651138305664
6.078735828399658
-0.12745022773742676
12.586579322814941
-10.360403060913086
0.7425863742828369
1.0731592178344727
-12.616049766540527
7.02330207824707
1.413224458694458
1.2632381916046143
-18.452301025390625
-19.825759887695312
6.640800476074219
-0.6692632436752319
13.022876739501953
-10.867268562316895
0.46964457631111145
1.3406968116760254
-13.547797203063965
7.714745044708252
0.8379627466201782
0.3488272428512573
-19.85093116760254
-21.914186477661133
7.1805830001831055
-1.232061743736267
13.355740547180176
-11.39060115814209
0.23244553804397583
1.5681504011154175
-14.50748348236084
8.368996620178223
0.27955162525177
-0.5929254293441772
-21.17490005493164
-24.036096572875977
7.688117980957031
-1.8038994073867798
13.590398788452148
-11.898563385009766
0.021196961402893066
1.7417337894439697
-15.492741584777832
8.971198081970215
-0.26321297883987427
-1.5608370304107666
-22.44005584716797
-26.21367835998535
8.158105850219727
-2.378408908843994
13.735458374023438
-12.389766693115234
-0.17859774827957153
1.8542042970657349
-16.511371612548828
9.52239990234375
-0.7995123267173767
-2.556187629699707
-23.690898895263672
-28.467700958251953
8.59133243560791
-2.9591634273529053
13.79494571685791
-12.874563217163086
-0.37935516238212585
1.914351224899292
-17.572263717651367
10.025635719299316
-1.3327052593231201
-3.574702739715576
-24.92613983154297
-30.790681838989258
8.990717887878418
-3.553225040435791
13.771215438842773
-13.363661766052246
-0.5878732800483704
1.9287227392196655
-18.685609817504883
10.48227310180664
-1.8651556968688965
-4.6156816482543945
-26.14176368713379
-33.194583892822266
9.348546981811523
-4.160389423370361
13.648696899414062
-13.858119010925293
-0.8085002899169922
1.9003005027770996
-19.861841201782227
10.890718460083008
-2.400743007659912
-5.689262390136719
-27.354894638061523
-35.71107482910156
9.65051555633545
-4.774672985076904
13.398571968078613
-14.355224609375
-1.045535683631897
1.8299037218093872
-21.111957550048828
11.247926712036133
-2.9413180351257324
-6.796928405761719
-28.565818786621094
-38.34520721435547
9.885624885559082
-5.388298988342285
13.002338409423828
-14.85597038269043
-1.3040289878845215
1.7173755168914795
-22.446353912353516
11.551179885864258
-3.4718847274780273
-7.926870346069336
-29.770200729370117
-41.091552734375
10.07042121887207
-6.020839691162109
12.494025230407715
-15.373668670654297
-1.5873678922653198
1.5635125637054443
-23.8729305267334
11.800271987915039
-3.9983901977539062
-9.08140754699707
-30.969615936279297
-43.94940948486328
10.204872131347656
-6.675732612609863
11.874616622924805
-15.913551330566406
-1.8939311504364014
1.369929552078247
-25.395755767822266
11.995748519897461
-4.515090465545654
-10.247056007385254
-32.16917419433594
-46.89620590209961
10.287856101989746
-7.351141929626465
11.125514030456543
-16.47435760498047
-2.2170982360839844
1.1327226161956787
-27.01692008972168
12.1240873336792
-5.016674041748047
-11.398885726928711
-33.40449905395508
-49.925926208496094
10.319140434265137
-8.040725708007812
10.23025131225586
-17.05128288269043
-2.553083896636963
0.851679265499115
-28.740253448486328
12.180944442749023
