2
3
0.9839932918548584
-1.6825625896453857
-2.031357765197754
11.470033645629883
0.850984513759613
-2.6139461994171143
5.941798210144043
-6.975788116455078
-5.278718948364258
2.9812328815460205
10.29836654663086
-3.5489983558654785
0.13335013389587402
0.20963430404663086
-2.4394707679748535
10.959944725036621
1.4883475303649902
-3.6435954570770264
5.72512674331665
-5.928953647613525
-3.674772262573242
1.7847421169281006
11.699053764343262
-4.539210319519043
-0.8360426425933838
2.005328893661499
-2.0884265899658203
9.583395957946777
1.9127495288848877
-4.297092914581299
5.529394149780273
-4.629812717437744
-1.8026318550109863
0.47260117530822754
12.434470176696777
-4.870656967163086
-1.9590555429458618
3.550686836242676
-0.44391345977783203
6.947945594787598
2.1897292137145996
-4.63578987121582
5.31917667388916
-3.167024612426758
0.24897050857543945
-0.8370869159698486
12.312861442565918
-4.513881206512451
-2.8903164863586426
4.499161243438721
1.9770901203155518
4.066025733947754
2.3206751346588135
-4.618990898132324
5.201807498931885
-1.7351717948913574
2.177656650543213
-1.9078933000564575
11.551982879638672
-3.8146512508392334
-3.317833423614502
4.734647750854492
4.665865898132324
1.395540475845337
2.3621268272399902
-4.351540565490723
5.403766632080078
-0.7092018127441406
3.8091351985931396
-2.651455879211426
10.361892700195312
-2.74273419380188
-3.1566812992095947
4.360912799835205
7.211338996887207
-0.7715132236480713
2.3893115520477295
-3.9462785720825195
5.96839714050293
0.012237310409545898
4.934628009796143
-3.0561726093292236
9.129016876220703
-1.5239722728729248
-2.506524085998535
3.6457161903381348
9.389690399169922
-2.3458364009857178
2.489931344985962
-3.4752254486083984
6.539035797119141
0.6009278297424316
5.493077754974365
-3.135676622390747
8.295991897583008
-0.5581843852996826
-1.519195556640625
2.7868142127990723
11.415258407592773
-3.6601834297180176
2.539522647857666
-2.898195266723633
6.801891326904297
1.245051622390747
5.5465192794799805
-2.8026835918426514
7.649624347686768
0.07279378175735474
-0.2214651107788086
1.7897613048553467
13.116884231567383
-4.645289421081543
2.564290761947632
-2.3107082843780518
7.206223964691162
1.7664711475372314
5.4051408767700195
-2.3525936603546143
7.121973037719727
0.5669673085212708
1.4055976867675781
0.6605335474014282
14.156949996948242
-5.169040203094482
2.5806615352630615
-1.7018218040466309
7.930743217468262
2.0145719051361084
5.173470497131348
-1.8627299070358276
6.957902431488037
0.863284707069397
3.174482583999634
-0.5150851011276245
14.859715461730957
-5.300391674041748
2.6652626991271973
-1.122509241104126
9.037347793579102
1.885549545288086
4.890159606933594
-1.3713569641113281
7.294894218444824
0.8928132653236389
4.9754109382629395
-1.6406526565551758
15.266325950622559
-5.106352806091309
2.8782145977020264
-0.6414974331855774
10.3987398147583
1.4306025505065918
4.627659320831299
-0.927085280418396
8.244376182556152
0.6173467040061951
6.681934356689453
-2.633981466293335
15.401061058044434
-4.555780410766602
3.2026853561401367
-0.2773551046848297
12.034955024719238
0.716670036315918
4.49836540222168
-0.6013551354408264
9.729089736938477
0.06580513715744019
8.199207305908203
-3.4166922569274902
15.347356796264648
-3.6915574073791504
3.6966712474823
-0.09045140445232391
13.916457176208496
-0.15284466743469238
4.558467388153076
-0.4439229369163513
11.64466381072998
-0.6933913826942444
9.268391609191895
-3.9656546115875244
15.926706314086914
-2.961963415145874
4.451234340667725
-0.15401650965213776
15.954450607299805
-0.9899251461029053
4.862247467041016
-0.49624788761138916
13.881593704223633
-1.5159084796905518
10.057138442993164
-4.2600297927856445
16.741390228271484
-2.2781221866607666
5.497169494628906
-0.44526004791259766
17.874343872070312
-1.653451681137085
5.48486328125
-0.790630578994751
16.27016258239746
-2.1651675701141357
10.695831298828125
-4.370633602142334
17.917051315307617
-1.796783208847046
6.767496585845947
-0.9109020829200745
19.87570571899414
-2.124901294708252
6.523961067199707
-1.2863948345184326
18.641834259033203
-2.5550522804260254
11.271110534667969
-4.3767924308776855
19.43876838684082
-1.5143667459487915
8.192965507507324
-1.477203607559204
21.991718292236328
-2.482818365097046
7.808756351470947
-1.8824462890625
21.062999725341797
-2.8229329586029053
11.859679222106934
-4.376559734344482
21.36935043334961
-1.4017488956451416
9.722539901733398
-2.1092569828033447
24.229415893554688
-2.7718393802642822
9.282459259033203
-2.5412826538085938
23.54973602294922
-3.003167152404785
