2
3
-3.0738186836242676
-5.193443298339844
4.160348892211914
5.7718610763549805
2.4725728034973145
-0.6815224885940552
-9.749488830566406
4.718947887420654
2.8870913982391357
6.154078960418701
-1.8119208812713623
-0.986648678779602
-1.5838701725006104
-4.6018571853637695
3.7750039100646973
7.590018272399902
1.1639111042022705
0.1714928150177002
-9.674489974975586
4.390397548675537
2.7880942821502686
5.168588638305664
-2.483372926712036
-2.767667770385742
-0.2992289066314697
-3.687553882598877
2.8427984714508057
9.06774616241455
-0.07931828498840332
0.8848661184310913
-8.888675689697266
3.747328519821167
2.699626922607422
4.020827293395996
-3.164226531982422
-4.113190650939941
0.7180777788162231
-2.436819076538086
1.5307775735855103
9.780722618103027
-1.0770111083984375
1.308748722076416
-7.7423787117004395
3.253833293914795
2.628751039505005
2.783801555633545
-4.003183364868164
-4.894026756286621
1.4141262769699097
-1.0123772621154785
0.2792696952819824
10.013518333435059
-1.7028868198394775
1.5672674179077148
-6.4568376541137695
2.8814470767974854
2.3867902755737305
1.5967679023742676
-4.573895454406738
-5.205183029174805
1.7743598222732544
0.43028926849365234
-0.7097251415252686
9.700037956237793
-1.9917086362838745
1.7158215045928955
-5.167355537414551
2.5794429779052734
2.053006649017334
0.4563854932785034
-5.010584354400635
-5.012848854064941
1.851953387260437
1.8291047811508179
-1.5871433019638062
8.588552474975586
-1.9833629131317139
1.7667630910873413
-4.080955505371094
2.3050098419189453
1.6330325603485107
-0.5724145174026489
-5.377617835998535
-4.3679118156433105
1.725938081741333
3.0217947959899902
-2.420736312866211
6.859495639801025
-1.7816623449325562
1.7534785270690918
-3.343580961227417
2.121251106262207
1.1552082300186157
-1.3913718461990356
-5.701269149780273
-3.3561182022094727
1.5043892860412598
3.8640990257263184
-3.2617828845977783
4.898480415344238
-1.4846770763397217
1.718645453453064
-3.0578434467315674
2.055251359939575
0.6543355584144592
-1.9487189054489136
-6.021329879760742
-1.9692859649658203
1.2177555561065674
4.32782506942749
-4.037756443023682
3.069295883178711
-1.137503743171692
1.6725441217422485
-3.2202889919281006
2.0672459602355957
0.19484460353851318
-2.2320709228515625
-6.249608993530273
-0.11302852630615234
0.9048421382904053
4.338839054107666
-4.647890567779541
1.6276628971099854
-0.8223276138305664
1.6562210321426392
-3.8005828857421875
1.8704450130462646
-0.25385355949401855
-2.108405113220215
-6.4331374168396
1.5404541492462158
0.6000948548316956
4.003508567810059
-5.195712089538574
0.8992174863815308
-0.6322253942489624
1.6194815635681152
-4.579630374908447
1.7153091430664062
-0.7088658213615417
-1.6346346139907837
-6.713756084442139
2.6428120136260986
0.33450180292129517
3.55344820022583
-5.856253623962402
0.5650674104690552
-0.54914790391922
1.600585699081421
-5.451166152954102
1.7066091299057007
-1.1083811521530151
-0.9515984654426575
-7.031250953674316
3.228644847869873
0.05841955542564392
3.1022274494171143
-6.690828323364258
0.5485747456550598
-0.5750973224639893
1.6143907308578491
-6.36555290222168
1.8392983675003052
-1.4669369459152222
-0.20318448543548584
-7.354135036468506
3.4431934356689453
-0.28112277388572693
2.7157483100891113
-7.665395736694336
0.7986288070678711
-0.7135289907455444
1.6859427690505981
-7.351469993591309
2.049776792526245
-1.7702547311782837
0.5041026473045349
-7.775452613830566
3.450700283050537
-0.695417582988739
2.426511287689209
-8.7506742477417
1.257603406906128
-0.9569196105003357
1.8116929531097412
-8.44145679473877
2.2996139526367188
-2.0122904777526855
1.1171119213104248
-8.386855125427246
3.366859197616577
-1.1725479364395142
2.2626826763153076
-9.944182395935059
1.8372067213058472
-1.306315541267395
1.9863686561584473
-9.662960052490234
2.570490837097168
-2.2251336574554443
1.6318787336349487
-9.297064781188965
3.292322874069214
-1.7069876194000244
2.23673152923584
-11.263609886169434
2.435903549194336
-1.7585831880569458
2.2018632888793945
-11.028264999389648
2.8487143516540527
-2.4684786796569824
2.0638833045959473
-10.543651580810547
3.295525550842285
-2.3097469806671143
2.3497962951660156
-12.74193000793457
2.9804210662841797
-2.302590847015381
2.44616436958313
-12.567649841308594
3.158665180206299
-2.7925925254821777
2.427276611328125
-12.103217124938965
3.4129903316497803
-2.972027540206909
2.574551582336426
-14.441743850708008
3.4709038734436035
-2.9245405197143555
2.717693567276001
-14.328866004943848
3.5167224407196045
-3.223891496658325
2.7572648525238037
-13.957374572753906
3.641188621520996
