2
3
5.419431686401367
-1.3041455745697021
-1.102516531944275
-7.348123550415039
-8.644967079162598
-4.16093111038208
3.734682559967041
-3.3633222579956055
-4.190174102783203
-7.201177597045898
-9.216984748840332
-7.629048824310303
4.768958568572998
-1.8918455839157104
-2.809107780456543
-8.355701446533203
-7.593212127685547
-4.162938594818115
5.428701877593994
-3.369007110595703
-4.115478515625
-7.117609024047852
-9.425341606140137
-7.778507709503174
4.124820709228516
-2.50016713142395
-4.461915969848633
-9.411849975585938
-6.615058422088623
-4.203086853027344
7.025059700012207
-3.4276864528656006
-4.083653926849365
-7.094710350036621
-9.672450065612793
-8.021809577941895
3.4650046825408936
-3.125638484954834
-6.097428321838379
-10.51317024230957
-5.698011875152588
-4.290987491607666
8.530033111572266
-3.5632436275482178
-4.100311279296875
-7.136233329772949
-9.972070693969727
-8.362126350402832
2.7858173847198486
-3.7646617889404297
-7.689392566680908
-11.697962760925293
-4.825888633728027
-4.443879127502441
9.963218688964844
-3.7547719478607178
-4.172207355499268
-7.236997127532959
-10.347710609436035
-8.808905601501465
2.0911576747894287
-4.410173416137695
-9.250297546386719
-12.98387336730957
-4.000418186187744
-4.700174331665039
11.334718704223633
-4.016533374786377
-4.293676376342773
-7.392751693725586
-10.784358024597168
-9.345826148986816
1.3908711671829224
-5.091909408569336
-10.810076713562012
-14.422417640686035
-3.1829159259796143
-5.010566234588623
12.686281204223633
-4.335062503814697
-4.45181941986084
-7.598860740661621
-11.259688377380371
-9.960541725158691
0.6595138311386108
-5.840582370758057
-12.4069242477417
-16.078914642333984
-2.3623461723327637
-5.34144401550293
14.00787353515625
-4.684527397155762
-4.648918151855469
-7.864510536193848
-11.763947486877441
-10.651062965393066
-0.09684836864471436
-6.649328708648682
-14.060271263122559
-17.930782318115234
-1.5535223484039307
-5.695834636688232
15.251705169677734
-5.084529876708984
-4.878085136413574
-8.189315795898438
-12.294124603271484
-11.419207572937012
-0.873345673084259
-7.51665735244751
-15.752264976501465
-19.94877052307129
-0.7534114718437195
-6.067561626434326
16.408714294433594
-5.526482105255127
-5.134143829345703
-8.56060791015625
-12.853435516357422
-12.283254623413086
-1.6421514749526978
-8.426301002502441
-17.422887802124023
-22.108362197875977
0.022885262966156006
-6.444506645202637
17.418197631835938
-6.0043559074401855
-5.395984649658203
-8.959766387939453
-13.427224159240723
-13.237613677978516
-2.3667681217193604
-9.336358070373535
-19.004526138305664
-24.354324340820312
0.7773656249046326
-6.839756011962891
18.323463439941406
-6.513671398162842
-5.643281936645508
-9.380194664001465
-13.991092681884766
-14.303999900817871
-3.0173544883728027
-10.216452598571777
-20.465147018432617
-26.63123321533203
1.5130198001861572
-7.259013652801514
19.145755767822266
-7.058365821838379
-5.878761291503906
-9.840827941894531
-14.590448379516602
-15.509880065917969
-3.607632637023926
-11.0958890914917
-21.800662994384766
-28.919151306152344
2.2394609451293945
-7.704904556274414
19.901893615722656
-7.646709442138672
-6.08527135848999
-10.339994430541992
-15.207701683044434
-16.8377742767334
-4.154614448547363
-11.996675491333008
-23.04491424560547
-31.25189208984375
2.960963726043701
-8.179911613464355
20.599201202392578
-8.286086082458496
-6.264977931976318
-10.881437301635742
-15.814419746398926
-18.284345626831055
-4.671737194061279
-12.936185836791992
-24.24365997314453
-33.690284729003906
3.678955078125
-8.688404083251953
21.241615295410156
-8.984675407409668
-6.4232587814331055
-11.47012710571289
-16.403532028198242
-19.85370445251465
-5.150669097900391
-13.911269187927246
-25.412395477294922
-36.25914764404297
4.393936634063721
-9.235199928283691
21.83036994934082
-9.751407623291016
-6.562589645385742
-12.109375
-16.971097946166992
-21.551437377929688
-5.590185642242432
-14.922364234924316
-26.548715591430664
-38.96811294555664
5.107077598571777
-9.82495403289795
22.36980628967285
-10.595141410827637
-6.6837849617004395
-12.80200481414795
-17.513586044311523
-23.383821487426758
-6.017526149749756
-15.991968154907227
-27.679155349731445
-41.87727355957031
5.819513320922852
-10.462708473205566
22.861305236816406
-11.523350715637207
-6.786350250244141
-13.550180435180664
-18.026647567749023
-25.356460571289062
-6.4294328689575195
-17.116432189941406
-28.80381202697754
-44.98862838745117
6.532524585723877
-11.153918266296387
23.306659698486328
-12.544979095458984
-6.862091064453125
-14.349957466125488
-18.49641227722168
-27.470727920532227
