2
3
7.309418678283691
-4.565822601318359
1.8267362117767334
-3.1409194469451904
4.374385356903076
1.0742120742797852
-4.751467704772949
4.035347938537598
8.097046852111816
-2.085550308227539
1.800905466079712
4.619925022125244
8.021843910217285
-5.28106689453125
0.7670137882232666
-1.4303395748138428
3.783885955810547
1.3996663093566895
-2.9931561946868896
2.8046865463256836
8.269586563110352
-1.4542272090911865
0.7679611444473267
4.043326377868652
8.388667106628418
-5.526134967803955
-0.429903507232666
0.8218870162963867
3.6304666996002197
1.272735357284546
-1.1838796138763428
1.7081539630889893
8.21870231628418
-0.9044228792190552
0.09439408779144287
3.045640468597412
8.369630813598633
-5.182645797729492
-1.3899928331375122
2.4401421546936035
3.8531088829040527
0.850561261177063
0.15800821781158447
0.9538014531135559
8.083329200744629
-0.6852359771728516
-0.5511693358421326
2.1982054710388184
8.08547592163086
-4.453808307647705
-2.2266530990600586
3.4492573738098145
4.267383575439453
0.4125460982322693
1.1807540655136108
0.2388821840286255
7.8656487464904785
-0.6462250351905823
-1.059941053390503
1.821732521057129
7.661529064178467
-3.6048972606658936
-2.80529522895813
4.083670139312744
4.913496494293213
-0.10485416650772095
1.804922342300415
-0.24639028310775757
7.60917329788208
-0.6591211557388306
-1.3523845672607422
1.6135435104370117
7.146842002868652
-2.7042107582092285
-3.025376319885254
4.32370662689209
5.704436779022217
-0.6765680909156799
1.955174207687378
-0.377213716506958
7.37117338180542
-0.6779105067253113
-1.462329387664795
1.4609791040420532
6.595104217529297
-1.807439923286438
-2.8409852981567383
4.123303413391113
6.527477741241455
-1.2451376914978027
1.6214892864227295
-0.08124315738677979
7.163913249969482
-0.6964098811149597
-1.4254847764968872
1.3633241653442383
6.080047607421875
-1.010115623474121
-2.281179666519165
3.5541603565216064
7.2261786460876465
-1.7303190231323242
0.9097235798835754
0.6581580638885498
6.995943546295166
-0.7214008569717407
-1.2901469469070435
1.3398308753967285
5.750918865203857
-0.45334160327911377
-1.6005561351776123
2.9266769886016846
7.666882038116455
-1.9608732461929321
-0.03127855062484741
1.5163671970367432
6.870258331298828
-0.7713433504104614
-1.1376615762710571
1.4467487335205078
5.667649745941162
-0.1812448799610138
-1.029837965965271
2.452847957611084
7.796946048736572
-1.898568868637085
-0.9281482100486755
2.1877288818359375
6.805906772613525
-0.8510002493858337
-1.0990848541259766
1.735071063041687
5.76586389541626
-0.11231613904237747
-0.7507010698318481
2.2389321327209473
7.684948444366455
-1.639665126800537
-1.567605972290039
2.6218528747558594
6.767972946166992
-0.8800702095031738
-1.192828893661499
2.065981149673462
5.987792015075684
-0.16592848300933838
-0.7332640290260315
2.2424776554107666
7.430224418640137
-1.2892073392868042
-1.9406766891479492
2.8734216690063477
6.742839813232422
-0.8455595970153809
-1.348586916923523
2.3901443481445312
6.237077236175537
-0.24755515158176422
-0.9181358814239502
2.413064956665039
7.129779815673828
-0.9259309768676758
-2.1249289512634277
3.0152158737182617
6.703771114349365
-0.7396395206451416
-1.5225151777267456
2.672131061553955
6.442665100097656
-0.29029005765914917
-1.2467865943908691
2.696382999420166
6.849876880645752
-0.5982756614685059
-2.210007429122925
3.1294171810150146
6.655953884124756
-0.5867536067962646
-1.721779227256775
2.9342868328094482
6.566522121429443
-0.2563968002796173
-1.6559873819351196
3.0368354320526123
6.625761985778809
-0.3217104971408844
-2.2823190689086914
3.2755537033081055
6.600855350494385
-0.4030109643936157
-1.9607996940612793
3.199587345123291
6.600554466247559
-0.1389435976743698
-2.0938515663146973
3.391352415084839
6.464547634124756
-0.08651512861251831
-2.412224054336548
3.485485076904297
6.535716533660889
-0.19448837637901306
-2.2489452362060547
3.481449604034424
6.560112476348877
0.04669634997844696
-2.5358753204345703
3.746047019958496
6.351652145385742
0.13161873817443848
-2.639256238937378
3.7637386322021484
6.457694053649902
0.035356879234313965
-2.5899643898010254
3.79071044921875
6.469118118286133
0.279991090297699
-2.9885332584381104
4.1113362312316895
6.261797904968262
0.35792261362075806
-2.972601890563965
4.099677085876465
6.3652777671813965
0.2857515811920166
-2.987666130065918
4.134511947631836
6.346700668334961
0.5470799207687378
-3.47257661819458
4.502415180206299
6.174806594848633
0.604266881942749
-3.4046030044555664
4.485536575317383
6.257701873779297
0.557301938533783
-3.446354389190674
4.51631498336792
