2
3
-8.119845390319824
8.4871244430542
-5.2473464012146
2.157388687133789
5.20491361618042
5.945838451385498
0.28550446033477783
4.056920051574707
-4.516260623931885
3.0786502361297607
-7.605131149291992
-3.595017433166504
-7.487381458282471
8.301163673400879
-4.735759735107422
2.1035571098327637
4.4150919914245605
6.133111000061035
-1.3572508096694946
4.180532455444336
-4.401773452758789
3.2551491260528564
-7.778446674346924
-3.324127674102783
-6.916982650756836
8.135380744934082
-4.281551837921143
2.0653738975524902
3.600259304046631
6.285312175750732
-2.9676549434661865
4.280610084533691
-4.34310245513916
3.4175097942352295
-8.0159912109375
-3.090790271759033
-6.412079334259033
7.987092018127441
-3.8908567428588867
2.037539482116699
2.7956795692443848
6.434625625610352
-4.4847893714904785
4.380611896514893
-4.339990139007568
3.565126657485962
-8.318052291870117
-2.889826774597168
-5.974381446838379
7.852295398712158
-3.5654544830322266
2.0113258361816406
2.012051820755005
6.579410076141357
-5.889332294464111
4.483492374420166
-4.387057304382324
3.706643581390381
-8.677312850952148
-2.704275131225586
-5.604556083679199
7.730503082275391
-3.3087806701660156
1.9841439723968506
1.250394582748413
6.718701362609863
-7.235952377319336
4.606259346008301
-4.48793363571167
3.842940092086792
-9.100884437561035
-2.5310778617858887
-5.303917407989502
7.62256383895874
-3.1293671131134033
1.9558807611465454
0.5000813007354736
6.861440181732178
-8.58382511138916
4.7814154624938965
-4.647063732147217
3.975381851196289
-9.594371795654297
-2.3707451820373535
-5.074260711669922
7.529490947723389
-3.035099744796753
1.9281085729599
-0.25341808795928955
6.9908952713012695
-9.990558624267578
4.971569061279297
-4.8531389236450195
4.112180709838867
-10.15308952331543
-2.224151849746704
-4.918233394622803
7.451021671295166
-3.0320522785186768
1.9022434949874878
-1.0065600872039795
7.116308212280273
-11.468036651611328
5.177046298980713
-5.108251571655273
4.25134801864624
-10.787946701049805
-2.0963666439056396
-4.834736347198486
7.382460594177246
-3.123784065246582
1.8764045238494873
-1.765458106994629
7.247304439544678
-13.03467082977295
5.404356956481934
-5.412805080413818
4.3850507736206055
-11.51535415649414
-1.980195164680481
-4.818775177001953
7.327700138092041
-3.311366081237793
1.8500068187713623
-2.534688949584961
7.388393402099609
-14.699641227722168
5.65257453918457
-5.7746710777282715
4.508357048034668
-12.36870002746582
-1.8765003681182861
-4.86975622177124
7.289577007293701
-3.5967509746551514
1.8237295150756836
-3.3191561698913574
7.540266036987305
-16.475168228149414
5.92097282409668
-6.201259136199951
4.621669769287109
-13.380423545837402
-1.789692997932434
-4.9886651039123535
7.2672953605651855
-3.9838836193084717
1.8041424751281738
-4.123010158538818
7.700582027435303
-18.370058059692383
6.211164951324463
-6.688935279846191
4.726572513580322
-14.542882919311523
-1.7148302793502808
-5.1805949211120605
7.260513782501221
-4.4795050621032715
1.7935422658920288
-4.951957702636719
7.8615546226501465
-20.39962387084961
6.524104595184326
-7.234591484069824
4.82384729385376
-15.849496841430664
-1.6466705799102783
-5.446056365966797
7.2663397789001465
-5.089601993560791
1.789551019668579
-5.82208251953125
8.014957427978516
-22.57971954345703
6.879057884216309
-7.828136444091797
4.916736125946045
-17.28913116455078
-1.5766557455062866
-5.779064178466797
7.284414291381836
-5.814858913421631
1.7957834005355835
-6.748401165008545
8.160199165344238
-24.914133071899414
7.294889450073242
-8.462902069091797
5.008486747741699
-18.859479904174805
-1.5012017488479614
-6.176709175109863
7.313352584838867
-6.657505512237549
1.8117122650146484
-7.728496551513672
8.30240249633789
-27.405052185058594
7.764453411102295
-9.138336181640625
5.100680351257324
-20.583967208862305
-1.423583745956421
-6.639422416687012
7.350947856903076
-7.625143051147461
1.8336577415466309
-8.74932861328125
8.448921203613281
-30.05001449584961
8.276355743408203
-9.857625007629395
5.192690372467041
-22.470661163330078
-1.3432539701461792
-7.169126033782959
7.398644924163818
-8.72494125366211
1.8637406826019287
-9.811580657958984
8.602296829223633
-32.85384750366211
8.82229232788086
-10.628458023071289
5.282305717468262
-24.530420303344727
-1.2599709033966064
-7.770915985107422
7.457895278930664
-9.96877670288086
1.9059786796569824
-10.91618537902832
8.759692192077637
-35.82033157348633
9.39613151550293
-11.455277442932129
5.370693206787109
-26.770862579345703
-1.1727577447891235
