2
3
-4.922725677490234
-5.887543201446533
9.616313934326172
8.228437423706055
8.970376968383789
-6.9593048095703125
0.9840538501739502
8.29049301147461
-0.607539713382721
5.619312763214111
8.222125053405762
-12.904525756835938
-3.7688217163085938
-4.953958034515381
11.147762298583984
9.189518928527832
8.083157539367676
-5.365671157836914
-1.2632849216461182
9.797822952270508
0.3997967839241028
3.1232948303222656
10.55533504486084
-15.275445938110352
-2.554513454437256
-3.928396224975586
12.439040184020996
9.747421264648438
6.933394908905029
-3.648711681365967
-2.6851930618286133
10.759570121765137
1.8775684833526611
0.36803102493286133
12.165730476379395
-16.84969711303711
-1.2820769548416138
-2.883287191390991
13.42612075805664
9.919387817382812
5.650330543518066
-1.9787544012069702
-3.272670269012451
11.053001403808594
3.681267738342285
-2.5386483669281006
13.330428123474121
-17.63091468811035
-0.0017859935760498047
-1.852976679801941
14.221319198608398
9.695847511291504
4.281087398529053
-0.35800981521606445
-2.8576765060424805
10.540769577026367
5.742301940917969
-5.397655487060547
13.99107837677002
-17.674436569213867
1.251355767250061
-0.8881872892379761
14.898740768432617
9.094931602478027
2.9223275184631348
1.143594741821289
-1.3775478601455688
9.167949676513672
7.9239606857299805
-8.118135452270508
13.9068021774292
-16.85439109802246
2.4908933639526367
-0.09789901971817017
15.542417526245117
8.081316947937012
1.5695466995239258
2.4454426765441895
1.4670695066452026
6.787866115570068
9.96924877166748
-10.572728157043457
13.07681655883789
-15.10086441040039
3.6468489170074463
0.507118284702301
16.357927322387695
6.567332744598389
0.65469890832901
3.0735464096069336
5.076463222503662
4.042233467102051
11.745878219604492
-12.577605247497559
11.370516777038574
-12.063700675964355
4.858869552612305
0.7238085269927979
17.05499267578125
4.659715175628662
0.38700082898139954
3.0026023387908936
8.887929916381836
1.2125332355499268
12.845430374145508
-13.900823593139648
9.777726173400879
-8.781244277954102
6.206079006195068
0.7245692610740662
17.297435760498047
2.6527724266052246
0.810712456703186
2.336681365966797
12.397762298583984
-1.2515966892242432
12.982789993286133
-14.31297779083252
9.196866989135742
-5.933957099914551
7.517624378204346
0.46472638845443726
17.50868797302246
0.570289134979248
1.5927141904830933
1.4245166778564453
15.577699661254883
-3.5398716926574707
12.706544876098633
-14.017919540405273
8.85413932800293
-3.233898162841797
8.756864547729492
-0.015265941619873047
17.81235122680664
-1.4672036170959473
2.8684463500976562
0.30154919624328613
18.60959243774414
-5.436113357543945
12.30346393585205
-13.33609676361084
8.510553359985352
-0.8125638961791992
9.730883598327637
-0.466080904006958
18.419673919677734
-3.3727188110351562
4.647313117980957
-1.0175200700759888
21.137042999267578
-7.095536231994629
11.919927597045898
-12.444971084594727
8.200315475463867
1.3299260139465332
10.698399543762207
-1.135395884513855
19.25777244567871
-5.127498626708984
6.842296600341797
-2.508096218109131
22.944190979003906
-8.339072227478027
11.480487823486328
-11.363052368164062
8.304694175720215
3.239182710647583
11.698528289794922
-1.9645823240280151
20.554969787597656
-6.660848140716553
9.291742324829102
-4.138944625854492
24.150386810302734
-9.080170631408691
11.024290084838867
-10.140825271606445
8.95645523071289
4.801418781280518
12.846158027648926
-2.9785072803497314
22.375864028930664
-7.8585734367370605
11.797496795654297
-5.703917503356934
25.158008575439453
-9.363266944885254
10.651947021484375
-8.846556663513184
10.302178382873535
5.841553211212158
14.27535343170166
-4.195069313049316
24.324739456176758
-8.715508460998535
14.268928527832031
-7.180845737457275
25.99701499938965
-9.267126083374023
10.407074928283691
-7.521145820617676
12.320320129394531
6.2856574058532715
16.014999389648438
-5.5985541343688965
26.08626365661621
-9.176685333251953
16.655548095703125
-8.5714111328125
26.664011001586914
-8.80788516998291
10.36548137664795
-6.352550029754639
14.823461532592773
6.251570701599121
18.09215545654297
-7.151785373687744
27.315826416015625
-9.122196197509766
18.856203079223633
-9.823062896728516
27.225231170654297
-7.999302864074707
10.40713882446289
-5.360324382781982
18.071489334106445
5.46417236328125
20.110212326049805
-8.670370101928711
28.514358520507812
-8.804666519165039
20.62849235534668
-10.865711212158203
28.13912582397461
-7.171113014221191
10.698213577270508
-4.596162796020508
21.86861801147461
4.115612983703613
