2
3
-7.7602715492248535
-4.677480697631836
-6.9840779304504395
10.004241943359375
-0.8383083343505859
4.094746112823486
-8.59648609161377
5.8469462394714355
-7.354948043823242
-8.30915641784668
-7.4720458984375
-4.7996649742126465
-7.662797927856445
-4.110397815704346
-7.205629348754883
10.791569709777832
-1.4928994178771973
3.6225876808166504
-10.160538673400879
4.998856067657471
-7.396446704864502
-7.783758640289307
-7.657793045043945
-4.46659517288208
-7.64695405960083
-3.5766870975494385
-7.529696941375732
11.594306945800781
-2.157062530517578
3.108485221862793
-11.78625774383545
4.18031644821167
-7.476471900939941
-7.29299783706665
-7.894420623779297
-4.148550510406494
-7.7153000831604
-3.0686497688293457
-7.940066814422607
12.434216499328613
-2.830904006958008
2.611532688140869
-13.511083602905273
3.41526460647583
-7.597370147705078
-6.839689254760742
-8.190202713012695
-3.8524410724639893
-7.859066009521484
-2.570026159286499
-8.428155899047852
13.312674522399902
-3.4929049015045166
2.125955581665039
-15.315632820129395
2.66973614692688
-7.758796215057373
-6.421201229095459
-8.547266960144043
-3.577469825744629
-8.04976749420166
-2.0810494422912598
-8.968639373779297
14.211427688598633
-4.175085067749023
1.679610252380371
-17.196205139160156
1.9818146228790283
-7.9593071937561035
-6.033443450927734
-8.966153144836426
-3.318938732147217
-8.278087615966797
-1.5996851921081543
-9.558467864990234
15.131021499633789
-4.904914855957031
1.291351556777954
-19.203285217285156
1.387028455734253
-8.203014373779297
-5.6731462478637695
-9.45113468170166
-3.067844867706299
-8.544240951538086
-1.1232801675796509
-10.206183433532715
16.074644088745117
-5.718428611755371
0.9524016380310059
-21.39028549194336
0.8917441964149475
-8.500728607177734
-5.3514862060546875
-10.015071868896484
-2.822880744934082
-8.852201461791992
-0.6498521566390991
-10.921625137329102
17.041486740112305
-6.66105318069458
0.6396450996398926
-23.796445846557617
0.5003983974456787
-8.845444679260254
-5.0533833503723145
-10.666893005371094
-2.5819735527038574
-9.209073066711426
-0.1749911904335022
-11.71738338470459
18.032793045043945
-7.653870582580566
0.3487282395362854
-26.371761322021484
0.15077468752861023
-9.247943878173828
-4.7731099128723145
-11.426512718200684
-2.3458943367004395
-9.621946334838867
0.3096873462200165
-12.610998153686523
19.05423355102539
-8.694172859191895
0.08178600668907166
-29.126638412475586
-0.15934643149375916
-9.712135314941406
-4.502379417419434
-12.303014755249023
-2.1105263233184814
-10.08906078338623
0.792023777961731
-13.613120079040527
20.083276748657227
-9.785127639770508
-0.15907388925552368
-32.07417297363281
-0.4301586151123047
-10.236284255981445
-4.232731342315674
-13.293146133422852
-1.8702392578125
-10.61739730834961
1.2822842597961426
-14.744247436523438
21.146148681640625
-10.908903121948242
-0.35926705598831177
-35.17485809326172
-0.6548464894294739
-10.818175315856934
-3.9572391510009766
-14.401841163635254
-1.6213468313217163
-11.210155487060547
1.7808082103729248
-15.993940353393555
22.244731903076172
-12.061970710754395
-0.5097701549530029
-38.425537109375
-0.8432860970497131
-11.460018157958984
-3.6765687465667725
-15.669328689575195
-1.3736780881881714
-11.86291217803955
2.286970615386963
-17.351734161376953
23.382732391357422
-13.2728910446167
-0.6168603897094727
-41.88117980957031
-1.0019824504852295
-12.168006896972656
-3.396890878677368
-17.127832412719727
-1.1261522769927979
-12.577603340148926
2.8035364151000977
-18.828876495361328
24.565542221069336
-14.559089660644531
-0.6899665594100952
-45.57741165161133
-1.135246753692627
-12.94621467590332
-3.118443489074707
-18.799463272094727
-0.883345901966095
-13.354496955871582
3.329378366470337
-20.433055877685547
25.7945556640625
-15.925825119018555
-0.7343905568122864
-49.53263473510742
-1.2453532218933105
-13.791748046875
-2.837306499481201
-20.68350601196289
-0.6418999433517456
-14.19309139251709
3.8615400791168213
-22.17221450805664
27.069557189941406
-17.373159408569336
-0.7547234892845154
-53.75918197631836
-1.3333467245101929
-14.705127716064453
-2.5470821857452393
-22.76528549194336
-0.3952624797821045
-15.096393585205078
4.398103713989258
-24.055843353271484
28.390207290649414
-18.90702247619629
-0.7525451183319092
-58.2756233215332
-1.400344967842102
-15.690393447875977
-2.244750738143921
-25.043834686279297
-0.14121177792549133
-16.073461532592773
4.941620349884033
-26.098716735839844
29.760238647460938
-20.533462524414062
-0.7284597754478455
-63.10094451904297
-1.446553111076355
-16.75197982788086
-1.9304083585739136
-27.526748657226562
0.12080439925193787
