2
3
7.265737056732178
0.10464829206466675
-2.6474528312683105
-6.1391682624816895
8.960990905761719
-2.056685209274292
10.599620819091797
7.606520652770996
7.721513271331787
3.365352153778076
-6.815160751342773
-4.585271835327148
7.26251745223999
-0.0845741480588913
-2.7574374675750732
-6.540056228637695
9.461307525634766
-1.3859584331512451
11.310453414916992
8.677201271057129
7.537234783172607
2.8296010494232178
-7.4192094802856445
-5.493873119354248
7.258434772491455
-0.3156759738922119
-2.8539321422576904
-6.987550735473633
9.937980651855469
-0.7181478142738342
11.959983825683594
9.681900978088379
7.2958245277404785
2.31368350982666
-8.083647727966309
-6.386740684509277
7.267769813537598
-0.5728685259819031
-2.9440653324127197
-7.485987186431885
10.441437721252441
-0.0355263352394104
12.60010814666748
10.571982383728027
7.054073810577393
1.824336290359497
-8.753050804138184
-7.274733066558838
7.305936813354492
-0.8178441524505615
-3.0303192138671875
-8.010412216186523
10.948493003845215
0.6372594833374023
13.181220054626465
11.349671363830566
6.827077388763428
1.362900733947754
-9.392234802246094
-8.162117004394531
7.376925468444824
-1.0453401803970337
-3.1071126461029053
-8.588147163391113
11.446690559387207
1.2867189645767212
13.698172569274902
12.028951644897461
6.609828948974609
0.9254336357116699
-10.008597373962402
-9.081615447998047
7.480300426483154
-1.252752423286438
-3.1632728576660156
-9.215898513793945
11.931526184082031
1.891721248626709
14.146175384521484
12.59005069732666
6.407141208648682
0.5133556723594666
-10.574976921081543
-10.01511001586914
7.60589075088501
-1.4456427097320557
-3.2073206901550293
-9.87967586517334
12.399724006652832
2.4479589462280273
14.544387817382812
13.043599128723145
6.21869421005249
0.12241756916046143
-11.101068496704102
-10.970792770385742
7.750705718994141
-1.629990577697754
-3.245635747909546
-10.58385944366455
12.860183715820312
2.9731757640838623
14.909881591796875
13.412302017211914
6.063925743103027
-0.23793479800224304
-11.600152015686035
-11.946098327636719
7.915787696838379
-1.8085260391235352
-3.279411554336548
-11.33063793182373
13.321568489074707
3.4771454334259033
15.257065773010254
13.712759017944336
5.926750183105469
-0.5842275619506836
-12.088456153869629
-12.953372955322266
8.098832130432129
-1.9852555990219116
-3.316028118133545
-12.121969223022461
13.788290023803711
3.9622669219970703
15.594982147216797
13.951250076293945
5.813303470611572
-0.9165810346603394
-12.539542198181152
-13.993029594421387
8.296387672424316
-2.163890838623047
-3.36126446723938
-12.959349632263184
14.263071060180664
4.428022861480713
15.929741859436035
14.12968921661377
5.730989933013916
-1.2362641096115112
-12.946945190429688
-15.071889877319336
8.506206512451172
-2.3473424911499023
-3.4172604084014893
-13.844830513000488
14.73945426940918
4.869701385498047
16.24802017211914
14.243745803833008
5.6756181716918945
-1.5473358631134033
-13.318756103515625
-16.195825576782227
8.726648330688477
-2.538445472717285
-3.485304594039917
-14.781572341918945
15.214689254760742
5.284250259399414
16.54569435119629
14.29125690460205
5.641619682312012
-1.8547996282577515
-13.664076805114746
-17.37053680419922
8.956432342529297
-2.74005389213562
-3.5664453506469727
-15.773340225219727
15.688176155090332
5.669496059417725
16.824222564697266
14.27177619934082
5.625551700592041
-2.165234327316284
-13.978282928466797
-18.595212936401367
9.19443130493164
-2.9549598693847656
-3.6616811752319336
-16.824077606201172
16.157657623291016
6.022491931915283
17.083524703979492
14.184560775756836
5.625328063964844
-2.482574224472046
-14.26041316986084
-19.873933792114258
9.439821243286133
-3.186462163925171
-3.7722084522247314
-17.938804626464844
16.616836547851562
6.338386058807373
17.31978988647461
14.028558731079102
5.6398773193359375
-2.8105876445770264
-14.514890670776367
-21.2193603515625
9.691664695739746
-3.438192844390869
-3.8998312950134277
-19.122953414916992
17.05195426940918
6.60868501663208
17.52092933654785
13.801255226135254
5.661691665649414
-3.1570310592651367
-14.755690574645996
-22.665037155151367
9.948457717895508
-3.7141361236572266
-4.047950267791748
-20.382328033447266
17.449026107788086
6.823248863220215
17.660619735717773
13.493549346923828
5.6793365478515625
-3.5335474014282227
-15.00622272491455
-24.263500213623047
10.207792282104492
-4.01393985748291
-4.219427585601807
-21.721101760864258
17.83024787902832
6.991783618927002
17.764665603637695
13.10854434967041
5.691927433013916
-3.949596881866455
-15.292929649353027
-26.06174087524414
