2
3
-1.8482539653778076
5.9870476722717285
-0.31981754302978516
-8.946084976196289
2.1887385845184326
-3.79870343208313
-3.164294958114624
-1.7269612550735474
8.426877975463867
-4.6342668533325195
-5.906899452209473
6.194109916687012
-1.1708589792251587
5.003873825073242
0.7392218112945557
-10.586402893066406
2.1838154792785645
-3.51773738861084
-3.2777061462402344
-1.0211678743362427
7.489116668701172
-3.9279351234436035
-7.358160018920898
7.26047420501709
-0.6142797470092773
4.057875633239746
1.6254997253417969
-12.196824073791504
2.1493723392486572
-3.216202735900879
-3.398800849914551
-0.34274983406066895
6.610631942749023
-3.2747955322265625
-8.693955421447754
8.214133262634277
-0.1427101194858551
3.1382131576538086
2.3744874000549316
-13.87330150604248
2.0964322090148926
-2.9216501712799072
-3.530782699584961
0.286626398563385
5.770932674407959
-2.663064479827881
-10.007822036743164
9.1096773147583
0.2984803020954132
2.189851760864258
2.990006446838379
-15.6813325881958
2.0169272422790527
-2.6422672271728516
-3.6927237510681152
0.8542009592056274
4.9427080154418945
-2.0665407180786133
-11.377514839172363
10.03153133392334
0.7302182912826538
1.2134426832199097
3.5348682403564453
-17.547426223754883
1.8936184644699097
-2.380131244659424
-3.91444993019104
1.3402061462402344
4.119630336761475
-1.4826267957687378
-12.809783935546875
10.980527877807617
1.1510164737701416
0.2064152956008911
4.003600597381592
-19.46944236755371
1.731744647026062
-2.1373941898345947
-4.204707145690918
1.7520620822906494
3.298949718475342
-0.913671612739563
-14.3131742477417
11.954469680786133
1.5616763830184937
-0.8458930253982544
4.396545886993408
-21.453611373901367
1.541861653327942
-1.912625789642334
-4.585665225982666
2.1164393424987793
2.476442575454712
-0.36496502161026
-15.891035079956055
12.948295593261719
1.9594218730926514
-1.9618898630142212
4.731515884399414
-23.46734619140625
1.3263895511627197
-1.690378189086914
-5.049621105194092
2.467369794845581
1.691667914390564
0.12193912267684937
-17.514541625976562
13.919027328491211
2.3421382904052734
-3.069711685180664
4.961026191711426
-25.36139488220215
1.1109479665756226
-1.4973427057266235
-5.563132286071777
2.797203302383423
1.009811520576477
0.4798920750617981
-19.148658752441406
14.83993911743164
2.692840337753296
-4.181488037109375
5.092109680175781
-27.236841201782227
0.9340875148773193
-1.3819196224212646
-6.102896690368652
3.0524914264678955
0.3670613765716553
0.7747111320495605
-20.81768226623535
15.73423957824707
2.9914636611938477
-5.286059379577637
5.127503871917725
-29.07890510559082
0.7740001678466797
-1.3321473598480225
-6.689990043640137
3.2394866943359375
-0.2543833255767822
1.0194607973098755
-22.539871215820312
16.603769302368164
3.243830680847168
-6.391597747802734
5.076812267303467
-30.921985626220703
0.6260071396827698
-1.347913146018982
-7.33415412902832
3.358591079711914
-0.865666389465332
1.2214529514312744
-24.33129119873047
17.454635620117188
3.449814796447754
-7.495421886444092
4.940738201141357
-32.77964782714844
0.48898398876190186
-1.428384780883789
-8.030755996704102
3.4020776748657227
-1.474045753479004
1.3840599060058594
-26.205284118652344
18.2891788482666
3.6044745445251465
-8.589886665344238
4.718972682952881
-34.648414611816406
0.35096949338912964
-1.5619114637374878
-8.786409378051758
3.3759546279907227
-2.0816566944122314
1.5079946517944336
-28.169740676879883
19.103744506835938
3.714359760284424
-9.684829711914062
4.416635513305664
-36.55790328979492
0.20529665052890778
-1.7430351972579956
-9.60629940032959
3.2841978073120117
-2.6931116580963135
1.5950590372085571
-30.234378814697266
19.899051666259766
3.778745174407959
-10.780080795288086
4.0343403816223145
-38.523048400878906
0.05649682879447937
-1.9772157669067383
-10.486732482910156
3.117098569869995
-3.312218189239502
1.6462572813034058
-32.4083251953125
20.67504119873047
3.7949018478393555
-11.866945266723633
3.566704273223877
-40.54985427856445
-0.09700626134872437
-2.2648072242736816
-11.42959213256836
2.875229835510254
-3.9423842430114746
1.6623141765594482
-34.700523376464844
21.43120574951172
3.766050338745117
-12.94189167022705
3.007549285888672
-42.64865493774414
-0.26118600368499756
-2.6018331050872803
-12.444915771484375
2.563990354537964
-4.5871148109436035
1.6443339586257935
-37.120304107666016
22.167652130126953
3.6973602771759033
-14.021780014038086
2.359478235244751
-44.835601806640625
-0.4461231827735901
-2.980541467666626
-13.549515724182129
2.1913955211639404
-5.248056888580322
1.59416925907135
-39.661468505859375
22.877662658691406
