2
3
8.528857231140137
8.471817016601562
-5.417015075683594
1.7224469184875488
-5.707818031311035
7.221410274505615
6.575432777404785
1.8608437776565552
7.5673298835754395
-1.7201889753341675
-7.8399553298950195
8.536696434020996
7.592334747314453
8.073424339294434
-6.933700084686279
1.0813276767730713
-3.614649772644043
6.433524131774902
8.27774429321289
0.8603545427322388
6.34730339050293
-0.06611406803131104
-9.676257133483887
10.030631065368652
6.58606481552124
7.6102213859558105
-7.861680507659912
0.7320104837417603
-1.2577989101409912
5.560463905334473
9.11447811126709
0.36939629912376404
4.924890518188477
1.7030267715454102
-10.626548767089844
10.846662521362305
5.529402732849121
7.174628734588623
-8.264398574829102
0.5814115405082703
1.2836008071899414
4.70827054977417
8.607247352600098
0.6609354019165039
3.431001901626587
3.5467312335968018
-10.706761360168457
10.86259651184082
4.5115437507629395
6.83405876159668
-8.332837104797363
0.6205647587776184
3.696805000305176
3.9946889877319336
7.1075005531311035
1.573980689048767
1.9538565874099731
5.343518257141113
-9.787872314453125
9.99699592590332
3.5847108364105225
6.598854064941406
-8.14847469329834
0.8187122344970703
5.697705268859863
3.526735544204712
4.687121391296387
2.940866470336914
0.7542279958724976
6.812441825866699
-8.217613220214844
8.752565383911133
2.7743630409240723
6.407600402832031
-7.792090892791748
1.1767854690551758
7.049474716186523
3.4866445064544678
1.5755198001861572
4.304558277130127
0.05142104625701904
7.829540729522705
-6.578044414520264
7.592023849487305
2.111356735229492
6.2122697830200195
-7.267226696014404
1.7333931922912598
7.674860954284668
3.8265304565429688
-2.029158353805542
5.415591716766357
-0.16776393353939056
8.428836822509766
-5.165343761444092
6.567168235778809
1.703796148300171
5.937625885009766
-6.82289457321167
2.584592819213867
7.559987545013428
4.49445915222168
-5.083793640136719
6.00432014465332
0.10116802155971527
8.604779243469238
-4.344059467315674
5.924139499664307
1.519928216934204
5.712320804595947
-6.501990795135498
3.6186609268188477
6.894654750823975
5.324302673339844
-7.229223728179932
6.2886576652526855
0.5044084191322327
8.64687442779541
-4.062440872192383
5.511826992034912
1.4786832332611084
5.718364715576172
-6.55692720413208
4.624040603637695
5.955379009246826
6.176889419555664
-8.757047653198242
6.4279680252075195
1.0242269039154053
8.567378044128418
-4.286769866943359
5.241459369659424
1.520027995109558
5.922028064727783
-6.920203685760498
5.527396202087402
4.89289665222168
6.997920989990234
-9.819293022155762
6.506380081176758
1.5569159984588623
8.432781219482422
-4.986783981323242
5.257421970367432
1.5490185022354126
6.294276237487793
-7.557041168212891
6.320949554443359
3.827986478805542
7.736785411834717
-10.580655097961426
6.60589075088501
1.9866397380828857
8.313859939575195
-6.122200965881348
5.59990930557251
1.5603643655776978
6.773478031158447
-8.50342845916748
7.062084674835205
2.853907585144043
8.35450553894043
-11.202542304992676
6.792037010192871
2.2588601112365723
8.283280372619629
-7.620356559753418
6.224789619445801
1.5297749042510986
7.332431316375732
-9.800582885742188
7.7927680015563965
2.038278102874756
8.828155517578125
-11.906970977783203
7.1860809326171875
2.320035696029663
8.408215522766113
-9.400880813598633
7.017792224884033
1.4115575551986694
7.970399856567383
-11.430510520935059
8.510848045349121
1.391395092010498
9.189384460449219
-12.805233001708984
7.811811447143555
2.1682231426239014
8.698722839355469
-11.385047912597656
7.88577938079834
1.1554347276687622
8.672395706176758
-13.352462768554688
9.253671646118164
0.8743070960044861
9.522408485412598
-14.017003059387207
8.633891105651855
1.8049474954605103
9.136168479919434
-13.48962688446045
8.801340103149414
0.7587254643440247
9.399250984191895
-15.535348892211914
10.084450721740723
0.4129171669483185
9.910516738891602
-15.701745986938477
9.635599136352539
1.2787359952926636
9.679997444152832
-15.718449592590332
9.780138969421387
0.2381446361541748
10.142593383789062
-17.995285034179688
11.036852836608887
-0.0649276077747345
10.424158096313477
-17.935272216796875
10.751718521118164
0.6457773447036743
10.292824745178223
-18.14356803894043
10.835421562194824
-0.38609814643859863
10.905227661132812
-20.75029754638672
12.11123275756836
-0.6057236194610596
11.038792610168457
-20.63536834716797
11.953709602355957
-0.07212245464324951
10.969877243041992
-20.8494815826416
11.981925964355469
