2
3
1.5003418922424316
-8.113037109375
0.43285757303237915
-9.009060859680176
8.489766120910645
-8.887033462524414
2.6772918701171875
-0.03245222568511963
-6.3099775314331055
7.2184247970581055
5.368576526641846
-11.692092895507812
1.4777567386627197
-7.9860639572143555
0.1660323143005371
-8.558837890625
7.698848724365234
-8.21185302734375
1.241231083869934
1.2390860319137573
-5.248437404632568
5.839509963989258
7.269442558288574
-13.976452827453613
1.4622493982315063
-7.876997947692871
-0.0808207094669342
-8.18351936340332
6.8965935707092285
-7.536531448364258
-0.13748884201049805
2.3960752487182617
-4.259459972381592
4.536731243133545
9.056442260742188
-16.15514373779297
1.45358145236969
-7.790051460266113
-0.3187587559223175
-7.894904136657715
6.131921291351318
-6.915247440338135
-1.4336439371109009
3.425170421600342
-3.3446478843688965
3.2538633346557617
10.69083023071289
-18.385635375976562
1.449951171875
-7.725160121917725
-0.5476663112640381
-7.686319351196289
5.427319526672363
-6.359677314758301
-2.6295433044433594
4.320596694946289
-2.406961679458618
1.913991093635559
12.283504486083984
-20.678030014038086
1.4547933340072632
-7.6857008934021
-0.7590845823287964
-7.560800552368164
4.790689468383789
-5.878786087036133
-3.709127426147461
5.070878982543945
-1.4157367944717407
0.4941375255584717
13.855937004089355
-23.03049659729004
1.472638487815857
-7.677733421325684
-0.9428678750991821
-7.528797626495361
4.22953987121582
-5.488862991333008
-4.652449607849121
5.657155513763428
-0.38555455207824707
-0.9832587242126465
15.411360740661621
-25.4222412109375
1.5091997385025024
-7.719281196594238
-1.0920120477676392
-7.626584529876709
3.7352535724639893
-5.16799259185791
-5.458991050720215
6.133029937744141
0.6744866371154785
-2.5116219520568848
16.93992042541504
-27.843862533569336
1.5715223550796509
-7.825789451599121
-1.188449740409851
-7.8796868324279785
3.2752013206481934
-4.899364471435547
-6.261462211608887
6.581843376159668
1.761399507522583
-4.089547157287598
18.428205490112305
-30.29705047607422
1.6627393960952759
-7.994152069091797
-1.230123519897461
-8.277557373046875
2.864047050476074
-4.7072978019714355
-7.062543869018555
6.971257209777832
2.8737292289733887
-5.721663951873779
19.87384605407715
-32.787105560302734
1.7693644762039185
-8.219844818115234
-1.2275843620300293
-8.78664493560791
2.5186731815338135
-4.60603666305542
-7.864484786987305
7.2867751121521
3.9891512393951416
-7.385531425476074
21.234249114990234
-35.21553421020508
1.8785500526428223
-8.477812767028809
-1.2176998853683472
-9.340303421020508
2.2431464195251465
-4.572922706604004
-8.630716323852539
7.5818681716918945
5.065989017486572
-9.00452995300293
22.391027450561523
-37.40856170654297
1.997119665145874
-8.794364929199219
-1.1887329816818237
-9.970447540283203
2.0333924293518066
-4.60275936126709
-9.367904663085938
7.839489459991455
6.1230854988098145
-10.620750427246094
23.44034194946289
-39.53112030029297
2.1331887245178223
-9.157320976257324
-1.119229793548584
-10.642130851745605
1.900097131729126
-4.724033355712891
-10.069286346435547
8.01981258392334
7.15697717666626
-12.228790283203125
24.37700843811035
-41.600494384765625
2.2939867973327637
-9.567550659179688
-0.985222578048706
-11.34170150756836
1.8455805778503418
-4.940926551818848
-10.718441009521484
8.092400550842285
8.153824806213379
-13.81045913696289
25.17463493347168
-43.597740173339844
2.4825634956359863
-10.028014183044434
-0.7878360748291016
-12.076498031616211
1.8515164852142334
-5.244357109069824
-11.33378791809082
8.066373825073242
9.107558250427246
-15.355899810791016
25.817138671875
-45.51289367675781
2.6972851753234863
-10.543336868286133
-0.5368388891220093
-12.874539375305176
1.9046602249145508
-5.6254682540893555
-11.925143241882324
7.947681903839111
10.033060073852539
-16.885677337646484
26.33156394958496
-47.38218688964844
2.9391298294067383
-11.112161636352539
-0.23703354597091675
-13.738364219665527
1.9915177822113037
-6.071827411651611
-12.50537109375
7.74165678024292
10.920049667358398
-18.39915657043457
26.73838233947754
-49.216224670410156
3.206986904144287
-11.734809875488281
0.10850584506988525
-14.673480033874512
2.104783535003662
-6.576803207397461
-13.085124969482422
7.450958728790283
11.739716529846191
-19.87356948852539
27.040437698364258
-51.00844192504883
3.497314691543579
-12.410103797912598
0.4929484724998474
-15.683927536010742
2.238239288330078
-7.135183811187744
-13.676799774169922
7.078795909881592
12.52635383605957
-21.35017967224121
27.284385681152344
-52.827552795410156
