2
3
3.4848039150238037
8.187578201293945
6.793107032775879
-1.1487202644348145
-2.7405812740325928
5.210729122161865
7.250495910644531
6.034615993499756
-2.1984686851501465
5.865274906158447
-1.4398036003112793
-4.293246269226074
3.4542386531829834
7.971993446350098
6.46184778213501
-1.5254281759262085
-2.116089344024658
5.658236026763916
8.251982688903809
6.764273166656494
-1.9215689897537231
5.802003860473633
-1.0532090663909912
-4.526642322540283
3.458660364151001
7.7696099281311035
6.188072681427002
-1.8725063800811768
-1.4558913707733154
6.131271839141846
9.2884521484375
7.477499485015869
-1.6390992403030396
5.7222700119018555
-0.6522127985954285
-4.780184745788574
3.5206000804901123
7.566911697387695
6.008333206176758
-2.186638593673706
-0.7722043395042419
6.60673713684082
10.337409019470215
8.148911476135254
-1.3482677936553955
5.630083084106445
-0.234595388174057
-5.043800354003906
3.620380163192749
7.356357574462891
5.899216175079346
-2.4758195877075195
-0.07042604684829712
7.071943759918213
11.385883331298828
8.763270378112793
-1.0485446453094482
5.522578239440918
0.187781423330307
-5.328780651092529
3.7422285079956055
7.138682842254639
5.830316066741943
-2.7410666942596436
0.6577222943305969
7.528092384338379
12.448735237121582
9.332115173339844
-0.7398645877838135
5.396009922027588
0.6095238924026489
-5.636262893676758
3.883392810821533
6.914661884307861
5.7998046875
-2.982076406478882
1.4083247184753418
7.969982147216797
13.53330135345459
9.855048179626465
-0.4220169186592102
5.252514362335205
1.0363879203796387
-5.949530124664307
4.0359787940979
6.690463542938232
5.798856735229492
-3.1906208992004395
2.175359010696411
8.387922286987305
14.625590324401855
10.302950859069824
-0.0906553864479065
5.099852561950684
1.4883379936218262
-6.253973960876465
4.202592849731445
6.468270778656006
5.83320951461792
-3.3637611865997314
2.9674031734466553
8.787403106689453
15.73166561126709
10.684329986572266
0.2602505087852478
4.9445085525512695
1.9787931442260742
-6.5429301261901855
4.387793064117432
6.250847816467285
5.926717281341553
-3.4984002113342285
3.777674674987793
9.171553611755371
16.812259674072266
10.981022834777832
0.6389760375022888
4.798578262329102
2.5130815505981445
-6.807751655578613
4.5998148918151855
6.046482086181641
6.104127883911133
-3.5918352603912354
4.6045379638671875
9.537760734558105
17.8756046295166
11.200722694396973
1.0560939311981201
4.67253303527832
3.0996901988983154
-7.0421462059021
4.839756011962891
5.865153789520264
6.347775936126709
-3.6472339630126953
5.443591117858887
9.881613731384277
18.932964324951172
11.3547945022583
1.5193270444869995
4.577014923095703
3.7482681274414062
-7.2333269119262695
5.110717296600342
5.713214874267578
6.653985977172852
-3.6612393856048584
6.287178993225098
10.199892044067383
19.982378005981445
11.449291229248047
2.031217098236084
4.515508651733398
4.463095188140869
-7.367312431335449
5.416486740112305
5.594181060791016
7.01851749420166
-3.629741907119751
7.135715961456299
10.493457794189453
21.027503967285156
11.490092277526855
2.588890314102173
4.474339008331299
5.243906497955322
-7.461524963378906
5.760447978973389
5.505727767944336
7.445529937744141
-3.5543415546417236
7.989755630493164
10.762794494628906
22.071590423583984
11.480525970458984
3.191291332244873
4.44284725189209
6.092299461364746
-7.526297092437744
6.145567893981934
5.442413330078125
7.943368434906006
-3.439631462097168
8.868043899536133
11.01408576965332
23.138450622558594
11.423893928527832
3.8386127948760986
4.413741588592529
7.011196136474609
-7.561873435974121
6.5754475593566895
5.399756908416748
8.521076202392578
-3.289090871810913
9.776222229003906
11.24810791015625
24.237503051757812
11.323370933532715
4.532968521118164
4.378398895263672
8.006378173828125
-7.568729877471924
7.054721832275391
5.374356269836426
9.188713073730469
-3.104679822921753
10.719196319580078
11.464179992675781
25.37615966796875
11.182978630065918
5.279782295227051
4.3232831954956055
9.086084365844727
-7.549102783203125
7.588430881500244
5.3639655113220215
9.95783805847168
-2.8866021633148193
11.70809555053711
11.660921096801758
26.568552017211914
11.015448570251465
6.083849906921387
4.247519016265869
10.251657485961914
-7.498709678649902
8.181217193603516
5.366713047027588
10.839251518249512
-2.634791374206543
12.760114669799805
11.8400239944458
27.834680557250977
10.854082107543945
6.942101001739502
4.167494773864746
11.496543884277344
-7.403937816619873
