2
3
2.027864694595337
2.273791551589966
-8.700444221496582
-2.5593252182006836
2.117478132247925
-1.3290436267852783
-6.762653350830078
-4.759939670562744
-2.068789482116699
6.987639427185059
4.598087787628174
4.3285298347473145
1.5310455560684204
2.198096990585327
-9.74299144744873
-2.6771905422210693
1.6642695665359497
-1.0465645790100098
-7.5350823402404785
-4.3869099617004395
-1.5128389596939087
6.758945941925049
5.426250457763672
3.8638076782226562
1.007470726966858
2.13210391998291
-10.845315933227539
-2.825383186340332
1.1922962665557861
-0.7954848408699036
-8.326197624206543
-4.094050884246826
-0.985531210899353
6.532559394836426
6.217329978942871
3.335139751434326
0.48578178882598877
2.084184169769287
-11.983674049377441
-2.9911556243896484
0.6905520558357239
-0.5738887786865234
-9.17327880859375
-3.890401601791382
-0.4853166937828064
6.304586887359619
6.957826614379883
2.7538576126098633
-0.03314769268035889
2.0491857528686523
-13.155935287475586
-3.1788105964660645
0.16544175148010254
-0.39026498794555664
-10.084949493408203
-3.777458667755127
-0.012170732021331787
6.08331823348999
7.650157451629639
2.1519556045532227
-0.5515878200531006
2.027447462081909
-14.38149356842041
-3.3870067596435547
-0.3401811122894287
-0.19616946578025818
-11.010808944702148
-3.68739652633667
0.44186341762542725
5.873446464538574
8.324652671813965
1.611929178237915
-1.0767313241958618
2.0123064517974854
-15.657754898071289
-3.607330083847046
-0.8276277780532837
-0.0004177689552307129
-11.946046829223633
-3.6240901947021484
0.8702813386917114
5.659656047821045
8.928437232971191
1.0886867046356201
-1.6209675073623657
1.9840632677078247
-17.031736373901367
-3.849249839782715
-1.304291009902954
0.18710938096046448
-12.898845672607422
-3.5926883220672607
1.2855700254440308
5.445852279663086
9.457134246826172
0.5842502117156982
-2.179075241088867
1.9394996166229248
-18.51822280883789
-4.11414909362793
-1.7717373371124268
0.3637939393520355
-13.878357887268066
-3.5939908027648926
1.7006402015686035
5.230190277099609
9.918420791625977
0.1477668285369873
-2.7368764877319336
1.8884357213974
-20.071819305419922
-4.381800651550293
-2.2319421768188477
0.5215854644775391
-14.899670600891113
-3.627101182937622
2.085893154144287
5.007927417755127
10.2822904586792
-0.26505953073501587
-3.293455123901367
1.8247640132904053
-21.681751251220703
-4.647802829742432
-2.69954776763916
0.6570839285850525
-16.015127182006836
-3.685544490814209
2.4144880771636963
4.776434421539307
10.52580451965332
-0.6694425344467163
-3.853616952896118
1.7466485500335693
-23.357440948486328
-4.9202656745910645
-3.1589062213897705
0.7444155216217041
-17.23638916015625
-3.7460975646972656
2.665865421295166
4.5370330810546875
10.614350318908691
-1.0575391054153442
-4.425348281860352
1.6551395654678345
-25.11334800720215
-5.207772731781006
-3.612245559692383
0.7957608103752136
-18.53534698486328
-3.8180129528045654
2.855435371398926
4.29520320892334
10.566143989562988
-1.4382407665252686
-5.017517566680908
1.5517988204956055
-26.964876174926758
-5.518429756164551
-4.072953224182129
0.8212818503379822
-19.910419464111328
-3.913222551345825
2.995513677597046
4.054860591888428
10.397624015808105
-1.8210338354110718
-5.633613109588623
1.4356449842453003
-28.9221134185791
-5.856527805328369
-4.548641204833984
0.824950098991394
-21.367393493652344
-4.035752296447754
3.0974390506744385
3.817229986190796
10.126388549804688
-2.208458423614502
-6.266260147094727
1.30059015750885
-30.981454849243164
-6.21254825592041
-5.035839080810547
0.804781436920166
-22.904895782470703
-4.176599025726318
3.160003185272217
3.5794477462768555
9.754681587219238
-2.6006646156311035
-6.9161787033081055
1.1446133852005005
-33.146305084228516
-6.585206031799316
-5.534873962402344
0.7607532739639282
-24.527572631835938
-4.331881523132324
3.147937059402466
3.3277268409729004
9.26948070526123
-3.0042507648468018
-7.590517044067383
0.968407392501831
-35.42911148071289
-6.979062080383301
-6.0607500076293945
0.6971762180328369
-26.255786895751953
-4.509037017822266
3.071824073791504
3.054149627685547
8.688555717468262
-3.4240493774414062
-8.295748710632324
0.7725856900215149
-37.841400146484375
-7.398522853851318
-6.620399475097656
0.6139512062072754
-28.103321075439453
-4.711660385131836
2.9439592361450195
2.7663228511810303
8.011618614196777
-3.859867572784424
-9.037492752075195
0.5579065084457397
-40.3941650390625
-7.847138404846191
-7.218864440917969
0.5079280734062195
-30.09699249267578
-4.94284200668335
2.759066104888916
2.4613964557647705
7.2270355224609375
-4.314758777618408
