2
3
10.229207038879395
-3.368595838546753
1.5400686264038086
4.157322883605957
4.468859672546387
-8.402985572814941
-6.281174182891846
2.6274733543395996
-2.8664212226867676
0.9362573623657227
-2.105233669281006
6.213875770568848
10.100627899169922
-3.3758950233459473
-2.0805246829986572
4.2173686027526855
3.856541633605957
-7.988128185272217
-6.170954704284668
4.687335014343262
-2.062757730484009
0.7119444608688354
-0.36303770542144775
4.919511795043945
9.345121383666992
-3.21201229095459
-4.72545051574707
4.568164348602295
3.37861967086792
-7.189228057861328
-6.272709846496582
6.271875381469727
-1.086875081062317
0.3931314945220947
0.7198442220687866
3.769310712814331
8.279666900634766
-2.8532660007476807
-6.701743125915527
5.025828838348389
2.8678531646728516
-6.144208908081055
-6.377397537231445
7.2760114669799805
0.08148849010467529
-0.07051718235015869
1.3175780773162842
2.9137561321258545
7.1434431076049805
-2.4209654331207275
-8.171688079833984
5.424193859100342
2.3925249576568604
-5.035732269287109
-6.29768180847168
7.8172430992126465
1.3084752559661865
-0.6596447229385376
1.4549739360809326
2.552154064178467
6.007151126861572
-1.9379796981811523
-9.166501998901367
5.69162654876709
2.0198233127593994
-3.9935860633850098
-6.140927314758301
8.064263343811035
2.5870015621185303
-1.321899175643921
0.8799827098846436
2.7390334606170654
4.894778251647949
-1.42230224609375
-9.731582641601562
5.844502925872803
1.8104543685913086
-3.082559108734131
-6.010241985321045
8.142066955566406
3.7553157806396484
-1.9880139827728271
-0.3953697681427002
3.581758975982666
3.8518824577331543
-0.9285529851913452
-9.967490196228027
5.946421146392822
1.7488288879394531
-2.2769603729248047
-5.983998775482178
8.153453826904297
4.654482364654541
-2.4049789905548096
-2.2262840270996094
4.772297382354736
2.92290997505188
-0.5079705119132996
-9.954386711120605
6.089770793914795
1.8169581890106201
-1.5816397666931152
-6.161123275756836
8.154332160949707
5.198304176330566
-2.565247058868408
-4.451523780822754
6.1019062995910645
2.2122135162353516
-0.23776045441627502
-9.864484786987305
6.426068305969238
1.9974886178970337
-1.011078119277954
-6.625012397766113
8.263585090637207
5.3127288818359375
-2.3518693447113037
-6.686788082122803
7.237489700317383
1.7570726871490479
-0.11728273332118988
-9.883599281311035
7.093625545501709
2.226728916168213
-0.5181125998497009
-7.627197265625
8.593572616577148
4.988303184509277
-1.79756498336792
-8.567179679870605
8.060413360595703
1.4964072704315186
-0.003590822219848633
-10.286611557006836
8.00762939453125
2.320736885070801
-0.03233230113983154
-8.998851776123047
9.07778263092041
4.4195404052734375
-1.1054961681365967
-10.113548278808594
8.758813858032227
1.345041036605835
0.2155666947364807
-11.165830612182617
9.059239387512207
2.272536516189575
0.4743143916130066
-10.62371826171875
9.674449920654297
3.771033763885498
-0.40487968921661377
-11.648295402526855
9.535436630249023
1.2205528020858765
0.5899685025215149
-12.561745643615723
10.182546615600586
2.0958166122436523
1.0012942552566528
-12.465015411376953
10.41584587097168
3.099059820175171
0.2907092571258545
-13.299644470214844
10.434147834777832
1.0553618669509888
1.1008410453796387
-14.396306991577148
11.353343963623047
1.79827880859375
1.5571870803833008
-14.538559913635254
11.334762573242188
2.4249982833862305
0.9942817687988281
-15.125085830688477
11.447689056396484
0.7930588126182556
1.7394815683364868
-16.63523292541504
12.578128814697266
1.381525993347168
2.159929037094116
-16.855606079101562
12.433424949645996
1.7496055364608765
1.7273106575012207
-17.212398529052734
12.573177337646484
0.4091097414493561
2.4914493560791016
-19.260540008544922
13.869646072387695
0.8507806062698364
2.8335342407226562
-19.46052360534668
13.701067924499512
1.059661865234375
2.5076842308044434
-19.644744873046875
13.818702697753906
-0.10607627034187317
3.3392221927642822
-22.277402877807617
15.257733345031738
0.211961030960083
3.5976967811584473
-22.41844940185547
15.115755081176758
0.32949376106262207
3.355119228363037
-22.499845504760742
15.19921875
-0.7581396102905273
4.273416042327881
-25.71971893310547
16.771053314208984
-0.531934380531311
4.461651802062988
-25.80258560180664
16.667001724243164
-0.4669477939605713
4.284031867980957
-25.83834457397461
16.723724365234375
-1.547783613204956
5.291165351867676
-29.641721725463867
18.430503845214844
-1.3854241371154785
5.426762580871582
-29.683774948120117
18.358989715576172
-1.3513057231903076
5.298676013946533
-29.703210830688477
18.397560119628906
