2
3
-1.7322286367416382
3.3023197650909424
3.6913673877716064
0.5097212791442871
-0.6294698715209961
-0.289939820766449
-5.042743682861328
4.25308895111084
-7.200981140136719
9.521020889282227
10.347716331481934
3.93157958984375
-1.7731688022613525
3.4336462020874023
3.3573153018951416
0.8894454836845398
-1.2323005199432373
0.4586375951766968
-5.895247459411621
5.42572021484375
-6.269904613494873
9.227442741394043
11.84249496459961
3.3033390045166016
-1.8079192638397217
3.587609052658081
3.0886192321777344
1.2766245603561401
-1.765012264251709
1.1783803701400757
-6.630776405334473
6.523940563201904
-5.338137149810791
8.969822883605957
13.336320877075195
2.690589189529419
-1.8310531377792358
3.763965368270874
2.8933072090148926
1.6716351509094238
-2.2510950565338135
1.8641446828842163
-7.350487232208252
7.564952850341797
-4.403977394104004
8.745953559875488
14.866887092590332
2.2033333778381348
-1.8395057916641235
3.964998960494995
2.77765154838562
2.0796561241149902
-2.7062249183654785
2.548161029815674
-8.108720779418945
8.627227783203125
-3.4745190143585205
8.533222198486328
16.363849639892578
1.7281588315963745
-1.8277697563171387
4.197580337524414
2.7404980659484863
2.5068912506103516
-3.1469342708587646
3.24356746673584
-8.884867668151855
9.745780944824219
-2.497009754180908
8.341460227966309
17.854122161865234
1.374831199645996
-1.791428804397583
4.457127571105957
2.781719446182251
2.9328086376190186
-3.556811809539795
3.939234733581543
-9.65138053894043
10.92398452758789
-1.4981555938720703
8.165983200073242
19.2996826171875
1.0711942911148071
-1.7448283433914185
4.727052688598633
2.8708136081695557
3.3300516605377197
-3.9155595302581787
4.614262104034424
-10.399640083312988
12.136002540588379
-0.49620211124420166
8.014237403869629
20.680004119873047
0.7990335822105408
-1.6906071901321411
5.006673812866211
2.9779012203216553
3.7205746173858643
-4.216125011444092
5.2599592208862305
-11.100981712341309
13.379552841186523
0.4677685499191284
7.883015155792236
21.87167739868164
0.560036838054657
-1.6098958253860474
5.313998222351074
3.1153523921966553
4.15438985824585
-4.467403888702393
5.884655952453613
-11.744312286376953
14.667123794555664
1.4140373468399048
7.778392791748047
22.93474578857422
0.3769180178642273
-1.4930561780929565
5.643531799316406
3.2791225910186768
4.646773338317871
-4.6863017082214355
6.512808799743652
-12.343363761901855
16.018531799316406
2.356365203857422
7.707630157470703
23.884546279907227
0.26835137605667114
-1.345825433731079
5.981591701507568
3.4598350524902344
5.185268878936768
-4.871788024902344
7.1489057540893555
-12.8964262008667
17.43608856201172
3.311936378479004
7.670547008514404
24.780500411987305
0.23034195601940155
-1.1665325164794922
6.327489376068115
3.6628990173339844
5.768537998199463
-5.021279811859131
7.793699741363525
-13.39891529083252
18.916667938232422
4.259319305419922
7.657778739929199
25.53545570373535
0.2864972949028015
-0.9523569941520691
6.683553218841553
3.896097421646118
6.394239902496338
-5.133886337280273
8.448318481445312
-13.845905303955078
20.457372665405273
5.198703765869141
7.676060199737549
26.207229614257812
0.42171916365623474
-0.7074917554855347
7.057128429412842
4.156678676605225
7.0645952224731445
-5.210418224334717
9.115787506103516
-14.232999801635742
22.05849266052246
6.123675346374512
7.729918479919434
26.812238693237305
0.6356534361839294
-0.43646934628486633
7.455634593963623
4.4387431144714355
7.7821526527404785
-5.250941276550293
9.798576354980469
-14.553047180175781
23.720935821533203
7.026560306549072
7.821569919586182
27.34621810913086
0.9285438060760498
-0.14248234033584595
7.885171413421631
4.7375922203063965
8.548486709594727
-5.255405902862549
10.498229026794434
-14.798616409301758
25.44489097595215
7.898584842681885
7.954652786254883
27.802555084228516
1.2972078323364258
0.1725541651248932
8.348991394042969
5.051263332366943
9.364002227783203
-5.218381404876709
11.205476760864258
-14.94558048248291
27.210994720458984
8.718257904052734
8.134692192077637
28.1499080657959
1.7322356700897217
0.5064601898193359
8.8492431640625
5.377821922302246
10.227850914001465
-5.136465072631836
11.914393424987793
-14.97861099243164
29.00751495361328
9.480046272277832
8.36922836303711
28.40899658203125
2.222114086151123
0.857689619064331
9.387481689453125
5.715936183929443
11.138490676879883
-5.017066478729248
12.655811309814453
-14.960394859313965
30.866498947143555
10.23820972442627
8.639927864074707
28.63766098022461
2.784810781478882
