2
3
5.128114223480225
1.1918232440948486
-10.342066764831543
5.444644451141357
1.6898818016052246
-7.912015914916992
1.405021071434021
-9.691243171691895
4.491693496704102
-2.0339176654815674
9.623844146728516
-2.3478596210479736
4.667051792144775
0.8595044016838074
-11.64184284210205
5.013706207275391
2.0786423683166504
-7.858511447906494
1.8283941745758057
-9.806121826171875
4.893674373626709
-2.3031811714172363
10.179887771606445
-2.58064866065979
4.229719161987305
0.5450667142868042
-12.981444358825684
4.625731945037842
2.4452502727508545
-7.837673187255859
2.2158045768737793
-9.92544174194336
5.30420446395874
-2.5646719932556152
10.719297409057617
-2.785332202911377
3.8263368606567383
0.26069238781929016
-14.359371185302734
4.276861190795898
2.791163921356201
-7.852579593658447
2.568507194519043
-10.053435325622559
5.718629837036133
-2.8177733421325684
11.211243629455566
-2.966712474822998
3.4672608375549316
-0.0059393346309661865
-15.772917747497559
3.9429259300231934
3.1235451698303223
-7.901951313018799
2.8945939540863037
-10.192587852478027
6.132755279541016
-3.0627036094665527
11.6399507522583
-3.130800724029541
3.1498374938964844
-0.26838359236717224
-17.204660415649414
3.6082401275634766
3.4509551525115967
-7.9853644371032715
3.2005481719970703
-10.361093521118164
6.550243377685547
-3.295116901397705
12.004410743713379
-3.26525616645813
2.8547754287719727
-0.5272940397262573
-18.67683219909668
3.2813429832458496
3.776024580001831
-8.092304229736328
3.4873926639556885
-10.537701606750488
6.975648880004883
-3.5190985202789307
12.321311950683594
-3.3824620246887207
2.550840139389038
-0.7774266004562378
-20.219467163085938
2.9686708450317383
4.098759174346924
-8.214679718017578
3.746345043182373
-10.712592124938965
7.405485153198242
-3.7365260124206543
12.598406791687012
-3.4847075939178467
2.1620588302612305
-1.0185151100158691
-21.897306442260742
2.7166898250579834
4.416506290435791
-8.349388122558594
3.9700798988342285
-10.884988784790039
7.835893630981445
-3.948605537414551
12.837364196777344
-3.5726702213287354
1.7323944568634033
-1.2679367065429688
-23.662281036376953
2.4894063472747803
4.725730895996094
-8.495413780212402
4.147783279418945
-11.056644439697266
8.261078834533691
-4.1556620597839355
13.028368949890137
-3.6480562686920166
1.3029383420944214
-1.5251259803771973
-25.482990264892578
2.2577860355377197
5.023508071899414
-8.653220176696777
4.272660732269287
-11.232906341552734
8.675954818725586
-4.358898639678955
13.163226127624512
-3.715449333190918
0.8767867088317871
-1.786609172821045
-27.378952026367188
2.021956205368042
5.307595252990723
-8.820699691772461
4.342561721801758
-11.417242050170898
9.073884963989258
-4.558149337768555
13.226880073547363
-3.7774088382720947
0.4554523229598999
-2.0562541484832764
-29.35230827331543
1.7861591577529907
5.578339576721191
-8.99307918548584
4.342389106750488
-11.61479377746582
9.444028854370117
-4.757197856903076
13.202205657958984
-3.84089732170105
0.03199636936187744
-2.333256721496582
-31.414779663085938
1.5517619848251343
5.833223342895508
-9.164541244506836
4.258084774017334
-11.822701454162598
9.778169631958008
-4.961894989013672
13.089506149291992
-3.918276309967041
-0.4006054997444153
-2.6168293952941895
-33.578643798828125
1.3187662363052368
6.071303367614746
-9.335389137268066
4.096095085144043
-12.042349815368652
10.0701904296875
-5.177364349365234
12.897442817687988
-4.018141746520996
-0.8496536016464233
-2.9058358669281006
-35.857147216796875
1.0860472917556763
6.290092468261719
-9.508905410766602
3.855501651763916
-12.281211853027344
10.316221237182617
-5.396271228790283
12.626075744628906
-4.143492698669434
-1.3237425088882446
-3.19874906539917
-38.265830993652344
0.851042628288269
6.4864044189453125
-9.688164710998535
3.5332465171813965
-12.546601295471191
10.520001411437988
-5.614835739135742
12.274332046508789
-4.286268711090088
-1.828967809677124
-3.494584560394287
-40.816993713378906
0.6123307347297668
6.6566643714904785
-9.875655174255371
3.125063419342041
-12.84473991394043
10.694540977478027
-5.841901779174805
11.850326538085938
-4.441877841949463
-2.369601249694824
-3.792996406555176
-43.52013397216797
0.3667929172515869
6.798307418823242
-10.072864532470703
2.627364158630371
-13.181174278259277
10.836350440979004
-6.07856559753418
11.348780632019043
-4.611849308013916
-2.9498767852783203
-4.095821380615234
-46.38473129272461
0.11014145612716675
6.907333850860596
-10.281390190124512
2.035447120666504
-13.559788703918457
10.940035820007324
-6.325262069702148
10.760600090026855
-4.795762062072754
