2
3
6.279541015625
0.9227423667907715
-13.174575805664062
-9.4989652633667
8.011473655700684
3.0950467586517334
-8.287205696105957
-4.1077728271484375
-7.950318336486816
-6.649652481079102
5.101287364959717
0.7261080145835876
4.481113433837891
0.298827588558197
-14.600947380065918
-10.447969436645508
6.830038070678711
3.0100667476654053
-10.58236312866211
-6.271266937255859
-6.124424934387207
-6.426815032958984
6.512625694274902
2.1355254650115967
2.6401138305664062
-0.38206106424331665
-15.378732681274414
-11.220940589904785
5.567904472351074
2.7546277046203613
-12.466596603393555
-8.347448348999023
-4.053568363189697
-5.863574028015137
6.521158695220947
3.5597286224365234
0.771497368812561
-1.084165096282959
-15.53204345703125
-11.842098236083984
4.097037315368652
2.263338088989258
-13.835111618041992
-10.138899803161621
-2.022705078125
-5.060690402984619
5.5539231300354
4.874592304229736
-0.9964131116867065
-1.835371732711792
-15.305198669433594
-12.339438438415527
2.46091628074646
1.5561749935150146
-14.714932441711426
-11.538928031921387
-0.20426607131958008
-4.038760185241699
3.686305046081543
5.9600653648376465
-2.5250120162963867
-2.6633641719818115
-14.913715362548828
-12.734519004821777
0.797426700592041
0.662815511226654
-15.083366394042969
-12.636075973510742
1.2871387004852295
-2.780366897583008
0.7863492965698242
5.992281436920166
-3.777863025665283
-3.5729706287384033
-14.42446517944336
-12.89854621887207
-0.7645535469055176
-0.4171927571296692
-15.163966178894043
-13.388599395751953
2.2196269035339355
-1.4122456312179565
-2.3213229179382324
5.438985347747803
-4.745547294616699
-4.454125881195068
-14.030421257019043
-12.862167358398438
-2.1530303955078125
-1.6665925979614258
-15.204689025878906
-13.756464958190918
2.527050018310547
-0.11191797256469727
-5.174887657165527
4.4410929679870605
-5.508141040802002
-5.317641258239746
-14.138442993164062
-12.743061065673828
-3.4508090019226074
-2.8588571548461914
-15.362464904785156
-13.988359451293945
2.3406238555908203
1.055398941040039
-7.945013999938965
2.639698028564453
-6.1728315353393555
-6.113262176513672
-14.499340057373047
-12.521492004394531
-4.624783515930176
-4.055087089538574
-15.873614311218262
-14.01856517791748
1.6863504648208618
2.1808903217315674
-10.548624038696289
-0.6434445381164551
-6.740805625915527
-6.798149108886719
-15.349729537963867
-12.264836311340332
-5.736933708190918
-5.171561241149902
-16.652629852294922
-13.858267784118652
0.7967405319213867
2.9136178493499756
-13.083372116088867
-4.192488670349121
-7.294811248779297
-7.335230827331543
-16.638423919677734
-12.024928092956543
-6.825070858001709
-6.155735969543457
-17.704769134521484
-13.518698692321777
-0.23956680297851562
3.1492552757263184
-15.591123580932617
-7.604990005493164
-7.950705051422119
-7.703059673309326
-18.341243743896484
-11.900866508483887
-7.919094085693359
-6.89862585067749
-19.10178565979004
-13.08175277709961
-1.4510623216629028
2.8292508125305176
-18.040294647216797
-10.573063850402832
-8.77552604675293
-7.815270900726318
-20.56166648864746
-12.427340507507324
-8.968822479248047
-7.312614440917969
-21.004011154174805
-13.159281730651855
-2.9750630855560303
1.9739079475402832
-20.56597900390625
-12.69082260131836
-9.977583885192871
-7.8715009689331055
-23.065670013427734
-13.306224822998047
-10.173608779907227
-7.573019981384277
-23.31771469116211
-13.70439624786377
-4.676699638366699
0.8737738132476807
-23.431142807006836
-14.35130786895752
-11.345027923583984
-7.949717998504639
-25.89407730102539
-14.34105110168457
-11.527678489685059
-7.7840495109558105
-26.014930725097656
-14.492398262023926
-6.5484771728515625
-0.3339179754257202
-26.64188003540039
-15.776630401611328
-12.880536079406738
-8.095834732055664
-29.157236099243164
-15.495052337646484
-13.032530784606934
-7.993768692016602
-29.187694549560547
-15.516477584838867
-8.615873336791992
-1.5763896703720093
-30.221466064453125
-17.091346740722656
-14.628081321716309
-8.325310707092285
-32.93695068359375
-16.75373649597168
-14.75063705444336
-8.245881080627441
-32.90904998779297
-16.72646141052246
-10.87840461730957
-2.8084750175476074
-34.20295715332031
-18.36717987060547
-16.599868774414062
-8.636165618896484
-37.30314636230469
-18.10593032836914
-16.699417114257812
-8.562228202819824
-37.239234924316406
-18.07384490966797
-13.334174156188965
-4.0059733390808105
-38.637882232666016
-19.628131866455078
-18.816463470458984
-9.022599220275879
-42.34353256225586
-19.56195068359375
-18.892654418945312
-8.950968742370605
-42.255245208740234
-19.53655433654785
-15.997247695922852
-5.159826278686523
-43.63721466064453
-20.88811492919922
