2
3
2.2837910652160645
7.210254192352295
6.865885257720947
5.217696666717529
5.327264308929443
7.261068344116211
-8.38003921508789
-1.0794585943222046
8.948744773864746
3.8453006744384766
-3.6254351139068604
0.7646188735961914
3.798224449157715
7.415116310119629
6.282089710235596
4.876871585845947
4.135475158691406
7.139825820922852
-7.833614826202393
-1.2362622022628784
8.315021514892578
4.187893390655518
-4.945605278015137
1.5533616542816162
5.21417760848999
7.63953161239624
4.979486465454102
4.373345851898193
3.1603751182556152
6.882077217102051
-6.850717544555664
-1.1936982870101929
7.492063999176025
4.695522308349609
-5.701104640960693
2.156977891921997
6.380856037139893
7.851340293884277
3.1172564029693604
3.7130794525146484
2.502882480621338
6.578742980957031
-5.66976261138916
-1.0302562713623047
6.604761600494385
5.286864280700684
-6.007674217224121
2.5281622409820557
7.1783952713012695
8.00985050201416
0.9542968273162842
3.087080955505371
2.14901065826416
6.284882068634033
-4.475173473358154
-0.7313804030418396
5.70719051361084
5.9021759033203125
-5.894026756286621
2.654203414916992
7.551082134246826
8.133090019226074
-1.455550193786621
2.4817111492156982
2.126582622528076
5.987334728240967
-3.5765275955200195
-0.23152345418930054
4.8982439041137695
6.4744367599487305
-5.503463268280029
2.600919485092163
7.4394121170043945
8.223077774047852
-3.5454912185668945
1.9674100875854492
2.4102602005004883
5.7301106452941895
-3.179860830307007
0.5733512043952942
4.289682388305664
6.933492183685303
-5.230750560760498
2.504121780395508
6.891913890838623
8.288349151611328
-4.844508171081543
1.5792306661605835
2.864798069000244
5.574224472045898
-3.295109748840332
1.4792625904083252
3.857884407043457
7.3048882484436035
-5.093922138214111
2.265284538269043
6.205000400543213
8.294882774353027
-5.70220422744751
1.4005181789398193
3.2307610511779785
5.650087833404541
-3.744227886199951
2.201542377471924
3.56662654876709
7.5508341789245605
-5.069931983947754
2.027345657348633
5.502137660980225
8.267417907714844
-6.3244242668151855
1.3553104400634766
3.4517998695373535
5.928274631500244
-4.405535697937012
2.6730682849884033
3.408083438873291
7.659916877746582
-5.207282543182373
1.9751981496810913
4.834868431091309
8.207499504089355
-6.863572120666504
1.4622242450714111
3.531829357147217
6.330508232116699
-5.209551811218262
2.935514211654663
3.322913646697998
7.700455188751221
-5.601467132568359
2.0847537517547607
4.231529235839844
8.134857177734375
-7.420706272125244
1.7342381477355957
3.4866206645965576
6.7838640213012695
-6.1228928565979
3.0643224716186523
3.2513387203216553
7.746030807495117
-6.2597784996032715
2.3038015365600586
3.693585157394409
8.08629322052002
-8.076848030090332
2.129415512084961
3.3356897830963135
7.230625152587891
-7.150994300842285
3.1454994678497314
3.13517165184021
7.8349223136901855
-7.1421027183532715
2.5793354511260986
3.201197862625122
8.099614143371582
-8.887663841247559
2.5834646224975586
3.0857229232788086
7.641452312469482
-8.3026704788208
3.2532155513763428
2.94157338142395
7.978577136993408
-8.226369857788086
2.879974842071533
2.720926523208618
8.201899528503418
-9.90917682647705
3.0451412200927734
2.7421422004699707
8.01154613494873
-9.584796905517578
3.429535388946533
2.652179718017578
8.174541473388672
-9.497272491455078
3.209728717803955
2.2262680530548096
8.392269134521484
-11.182939529418945
3.504047155380249
2.310054063796997
8.355280876159668
-11.028059005737305
3.693603038787842
2.2622554302215576
8.419140815734863
-10.958340644836426
3.5763070583343506
1.694178819656372
8.657947540283203
-12.729608535766602
3.967945098876953
1.7967727184295654
8.693970680236816
-12.67171859741211
4.042410373687744
1.7759146690368652
8.709217071533203
-12.629720687866211
3.985529899597168
1.1048145294189453
8.98611068725586
-14.564982414245605
4.450869560241699
1.204290747642517
9.046658515930176
-14.555951118469238
4.465899467468262
1.1968533992767334
9.04162883758545
-14.538019180297852
4.442493438720703
0.44237303733825684
9.366499900817871
-16.709856033325195
4.966257095336914
0.5282348394393921
9.427026748657227
-16.721364974975586
4.955975532531738
0.524865984916687
9.416365623474121
-16.7186336517334
4.949725151062012
-0.3083372712135315
9.792524337768555
-19.191743850708008
5.526426315307617
-0.24045902490615845
9.844515800476074
-19.210947036743164
5.509281158447266
-0.24314099550247192
9.833744049072266
-19.21428680419922
5.510105133056641
