2
3
6.85719108581543
-2.9294748306274414
-1.6217979192733765
4.288876533508301
2.8196499347686768
2.5842437744140625
-1.319834589958191
-7.824121952056885
2.3443386554718018
-4.465656280517578
-3.0526955127716064
4.246812343597412
6.546511650085449
-1.9034466743469238
-3.114682674407959
4.150684833526611
3.029913902282715
0.9910069704055786
-0.20341932773590088
-8.767526626586914
2.3051798343658447
-3.4498376846313477
-2.6934502124786377
4.931467533111572
5.974085807800293
-1.026716709136963
-3.9758119583129883
3.827888011932373
3.45652437210083
-0.6615005731582642
0.6347900629043579
-9.306098937988281
2.3043160438537598
-2.405731678009033
-2.422471046447754
4.9429826736450195
5.294430732727051
-0.2778109312057495
-4.326838970184326
3.3929810523986816
4.1078104972839355
-2.339855670928955
0.8032100200653076
-9.337199211120605
2.306118965148926
-1.4112788438796997
-2.1704461574554443
4.532279968261719
4.606266021728516
0.366563081741333
-4.2343292236328125
2.7412147521972656
4.82468318939209
-3.9330081939697266
0.379581093788147
-8.811224937438965
2.3121581077575684
-0.5291150808334351
-1.8669135570526123
3.763105869293213
3.963803291320801
0.8744817972183228
-3.720924139022827
1.7553057670593262
5.432341575622559
-5.318408966064453
-0.48546212911605835
-7.681939125061035
2.3369295597076416
0.17683815956115723
-1.4695017337799072
2.651088237762451
3.4448094367980957
1.167073130607605
-2.8764171600341797
0.41280436515808105
5.816277027130127
-6.350668907165527
-1.7778770923614502
-5.799217224121094
2.4105827808380127
0.6425396203994751
-0.9488180875778198
1.1270151138305664
3.207658529281616
1.1078773736953735
-2.017491579055786
-1.0444996356964111
5.823586940765381
-6.8418121337890625
-2.9071292877197266
-3.511920928955078
2.631472110748291
0.7228657603263855
-0.4584813117980957
-0.53440260887146
3.1423041820526123
0.7588932514190674
-1.4707458019256592
-2.3615424633026123
5.459171295166016
-6.679431915283203
-3.5308029651641846
-1.8366570472717285
2.8591246604919434
0.5330353379249573
-0.1596369743347168
-2.1311092376708984
3.1947848796844482
0.22920513153076172
-1.0700078010559082
-3.476379632949829
4.961734294891357
-6.121020793914795
-4.037436008453369
-0.69197678565979
3.165534496307373
0.06575319170951843
0.0808911919593811
-3.431778907775879
3.3549458980560303
-0.41026169061660767
-0.7744190096855164
-4.422177791595459
4.4301228523254395
-5.3902435302734375
-4.417900562286377
-0.0032501816749572754
3.5328001976013184
-0.5863977670669556
0.19750064611434937
-4.373830318450928
3.5733189582824707
-1.124920129776001
-0.6223745346069336
-5.113579273223877
3.8676252365112305
-4.581268310546875
-4.58356237411499
0.2685917615890503
3.923985242843628
-1.3446907997131348
0.10137562453746796
-4.96477746963501
3.8241753578186035
-1.891951560974121
-0.6546672582626343
-5.519707202911377
3.2840514183044434
-3.7617287635803223
-4.45842170715332
0.1076512485742569
4.288160800933838
-2.1325342655181885
-0.21210621297359467
-5.224001407623291
4.062817096710205
-2.6659438610076904
-0.8678698539733887
-5.6550211906433105
2.687438488006592
-2.9766452312469482
-3.9329662322998047
-0.6139065623283386
4.578428268432617
-2.8621833324432373
-0.7243553400039673
-5.234520435333252
4.233119964599609
-3.3773748874664307
-1.258856177330017
-5.5739359855651855
2.1810481548309326
-2.3576340675354004
-3.153038740158081
-1.7670371532440186
4.7348313331604
-3.446589469909668
-1.3744709491729736
-5.119382858276367
4.277281284332275
-3.969963550567627
-1.7663933038711548
-5.369963645935059
1.8968214988708496
-2.038029670715332
-2.3494036197662354
-3.06085467338562
4.697973728179932
-3.8722739219665527
-2.0073156356811523
-4.996511459350586
4.148124694824219
-4.4030375480651855
-2.233067512512207
-5.287377834320068
1.8431421518325806
-2.0439422130584717
-1.7473959922790527
-4.292879581451416
4.447597503662109
-4.177340507507324
-2.4422903060913086
-5.090242385864258
3.888578414916992
-4.69498348236084
-2.587616205215454
-5.440136432647705
1.8773431777954102
-2.3333003520965576
-1.3451229333877563
-5.349783420562744
4.08577823638916
-4.415677070617676
-2.7655889987945557
-5.35571813583374
3.5149285793304443
-4.847661972045898
-2.8326640129089355
-5.820055961608887
1.969603419303894
-2.814436435699463
-1.0789353847503662
-6.271313667297363
3.638137102127075
-4.567163467407227
-2.9802451133728027
-5.798016548156738
3.081636905670166
-4.963269233703613
-2.9688432216644287
-6.388952732086182
2.089205026626587
-3.4073069095611572
-0.9468921422958374
-7.1112284660339355
3.153494358062744
-4.705356121063232
-3.0778162479400635
-6.404796123504639
