2
3
3.9010798931121826
6.411785125732422
-5.754156112670898
-8.299375534057617
7.171367645263672
-4.33863639831543
7.206963539123535
0.6809420585632324
2.0581393241882324
8.276838302612305
10.770127296447754
1.8826388120651245
2.65805721282959
5.5634965896606445
-4.159042835235596
-9.418395042419434
7.672350883483887
-3.382556915283203
6.029996395111084
2.517726182937622
3.3727028369903564
7.937786102294922
10.532793998718262
0.04317009449005127
1.7710464000701904
4.565543174743652
-2.074876308441162
-10.55713176727295
7.9284820556640625
-2.1956543922424316
4.672293186187744
4.139484405517578
4.623337745666504
7.441325664520264
10.093318939208984
-1.5436725616455078
1.2727992534637451
3.38486385345459
0.3540072441101074
-11.493086814880371
7.968905925750732
-0.8531097173690796
3.260861873626709
5.3843278884887695
5.803384304046631
6.916370391845703
9.381877899169922
-2.904087543487549
1.2912297248840332
1.9671977758407593
2.9436421394348145
-12.086563110351562
7.735662937164307
0.6119201183319092
2.058720350265503
6.026180744171143
6.829214572906494
6.348240375518799
8.478811264038086
-4.035783767700195
1.981583833694458
0.25610053539276123
5.230046272277832
-12.106743812561035
7.330935001373291
2.1176114082336426
1.2182486057281494
5.967167854309082
7.658545970916748
5.706574440002441
7.733668327331543
-5.02585506439209
3.0788116455078125
-1.5043944120407104
7.034511566162109
-11.626750946044922
6.872314929962158
3.587141752243042
0.6895339488983154
5.244466781616211
8.209793090820312
5.048181533813477
7.32017707824707
-5.914546012878418
4.437438011169434
-3.0942816734313965
8.234148025512695
-10.67278003692627
6.340256690979004
4.832892417907715
0.643734335899353
3.8174991607666016
8.559128761291504
4.363846778869629
7.167153835296631
-6.8232574462890625
5.923588752746582
-4.381835460662842
8.865381240844727
-9.233713150024414
5.510695457458496
5.950904846191406
1.7859562635421753
0.962444543838501
8.847328186035156
3.5518639087677
7.240077018737793
-7.61562442779541
7.357448101043701
-5.168269157409668
8.935864448547363
-7.746713638305664
4.793381214141846
6.492280006408691
3.679177761077881
-2.2789437770843506
9.13646125793457
2.625056743621826
7.472529411315918
-8.093732833862305
8.461784362792969
-5.404663562774658
8.928755760192871
-6.6374101638793945
4.422718524932861
6.358474254608154
5.982885837554932
-5.270895004272461
9.64061450958252
1.6746058464050293
7.789231777191162
-8.50356674194336
9.203309059143066
-5.1856369972229
9.088825225830078
-6.0147552490234375
4.601114749908447
5.695694446563721
8.189205169677734
-7.63411808013916
10.086519241333008
0.7671642303466797
8.461240768432617
-9.204748153686523
9.70315170288086
-4.757026672363281
9.404061317443848
-5.640425682067871
5.177201271057129
4.720796585083008
10.326131820678711
-9.623021125793457
10.68162727355957
-0.10915249586105347
9.064559936523438
-9.753311157226562
10.000018119812012
-4.2197442054748535
9.809289932250977
-5.442329406738281
6.101298809051514
3.5546464920043945
12.398788452148438
-11.365228652954102
11.309408187866211
-0.9694072008132935
9.707508087158203
-10.18948745727539
10.212381362915039
-3.72748064994812
10.493045806884766
-5.423105716705322
7.314624309539795
2.2162957191467285
14.429206848144531
-12.876543045043945
11.67978572845459
-1.5206066370010376
10.534882545471191
-10.829883575439453
10.39964485168457
-3.2937467098236084
11.624329566955566
-5.692856311798096
8.766193389892578
0.7325912714004517
16.40949058532715
-14.165529251098633
11.995433807373047
-2.0388267040252686
11.544672966003418
-11.547956466674805
10.592827796936035
-2.919743061065674
13.281084060668945
-6.414126396179199
10.406874656677246
-0.8614257574081421
18.312000274658203
-15.22928524017334
12.312623977661133
-2.593592405319214
12.933809280395508
-12.430940628051758
10.829894065856934
-2.6558239459991455
15.429020881652832
-7.574982166290283
12.197513580322266
-2.5370407104492188
20.079925537109375
-16.109743118286133
12.685184478759766
-3.22780704498291
14.81321907043457
-13.522795677185059
11.145543098449707
-2.532304048538208
18.0391788482666
-9.166247367858887
14.09070110321045
-4.239015579223633
21.675920486450195
-16.778278350830078
13.188756942749023
-4.006933212280273
17.263463973999023
-14.884965896606445
11.60521125793457
-2.612355947494507
21.11673927307129
-11.17664909362793
15.98934555053711
-5.9041242599487305
23.306249618530273
-17.391496658325195
13.95995044708252
-5.107148170471191
20.372394561767578
-16.479629516601562
