2
3
8.772753715515137
-5.0351104736328125
-3.584580421447754
11.852680206298828
-0.8873993158340454
8.386280059814453
1.2951221466064453
5.483773708343506
3.1281111240386963
3.19932222366333
-5.334897994995117
-7.862833499908447
7.919683933258057
-3.782292604446411
-4.693267822265625
13.667046546936035
-0.2048194408416748
7.817280292510986
2.213728427886963
4.817536354064941
3.1765215396881104
2.724550247192383
-5.647572994232178
-8.386487007141113
7.149981498718262
-2.569967746734619
-5.609271049499512
15.368643760681152
0.4409204125404358
7.305668354034424
3.110474109649658
4.189148902893066
3.119293212890625
2.276423215866089
-6.042550563812256
-8.91934871673584
6.440406799316406
-1.3629647493362427
-6.3914289474487305
17.0787410736084
1.0437421798706055
6.878663063049316
3.965996265411377
3.6213412284851074
3.019059896469116
1.8749505281448364
-6.462893486022949
-9.454296112060547
5.750400543212891
-0.16419720649719238
-7.15496301651001
18.80636215209961
1.5889023542404175
6.569551944732666
4.76642370223999
3.1100540161132812
2.844548463821411
1.5211554765701294
-6.941085338592529
-10.046080589294434
5.071015357971191
1.03298020362854
-7.934796333312988
20.54218101501465
2.089961528778076
6.339397430419922
5.5103654861450195
2.6409378051757812
2.6205291748046875
1.1914979219436646
-7.453635215759277
-10.692383766174316
4.402014255523682
2.2179055213928223
-8.736621856689453
22.272968292236328
2.53830623626709
6.149514198303223
6.187657356262207
2.1882925033569336
2.3670296669006348
0.8960314393043518
-7.985407829284668
-11.366035461425781
3.75799298286438
3.356861114501953
-9.56798267364502
23.951885223388672
2.937527894973755
5.98186731338501
6.809418201446533
1.7435425519943237
2.1014647483825684
0.6414895057678223
-8.553890228271484
-12.060985565185547
3.1696808338165283
4.373777866363525
-10.402912139892578
25.51719093322754
3.3219709396362305
5.8139801025390625
7.39736795425415
1.3243614435195923
1.821184754371643
0.39339765906333923
-9.17490291595459
-12.815398216247559
2.6276721954345703
5.288053512573242
-11.283924102783203
26.955720901489258
3.6912434101104736
5.636938095092773
7.913868427276611
0.9009122848510742
1.5288496017456055
0.13981589674949646
-9.832053184509277
-13.640691757202148
2.10610032081604
6.1318039894104
-12.190154075622559
28.327808380126953
4.050472736358643
5.455684185028076
8.353516578674316
0.5022114515304565
1.2333660125732422
-0.10875289142131805
-10.516166687011719
-14.506397247314453
1.6043888330459595
6.905363082885742
-13.110713005065918
29.62833595275879
4.392612934112549
5.286064147949219
8.671675682067871
0.18659529089927673
0.938558042049408
-0.3335181772708893
-11.218245506286621
-15.357397079467773
1.1090967655181885
7.638243198394775
-14.054008483886719
30.89424705505371
4.697223663330078
5.136035442352295
8.866456985473633
-0.03147256374359131
0.6419527530670166
-0.5370620489120483
-11.922661781311035
-16.18793296813965
0.6123445630073547
8.34352970123291
-15.024285316467285
32.150001525878906
4.951265811920166
5.002636909484863
8.935347557067871
-0.17732658982276917
0.33832216262817383
-0.7235749959945679
-12.633715629577637
-17.007238388061523
0.11222314834594727
9.02542495727539
-16.023292541503906
33.40640640258789
5.136576175689697
4.896877765655518
8.854546546936035
-0.24735087156295776
0.02641230821609497
-0.8877513408660889
-13.350135803222656
-17.813772201538086
-0.3911188840866089
9.68533992767334
-17.052955627441406
34.668399810791016
5.245356559753418
4.81738805770874
8.642114639282227
-0.26305633783340454
-0.2953944504261017
-1.0328998565673828
-14.075712203979492
-18.608806610107422
-0.8973602056503296
10.3234281539917
-18.115175247192383
35.936588287353516
5.277660369873047
4.758889675140381
8.309110641479492
-0.23193101584911346
-0.6300873756408691
-1.163688063621521
-14.817255020141602
-19.396026611328125
-1.4109634160995483
10.944544792175293
-19.21678924560547
37.21334457397461
5.220510482788086
4.7165679931640625
7.844742774963379
-0.15775726735591888
-0.978600025177002
-1.2837376594543457
-15.577866554260254
-20.173871994018555
-1.935084581375122
11.55261516571045
-20.364978790283203
38.50188446044922
5.108524322509766
4.695982456207275
7.30024528503418
-0.0348745733499527
-1.3442368507385254
-1.395593523979187
-16.366212844848633
-20.947742462158203
-2.4669930934906006
12.147102355957031
-21.559833526611328
39.803489685058594
4.940566062927246
4.702442646026611
6.672990798950195
0.1314093917608261
-1.729313611984253
-1.4997504949569702
-17.188430786132812
-21.722740173339844
