2
3
0.2301344871520996
-6.921267032623291
-11.868766784667969
11.856565475463867
-4.944624900817871
8.801977157592773
4.53680944442749
1.1426124572753906
-6.957827091217041
-10.26115608215332
2.2069053649902344
2.8271212577819824
-1.5989505052566528
-5.0367889404296875
-12.576281547546387
12.151926040649414
-3.9743006229400635
7.290642738342285
5.334799289703369
-1.9478144645690918
-5.570924282073975
-9.867766380310059
1.698880910873413
5.2409281730651855
-3.3439712524414062
-3.20693039894104
-12.496905326843262
12.344240188598633
-2.8869986534118652
5.645443439483643
5.807038307189941
-4.708817005157471
-4.628544807434082
-9.023274421691895
1.2118611335754395
7.469460487365723
-4.900284767150879
-1.5807695388793945
-11.673974990844727
12.101243019104004
-1.6318585872650146
3.7815968990325928
5.741086006164551
-6.876282215118408
-3.8903684616088867
-7.938443183898926
0.49648505449295044
9.497400283813477
-6.2931084632873535
-0.13003075122833252
-10.008875846862793
11.034010887145996
-0.27776575088500977
1.7030086517333984
5.016406059265137
-8.181291580200195
-3.3051602840423584
-6.650627136230469
-0.38138628005981445
11.13399600982666
-7.36207389831543
0.9040063619613647
-7.956279277801514
10.0139799118042
1.0506672859191895
-0.4537079334259033
3.5533483028411865
-8.47546100616455
-2.91422963142395
-5.185053825378418
-1.3194053173065186
12.198163986206055
-8.014857292175293
1.5891482830047607
-5.670981407165527
9.099746704101562
2.2394518852233887
-2.455421209335327
1.3705098628997803
-8.01777458190918
-2.807957410812378
-3.5452189445495605
-1.9618293046951294
12.443995475769043
-8.274776458740234
1.9953978061676025
-3.149367094039917
8.264479637145996
2.90805721282959
-4.2233710289001465
-0.8451673984527588
-7.009561538696289
-2.9263923168182373
-1.8022356033325195
-1.8712191581726074
11.834036827087402
-8.077791213989258
2.2204554080963135
-0.7851359844207764
7.3978800773620605
3.0415725708007812
-5.590661525726318
-3.1278884410858154
-5.5560150146484375
-3.1782147884368896
-0.2703516483306885
-1.2079885005950928
10.374711036682129
-7.423121452331543
2.2200582027435303
1.141242504119873
6.526638984680176
2.597662925720215
-6.459630012512207
-5.271735191345215
-3.6748762130737305
-3.271944046020508
0.844886302947998
-0.4224129319190979
8.519524574279785
-6.705149173736572
2.2620444297790527
2.4779486656188965
5.619166374206543
1.6626557111740112
-6.769029140472412
-6.803806781768799
-1.4138455390930176
-3.1633715629577637
1.5102837085723877
0.024862170219421387
6.785070419311523
-5.709759712219238
2.1702873706817627
3.072927474975586
4.495809555053711
0.5179709196090698
-6.72987174987793
-7.878133773803711
1.3191428184509277
-3.08514666557312
1.8430747985839844
0.33001306653022766
5.1840410232543945
-4.582268238067627
1.9000598192214966
3.1329691410064697
3.12591814994812
-0.6682683229446411
-6.289548873901367
-8.55478286743164
3.8035030364990234
-2.8521149158477783
1.8024908304214478
0.49429643154144287
3.795832872390747
-3.4122731685638428
1.498760461807251
2.7636873722076416
2.134195566177368
-1.847987174987793
-5.462454795837402
-8.802131652832031
5.709463596343994
-2.541569232940674
1.5802117586135864
0.610114336013794
2.7327773571014404
-2.30265474319458
0.9735545516014099
1.9846712350845337
1.5094331502914429
-2.951702117919922
-4.375267505645752
-8.666542053222656
7.024868011474609
-2.171436309814453
1.2553671598434448
0.5834367275238037
1.898046612739563
-1.3420085906982422
0.32273077964782715
0.8204590082168579
1.4100030660629272
-3.9436912536621094
-3.1226818561553955
-8.113357543945312
7.695180892944336
-1.686009168624878
0.7809140086174011
0.20481151342391968
1.432418942451477
-0.6501202583312988
-0.355197548866272
-0.6206036806106567
1.913071870803833
-4.848053932189941
-1.7853097915649414
-7.030695915222168
7.515489101409912
-1.1633409261703491
0.17457324266433716
-0.6204268336296082
1.522534966468811
-0.32244086265563965
-0.7496382594108582
-2.0970335006713867
2.660855531692505
-5.5326008796691895
-0.6327358484268188
-5.710591793060303
6.998122215270996
-0.7530418634414673
-0.404207706451416
-1.935483455657959
2.245556354522705
-0.3157096803188324
-0.8580818176269531
-3.5182089805603027
3.484724521636963
-5.800072193145752
0.22223877906799316
-4.464666366577148
6.40775203704834
-0.6168102622032166
-0.7039519548416138
-3.351278781890869
3.2016212940216064
-0.5888775587081909
-0.7733997106552124
-4.747159004211426
4.313313961029053
-5.6245198249816895
0.7343476414680481
-3.6297378540039062
5.896610736846924
-0.7917018532752991
-0.7440100908279419
-4.603747844696045
4.169137954711914
