2
3
-9.098227500915527
-0.636519193649292
-4.7094926834106445
3.0292038917541504
-1.880741000175476
2.743509292602539
-3.943157434463501
-2.7682442665100098
6.753089904785156
-7.225940704345703
6.322443008422852
11.103669166564941
-8.28663158416748
-0.8248201012611389
-3.7427072525024414
3.1604340076446533
-1.6320160627365112
2.006779432296753
-3.9809467792510986
-3.84623646736145
6.085818290710449
-6.155930519104004
5.153421878814697
12.432596206665039
-7.519114971160889
-0.9600523710250854
-2.8137600421905518
3.3553543090820312
-1.422154188156128
1.366580843925476
-4.0422282218933105
-4.783499717712402
5.445984363555908
-5.115679740905762
4.03962516784668
13.68806266784668
-6.7897539138793945
-1.045509934425354
-1.8953852653503418
3.6173720359802246
-1.240159273147583
0.8109456300735474
-4.114814758300781
-5.614405632019043
4.88757848739624
-4.040039539337158
3.14227032661438
14.882226943969727
-6.096271514892578
-1.078240156173706
-0.9664064049720764
3.955810785293579
-1.137239933013916
0.3167458772659302
-4.272512435913086
-6.381847858428955
4.35725736618042
-2.98197603225708
2.2764503955841064
16.0327205657959
-5.454702377319336
-1.046173095703125
-0.07075625658035278
4.375992298126221
-1.0978727340698242
-0.1253412365913391
-4.492646217346191
-7.104892253875732
3.8494434356689453
-1.9456738233566284
1.4323999881744385
17.12352752685547
-4.859105110168457
-0.943132758140564
0.7952761054039001
4.872681140899658
-1.113053321838379
-0.510593056678772
-4.782596588134766
-7.820147514343262
3.372185230255127
-0.9047073125839233
0.6347566246986389
18.178682327270508
-4.2987589836120605
-0.7689375281333923
1.6419930458068848
5.434932231903076
-1.1559289693832397
-0.8470329642295837
-5.118326663970947
-8.524337768554688
2.981877326965332
0.16049444675445557
0.023346006870269775
19.23395538330078
-3.776479482650757
-0.5306289196014404
2.454634666442871
6.047371864318848
-1.1976462602615356
-1.1301573514938354
-5.455567359924316
-9.207418441772461
2.6479122638702393
1.2454646825790405
-0.5162016749382019
20.301095962524414
-3.2912306785583496
-0.23506641387939453
3.232048749923706
6.6834821701049805
-1.247461199760437
-1.3665688037872314
-5.803106307983398
-9.929003715515137
2.3847036361694336
2.335477590560913
-0.9455605149269104
21.39468765258789
-2.840017557144165
0.1010955274105072
3.9580070972442627
7.300724983215332
-1.305253267288208
-1.5647274255752563
-6.164132595062256
-10.70094108581543
2.1552846431732178
3.3889389038085938
-1.354318380355835
22.428192138671875
-2.403940439224243
0.4720672070980072
4.6419830322265625
7.884661674499512
-1.3725519180297852
-1.7367935180664062
-6.530416011810303
-11.463086128234863
1.9476869106292725
4.406555652618408
-1.7808583974838257
23.379880905151367
-1.9711887836456299
0.8646358251571655
5.302005290985107
8.430237770080566
-1.4547829627990723
-1.8699445724487305
-6.910941123962402
-12.198241233825684
1.7635233402252197
5.360826015472412
-2.2495155334472656
24.208370208740234
-1.5554442405700684
1.2452507019042969
5.929723739624023
8.893932342529297
-1.550126552581787
-1.9724111557006836
-7.306485176086426
-12.91609001159668
1.5935946702957153
6.252963066101074
-2.762420892715454
24.92247200012207
-1.1496644020080566
1.6288366317749023
6.528531074523926
9.311112403869629
-1.6545562744140625
-2.0482146739959717
-7.713647842407227
-13.619597434997559
1.4205502271652222
7.105247497558594
-3.3070571422576904
25.57101821899414
-0.7510393261909485
2.024332284927368
7.100160121917725
9.705455780029297
-1.7673428058624268
-2.099222421646118
-8.127535820007324
-14.302104949951172
1.2352253198623657
7.917737007141113
-3.8747329711914062
26.165388107299805
-0.3592228293418884
2.4359283447265625
7.642414093017578
10.087044715881348
-1.8897385597229004
-2.1293928623199463
-8.551984786987305
-14.972103118896484
1.0392155647277832
8.700532913208008
-4.473265647888184
26.71578025817871
0.02674180269241333
2.86556339263916
8.154898643493652
10.456949234008789
-2.0245437622070312
-2.144383192062378
-9.000006675720215
-15.645767211914062
0.8311936855316162
9.445207595825195
-5.101707935333252
27.2172908782959
0.40433838963508606
3.3126821517944336
8.634206771850586
10.820596694946289
-2.1746137142181396
-2.149505853652954
-9.477224349975586
-16.329679489135742
0.6071083545684814
10.146087646484375
-5.756745338439941
27.67786407470703
0.7692477703094482
3.775609254837036
9.074018478393555
11.182456970214844
-2.34210467338562
-2.147833824157715
-9.986532211303711
-17.02866554260254
0.36749011278152466
10.775634765625
-6.420828819274902
28.10143280029297
