2
3
3.280137300491333
0.19717225432395935
4.025288105010986
4.8774309158325195
-0.21168643236160278
-8.192914962768555
7.003201484680176
-0.3388502597808838
-0.26617324352264404
-1.467400312423706
5.839938163757324
-5.789895057678223
3.3298614025115967
0.06998300552368164
3.827672243118286
4.250844955444336
0.2276180386543274
-7.667025566101074
7.62737512588501
0.6420583128929138
0.1643282175064087
-1.888981580734253
6.507816791534424
-6.423495292663574
3.3879740238189697
-0.06860864162445068
3.682405948638916
3.6460773944854736
0.692857563495636
-7.197630882263184
8.321806907653809
1.5929152965545654
0.6464975476264954
-2.3077502250671387
7.244082450866699
-6.987744331359863
3.456778049468994
-0.22063608467578888
3.5896689891815186
3.0606529712677
1.2000808715820312
-6.76193380355835
9.094619750976562
2.5254149436950684
1.1583468914031982
-2.7326462268829346
8.01850700378418
-7.507210731506348
3.542402982711792
-0.385780394077301
3.555645227432251
2.4952402114868164
1.751577615737915
-6.325441837310791
9.920085906982422
3.454987049102783
1.7091798782348633
-3.169522523880005
8.84642219543457
-7.998353958129883
3.6553757190704346
-0.5581900477409363
3.600193500518799
1.9579763412475586
2.3657898902893066
-5.878150939941406
10.796375274658203
4.367969989776611
2.313839912414551
-3.6272313594818115
9.752885818481445
-8.474313735961914
3.800445795059204
-0.7351104021072388
3.7269628047943115
1.451404094696045
3.047168493270874
-5.416031837463379
11.744921684265137
5.2575554847717285
2.968319892883301
-4.103155136108398
10.730918884277344
-8.931633949279785
3.9826693534851074
-0.9140307903289795
3.939903974533081
0.9768510460853577
3.7902138233184814
-4.947775840759277
12.791341781616211
6.121232032775879
3.665820360183716
-4.587634563446045
11.765420913696289
-9.357240676879883
4.206811904907227
-1.0968679189682007
4.240940093994141
0.5277002453804016
4.553338050842285
-4.475958824157715
13.87060546875
6.971983909606934
4.402188777923584
-5.067722320556641
12.834405899047852
-9.726714134216309
4.479369640350342
-1.2967033386230469
4.632946014404297
0.08004206418991089
5.3150739669799805
-4.019845962524414
14.931498527526855
7.750643730163574
5.163482189178467
-5.5307207107543945
13.911065101623535
-10.02542495727539
4.80811882019043
-1.5220376253128052
5.127878189086914
-0.37864387035369873
6.077062606811523
-3.5951287746429443
15.9696683883667
8.411677360534668
5.941361427307129
-5.972990036010742
14.998559951782227
-10.256181716918945
5.19666862487793
-1.7702770233154297
5.733025550842285
-0.8404430150985718
6.866842269897461
-3.201632022857666
17.02614974975586
8.950695037841797
6.750277996063232
-6.404897212982178
16.11514663696289
-10.438041687011719
5.645577907562256
-2.0382487773895264
6.442737579345703
-1.3058404922485352
7.706012725830078
-2.826101779937744
18.120197296142578
9.374738693237305
7.595619201660156
-6.82588529586792
17.274999618530273
-10.577457427978516
6.152195453643799
-2.3239574432373047
7.255886077880859
-1.7645325660705566
8.598896980285645
-2.475227117538452
19.260631561279297
9.69045352935791
8.481645584106445
-7.233011722564697
18.488889694213867
-10.673389434814453
6.716342926025391
-2.620117664337158
8.180730819702148
-2.188791513442993
9.539522171020508
-2.1560139656066895
20.44178581237793
9.8966646194458
9.414209365844727
-7.623258590698242
19.778291702270508
-10.72710132598877
7.340849876403809
-2.9201388359069824
9.224559783935547
-2.5595126152038574
10.522503852844238
-1.8683704137802124
21.666486740112305
10.010868072509766
10.39755916595459
-7.991725444793701
21.15645408630371
-10.733195304870605
8.027220726013184
-3.221536159515381
10.381498336791992
-2.874851703643799
11.533586502075195
-1.6164437532424927
22.924880981445312
10.046124458312988
11.4299898147583
-8.328580856323242
22.611581802368164
-10.67900276184082
8.779568672180176
-3.520510673522949
11.65212631225586
-3.1379106044769287
12.592202186584473
-1.3938045501708984
24.247493743896484
10.009726524353027
12.507465362548828
-8.626714706420898
24.13031768798828
-10.554286003112793
9.601800918579102
-3.8129754066467285
13.040133476257324
-3.3512606620788574
13.700000762939453
-1.1994668245315552
25.639816284179688
9.906221389770508
13.619376182556152
-8.879181861877441
25.69674301147461
-10.348615646362305
10.497039794921875
-4.095032691955566
14.548619270324707
-3.513831377029419
14.853907585144043
-1.033473253250122
27.098739624023438
9.742313385009766
14.733687400817871
-9.075413703918457
27.284400939941406
-10.047965049743652
