2
3
5.6320624351501465
3.3601880073547363
-0.882763683795929
5.466692924499512
-3.0305557250976562
-0.1881864070892334
-8.667145729064941
9.822476387023926
8.873947143554688
1.9020020961761475
6.078205108642578
-0.6904748678207397
5.335073947906494
3.287997007369995
-1.5230540037155151
5.4172539710998535
-2.737551689147949
0.38779783248901367
-8.581085205078125
11.107852935791016
8.611063003540039
1.7959997653961182
5.204066276550293
-0.801028847694397
5.0617265701293945
3.250152349472046
-2.1370654106140137
5.433470249176025
-2.473663330078125
0.963075578212738
-8.523006439208984
12.460002899169922
8.307623863220215
1.7111212015151978
4.269696235656738
-0.8699877858161926
4.795691013336182
3.246220350265503
-2.740931749343872
5.5099873542785645
-2.2285895347595215
1.5329506397247314
-8.442869186401367
13.832423210144043
7.948068141937256
1.6514145135879517
3.271968364715576
-0.8958343863487244
4.532040596008301
3.2865214347839355
-3.331292152404785
5.658555030822754
-2.019317388534546
2.1035971641540527
-8.329729080200195
15.217459678649902
7.53723669052124
1.6325852870941162
2.2247612476348877
-0.878790020942688
4.270560264587402
3.369196653366089
-3.907802104949951
5.886819839477539
-1.8288023471832275
2.668212890625
-8.166204452514648
16.60072898864746
7.091179847717285
1.652061939239502
1.1634931564331055
-0.813496470451355
4.004699230194092
3.4957690238952637
-4.481338024139404
6.200187683105469
-1.6592144966125488
3.244323968887329
-8.003694534301758
17.998430252075195
6.611105442047119
1.710945725440979
0.08847677707672119
-0.6957183480262756
3.7282845973968506
3.662189245223999
-5.06862211227417
6.5929365158081055
-1.5220930576324463
3.8508522510528564
-7.892095565795898
19.43543815612793
6.093005180358887
1.8141800165176392
-0.9867520332336426
-0.5198826193809509
3.4318413734436035
3.8673205375671387
-5.691136360168457
7.055330276489258
-1.4081268310546875
4.485952377319336
-7.815148830413818
20.894983291625977
5.559411525726318
1.9728343486785889
-2.03180193901062
-0.2804584205150604
3.115164279937744
4.10783576965332
-6.352060794830322
7.584802150726318
-1.337773084640503
5.1696014404296875
-7.823670387268066
22.389429092407227
5.046113014221191
2.172565221786499
-3.025803565979004
0.010508030652999878
2.7809085845947266
4.384993553161621
-7.0535359382629395
8.18075942993164
-1.3472895622253418
5.916714668273926
-7.938138008117676
23.91968536376953
4.540119171142578
2.405040740966797
-3.9791131019592285
0.3483385741710663
2.4261465072631836
4.698808193206787
-7.803823471069336
8.840978622436523
-1.38779616355896
6.695055961608887
-8.09239673614502
25.44828987121582
4.025381565093994
2.670241594314575
-4.909027099609375
0.7402551174163818
2.043370246887207
5.0479416847229
-8.612010955810547
9.566189765930176
-1.4471338987350464
7.498374938964844
-8.2769136428833
26.977676391601562
3.498116970062256
2.970089912414551
-5.8185505867004395
1.185360074043274
1.6231880187988281
5.434654235839844
-9.483687400817871
10.359366416931152
-1.5263423919677734
8.327592849731445
-8.494426727294922
28.513713836669922
2.951444149017334
3.302947759628296
-6.723848342895508
1.6746610403060913
1.15812349319458
5.865557670593262
-10.431559562683105
11.230286598205566
-1.627980351448059
9.183734893798828
-8.749306678771973
30.05963706970215
2.3722081184387207
3.6659953594207764
-7.665339469909668
2.199885606765747
0.644446074962616
6.344851016998291
-11.465121269226074
12.185391426086426
-1.7517656087875366
10.060921669006348
-9.044681549072266
31.605215072631836
1.7583026885986328
4.067207336425781
-8.661547660827637
2.775343418121338
0.0841149091720581
6.873966693878174
-12.58903694152832
13.225540161132812
-1.8999786376953125
10.952666282653809
-9.383584022521973
33.14070510864258
1.1135636568069458
4.515171527862549
-9.71343994140625
3.4160914421081543
-0.5135875940322876
7.4454121589660645
-13.797978401184082
14.340533256530762
-2.0676705837249756
11.832326889038086
-9.756397247314453
34.60391616821289
0.4368443489074707
5.007863521575928
-10.834948539733887
4.130255699157715
-1.1416375637054443
8.053834915161133
-15.082656860351562
15.52199935913086
-2.2583296298980713
12.69357967376709
-10.16424560546875
35.980140686035156
-0.273995041847229
5.54006290435791
-12.053923606872559
4.9188642501831055
-1.7979745864868164
8.696516036987305
-16.44087791442871
16.76712417602539
-2.4846391677856445
13.569111824035645
-10.629448890686035
37.33879852294922
-1.0089662075042725
6.120132923126221
-13.348616600036621
5.787701606750488
