2
3
-8.508527755737305
3.29081130027771
-7.683271884918213
4.900334358215332
4.160163402557373
8.284001350402832
-7.283934116363525
1.8972344398498535
8.280533790588379
8.1233549118042
-9.778087615966797
0.1938478946685791
-7.7559967041015625
3.7815165519714355
-6.955289363861084
5.9229021072387695
3.6314682960510254
8.101554870605469
-8.552590370178223
1.5293792486190796
7.116281509399414
7.93406867980957
-12.076297760009766
-0.3587377667427063
-7.146615982055664
4.304620265960693
-6.450673580169678
7.0137176513671875
3.1170806884765625
7.987563133239746
-9.799541473388672
1.256382703781128
6.001191139221191
7.776034355163574
-14.263788223266602
-0.8370161652565002
-6.621185302734375
4.8327531814575195
-6.026695728302002
8.135583877563477
2.587862014770508
7.913852691650391
-11.083044052124023
1.0735260248184204
4.914207935333252
7.65959358215332
-16.45216941833496
-1.209905982017517
-6.168927192687988
5.3605170249938965
-5.632694244384766
9.289937019348145
2.015495777130127
7.860424518585205
-12.46020793914795
0.9348224401473999
3.7921760082244873
7.5555853843688965
-18.76569938659668
-1.5295038223266602
-5.800714492797852
5.88162899017334
-5.269742488861084
10.49964427947998
1.3853285312652588
7.828132629394531
-13.970914840698242
0.8341271877288818
2.6296377182006836
7.451642036437988
-21.2448787689209
-1.83803391456604
-5.514736175537109
6.409379482269287
-4.955744743347168
11.714761734008789
0.6533280611038208
7.8155198097229
-15.66590690612793
0.7737200260162354
1.427871823310852
7.348150730133057
-23.89499855041504
-2.143646717071533
-5.303115367889404
6.947434425354004
-4.702820777893066
12.924631118774414
-0.1710006594657898
7.806754112243652
-17.55203628540039
0.7305949926376343
0.17001628875732422
7.241091728210449
-26.730365753173828
-2.4474689960479736
-5.15894889831543
7.495838165283203
-4.521822452545166
14.126381874084473
-1.075002670288086
7.797900199890137
-19.62129020690918
0.6951825022697449
-1.146052598953247
7.1294941902160645
-29.753887176513672
-2.7516391277313232
-5.115419387817383
8.098710060119629
-4.499471187591553
15.359041213989258
-2.0607259273529053
7.789625644683838
-21.882951736450195
0.6657183766365051
-2.5123496055603027
7.017941951751709
-32.96836471557617
-3.0552620887756348
-5.174745559692383
8.755684852600098
-4.6288957595825195
16.595125198364258
-3.1347672939300537
7.784720420837402
-24.359289169311523
0.6475086808204651
-3.914682626724243
6.904960632324219
-36.358760833740234
-3.344312906265259
-5.2893829345703125
9.4152193069458
-4.859444618225098
17.76645851135254
-4.293172359466553
7.782354354858398
-27.023263931274414
0.6461989879608154
-5.358121395111084
6.787955284118652
-39.924842834472656
-3.616201162338257
-5.464402675628662
10.040471076965332
-5.202981472015381
18.797868728637695
-5.484444618225098
7.797447204589844
-29.815536499023438
0.6618151664733887
-6.836099624633789
6.69404411315918
-43.67310333251953
-3.869523525238037
-5.720662593841553
10.670669555664062
-5.681553840637207
19.734407424926758
-6.667332649230957
7.850355625152588
-32.7191047668457
0.696177065372467
-8.328343391418457
6.638185501098633
-47.61072540283203
-4.087836742401123
-6.071400165557861
11.344497680664062
-6.301824569702148
20.644866943359375
-7.85012674331665
7.944397926330566
-35.76790237426758
0.7523584365844727
-9.853019714355469
6.609444618225098
-51.758872985839844
-4.275881767272949
-6.5105133056640625
12.048340797424316
-7.06462287902832
21.52883529663086
-9.055630683898926
8.063514709472656
-38.98077392578125
0.8256943225860596
-11.428299903869629
6.6074419021606445
-56.14183044433594
-4.437160968780518
-7.037291049957275
12.766311645507812
-7.969058036804199
22.38884162902832
-10.305034637451172
8.204787254333496
-42.38649368286133
0.9158692955970764
-13.061769485473633
6.6306328773498535
-60.78014373779297
-4.567626953125
-7.652988910675049
13.481318473815918
-9.015559196472168
23.22763442993164
-11.616979598999023
8.36685562133789
-46.01325225830078
1.0230770111083984
-14.762092590332031
6.6725664138793945
-65.6981430053711
-4.66690731048584
-8.356457710266113
14.169245719909668
-10.206968307495117
24.034133911132812
-12.997913360595703
8.549800872802734
-49.874481201171875
1.1485426425933838
-16.537940979003906
6.730175018310547
-70.91807556152344
-4.733372211456299
-9.159085273742676
14.820451736450195
-11.530628204345703
24.808509826660156
-14.451679229736328
8.751044273376465
-53.98333740234375
1.2917869091033936
-18.397493362426758
6.802359580993652
-76.461181640625
-4.770360469818115
