2
3
-2.5355610847473145
6.717169284820557
7.060163497924805
-0.9683337211608887
-4.874309539794922
-5.04123067855835
9.228632926940918
-0.7238916158676147
-3.506186008453369
-4.541184902191162
-9.006682395935059
3.6984143257141113
-2.272308349609375
6.052273750305176
7.310937881469727
-2.4768946170806885
-4.325188636779785
-4.540727138519287
10.057701110839844
0.308627724647522
-3.8712210655212402
-3.766237735748291
-9.67802906036377
4.596517086029053
-2.00179386138916
5.39750862121582
7.609727382659912
-3.862372636795044
-3.751441478729248
-4.092653274536133
10.956297874450684
1.3113807439804077
-4.173838138580322
-3.0742673873901367
-10.331706047058105
5.440438270568848
-1.7073001861572266
4.734337329864502
7.954343318939209
-5.1564483642578125
-3.168994903564453
-3.659359931945801
11.860419273376465
2.3087997436523438
-4.429106712341309
-2.4943904876708984
-11.093555450439453
6.231761455535889
-1.3697973489761353
4.057898998260498
8.351395606994629
-6.346882343292236
-2.579479932785034
-3.249319553375244
12.732336044311523
3.266533374786377
-4.63272762298584
-1.9638762474060059
-11.83288860321045
7.00832462310791
-0.9880498647689819
3.3815572261810303
8.792940139770508
-7.483888626098633
-1.9623126983642578
-2.852189064025879
13.556567192077637
4.145503044128418
-4.836513042449951
-1.458075761795044
-12.668086051940918
7.803199768066406
-0.5539073348045349
2.7020325660705566
9.293013572692871
-8.580124855041504
-1.3292837142944336
-2.4323177337646484
14.33696460723877
4.963037967681885
-5.031661510467529
-0.9813064336776733
-13.543954849243164
8.622889518737793
-0.10807144641876221
2.003715753555298
9.773885726928711
-9.664253234863281
-0.6739968657493591
-2.0066723823547363
15.143977165222168
5.729205131530762
-5.208728790283203
-0.5286115407943726
-14.418620109558105
9.478704452514648
0.3629215955734253
1.2892394065856934
10.208041191101074
-10.720162391662598
-0.012173175811767578
-1.5747618675231934
15.93159294128418
6.489046096801758
-5.381602764129639
-0.10452359914779663
-15.299609184265137
10.380779266357422
0.8904201984405518
0.5553893446922302
10.626513481140137
-11.74802017211914
0.6303557753562927
-1.135988473892212
16.6082706451416
7.266092777252197
-5.561553478240967
0.29899001121520996
-16.199079513549805
11.33872127532959
1.427911400794983
-0.20034629106521606
10.953506469726562
-12.721257209777832
1.267785906791687
-0.6789913773536682
17.21573257446289
8.064043045043945
-5.74802303314209
0.6890571117401123
-17.109941482543945
12.35340690612793
1.9538657665252686
-0.9557868242263794
11.188201904296875
-13.614017486572266
1.8965238332748413
-0.20311355590820312
17.728870391845703
8.859994888305664
-5.939455032348633
1.0700953006744385
-18.029136657714844
13.425576210021973
2.462576389312744
-1.6973687410354614
11.366461753845215
-14.436995506286621
2.4868764877319336
0.2676323652267456
18.107952117919922
9.577566146850586
-6.114162921905518
1.4389054775238037
-18.933204650878906
14.529099464416504
2.922469139099121
-2.389831066131592
11.432790756225586
-15.13232707977295
3.0384106636047363
0.718002200126648
18.372724533081055
10.173751831054688
-6.249066352844238
1.7896170616149902
-19.808515548706055
15.635810852050781
3.3329296112060547
-3.001281976699829
11.379996299743652
-15.696260452270508
3.5891454219818115
1.1500873565673828
18.58281707763672
10.697891235351562
-6.362336158752441
2.1321604251861572
-20.674898147583008
16.757064819335938
3.691793918609619
-3.513737201690674
11.199875831604004
-16.13407325744629
4.150396347045898
1.5687215328216553
18.751855850219727
11.167593002319336
-6.468149185180664
2.4756250381469727
-21.547382354736328
17.907573699951172
4.032710075378418
-3.974148750305176
10.971208572387695
-16.505643844604492
4.719667911529541
1.965955138206482
18.882375717163086
11.582345962524414
-6.576719760894775
2.828010320663452
-22.437639236450195
19.100112915039062
4.350946426391602
-4.380217552185059
10.68187141418457
-16.810562133789062
5.288547515869141
2.338984489440918
18.968460083007812
11.943601608276367
-6.689553737640381
3.1912763118743896
-23.3459415435791
20.337135314941406
4.635951519012451
-4.717739582061768
10.31539249420166
-17.045568466186523
5.848783016204834
2.69708514213562
19.003808975219727
12.265288352966309
-6.806063175201416
3.566845417022705
-24.266708374023438
21.618074417114258
4.899879455566406
-5.006503582000732
9.88891887664795
-17.226959228515625
6.395082950592041
3.0452487468719482
18.983240127563477
12.55633544921875
-6.92620849609375
3.955838680267334
-25.197845458984375
22.944164276123047
