2
3
1.1736007928848267
0.7947820425033569
-10.230917930603027
-5.107184410095215
0.10977981984615326
2.805183172225952
-0.39030593633651733
3.732388973236084
4.555258750915527
1.6620519161224365
-5.66851806640625
-2.6788694858551025
0.8282045722007751
0.6356139183044434
-11.038019180297852
-5.442018508911133
0.3626720905303955
2.8102877140045166
-0.05210450291633606
3.933271646499634
4.015392780303955
1.5666499137878418
-6.674853324890137
-2.916388511657715
0.4518347382545471
0.4680933356285095
-11.905033111572266
-5.799149036407471
0.5653864145278931
2.8213255405426025
0.21405580639839172
4.106396675109863
3.4417428970336914
1.4417638778686523
-7.731622695922852
-3.220339298248291
0.04379186034202576
0.29396891593933105
-12.829071998596191
-6.179156303405762
0.7189683318138123
2.85007905960083
0.3974776864051819
4.254724025726318
2.836916923522949
1.29837965965271
-8.857756614685059
-3.567009449005127
-0.40073543787002563
0.11490407586097717
-13.816413879394531
-6.586246013641357
0.8262526988983154
2.8957669734954834
0.5022860765457153
4.366500377655029
2.2069497108459473
1.1453766822814941
-10.052419662475586
-3.9451663494110107
-0.8856712579727173
-0.06532388925552368
-14.88843822479248
-7.028738498687744
0.889197587966919
2.9559149742126465
0.5305885076522827
4.436243057250977
1.5547105073928833
0.9860935211181641
-11.312479972839355
-4.354010581970215
-1.403383731842041
-0.23986047506332397
-16.04289436340332
-7.502371311187744
0.9059898257255554
3.0220160484313965
0.47515130043029785
4.4538726806640625
0.8844200968742371
0.8266321420669556
-12.629098892211914
-4.79252815246582
-1.93312406539917
-0.4030201733112335
-17.237096786499023
-7.987065315246582
0.8755996227264404
3.0851387977600098
0.3382362425327301
4.42838716506958
0.2084519863128662
0.6788309812545776
-13.988372802734375
-5.254035472869873
-2.475266218185425
-0.5537478923797607
-18.479175567626953
-8.490620613098145
0.7963377237319946
3.1363205909729004
0.11807043850421906
4.3576202392578125
-0.45916640758514404
0.5499159097671509
-15.387178421020508
-5.734245300292969
-3.029326915740967
-0.6944646835327148
-19.76526641845703
-9.014190673828125
0.6656153202056885
3.1700186729431152
-0.1825902909040451
4.247066020965576
-1.1230531930923462
0.4305291771888733
-16.83187484741211
-6.238144397735596
-3.6062755584716797
-0.8323009014129639
-21.118053436279297
-9.573360443115234
0.47796371579170227
3.1797072887420654
-0.5592467188835144
4.101922512054443
-1.7947807312011719
0.3107016980648041
-18.334257125854492
-6.772794723510742
-4.20626163482666
-0.9728385210037231
-22.539024353027344
-10.166065216064453
0.22960150241851807
3.1588523387908936
-1.013577938079834
3.9207711219787598
-2.4822120666503906
0.1863650232553482
-19.90439224243164
-7.341383457183838
-4.831359386444092
-1.1208957433700562
-24.033050537109375
-10.793818473815918
-0.07526880502700806
3.1107120513916016
-1.5544195175170898
3.7102067470550537
-3.1884732246398926
0.05457387864589691
-21.54851531982422
-7.9412946701049805
-5.484013080596924
-1.2801153659820557
-25.60574722290039
-11.4589262008667
-0.4304408133029938
3.036608934402466
-2.197235107421875
3.4673686027526855
-3.9179697036743164
-0.0895286351442337
-23.279651641845703
-8.572700500488281
-6.170416355133057
-1.4545520544052124
-27.27077865600586
-12.168392181396484
-0.8333007097244263
2.9367799758911133
-2.944796323776245
3.1994681358337402
-4.673737525939941
-0.2507060468196869
-25.10973358154297
-9.235396385192871
-6.898146629333496
-1.6481554508209229
-29.04532814025879
-12.931371688842773
-1.2823151350021362
2.8116533756256104
-3.799022912979126
2.9117825031280518
-5.460512161254883
-0.4332047700881958
-27.05510711669922
-9.933243751525879
-7.670583724975586
-1.86332368850708
-30.938125610351562
-13.75295639038086
-1.7790907621383667
2.6679792404174805
-4.764557838439941
2.6039257049560547
-6.291620254516602
-0.6410859227180481
-29.154296875
-10.681354522705078
-8.490650177001953
-2.101485252380371
-32.956443786621094
-14.637572288513184
-2.3289177417755127
2.511235237121582
-5.847854137420654
2.2721235752105713
-7.1704630851745605
-0.8755837678909302
-31.422096252441406
-11.48757553100586
-9.360849380493164
-2.3634331226348877
-35.1063117980957
-15.588785171508789
-2.93666934967041
2.3341996669769287
-7.058502674102783
1.9062650203704834
-8.097588539123535
-1.1386146545410156
-33.86643600463867
-12.35367488861084
-10.283764839172363
-2.6504111289978027
-37.393978118896484
-16.610424041748047
-3.6014199256896973
2.1295719146728516
-8.404223442077637
1.4926327466964722
-9.075422286987305
-1.4324707984924316
-36.500545501708984
-13.283071517944336
