2
3
-1.170748233795166
-8.946464538574219
5.998621940612793
-3.965745449066162
5.595808029174805
-5.966599464416504
-8.437994956970215
-5.579730987548828
4.328854560852051
-10.3250150680542
2.9905245304107666
-6.451948165893555
0.10039949417114258
-9.33723258972168
6.892514228820801
-4.107349395751953
3.949314832687378
-6.009305000305176
-8.190661430358887
-6.820828437805176
4.701572418212891
-10.83974552154541
2.342534303665161
-5.907064914703369
1.5418086051940918
-9.738011360168457
7.033411502838135
-4.02197265625
2.4054923057556152
-6.240814208984375
-7.429203987121582
-8.128122329711914
4.854781150817871
-10.980705261230469
1.7054792642593384
-5.5766215324401855
2.9607510566711426
-10.023383140563965
6.349912166595459
-3.802299737930298
1.100996971130371
-6.726408004760742
-6.1952104568481445
-9.360724449157715
4.852131366729736
-10.8991060256958
1.194956660270691
-5.584197521209717
4.080289363861084
-10.150286674499512
5.3918023109436035
-3.742393970489502
0.11104774475097656
-7.47853422164917
-4.593833923339844
-10.415600776672363
4.749942302703857
-10.743399620056152
0.7326507568359375
-5.747046947479248
4.870922088623047
-10.12110424041748
4.185179710388184
-3.8536417484283447
-0.533670961856842
-8.490165710449219
-2.6827168464660645
-11.237327575683594
4.560494899749756
-10.571924209594727
0.3509137034416199
-6.1067728996276855
5.294380187988281
-9.975701332092285
2.9384970664978027
-4.310907363891602
-0.7551851272583008
-9.657845497131348
-0.7128515243530273
-11.846074104309082
4.286619186401367
-10.467706680297852
0.12984687089920044
-6.635549068450928
5.385067462921143
-9.750870704650879
1.9002864360809326
-5.290031433105469
-0.5933093428611755
-10.965245246887207
1.0085241794586182
-12.260197639465332
3.9613568782806396
-10.475104331970215
0.06485855579376221
-7.27506160736084
5.196462154388428
-9.520720481872559
0.9562692046165466
-6.703393459320068
-0.1542937159538269
-12.303009986877441
2.480931282043457
-12.48638916015625
3.6364471912384033
-10.581836700439453
0.12357649207115173
-8.066631317138672
4.813994407653809
-9.474909782409668
0.4663308560848236
-8.436767578125
0.4857030510902405
-13.597091674804688
3.7026407718658447
-12.564661026000977
3.3050544261932373
-10.76561450958252
0.35846537351608276
-9.10279655456543
4.325711250305176
-9.707143783569336
0.540682315826416
-10.255985260009766
1.2474210262298584
-14.77734661102295
4.584517002105713
-12.771636962890625
2.9777417182922363
-11.040870666503906
0.8295705914497375
-10.509547233581543
3.8454129695892334
-10.219560623168945
1.0822021961212158
-12.136526107788086
2.0298118591308594
-15.824755668640137
5.211117267608643
-13.312686920166016
2.678751230239868
-11.508502006530762
1.5601634979248047
-12.198860168457031
3.4494290351867676
-10.967658042907715
1.9651148319244385
-14.071830749511719
2.7248423099517822
-16.79245376586914
5.889387607574463
-14.271079063415527
2.441899061203003
-12.163309097290039
2.5391809940338135
-14.047140121459961
3.1642324924468994
-11.929030418395996
3.124279499053955
-16.089231491088867
3.3675711154937744
-17.722434997558594
6.653274059295654
-15.551691055297852
2.315850257873535
-13.014927864074707
3.7332911491394043
-16.005542755126953
3.0525548458099365
-13.134188652038574
4.509842872619629
-18.164152145385742
3.998065233230591
-18.665159225463867
7.4719929695129395
-17.074073791503906
2.3866119384765625
-14.114036560058594
5.031423568725586
-18.001447677612305
3.1594908237457275
-14.60486125946045
6.056863784790039
-20.253982543945312
4.633534908294678
-19.667966842651367
8.370462417602539
-18.838729858398438
2.613722085952759
-15.440113067626953
6.503355503082275
-20.09035301208496
3.4468131065368652
-16.291391372680664
7.837424278259277
-22.48397445678711
5.2826924324035645
-20.767005920410156
9.39980697631836
-20.871145248413086
3.000124454498291
-16.98670196533203
8.18665599822998
-22.363134384155273
3.9163265228271484
-18.147945404052734
9.836028099060059
-25.03972053527832
5.9545440673828125
-22.004104614257812
10.640341758728027
-23.208755493164062
3.546560049057007
-18.723031997680664
10.090020179748535
-24.974138259887695
4.558159351348877
-20.143781661987305
12.070262908935547
-28.0122013092041
6.659657001495361
-23.420337677001953
12.17768669128418
-25.875198364257812
4.24310302734375
-20.627668380737305
12.25333023071289
-27.96384048461914
5.367719650268555
-22.284442901611328
14.582573890686035
-31.38514518737793
7.411252021789551
-25.0256290435791
14.070943832397461
-28.90484046936035
5.091557502746582
-22.711389541625977
14.739705085754395
-31.340694427490234
