2
3
-3.0985615253448486
-5.2507781982421875
-6.057893753051758
-0.24348986148834229
-3.016817331314087
-4.003538131713867
-4.385738372802734
-0.07562243938446045
-9.42788314819336
1.95695960521698
1.4815326929092407
-11.23732852935791
-3.8246912956237793
-4.296302795410156
-7.149124622344971
0.4896810054779053
-3.531477212905884
-3.0782413482666016
-5.76220703125
-0.129532590508461
-8.618932723999023
0.31256771087646484
3.2599411010742188
-12.904215812683105
-4.7462077140808105
-3.2106375694274902
-7.7267231941223145
0.458881676197052
-4.202125549316406
-2.2571356296539307
-6.642550468444824
-0.4022311568260193
-7.510112762451172
-1.5761654376983643
4.548073768615723
-14.127094268798828
-5.741659164428711
-2.1313552856445312
-7.68449592590332
-0.24447566270828247
-4.956206321716309
-1.5361602306365967
-7.028224468231201
-0.932054340839386
-6.029424667358398
-3.6622514724731445
4.764986991882324
-14.704898834228516
-6.617131233215332
-1.2490811347961426
-7.205179691314697
-1.3173787593841553
-5.73546028137207
-0.9007483124732971
-6.953197956085205
-1.812924861907959
-4.5189995765686035
-5.803625583648682
4.324586391448975
-14.508371353149414
-7.3831610679626465
-0.6152139902114868
-6.305972099304199
-2.8338568210601807
-6.503940105438232
-0.42094069719314575
-6.352954387664795
-3.145643711090088
-3.1212573051452637
-7.748843669891357
3.1757917404174805
-13.442949295043945
-7.968172073364258
-0.29988422989845276
-5.081567287445068
-4.809928894042969
-7.160353660583496
-0.18921983242034912
-5.299739360809326
-4.949737548828125
-2.0051441192626953
-9.275124549865723
1.3062241077423096
-11.991499900817871
-8.269859313964844
-0.3566358685493469
-3.724726438522339
-6.976200103759766
-7.600866317749023
-0.27305811643600464
-4.0300188064575195
-7.080449104309082
-1.4670732021331787
-10.25208854675293
-1.000581979751587
-10.54857349395752
-8.213114738464355
-0.9303627610206604
-2.4002809524536133
-9.051177978515625
-7.67254638671875
-0.8578068614006042
-2.770900249481201
-9.12799072265625
-1.5987257957458496
-10.484174728393555
-2.9995718002319336
-9.545984268188477
-8.15188980102539
-1.788834810256958
-1.3130998611450195
-10.934996604919434
-7.695330619812012
-1.734912633895874
-1.7655822038650513
-10.976245880126953
-2.1245806217193604
-10.40463924407959
-4.445490837097168
-9.106078147888184
-7.94399881362915
-2.821722984313965
-0.30772101879119873
-12.777200698852539
-7.579703330993652
-2.7602806091308594
-0.8625047206878662
-12.784610748291016
-2.9129552841186523
-10.025835990905762
-5.59470272064209
-8.977988243103027
-7.613846778869629
-4.024805545806885
0.5369358062744141
-14.512002944946289
-7.353518962860107
-3.931443452835083
-0.11207342147827148
-14.505829811096191
-3.7919979095458984
-9.575440406799316
-6.390238285064697
-9.2061185836792
-7.17938756942749
-5.400644302368164
1.1931991577148438
-16.119840621948242
-7.040101528167725
-5.240886688232422
0.48274505138397217
-16.14556121826172
-4.72326135635376
-9.175222396850586
-6.808798789978027
-9.784652709960938
-6.66905403137207
-6.9185919761657715
1.6397945880889893
-17.601436614990234
-6.661759853363037
-6.673154830932617
0.9184738993644714
-17.705875396728516
-5.717475414276123
-8.852014541625977
-6.763338088989258
-10.90057373046875
-6.139920234680176
-8.512262344360352
1.8612326383590698
-19.019710540771484
-6.260263442993164
-8.194083213806152
1.189142107963562
-19.206586837768555
-6.714173316955566
-8.698725700378418
-6.33606481552124
-12.533550262451172
-5.659481525421143
-10.118342399597168
1.8972227573394775
-20.5330753326416
-5.883962631225586
-9.766460418701172
1.3179994821548462
-20.714921951293945
-7.644301891326904
-8.762986183166504
-5.529501438140869
-14.625097274780273
-5.271720886230469
-11.723089218139648
1.8070515394210815
-22.260692596435547
-5.577195167541504
-11.357382774353027
1.3376290798187256
-22.390628814697266
-8.481874465942383
-9.045455932617188
-4.300715923309326
-17.17958641052246
-4.963200569152832
-13.313557624816895
1.5811500549316406
-24.191349029541016
-5.333406925201416
-12.94315242767334
1.2234936952590942
-24.31870460510254
-9.233509063720703
-9.543846130371094
-2.741934061050415
-20.27496337890625
-4.808109760284424
-14.88534927368164
1.3765177726745605
-26.503833770751953
-5.210772514343262
-14.52844524383545
1.103103518486023
-26.602506637573242
-9.893136024475098
-10.507691383361816
-1.1140391826629639
-23.608190536499023
-4.889675617218018
-16.478740692138672
1.5273211002349854
-29.456514358520508
-5.318498611450195
-16.14730453491211
1.3562448024749756
-29.545833587646484
-10.232643127441406
-11.804133415222168
0.46962475776672363
-27.178722381591797
