2
3
0.3134552836418152
6.821094512939453
0.1751886010169983
-7.81404972076416
-3.045410633087158
-1.394942045211792
-6.642743110656738
3.744521379470825
0.18958456814289093
7.473526954650879
-0.7136472463607788
-6.6665544509887695
0.761925458908081
5.360862731933594
-0.37874293327331543
-8.503630638122559
-3.5528793334960938
0.03477883338928223
-6.209990501403809
4.273397922515869
0.4258635640144348
6.3008270263671875
-0.9791319370269775
-7.833492279052734
1.1498380899429321
3.995621681213379
-1.1991417407989502
-8.788686752319336
-4.016668796539307
1.469481110572815
-5.502805709838867
4.067684650421143
0.6795655488967896
5.082690238952637
-1.4427610635757446
-8.573158264160156
1.3618416786193848
2.775639057159424
-2.1781139373779297
-8.743355751037598
-4.522394180297852
2.947571277618408
-4.1768598556518555
2.6987693309783936
0.8567736148834229
3.847416877746582
-2.0672388076782227
-8.901278495788574
1.3313325643539429
1.7771016359329224
-3.1819653511047363
-8.478639602661133
-4.811835289001465
4.120181083679199
-2.7233471870422363
0.8770159482955933
0.8806394338607788
2.6959214210510254
-2.8379008769989014
-8.881072044372559
1.0519275665283203
1.0075132846832275
-4.062007427215576
-8.056571960449219
-4.818816184997559
4.853759288787842
-1.2902324199676514
-1.0560306310653687
0.7307393550872803
1.688823938369751
-3.6869378089904785
-8.580475807189941
0.5652146339416504
0.4507941007614136
-4.74005126953125
-7.599673271179199
-4.573148250579834
5.152338027954102
-0.12854838371276855
-2.9400343894958496
0.3623288571834564
0.8762744665145874
-4.4643778800964355
-8.114480972290039
-0.16378045082092285
0.10853070020675659
-5.198764324188232
-7.390810489654541
-4.202976226806641
5.102772235870361
0.759379506111145
-4.789289474487305
-0.3101060688495636
0.3503986597061157
-4.92481803894043
-7.882108211517334
-1.0249332189559937
-0.058925122022628784
-5.46585750579834
-7.250952243804932
-3.696936845779419
4.733905792236328
1.3673739433288574
-6.51418399810791
-1.1108640432357788
0.06097540259361267
-5.197501182556152
-7.707592964172363
-1.9077261686325073
-0.12992706894874573
-5.482165813446045
-7.244663238525391
-3.179478645324707
4.099090576171875
1.7240779399871826
-8.061847686767578
-1.9362003803253174
-0.11304321885108948
-5.2364277839660645
-7.641665935516357
-2.7739312648773193
-0.13655982911586761
-5.266465187072754
-7.5245866775512695
-2.622694730758667
3.2513833045959473
1.761879563331604
-9.465775489807129
-2.744016170501709
-0.20794588327407837
-5.062564373016357
-7.834183216094971
-3.547553539276123
-0.1172831654548645
-4.857262134552002
-8.214282989501953
-2.0582966804504395
2.2357611656188965
1.4607341289520264
-10.725906372070312
-3.4778308868408203
-0.2599748373031616
-4.719834804534912
-8.422327041625977
-4.195589542388916
-0.15073324739933014
-4.327750205993652
-9.271685600280762
-1.560539960861206
1.1242516040802002
0.8992378115653992
-11.848011016845703
-4.1038665771484375
-0.33573874831199646
-4.260344505310059
-9.399537086486816
-4.748441696166992
-0.3116312623023987
-3.710883140563965
-10.643430709838867
-1.2230415344238281
-0.018624305725097656
0.18567705154418945
-12.850203514099121
-4.652295112609863
-0.5156247615814209
-3.6990270614624023
-10.698673248291016
-5.237243175506592
-0.6714719533920288
-3.02203369140625
-12.21568489074707
-1.1100411415100098
-1.1335382461547852
-0.6107821464538574
-13.828664779663086
-5.146395683288574
-0.872151255607605
-3.044837474822998
-12.223281860351562
-5.594242095947266
-1.2583296298980713
-2.3629605770111084
-13.950586318969727
-1.2487125396728516
-2.1775026321411133
-1.3395740985870361
-15.005021095275879
-5.518911361694336
-1.4496817588806152
-2.4114251136779785
-13.932647705078125
-5.81988000869751
-2.0255346298217773
-1.721975564956665
-15.857430458068848
-1.5786833763122559
-3.207254409790039
-1.8650877475738525
-16.395069122314453
-5.764676094055176
-2.199244260787964
-1.7909482717514038
-15.831581115722656
-5.953525066375732
-2.9801549911499023
-1.123277187347412
-17.930572509765625
-2.035766363143921
-4.252832412719727
-2.153353691101074
-17.99842071533203
-5.917917251586914
-3.1304378509521484
-1.2075986862182617
-17.90243911743164
-6.028350353240967
-4.134912967681885
-0.5712928175926208
-20.17122459411621
-2.5731277465820312
-5.332137107849121
-2.1936423778533936
-19.891931533813477
-6.015601634979248
-4.259810447692871
-0.6631253361701965
-20.147497177124023
-6.080698013305664
-5.470727920532227
-0.023161470890045166
-22.654829025268555
-3.159605026245117
-6.461908340454102
-2.002376079559326
-22.136573791503906
-6.091058254241943
-5.570491790771484
-0.1128433346748352
-22.6351261138916
