2
3
3.604576587677002
3.7761573791503906
-4.371465682983398
2.2932560443878174
4.321638584136963
3.6255080699920654
-4.020834922790527
-6.381183624267578
4.241713523864746
0.4861922264099121
2.1462435722351074
-2.0492680072784424
3.513930082321167
3.6958670616149902
-4.799600124359131
2.252349615097046
4.10810661315918
3.1925857067108154
-4.5019330978393555
-7.220287799835205
4.362136363983154
0.5805596709251404
2.245389938354492
-1.7947306632995605
3.4075489044189453
3.6119039058685303
-5.273199081420898
2.220634698867798
3.881453514099121
2.7450056076049805
-5.015089511871338
-8.114469528198242
4.463137626647949
0.6626734733581543
2.314671039581299
-1.5480021238327026
3.282876491546631
3.5271799564361572
-5.798476219177246
2.1977603435516357
3.6418442726135254
2.2812418937683105
-5.552846908569336
-9.060197830200195
4.5452775955200195
0.7388371229171753
2.351215124130249
-1.3068093061447144
3.141944408416748
3.439359664916992
-6.371148586273193
2.1766998767852783
3.393773317337036
1.8056857585906982
-6.109328746795654
-10.052908897399902
4.6054205894470215
0.8138548731803894
2.3502955436706543
-1.0700011253356934
2.983004570007324
3.350644826889038
-6.995396137237549
2.1551830768585205
3.139939785003662
1.319352149963379
-6.685825347900391
-11.097970962524414
4.637645244598389
0.8873316049575806
2.3042588233947754
-0.8394321203231812
2.806288480758667
3.2611217498779297
-7.673602104187012
2.1276559829711914
2.880154848098755
0.8202015161514282
-7.294958591461182
-12.208869934082031
4.633707523345947
0.9566293954849243
2.2060275077819824
-0.624951183795929
2.615722417831421
3.16674542427063
-8.406926155090332
2.082475185394287
2.6150827407836914
0.3086119294166565
-7.944070339202881
-13.392213821411133
4.597733974456787
1.0152257680892944
2.056076765060425
-0.4422573447227478
2.4138669967651367
3.062427282333374
-9.198663711547852
2.0096359252929688
2.3426766395568848
-0.21431845426559448
-8.634187698364258
-14.649771690368652
4.534302234649658
1.0573514699935913
1.8560678958892822
-0.30111536383628845
2.1938436031341553
2.9478163719177246
-10.06309986114502
1.9105722904205322
2.0635311603546143
-0.7477859258651733
-9.364473342895508
-15.977326393127441
4.443039894104004
1.07330322265625
1.6060959100723267
-0.21635009348392487
1.9509233236312866
2.822384834289551
-11.010416030883789
1.7825169563293457
1.7761965990066528
-1.2918970584869385
-10.137930870056152
-17.375152587890625
4.325774669647217
1.0606697797775269
1.3088569641113281
-0.1943061351776123
1.6809163093566895
2.684333086013794
-12.049152374267578
1.6229491233825684
1.477194905281067
-1.850373387336731
-10.961454391479492
-18.850990295410156
4.183316707611084
1.0161527395248413
0.9643265008926392
-0.23919960856437683
1.3790377378463745
2.5314042568206787
-13.18785572052002
1.4302645921707153
1.163407564163208
-2.4318978786468506
-11.844682693481445
-20.425344467163086
4.015076160430908
0.9386274814605713
0.5706430673599243
-0.35229071974754333
1.038437843322754
2.361440420150757
-14.438238143920898
1.2052268981933594
0.8312942981719971
-3.041002035140991
-12.79219913482666
-22.10611915588379
3.8188912868499756
0.8252122402191162
0.12162584066390991
-0.5412737727165222
0.6525325179100037
2.1725199222564697
-15.81453800201416
0.9497213363647461
0.47718846797943115
-3.6821038722991943
-13.809890747070312
-23.90233039855957
3.5927820205688477
0.6750118136405945
-0.3848741054534912
-0.8032654523849487
0.22135093808174133
1.960720181465149
-17.322509765625
0.6588008999824524
0.09756523370742798
-4.3586320877075195
-14.903634071350098
-25.822921752929688
3.3406362533569336
0.4892396330833435
-0.9458697438240051
-1.136275291442871
-0.2506614327430725
1.722454309463501
-18.963756561279297
0.3243098556995392
-0.3105390965938568
-5.0712571144104
-16.077564239501953
-27.875797271728516
3.062228202819824
0.2671525776386261
-1.5655837059020996
-1.540929913520813
-0.7585533261299133
1.454660415649414
-20.738750457763672
-0.06265079975128174
-0.7499527931213379
-5.823785781860352
-17.336965560913086
-30.070880889892578
2.758127212524414
0.008422285318374634
-2.2459685802459717
-2.0179429054260254
-1.3013781309127808
1.1558815240859985
-22.654499053955078
-0.5079635381698608
-1.2231409549713135
-6.6198835372924805
-18.68655776977539
-32.418235778808594
2.4299533367156982
-0.2867983281612396
-2.9892373085021973
-2.5693349838256836
-1.8827292919158936
0.8263962268829346
-24.7274169921875
-1.0130996704101562
-1.7322887182235718
-7.463054656982422
-20.130678176879883
-34.928016662597656
2.0779805183410645
-0.6171197891235352
-3.799403429031372
-3.1966614723205566
