2
3
-6.989826679229736
-6.256839275360107
9.866290092468262
-5.082103729248047
5.249912738800049
3.5503833293914795
-0.15487146377563477
-7.022049903869629
-0.3014310598373413
4.361520290374756
-4.127554893493652
-6.331549644470215
-4.856939792633057
-6.594832897186279
10.63988971710205
-3.642517328262329
4.405218124389648
3.1251308917999268
-1.7949141263961792
-8.72093677520752
-1.446521282196045
4.019061088562012
-3.322495222091675
-8.488123893737793
-2.8875598907470703
-6.539166450500488
10.86378002166748
-2.3215575218200684
3.4532394409179688
2.6028695106506348
-2.7136731147766113
-10.542144775390625
-2.2289178371429443
3.4228527545928955
-2.2555549144744873
-10.608437538146973
-1.130638837814331
-6.211123466491699
10.723773956298828
-1.056181788444519
2.4606380462646484
1.9158138036727905
-2.988830327987671
-12.239540100097656
-2.6940865516662598
2.552020311355591
-1.01595938205719
-12.516347885131836
0.38260626792907715
-5.626235485076904
10.236003875732422
0.1064523458480835
1.5407726764678955
0.9957355260848999
-2.7073769569396973
-13.663896560668945
-2.861114501953125
1.4200060367584229
0.445884108543396
-14.1699857711792
1.5974496603012085
-4.805346488952637
9.50776195526123
0.9840065240859985
0.7371060252189636
-0.11670219898223877
-1.9475250244140625
-14.895204544067383
-2.6625938415527344
-0.03239881992340088
1.880157470703125
-15.532567977905273
2.3898184299468994
-3.781963348388672
8.638319969177246
1.3652198314666748
0.12758129835128784
-1.4053674936294556
-0.8474574089050293
-15.953255653381348
-2.211536169052124
-1.66902494430542
3.294894218444824
-16.683561325073242
2.909710645675659
-2.655643939971924
7.863073348999023
1.3107610940933228
-0.2852913737297058
-2.8063440322875977
0.582521915435791
-16.915332794189453
-1.5589803457260132
-3.4463143348693848
4.639779090881348
-17.57590103149414
3.186476945877075
-1.5503463745117188
7.198488235473633
0.7899907231330872
-0.47893112897872925
-4.379101753234863
2.3264403343200684
-17.790767669677734
-0.7727572321891785
-5.332764625549316
5.931587219238281
-18.166175842285156
3.2649755477905273
-0.5785811543464661
6.532276153564453
-0.16928839683532715
-0.3674001395702362
-6.128513813018799
4.125394821166992
-18.455217361450195
0.12635058164596558
-7.253325462341309
7.128661632537842
-18.434246063232422
3.1678895950317383
0.17851316928863525
6.091611862182617
-1.7312734127044678
0.03100791573524475
-7.9733428955078125
5.849252223968506
-18.8795108795166
1.125518560409546
-9.137654304504395
8.145870208740234
-18.37955665588379
2.940114736557007
0.6464141607284546
6.201841831207275
-3.9563512802124023
0.7137318849563599
-9.850980758666992
7.374102592468262
-18.977327346801758
2.198397397994995
-10.943642616271973
8.959272384643555
-18.010812759399414
2.5703554153442383
0.8985905647277832
7.203715801239014
-7.247485160827637
1.6368907690048218
-11.715662002563477
8.611352920532227
-18.614301681518555
3.303715229034424
-12.601432800292969
9.583956718444824
-17.38401222229004
2.297149896621704
0.696170449256897
8.84923267364502
-11.007092475891113
2.6800894737243652
-13.442037582397461
9.597945213317871
-17.90431022644043
4.352327346801758
-14.002731323242188
10.09663200378418
-16.77791976928711
2.3604977130889893
-0.15942323207855225
10.800719261169434
-14.558259963989258
3.6632046699523926
-14.871845245361328
10.875490188598633
-18.16075325012207
5.29857873916626
-15.1764554977417
10.965476036071777
-17.058086395263672
2.866504430770874
-1.5990468263626099
12.913904190063477
-17.67909049987793
4.685369491577148
-16.12737274169922
12.281599998474121
-18.75845718383789
6.255710601806641
-16.239307403564453
12.038111686706543
-17.6446590423584
3.7351346015930176
-3.401195526123047
15.26574993133545
-20.63980484008789
5.734775543212891
-17.265605926513672
13.825996398925781
-19.697006225585938
7.165285110473633
-17.19075584411621
13.410287857055664
-18.692039489746094
4.917166709899902
-5.472542762756348
17.76024627685547
-23.52822494506836
6.726986885070801
-18.227710723876953
15.627073287963867
-21.132984161376953
7.913924217224121
-17.94237518310547
15.147071838378906
-20.326757431030273
6.372182369232178
-7.765038013458252
20.40499496459961
-26.41208267211914
7.657629489898682
-19.10660743713379
17.78278350830078
-23.080387115478516
8.632111549377441
-18.736669540405273
17.2766056060791
-22.367530822753906
8.075069427490234
-10.244321823120117
23.21864891052246
-29.34282112121582
8.646105766296387
-20.08662223815918
20.36890411376953
-25.454814910888672
9.413700103759766
-19.650331497192383
19.889789581298828
-24.826942443847656
