2
3
5.9755353927612305
5.663298606872559
3.6887154579162598
7.080592632293701
-1.3209847211837769
1.0508453845977783
-3.799561023712158
9.935776710510254
1.6415666341781616
-4.1579179763793945
0.9502944946289062
8.419116973876953
5.912905693054199
5.560685157775879
3.1989402770996094
6.388901710510254
-1.0339133739471436
1.3431668281555176
-3.596885919570923
10.550721168518066
1.7054333686828613
-3.1865439414978027
1.1593295335769653
9.792739868164062
5.8230061531066895
5.47456169128418
2.7107739448547363
5.782182216644287
-0.7969003915786743
1.7132089138031006
-3.403352975845337
11.295284271240234
1.7468864917755127
-2.241091251373291
1.3415205478668213
11.162548065185547
5.704020023345947
5.405501365661621
2.2202789783477783
5.260188579559326
-0.5898656845092773
2.1288533210754395
-3.20530366897583
12.126091003417969
1.7768471240997314
-1.2830876111984253
1.5462428331375122
12.568817138671875
5.553346157073975
5.3564019203186035
1.7283203601837158
4.827785968780518
-0.4077935218811035
2.5912718772888184
-3.000361919403076
13.044233322143555
1.8079216480255127
-0.28234922885894775
1.7720232009887695
14.025025367736816
5.369935512542725
5.335264205932617
1.2405962944030762
4.497644901275635
-0.2453652322292328
3.102510452270508
-2.791041374206543
14.05044174194336
1.8608366250991821
0.7650743722915649
2.0358691215515137
15.52928638458252
5.160876274108887
5.349759101867676
0.7483078241348267
4.271984100341797
-0.1006547212600708
3.671334981918335
-2.583312511444092
15.149802207946777
1.9425396919250488
1.8922885656356812
2.32598876953125
17.086305618286133
4.9259138107299805
5.407296180725098
0.252241313457489
4.163112163543701
0.0016820132732391357
4.33719539642334
-2.4276673793792725
16.373193740844727
2.0528533458709717
3.096021890640259
2.631941556930542
18.68217658996582
4.6605353355407715
5.5187249183654785
-0.24991732835769653
4.187674522399902
0.0836554616689682
5.090445518493652
-2.285562038421631
17.70836067199707
2.19099497795105
4.354511260986328
2.9522078037261963
20.296911239624023
4.365872859954834
5.692056655883789
-0.7506052851676941
4.349953651428223
0.1667037010192871
5.9188618659973145
-2.1288437843322754
19.14331817626953
2.361654281616211
5.647148132324219
3.281064033508301
21.905221939086914
4.058328151702881
5.927118301391602
-1.2317699193954468
4.643106937408447
0.2587076425552368
6.819784164428711
-1.9599425792694092
20.6610050201416
2.568680763244629
6.948741912841797
3.617938995361328
23.47176170349121
3.7525153160095215
6.240611553192139
-1.676326036453247
5.0856099128723145
0.3626338243484497
7.782791614532471
-1.782839059829712
22.232269287109375
2.8087358474731445
8.248544692993164
3.9531967639923096
24.954587936401367
3.45597767829895
6.630938529968262
-2.077695846557617
5.671374797821045
0.4784260094165802
8.801910400390625
-1.6101593971252441
23.817665100097656
3.0794484615325928
9.526590347290039
4.271018028259277
26.311450958251953
3.1773428916931152
7.10466194152832
-2.4323582649230957
6.4033589363098145
0.5967904329299927
9.896162986755371
-1.4498025178909302
25.425949096679688
3.367539405822754
10.789660453796387
4.566011428833008
27.544235229492188
2.9204742908477783
7.666833877563477
-2.7479684352874756
7.280372142791748
0.7191989421844482
11.065406799316406
-1.3029015064239502
27.058259963989258
3.662980794906616
12.05863094329834
4.844451427459717
28.704885482788086
2.681506395339966
8.317482948303223
-3.0280566215515137
8.300261497497559
0.8468966484069824
12.290339469909668
-1.16765558719635
28.69280433654785
3.9598348140716553
13.344072341918945
5.106173038482666
29.81978416442871
2.45845103263855
9.057092666625977
-3.270059585571289
9.462427139282227
0.9771438837051392
13.556640625
-1.0444332361221313
30.306447982788086
4.255478858947754
14.651291847229004
5.351256847381592
30.9023494720459
2.245924711227417
9.884608268737793
-3.4769763946533203
10.764415740966797
1.107069492340088
14.852397918701172
-0.9335826635360718
31.875736236572266
4.548482894897461
15.983990669250488
5.58029317855835
31.96185302734375
2.041656255722046
10.800289154052734
-3.6471683979034424
12.206199645996094
1.2359002828598022
16.186866760253906
-0.834113359451294
33.423683166503906
4.837682723999023
17.345279693603516
5.79389762878418
33.00593566894531
1.8454419374465942
11.80521297454834
-3.776698350906372
13.787622451782227
1.3635401725769043
17.569246292114258
-0.7464298009872437
34.973365783691406
5.121975898742676
18.738521575927734
5.9930901527404785
34.042640686035156
