2
3
1.8884934186935425
4.2222466468811035
1.5113892555236816
10.50311279296875
-0.4703758656978607
0.7571489810943604
-2.0543575286865234
-1.3751283884048462
1.2222727537155151
8.22402572631836
9.5392484664917
-4.9877777099609375
1.696512222290039
5.689863681793213
0.9939625263214111
9.629654884338379
-0.8051736950874329
0.8306295275688171
-0.7683367729187012
-0.0008997917175292969
2.907233715057373
6.736659526824951
8.852622985839844
-5.456292629241943
1.3692867755889893
6.975072860717773
1.0359294414520264
8.053861618041992
-0.8892443180084229
1.056673288345337
0.7398399114608765
1.239562749862671
4.450723648071289
5.231927871704102
7.671605110168457
-5.287467956542969
0.8832349181175232
8.007389068603516
1.8493494987487793
5.784110069274902
-0.7503405809402466
1.4280434846878052
2.2687230110168457
2.3102076053619385
5.680623531341553
3.876791000366211
6.2811994552612305
-4.554105281829834
0.5723516345024109
8.578727722167969
3.1695094108581543
3.4347143173217773
-0.4610615372657776
1.9648174047470093
3.6744370460510254
2.9799888134002686
6.475364685058594
2.7908754348754883
4.785276412963867
-3.4830193519592285
0.6114838719367981
8.525870323181152
4.646894454956055
1.6566991806030273
-0.07155716419219971
2.5626626014709473
5.101510047912598
3.069779872894287
6.787689208984375
2.060576915740967
3.3453962802886963
-2.1928563117980957
0.9323362112045288
8.184284210205078
5.818312168121338
0.229522705078125
0.5573157072067261
3.0674614906311035
6.084236145019531
3.1034679412841797
6.55775785446167
1.7775124311447144
2.4205684661865234
-0.9496827125549316
1.5217726230621338
7.6095685958862305
6.865176677703857
-0.9113419055938721
1.2639832496643066
3.540083408355713
6.755543231964111
3.0317931175231934
6.0623087882995605
1.8834810256958008
1.797972559928894
0.17468702793121338
2.309905529022217
6.9043474197387695
7.753032684326172
-1.771787166595459
1.9303473234176636
3.964323043823242
7.293591022491455
2.9180548191070557
5.466219902038574
2.2217955589294434
1.4809012413024902
1.1197274923324585
3.266745090484619
6.11017370223999
8.34981918334961
-2.315901279449463
2.5781948566436768
4.323919773101807
7.740527629852295
2.755037784576416
4.851615905761719
2.7038755416870117
1.586681842803955
1.8532270193099976
4.331573486328125
5.2681355476379395
8.590581893920898
-2.4836909770965576
3.2325847148895264
4.630230903625488
8.12883186340332
2.4759984016418457
4.272048473358154
3.2786612510681152
2.1564059257507324
2.3055520057678223
5.3749775886535645
4.460988521575928
8.6549711227417
-2.285862922668457
3.885923385620117
4.873767852783203
8.475953102111816
2.1092634201049805
3.7824206352233887
3.867644786834717
3.212418556213379
2.4348533153533936
6.312854766845703
3.774876356124878
8.682005882263184
-1.7720330953598022
4.537256240844727
5.036519527435303
8.8304443359375
1.7024922370910645
3.4283695220947266
4.4066619873046875
4.7256059646606445
2.2038495540618896
7.117984771728516
3.242389678955078
8.635605812072754
-1.004629373550415
5.177084922790527
5.1151604652404785
9.31074333190918
1.3274816274642944
3.2898545265197754
4.814883232116699
6.555634498596191
1.6723706722259521
7.6602911949157715
2.902933120727539
8.848902702331543
-0.20637881755828857
5.844733238220215
5.100198745727539
9.83094310760498
1.0009005069732666
3.486968517303467
4.980440616607666
8.369446754455566
1.1197841167449951
8.035552024841309
2.779500961303711
9.2792329788208
0.4711437225341797
6.494595527648926
4.996660232543945
10.532180786132812
0.7109026908874512
4.033010005950928
4.932639122009277
9.96190071105957
0.7132833003997803
8.329453468322754
2.8257741928100586
9.89156436920166
0.9829710721969604
7.176811695098877
4.808676242828369
11.3543119430542
0.5527604818344116
4.8562140464782715
4.726621150970459
11.401033401489258
0.5307775735855103
8.61856460571289
2.95851469039917
10.718509674072266
1.3351134061813354
7.8913116455078125
4.572388648986816
12.310400009155273
0.4927906095981598
5.851146221160889
4.4486541748046875
12.73189926147461
0.5077089667320251
8.94019603729248
3.111846923828125
11.836374282836914
1.549202561378479
8.62396240234375
4.317434310913086
13.440303802490234
0.4925301969051361
6.938690185546875
4.155863285064697
14.018898963928223
0.5896605253219604
9.33053970336914
3.2398681640625
13.275205612182617
1.6577011346817017
9.400467872619629
4.044674873352051
14.767874717712402
0.5425404906272888
8.067777633666992
3.8721659183502197
15.357421875
0.7323570251464844
